738
729
727
733
767
777
803
790
776
775
770
791
821
808
787
801
834
869
847
821
848
875
888
855
848
893
908
877
852
873
913
907
868
887
909
877
910
895
855
866
914
896
853
845
865
867
840
859
883
851
879
897
859
866
889
877
849
870
879
854
887
894
844
871
882
850
879
897
863
873
878
851
860
877
840
854
867
830
834
856
876
830
846
860
833
836
845
834
823
851
875
838
864
866
823
834
869
894
896
854
858
858
845
825
840
854
829
815
835
870
894
877
848
842
854
857
854
844
867
862
842
859
873
839
855
859
849
863
861
835
842
854
833
831
857
864
824
838
828
817
828
841
822
823
848
843
822
851
835
825
818
849
851
820
849
856
825
812
839
852
835
851
873
877
859
883
866
841
860
835
854
867
836
845
847
823
812
828
848
825
833
852
832
842
847
821
836
836
806
811
825
813
802
822
835
813
835
841
815
820
840
823
843
865
844
876
887
857
869
864
824
829
834
823
820
847
854
833
851
858
842
876
872
854
868
880
888
854
860
864
833
849
856
830
838
854
823
824
835
816
816
832
834
813
829
833
807
827
834
817
841
853
825
836
847
824
802
822
848
819
818
837
848
833
848
868
829
809
789
877
979
943
937
934
908
836
799
787
787
802
819
850
854
847
868
875
838
850
874
859
861
867
835
846
856
825
837
850
823
839
846
831
852
870
831
841
858
832
831
834
821
829
834
819
815
835
822
812
839
848
851
867
863
833
844
848
835
831
852
849
819
833
849
822
814
833
839
806
789
798
796
780
787
792
775
789
803
800
825
852
827
828
832
799
812
810
797
795
809
819
799
813
827
800
823
836
811
819
834
813
797
817
836
814
817
801
787
797
791
773
780
766
753
743
744
769
787
797
779
796
807
806
787
801
814
832
811
830
854
844
810
822
843
816
821
832
821
794
769
786
777
777
801
819
809
826
812
813
818
813
797
815
810
830
826
833
799
783
784
775
765
749
741
746
751
762
771
752
744
769
772
788
775
780
813
825
811
821
823
793
805
799
792
758
739
730
716
723
724
729
729
731
736
743
741
752
746
746
713
699
687
685
688
687
689
695
703
707
711
720
707
712
706
694
690
690
692
679
681
675
676
670
659
661
664
658
648
658
646
646
641
647
651
654
649
653
654
661
655
654
659
653
648
654
656
649
647
652
647
639
632
642
665
672
680
683
686
669
677
676
665
663
659
643
638
638
634
629
626
628
631
628
634
634
634
638
646
650
648
646
648
648
641
642
644
638
643
638
637
639
637
635
635
647
648
646
647
649
651
644
638
640
637
626
626
623
628
620
619
622
621
629
622
626
629
632
632
625
624
627
629
624
626
627
627
627
624
629
631
632
631
631
634
632
624
625
623
626
618
621
628
635
627
631
632
634
622
624
624
623
617
613
615
615
615
609
613
612
613
607
609
611
611
607
605
616
619
622
618
622
624
624
617
619
617
615
610
609
610
610
607
603
607
608
611
610
611
616
614
612
608
608
615
608
605
610
607
607
604
605
612
609
611
615
620
615
614
614
612
605
604
601
603
603
599
601
600
605
604
609
616
611
617
616
613
617
614
617
614
612
611
613
606
608
608
608
605
607
610
606
604
603
605
605
602
601
595
589
584
583
576
576
575
580
583
583
586
589
592
591
597
594
596
598
604
611
603
603
604
604
600
603
603
614
613
611
617
614
615
611
614
614
608
609
609
615
610
610
613
609
608
608
607
607
601
601
608
604
602
599
598
598
592
590
589
589
588
589
591
596
597
598
602
602
597
594
594
589
585
586
584
586
582
584
584
589
587
583
585
586
590
588
584
584
585
586
582
583
586
588
586
587
590
589
591
589
595
604
602
600
594
595
623
628
625
622
614
618
614
612
608
606
604
602
599
604
603
603
600
601
600
593
594
594
589
581
576
572
571
572
580
584
594
605
600
602
608
607
605
600
594
597
591
590
590
594
589
584
589
592
596
591
591
595
598
594
596
599
598
597
597
603
604
599
596
604
600
602
604
606
607
601
604
603
594
595
594
597
591
585
589
586
591
586
586
592
594
591
592
596
595
591
591
594
591
588
584
590
591
591
589
589
593
594
598
603
604
603
601
603
598
597
593
595
589
587
585
585
590
587
584
591
590
592
594
600
599
593
595
594
594
587
583
588
585
586
587
591
587
587
594
602
604
600
608
607
601
599
595
596
589
587
593
590
588
589
591
596
590
588
592
593
590
587
590
587
587
587
589
594
587
583
587
585
586
584
591
593
597
594
597
600
595
594
598
594
586
585
589
591
586
587
588
592
586
587
590
590
587
586
589
587
585
579
583
586
585
585
580
588
582
584
589
599
592
591
604
603
599
595
593
593
585
586
589
591
593
591
599
601
606
612
617
615
623
630
625
618
633
626
623
635
624
622
635
614
627
632
614
611
610
736
731
700
700
707
692
685
706
707
718
722
705
684
677
648
624
618
610
616
611
621
635
641
642
646
646
643
638
636
626
626
617
610
610
608
623
636
649
650
648
659
659
661
658
668
675
680
675
687
694
689
700
718
709
713
725
717
713
722
733
731
719
718
717
710
701
691
691
687
696
702
709
718
720
707
701
713
709
714
717
726
720
717
726
724
725
736
732
730
741
734
718
718
718
722
725
718
724
718
726
740
729
720
724
744
744
743
737
732
721
719
711
704
704
700
709
722
729
750
758
772
766
762
759
774
775
781
759
735
734
742
733
733
726
734
742
740
753
743
749
761
755
750
730
726
718
722
728
745
737
739
747
756
776
762
756
731
726
714
710
699
701
709
717
727
737
734
732
742
740
732
731
732
729
725
721
714
714
712
702
708
711
708
724
733
741
744
753
741
736
725
718
713
700
712
708
706
713
709
712
725
723
729
723
712
703
698
697
704
704
704
704
710
708
711
706
698
696
703
701
700
696
685
676
668
666
666
672
686
702
704
737
731
727
726
723
721
720
720
728
732
706
712
694
696
703
302
411
724
743
1574
775
765
763
754
738
732
727
740
731
731
738
731
741
762
756
771
760
770
760
767
768
749
719
717
712
711
726
756
786
778
795
812
793
772
764
764
749
746
744
750
736
716
757
943
873
861
867
864
873
833
818
799
797
791
774
787
803
812
783
790
800
770
776
778
790
774
780
768
767
768
780
774
775
791
797
771
795
785
775
776
782
771
765
777
774
771
771
754
744
749
764
763
749
748
748
742
735
721
729
706
692
678
679
677
671
669
688
694
708
719
744
733
735
718
726
713
696
699
691
686
672
671
669
662
665
678
682
682
695
705
708
707
701
692
687
686
686
673
688
695
683
703
711
714
724
715
697
693
689
702
726
754
763
756
746
716
704
696
695
709
735
787
842
841
803
778
813
822
800
852
862
807
780
757
745
728
743
760
770
795
814
825
837
816
819
811
808
794
797
813
809
805
813
823
837
814
817
800
785
790
799
787
800
804
796
788
810
817
809
806
817
818
794
796
789
771
783
783
764
767
772
768
771
771
764
752
756
765
757
756
766
765
754
768
763
748
743
737
731
722
717
710
699
692
693
706
736
768
755
759
766
761
742
735
726
724
729
729
732
728
729
754
777
774
783
808
814
809
815
827
801