673
686
680
670
665
687
718
729
725
717
712
717
730
734
715
688
686
690
696
717
750
770
758
781
780
785
766
763
752
751
761
778
762
776
783
792
795
790
758
762
770
817
910
975
986
974
915
868
839
808
785
770
772
821
973
1065
1021
994
916
853
839
813
802
803
795
789
771
763
782
812
917
943
916
904
872
838
809
790
773
756
752
758
763
797
880
1082
1091
1063
1011
976
887
838
811
806
799
787
778
772
777
787
795
828
897
1063
1088
1023
988
926
857
831
807
775
762
757
758
763
773
768
762
780
794
807
803
798
781
790
785
784
779
795
812
803
792
781
796
792
807
796
789
775
774
791
866
1026
972
954
924
862
836
810
781
767
768
771
783
778
778
771
765
757
762
785
835
945
1005
975
970
913
861
833
808
799
805
806
783
771
776
801
796
794
777
778
780
794
826
919
1006
1097
1009
958
916
849
811
782
774
776
776
769
771
775
782
777
764
770
768
765
764
760
760
755
756
766
784
842
999
1021
982
945
883
824
786
777
760
744
737
738
763
765
758
762
762
766
773
821
907
1086
1034
997
974
893
852
814
789
784
777
757
741
733
737
743
753
760
754
757
772
779
792
801
790
786
771
769
769
745
729
728
785
781
802
804
799
795
797
799
837
886
976
1004
960
933
888
826
790
771
759
743
744
747
747
738
719
699
702
718
735
750
761
760
753
750
746
745
735
732
738
748
764
771
759
768
763
786
791
776
764
755
759
769
765
748
760
763
772
768
770
763
759
771
793
819
841
849
833
819
794
770
758
747
749
751
757
787
887
956
926
910
893
859
813
797
778
772
771
785
815
805
771
748
751
755
751
744
734
707
690
690
693
708
720
734
739
747
774
796
805
773
762
764
756
771
793
879
942
923
901
880
861
812
788
779
783
756
730
749
778
792
802
811
825
829
826
854
880
876
853
852
852
855
843
834
814
814
841
841
820
807
823
838
833
820
843
843
831
808
816
852
824
798
806
818
828
826
822
827
800
808
832
843
809
759
771
802
818
776
755
771
757
736
745
754
749
726
718
720
707
643
674
663
660
657
680
697
711
727
711
727
726
724
727
722
725
724
715
721
726
734
732
743
745
736
720
698
651
1302
624
613
613
609
601
1208
599
606
599
598
603
602
603
601
594
598
596
601
603
601
603
603
601
603
611
604
603
603
603
594
595
592
597
588
587
586
583
576
575
575
569
565
566
573
568
563
567
567
565
563
563
563
559
563
569
563
561
563
560
561
566
561
558
561
563
556
555
555
553
549
548
551
546
537
543
544
541
543
547
547
547
553
554
551
555
554
551
553
556
558
548
556
554
545
552
546
543
545
545
544
542
543
540
533
537
537
531
536
533
533
532
527
533
530
521
533
532
536
538
540
542
534
526
540
528
530
523
527
507
527
524
524
531
530
521
524
521
521
518
515
522
510
513
521
510
510
518
519
505
518
519
508
508
521
503
506
518
517
507
512
521
506
521
519
507
512
521
511
507
515
514
514
504
517
515
500
507
516
506
498
504
505
502
490
506
499
492
499
502
496
496
496
498
492
495
498
488
491
500
484
494
494
493
487
494
500
486
496
495
488
497
496
494
503
488
506
499
495
501
503
493
492
502
502
488
489
506
499
490
496
499
498
487
494
501
486
499
492
487
499
491
489
486
497
496
486
488
491
484
487
484
487
482
479
486
481
477
474
479
479
475
471
479
479
474
470
479
474
471
476
476
471
473
476
479
472
473
483
473
472
478
485
475
477
479
478
479
478
479
471
469
482
476
471
467
476
478
467
470
476
467
475
472
469
467
475
470
467
471
475
466
472
471
471
467
469
474
467
471
472
468
466
470
471
465
461
472
467
462
461
464
465
458
466
462
461
459
460
465
458
466
463
464
458
462
468
456
469
464
459
472
465
463
459
468
467
462
464
467
474
464
464
470
468
464
470
474
469
465
471
473
474
465
472
474
464
467
473
473
463
459
465
471
470
466
462
474
467
466
470
474
468
463
469
470
465
464
472
465
464
471
467
462
469
473
470
463
473
469
462
472
473
466
390
552
511
474
476
466
465
470
470
462
465
470
472
465
468
479
470
472
477
477
473
471
483
480
477
472
480
483
476
481
482
480
477
491
486
479
480
492
492
495
483
478
498
483
481
488
483
481
489
490
483
498
495
485
486
501
501
493
330
341
581
516
475
480
472
466
461
474
469
461
471
468
462
463
472
467
462
461
470
463
459
468
461
456
461
462
460
456
461
457
455
455
454
462
457
456
454
461
455
454
463
462
458
455
461
463
456
459
463
464
458
461
466
461
460
467
468
460
461
471
463
463
462
466
466
458
461
461
457
454
457
460
451
450
453
449
446
449
463
450
453
457
451
449
459
458
452
454
458
457
452
458
460
452
456
456
456
452
337
537
509
367
396
428
526
455
451
450
458
448
451
452
455
451
450
457
458
451
451
456
450
449
459
453
450
448
452
449
446
451
450
445
442
455
447
448
448
450
446
331
308
518
484
453
457
454
448
446
315
313
522
332
322
320
334
523
475
335
540
489
454
453
446
438
449
443
439
437
441
441
434
441
442
435
435
442
441
436
439
443
440
435
444
441
440
437
439
439
445
437
446
439
438
446
444
447
439
442
445
440
440
442
445
438
437
440
439
438
434
442
439
437
435
439
437
435
436
438
441
435
438
443
441
435
441
440
436
437
439
441
439
435
435
439
439
433
438
438
434
431
435
437
431
429
438
433
431
429
434
434
433
429
432
436
438
431
433
437
435
434
436
441
437
435
441
438
436
438
439
436
433
443
438
443
439
438
440
446
447
443
447
452
450
446
451
455
458
459
462
463
467
470
472
472
478
477
478
479
483
484
480
479
483
484
483
479
481
482
483
480
483
486
489
492
492
490
494
502
500
502
500
504
506
506
507
508
509
511
511
513
516
511
511
516
514
520
518
521
527
530
530
523
521
534
529
533
526
531
521
532
529
533
529
527
531
541
538
537
528
539
544
548
546
541
558
563
559
551
548
550
553
559
565
567
569
565
553
564
563
563
556
563
571
572
566
555
570
728
813
708
651
616
601
592
582
564
554
552
556
562
562
564
577
574
570
571
581
577
574
580
588
592
586
586
593
591
585
591
596
600
594
593
604
605
607
598
605
610
613
608
604
623
629
625
624
616
616
619
620
625
622
606
616
612
604
610
620
616
615
621
625
616
617
623
625
620
620
627
632
623
627
630
626
615
616
608
616
620
621
613
609
615
612
604
609
605
598
605
610
608
604
604
606
606
604
604
607
602
597
597
598
599
610
610
607
604
598
595
597
594
602
612
623
628
626
635
636
631
636
642
640
636
638
646
648
650
653
649
637
639
633
621
619
608
604
603
601
608
621
630
634
641
651
649
646
646
650
641
637
642
643
637
637
642
643
637
639
630
622
619
622
623
635
644
651
647
649
657
661
656
658
663
665
669
658
660
662
648
646
646
640
623
624
625
619
613
613
611
611
612
616
616
617
617
617
621
624
621
618
610
604
604
609
610
614
621
628
626
632
643
642
639
646
651
652
646
653
660
659
653
646
637
635
631
634
645
644
649
661
672
668
661
667
674
676
660
662
665
668
659
664
669
670
666
672
679
681
675
662
658
656
656
663
675
686
686
686
686
694
698
688
685
696
694
691
700
703
713
698
705
707
715
703
699
699
698
689
691
694
696
691
701
703
693
698
701
701
696
702
702
691
691
696
704
695
698
709
707
698
705
714
724
724
707
706
710
703
696
697
698
699
691
690
685
681
687
692
702
695
680
677
676
668
659
651
645
631
630
625
613
608
606
604
605
611
614
617
622
636
647
664
661
663
667
669
667
666
666
664
662
655
652
638
639
629
627
626
633
646
644
649
651
653
654
656
661
672
673
672
677
692
698
705
709
698
695
688
682
672
681
667
670
671
672
666
660
644
642
622
618
612
611
613
628
643
646
646
650
646
638
614
606
611
610
610
608
606
600
593
599
603
611
604
622
628
637
646
640
641
646
635
638
621
623
624
630
646
659
672
680
695
721
721
720
716
707
668
698
730
739
747
747
737
730
717
695
691
683
690
686
690
696
688
678
678
686
699
721
729
741
740
744
737
726
715
718
718
718
713
706
706
712
722
726
709
716
727
744
737
724
729
719
713
704
703
704
704
688
676
681
687
680
685
686
678
684
686
687
682
689
698
682
681
674
675
672
677
683
695
704
701
688
677
676
664
665
668