792
813
865
861
836
877
885
870
879
916
904
866
791
872
869
884
890
823
829
841
848
849
854
873
854
845
817
877
905
915
896
908
893
856
848
845
869
875
836
807
877
893
875
859
793
803
793
798
770
737
756
954
943
939
926
890
861
874
891
904
898
906
909
927
920
913
925
945
934
921
919
888
837
797
851
833
813
771
817
756
733
766
773
773
777
821
826
789
773
824
846
842
839
882
877
850
852
815
793
783
801
830
783
771
782
794
735
735
784
744
723
757
764
709
720
750
753
722
734
797
842
790
814
853
821
781
814
836
795
764
801
804
787
765
781
787
803
781
791
802
808
779
802
807
827
777
751
792
775
765
749
762
771
771
743
747
719
740
779
748
761
779
739
718
732
750
724
712
756
731
730
727
709
707
715
728
741
719
716
714
724
737
729
759
790
794
768
732
834
826
768
763
741
751
725
760
768
765
788
811
826
841
777
810
805
821
859
842
820
806
795
775
764
746
746
738
790
795
774
784
821
827
801
766
797
795
799
775
743
808
796
832
817
826
809
836
831
814
794
831
847
855
825
805
818
798
780
747
776
785
784
750
753
771
787
761
736
727
769
771
789
771
753
807
778
772
794
830
840
801
805
803
803
800
782
789
801
810
813
777
752
785
928
904
884
890
849
807
801
806
803
793
815
811
828
866
897
927
919
930
903
886
878
869
845
810
805
811
798
763
752
758
760
738
719
754
761
763
767
790
804
836
796
795
810
829
814
781
811
803
788
769
748
766
775
771
756
763
791
807
801
763
757
764
763
745
722
755
754
783
757
745
755
766
793
744
769
783
790
765
744
785
769
755
762
729
752
751
740
735
729
771
760
763
739
765
792
777
761
751
787
788
785
749
770
786
775
762
747
763
765
771
739
717
750
768
801
777
759
762
793
808
793
797
807
802
796
809
849
826
827
800
827
836
821
807
778
779
872
883
886
876
840
816
797
780
780
769
827
816
823
832
849
837
815
833
819
777
804
801
814
792
771
750
794
802
790
756
767
737
729
696
730
745
743
754
773
764
780
785
788
806
799
799
800
771
789
788
814
820
810
813
808
771
804
826
810
812
784
723
700
688
659
668
675
680
695
675
686
678
678
687
699
673
688
679
686
657
669
669
659
670
681
660
661
653
662
646
639
640
642
633
646
620
621
609
605
601
604
610
618
618
614
625
622
622
618
623
617
616
622
618
619
606
606
615
613
605
605
603
604
603
606
611
601
599
600
603
597
601
599
603
601
598
602
612
600
601
599
593
580
587
583
590
581
579
573
585
582
576
574
579
582
569
585
585
593
584
581
589
585
576
587
593
595
598
586
594
591
587
591
599
603
599
595
601
596
593
581
593
603
607
595
584
588
581
583
574
586
585
574
588
584
590
584
590
599
592
599
585
599
591
579
578
581
580
567
567
587
593
590
586
584
589
594
588
571
569
582
591
589
604
603
582
641
608
610
599
591
588
587
581
582
588
573
566
565
577
560
563
559
578
575
569
563
565
579
562
563
563
575
569
561
571
579
571
566
574
587
573
572
571
594
585
584
580
591
572
565
564
580
612
613
607
609
592
606
602
587
585
581
588
578
591
592
579
574
575
581
563
563
562
571
563
563
558
574
572
560
559
565
568
564
563
575
569
565
563
564
559
560
563
568
566
558
562
556
561
555
557
560
554
557
564
563
563
558
563
545
580
557
563
616
604
571
570
564
565
574
558
557
553
557
555
562
563
574
553
565
565
556
554
554
552
551
549
556
559
555
553
557
551
551
545
549
550
548
546
545
556
549
553
548
556
551
544
536
541
540
535
539
545
551
546
551
553
563
554
552
555
1141
552
543
563
589
570
569
558
552
550
549
542
554
558
565
559
566
559
554
560
563
554
558
553
551
553
554
552
555
552
548
548
545
538
536
540
552
539
541
545
557
550
550
560
578
561
561
563
560
555
551
551
547
549
541
544
545
543
543
551
548
548
550
551
552
544
544
544
539
537
538
543
534
534
540
540
538
540
537
538
537
535
542
551
554
550
545
557
557
551
548
557
550
545
543
544
541
534
539
543
550
542
544
547
550
540
540
541
546
543
541
543
544
543
544
542
548
546
536
533
534
538
533
531
532
561
583
562
555
551
557
556
563
553
558
553
546
538
536
538
536
543
553
550
542
548
552
549
546
549
555
548
546
557
557
548
546
551
552
549
546
568
545
549
545
551
542
535
528
527
533
534
542
537
558
538
537
544
543
537
539
538
541
535
533
537
542
531
534
530
534
527
529
528
527
524
529
537
529
530
532
541
533
529
528
531
528
524
521
527
525
524
524
539
536
531
531
542
537
532
529
535
526
521
517
520
559
575
560
542
553
551
563
559
544
556
552
553
547
545
545
549
544
546
545
554
551
544
557
552
543
539
569
573
560
551
546
555
549
544
542
548
534
532
529
530
530
537
539
539
539
547
548
558
545
554
549
546
545
544
539
532
530
534
540
530
539
563
543
547
547
547
541
540
539
535
530
539
544
539
533
535
555
543
535
537
538
537
536
529
537
540
529
535
533
538
534
529
532
536
530
532
534
533
536
526
537
532
538
532
546
535
540
533
537
536
531
529
526
574
583
571
551
576
553
563
549
542
549
542
543
534
547
538
543
536
540
540
544
548
566
539
554
561
558
561
574
567
567
553
548
547
548
577
578
586
575
604
563
591
579
574
577
585
580
576
571
578
579
571
648
607
588
590
599
604
580
576
583
583
616
620
633
642
632
618
618
605
587
655
630
633
644
629
633
627
644
638
652
642
628
640
644
624
632
630
641
615
613
608
598
597
599
611
606
618
650
648
662
636
645
663
653
642
646
660
706
724
699
733
759
733
729
760
729
706
744
742
741
719
684
691
711
718
695
682
697
738
749
706
715
687
693
701
674
684
684
673
666
696
689
673
675
658
657
662
663
656
660
705
678
675
686
688
682
698
675
657
680
714
701
679
697
696
711
712
692
703
698
693
686
670
676
696
725
698
684
727
700
696
715
700
717
743
743
718
745
735
758
730
714
688
693
682
682
690
727
729
708
703
717
894
868
842
810
773
747
719
716
747
757
648
885
726
738
739
755
747
742
777
783
783
729
765
753
757
726
745
746
764
744
754
785
754
718
744
754
768
766
807
821
839
821
805
828
849
855
834
846
846
836
795
801
796
782
753
772
753
762
851
850
855
829
776
771
725
747
786
749
730
690
689
695
708
726
758
731
759
785
786
778
810
763
815
815
791
783
734
720
719
701
732
734
726
719
690
698
699
700
698
691
662
668
646
643
644
639
650
656
651
697
772
781
811
780
782
754
730
701
688
709
699
700
715
700
688
694
670
662
670
678
678
696
705
692
733
721
765
758
746
743
719
719
679
670
658
669
667
684
710
733
717
729
700
711
716
702
698
707
716
671
684
671
727
759
749
727
713
710
721
729
715
711
709
692
683
670
664
644
636
647
641
653
654
665
646
668
687
678
681
687
672
697
714
746
780
768
738
758
772
793
777
767
774
767
733
774
771
731
743
713
750
719
726
745
769
786
763
724
746
734
760
748
739
749
725
729
707
712
700
733
746
738
739
789
743
747
733
722
701
705
681
687
670
657
656
679
672
681
669
682
682
688
691
690
686
690
669
665
661
721
753
764
813
757
738
742
743
727
698
689
685
685
681
709
685
716
721
723
709
715
727
721
708
679
690
680
683
681
678
665
662
663
647
647
661
656
673
674
661
670
667
683
673
676
673
671
655
657
667
681
672
657
668
647
656
646
645
643
648
666
674
676
690
691
671
696
692
687
676
687
682
680
654
676
658
666
674
660
665
685
689
683
660
660
662
656
650
666
650
651
651
645
643