956
956
950
956
963
945
950
959
951
960
957
959
945
959
953
957
955
968
965
968
970
967
979
975
962
980
974
980
990
976
993
996
975
1006
993
977
1007
996
982
1013
999
982
1018
998
985
1001
995
984
990
990
979
981
983
976
984
986
966
992
982
975
980
989
978
976
973
970
976
975
967
983
973
969
978
974
968
987
979
970
987
981
971
992
984
971
993
988
969
993
991
973
999
996
976
1003
995
979
1001
998
987
995
1003
993
995
1007
1003
994
1011
991
996
1006
1008
1003
1010
1002
1012
1017
1002
1009
1012
1013
1016
1018
1017
1018
1018
997
1019
1012
1013
1021
1018
1018
1018
1020
1013
1019
999
1011
1018
1012
1018
1017
1015
1001
1024
1018
1019
1006
1003
1012
1000
985
1013
1007
1008
1011
1014
1015
1001
1012
1003
1013
1003
1000
1001
990
996
989
990
996
997
993
995
987
987
987
967
985
980
979
971
979
964
969
964
968
959
962
962
964
955
960
966
963
965
970
969
975
980
985
971
981
979
976
981
977
981
977
972
987
974
972
976
977
970
979
969
978
972
979
986
982
982
986
986
992
990
993
1001
994
996
999
997
1005
992
1012
1000
1001
1005
1007
998
1011
1004
1002
1017
1014
1004
1020
1011
1014
1010
1006
1009
1009
1010
1015
1014
1007
1008
1007
1009
1013
1013
1011
1015
1017
1011
1007
999
1010
1003
1004
1009
1008
1008
1012
1010
1004
1011
1016
1016
1011
1015
1024
1019
1021
1021
1018
1027
1022
1013
1019
1017
1018
1019
1018
1018
1014
1013
1015
1003
1016
1007
1006
1008
999
1011
1002
993
1009
1005
1007
1007
1007
1013
1011
1003
1025
1016
1011
1013
1021
1015
1013
1016
1010
1013
1015
1013
1013
1016
1022
1020
1016
1015
1013
1009
1010
1018
1017
1024
1022
1021
1018
1017
1016
1012
1011
1009
1012
1014
1019
1021
1022
1021
1016
1018
1018
1017
1010
1006
1008
1008
1012
1011
1010
1009
1013
1013
1012
610
495
1247
1095
1051
1038
1031
1023
1025
1021
1021
1020
1021
1019
1021
1018
1015
1020
1013
1017
1019
1018
1011
1003
1014
1005
1001
1005
1013
1019
1023
1028
1031
1023
1023
1008
1019
1010
1006
1009
1008
1011
1017
1012
1011
1021
1019
1022
1023
1024
1023
1013
1013
1018
1013
1019
1009
1014
1003
991
996
1004
992
989
1000
996
997
1002
998
998
998
998
983
996
981
974
980
962
979
960
963
965
955
965
956
953
960
946
950
946
938
946
938
932
943
936
935
936
928
934
931
711
1113
933
920
926
919
919
919
914
915
913
906
907
905
899
900
904
901
897
899
896
896
901
897
901
901
898
903
899
896
895
894
892
892
892
887
894
896
886
891
892
890
886
879
888
880
886
880
875
884
878
878
877
879
879
878
883
882
881
879
881
875
881
877
878
883
878
878
880
877
871
877
873
868
875
868
863
868
863
860
861
854
854
859
853
852
858
849
851
852
848
847
849
844
848
843
836
845
845
837
845
843
839
845
839
836
843
839
828
848
838
833
843
838
832
844
840
830
841
837
821
837
841
829
825
839
830
826
842
834
832
841
834
835
837
834
838
840
833
842
838
837
841
836
834
840
827
833
839
833
823
835
825
813
828
812
810
821
808
786
773
802
816
790
807
809
781
808
808
771
798
811
778
800
798
770
799
798
771
800
801
773
799
804
775
819
804
804
802
793
811
813
801
811
802
804
817
801
808
819
802
807
807
811
800
806
805
801
795
809
797
785
809
797
776
805
796
779
813
785
792
775
813
789
785
812
792
793
800
790
794
802
792
794
798
789
793
801
795
792
798
795
794
791
799
784
792
801
790
792
796
789
790
789
791
789
781
794
789
771
798
788
778
797
787
771
799
787
774
792
785
760
790
788
764
786
779
752
792
791
765
798
794
772
796
782
783
793
778
786
789
781
783
791
780
783
790
787
791
794
798
794
796
801
806
814
808
810
818
821
811
825
813
817
836
821
826
822
835
836
858
854
861
851
859
857
841
853
853
866
860
856
859
858
856
858
868
910
854
877
875
865
909
854
929
877
874
938
865
888
937
870
924
893
878
927
873
913
915
875
937
902
877
942
892
917
917
875
937
914
896
931
919
898
936
915
896
928
917
912
914
920
912
911
906
910
903
892
521
512
1176
987
953
945
942
938
938
930
945
939
934
944
938
936
946
938
942
945
937
939
948
940
948
951
949
952
949
951
952
952
951
947
952
949
949
952
951
955
952
956
953
952
957
960
958
962
959
961
968
965
963
968
966
967
969
967
966
967
968
967
965
969
970
967
971
971
972
974
977
978
977
978
979
978
980
977
979
978
976
975
978
976
977
980
978
978
980
980
982
1961
989
589
503
1212
1062
1017
1007
1001
998
996
997
996
996
994
1000
998
999
998
1006
1002
996
994
994
990
994
994
992
991
985
987
985
985
985
989
993
989
995
1000
993
998
998
997
1000
996
994
1001
999
1000
1004
1003
1007
1010
1008
1009
1013
1013
1009
1015
1013
1010
1017
1015
1010
1010
1015
1015
1017
1014
1010
1016
1015
1020
1029
1011
1031
1027
1028
1023
1016
1013
1013
1011
1014
1010
1006
1025
1017
1013
1015
1018
1012
1012
1008
1010
1010
1009
1006
1007
1005
1003
1001
1008
1021
994
1010
588
1220
1066
1036
1047
1028
1024
1003
1018
1016
1012
1012
1008
1009
1016
1007
1007
1006
1000
1000
999
999
1004
1017
983
1013
1003
994
983
989
989
986
984
980
979
985
994
987
988
987
999
981
980
985
997
975
982
979
971
988
977
980
981
967
979
977
995
965
980
996
970
980
997
992
971
983
1004
992
980
1010
1003
982
843
1153
1004
1002
1003
978
621
1203
1048
1023
1008
1005
1005
997
1003
1006
1004
987
993
1012
983
987
989
1002
970
981
988
977
998
978
997
997
993
996
992
979
993
1002
996
995
1002
997
998
983
985
990
995
985
994
994
996
989