680
670
643
630
613
607
623
630
612
601
592
598
822
841
827
789
747
755
761
732
713
722
746
705
698
708
729
762
771
745
709
725
724
733
758
738
747
750
747
735
740
746
763
752
729
721
720
726
715
687
689
679
676
661
647
648
641
628
614
624
654
668
694
731
747
736
732
714
719
736
739
780
780
742
743
757
778
796
764
741
761
783
795
777
748
758
779
790
791
760
753
765
769
780
759
745
777
804
800
760
745
724
698
685
666
675
701
685
670
686
707
719
720
730
756
754
746
750
769
776
771
770
774
755
711
690
678
674
671
668
672
683
684
682
680
682
681
662
653
673
687
691
707
710
723
725
730
731
735
736
716
686
677
676
689
692
704
696
705
712
717
700
692
698
695
693
678
667
670
680
682
681
687
708
712
713
702
689
679
667
659
658
658
651
637
640
634
637
671
686
656
642
630
618
618
621
619
606
607
628
667
685
708
720
731
735
744
740
765
780
794
797
793
791
780
741
721
730
730
738
744
714
706
700
704
698
707
690
690
683
697
695
694
703
718
725
709
703
708
703
711
695
690
698
719
729
731
729
756
747
756
759
724
728
758
758
738
732
756
752
742
719
722
727
722
731
713
694
688
710
728
729
721
725
729
730
702
697
705
721
721
709
711
698
699
687
684
674
670
662
657
667
663
651
654
652
664
665
650
635
623
620
635
651
672
677
673
697
717
729
723
714
696
687
674
654
636
649
655
650
673
725
778
774
784
778
770
760
735
730
723
719
718
723
723
733
734
735
722
707
723
729
738
746
745
735
738
737
732
737
731
728
725
724
719
707
696
696
688
688
688
688
688
687
678
666
681
686
677
686
684
679
686
709
732
723
749
743
763
778
797
780
762
748
732
720
705
697
689
658
650
643
654
664
659
645
636
630
636
664
685
704
724
723
708
702
699
699
710
710
712
716
714
703
703
705
704
715
715
720
717
712
705
696
684
677
661
650
729
729
708
715
739
746
755
758
760
726
816
779
770
772
768
762
752
759
767
774
763
752
734
724
714
693
687
698
712
722
736
729
718
718
729
726
716
700
700
699
694
696
693
701
692
699
699
694
695
695
704
695
693
693
695
702
714
733
728
724
738
742
726
688
683
636
622
622
628
626
626
637
644
646
638
630
618
607
609
611
631
610
595
581
565
553
552
539
532
526
524
520
512
512
509
504
506
500
501
494
490
490
490
485
482
482
481
481
478
479
481
479
478
482
481
478
481
482
479
478
479
481
480
477
478
479
479
480
478
480
479
481
482
480
479
478
480
482
479
476
478
479
479
476
476
475
475
474
472
475
474
471
471
474
469
468
469
468
467
465
466
463
460
461
464
462
463
464
462
458
456
459
457
457
458
458
457
452
452
451
451
448
450
452
450
450
447
450
447
446
449
448
447
448
449
451
446
444
441
441
438
438
440
439
438
438
439
439
438
438
438
440
440
435
438
436
434
437
435
433
435
436
435
433
435
432
431
431
433
430
430
430
434
431
431
431
434
431
431
433
433
429
431
432
431
430
434
431
432
430
432
430
429
430
429
428
428
429
429
425
428
428
428
427
428
427
430
429
429
427
431
428
429
428
429
425
428
427
426
425
425
422
421
425
423
421
421
426
423
423
423
425
424
422
423
427
424
423
423
426
423
422
422
425
425
424
422
425
422
423
424
425
423
424
425
425
424
426
426
425
426
428
427
427
430
431
427
427
430
426
424
424
427
421
422
423
424
418
421
420
419
418
420
419
418
418
420
419
418
415
417
417
415
416
416
417
412
413
414
413
410
413
414
414
411
416
414
414
414
416
414
416
412
411
410
410
407
406
409
411
410
407
411
413
414
411
412
413
411
410
410
411
411
411
412
414
414
415
413
414
414
415
415
415
415
415
413
413
418
415
415
415
419
418
418
420
422
418
419
419
419
417
417
421
422
420
420
421
420
419
421
421
420
418
419
422
422
421
423
424
424
421
423
423
422
423
424
425
425
424
425
424
422
422
423
420
418
421
419
417
420
421
417
419
419
421
417
420
419
417
418
420
420
417
421
421
422
421
422
421
419
421
421
421
418
419
422
423
422
425
426
428
427
427
425
427
426
424
424
427
425
423
425
426
428
425
427
428
428
427
428
430
431
429
433
434
433
432
433
436
433
434
433
434
431
430
434
432
431
431
433
431
431
428
430
430
431
428
429
429
431
433
435
435
438
435
437
438
436
434
435
436
433
434
434
436
432
433
434
437
436
434
434
435
434
432
433
434
435
437
436
438
438
437
436
437
436
432
430
430
429
430
429
429
432
431
433
433
434
441
440
439
439
442
441
438
438
438
435
435
436
436
434
436
438
438
438
440
441
439
438
441
438
437
435
437
436
433
431
429
430
428
428
430
430
433
430
434
435
435
433
435
435
434
435
436
434
433
434
435
435
431
432
436
436
436
439
439
437
440
440
436
437
437
437
435
438
437
439
438
439
441
441
438
436
435
435
436
435
435
435
437
437
435
436
438
437
437
437
438
437
436
438
438
438
438
440
443
441
444
446
446
444
447
449
445
445
446
442
443
443
441
439
439
440
439
441
441
439
440
441
438
438
435
436
431
431
430
425
428
427
428
428
430
430
429
427
427
429
428
426
429
428
429
429
431
432
429
431
431
432
432
433
434
433
433
434
434
435
434
437
437
436
437
438
438
438
438
438
439
438
438
438
437
442
440
441
440
441
441
443
438
440
439
438
438
438
438
439
439
440
440
442
438
438
438
441
441
441
442
443
440
441
442
439
440
440
438
439
437
439
439
436
438
437
435
436
436
435
435
434
434
430
434
433
432
435
433
434
431
434
433
433
434
438
440
442
441
443
444
441
441
440
440
440
440
441
439
440
442
443
442
445
443
441
442
441
438
437
438
437
436
438
438
439
438
440
440
438
439
438
435
435
433
433
433
434
433
433
435
436
436
438
438
439
437
439
436
437
437
433
433
435
434
430
433
434
432
431
433
433
434
434
438
434
438
437
438
437
435
436
435
435
435
436
437
437
438
439
436
438
439
438
439
441
447
448
449
448
449
449
447
451
456
451
452
452
453
458
456
456
456
466
474
479
476
477
478
475
469
467
461
457
452
460
460
456
453
454
452
451
449
445
442
442
441
440
439
438
440
441
438
440
438
438
439
441
441
442
443
449
451
453
457
458
458
464
468
470
469
476
476
472
469
469
468
468
468
467
466
463
461
461
459
460
462
468
468
470
469
472
476
476
475
474
473
470
476
476
478
478
479
482
480
479
482
485
486
485
488
489
488
485
479
481
479
478
478
480
485
487
485
489
488
487
489
489
489
491
493
493
499
494
492
487
479
475
470
469
476
486
498
500
517
523
524
525
533
528
528
526
521
525
526
525
521
521
528
527
532
536
538
527
536
540
543
533
532
539
539
538
544
545
550
544
535
536
548
550
546
544
546
544
551
550
555
552
551
549
547
547
548
554
561
560
558
563
559
545
539
531
524
516
513
514
525
534
525
521
521
526
528
535
547
558
565
575
577
575
564
564
555
549
542
537
526
533
529
530
533
529
521
518
522
527
536
540
543
549
547
545
542
537
527
521
516
514
512
508
514
515
518
516
513
514
520
522
528
545
556
564
564
562
567
557
561
561
550
538
531
523
519
512
506
506
507
510
514
523
522
534
543
549
548
545
543
540
540
539
538
529
526
521
523
524
520
526
526
535
546
552
555
560
557
558
559
553
551
549
549
548
541
536
532
527
523
517
518
521
527
534
549
570
604
622
616
615
610
598
584
569
558
554
555
557
554
550
549
545
543
539
545
548
548
553
563
571
585
596
592
596
598
590
589
594
593
585
577
577
583
593
604
597
599
601
604
604
606
609
617
612
613
618
612
598
592
584
572
563
563
564
563
567
572
574
571
570
565
560
555
559
552
552
572
582
588
588
590
603
602
602
614
621
622
622
617
613
606
602
598
593
585
576
567
567
571
572
573
573
573
579
581
591
588
590
584
578
566
559
548
542
534
529
536
548
556
563
575
576
589
603
600
596
587
579
572
565
563
559
560
562
564
563
564
568
574
576
585
588
591
593
591
582
578
567
560
558
556
564
575
576
575
572
567
563
559
556
552
551
551
549
546
540
535
528
524
521
518
516
517
516
516
514
513
506
505
504
511
515
520
521
525
533
533
536
539
537
530
525
522
518
515
517
521
529
529
531
534
535
535
532
528
524
520
517
517
513
513
520
520
518
520
527
532
535
535
534
534
535
535
533
531
527
525
525
528
536
546
550
543
541
543
537
533
533
537
534
535
533
531
531
535
529
528
531
537
540
553
559
564
558
555
556
551
547
543
535
532
531
528
528
528
524
524
526
522
521
523
528
536
533
532
531
529
527
526
525
521
521
520
524
530
531
530
534
534
534
531
527
521
517
513
512
519
533
551
563
571
575
573
567
563
555
548
538
534
528
522
521
524
534
545
557
554
551
557
563
580
591
590
588
580
577
571
571
576
572
564
558
553
548
549
557
559
559
562
565
563
556
552
554
556
559
559
558
555
558
557
567
575
574
570
570
572
567
564
563
561
559
555
550
548
554
569
588
606
628
628
634
634
626
614
603
589
581
572
567
569
566
562
562
562
566
564
565
567
566
563
558
557
564
573
587
592
586
581
581
583
587
591
595
601
612
620
626
622
621
610
601
594
586
579
576
579
588
603
612
624
630
626
624
612
604
594
583
574
564
560
563
576