766
767
766
763
764
758
750
747
752
746
746
743
751
753
765
765
753
749
756
764
762
755
756
764
774
766
764
774
768
768
774
757
754
758
763
759
755
739
735
741
744
744
741
755
764
766
767
785
793
793
804
803
800
783
789
792
793
787
781
794
801
799
786
788
798
809
803
802
813
824
822
815
816
826
827
808
804
811
817
815
804
809
819
823
806
805
821
826
816
816
832
830
819
811
822
821
813
802
817
817
800
796
810
808
793
792
805
809
794
793
806
810
800
795
795
804
795
786
787
801
805
803
792
791
803
806
800
798
813
813
804
800
809
813
810
805
806
809
807
795
801
814
807
795
802
812
818
809
805
813
818
815
800
805
814
813
811
809
825
825
818
815
822
814
810
818
823
813
806
815
813
805
801
808
816
805
802
814
817
800
804
811
811
797
802
811
813
798
802
817
818
804
809
817
816
806
805
813
818
808
802
811
816
801
802
807
802
798
795
796
804
807
797
801
815
811
800
825
825
820
832
839
824
817
826
823
823
802
782
774
765
757
751
745
754
765
771
782
779
765
771
779
777
784
1574
784
783
788
782
783
780
785
741
761
761
753
756
753
354
1150
668
766
5545
521
274
2464
2911
1279
1010
1297
3187
790
792
788
779
1417
921
555
285
716
768
772
762
751
752
765
759
744
743
755
761
765
764
771
787
790
792
794
796
802
801
813
810
808
818
799
814
818
812
819
819
828
819
816
829
838
827
848
822
839
840
832
825
817
800
794
789
792
787
401
365
765
773
775
772
776
781
782
791
798
798
782
776
979
581
497
290
416
1094
761
766
1248
278
757
704
812
763
754
752
760
767
760
762
768
771
764
756
755
757
763
837
688
761
771
780
770
775
781
780
772
775
773
771
778
783
784
786
799
792
788
798
801
803
795
785
795
786
782
785
771
771
786
785
793
777
780
787
796
799
791
785
784
770
756
757
750
741
735
730
734
746
743
746
754
763
769
767
765
786
790
793
778
769
765
745
729
737
728
711
720
714
702
700
702
697
685
683
685
678
664
662
658
656
651
651
647
655
649
648
647
657
653
650
655
655
653
653
656
650
651
651
654
651
645
646
650
643
643
644
640
639
636
643
638
631
638
631
627
630
625
623
626
625
625
616
622
628
615
620
626
625
621
623
619
622
620
624
620
617
615
618
610
611
612
613
599
607
603
599
595
594
594
591
590
587
586
590
585
582
585
586
587
577
582
586
578
577
583
577
580
581
575
575
579
572
578
570
569
571
567
566
575
569
570
571
561
560
558
563
558
562
563
559
556
563
563
553
552
557
557
552
552
555
555
548
544
557
556
556
549
541
549
552
548
542
546
544
540
538
547
548
539
537
541
543
535
542
544
538
531
539
540
533
535
540
536
529
535
536
532
527
536
535
532
525
528
529
526
523
531
532
526
529
530
527
521
528
530
530
523
533
531
527
526
529
530
525
532
532
526
529
530
531
524
528
528
527
523
530
531
525
521
525
525
521
519
523
528
524
520
527
527
521
519
523
521
514
521
524
521
517
523
525
518
519
521
520
516
522
523
520
516
521
525
520
518
520
521
514
511
521
518
516
519
524
525
528
519
523
524
518
520
521
520
518
524
523
520
521
526
527
520
520
521
523
518
524
523
522
517
522
523
520
515
517
519
515
515
519
520
515
515
517
517
511
510
512
511
507
511
440
576
513
514
516
512
507
512
511
505
508
510
507
506
511
513
506
508
508
509
504
510
510
507
505
513
511
507
510
516
512
510
512
512
512
509
504
510
511
508
508
513
515
510
510
512
513
505
511
514
506
509
511
506
508
509
506
508
513
512
507
515
514
509
512
516
510
507
508
509
502
505
507
509
503
505
511
507
504
510
515
509
507
508
508
502
506
509
505
502
508
511
504
510
510
509
502
507
506
501
501
501
503
499
503
503
501
498
505
505
505
499
505
507
501
497
503
503
501
499
500
504
507
505
503
509
513
511
508
514
515
512
510
512
514
508
514
514
508
515
514
509
518
518
516
513
514
515
509
512
515
514
509
515
516
516
511
514
516
511
396
631
545
519
513
513
511
506
508
507
502
502
503
504
500
506
505
501
508
507
501
507
507
502
502
500
498
500
503
499
498
498
503
499
496
420
571
501
493
498
501
496
491
498
496
496
493
498
497
493
498
499
492
500
499
495
495
494
498
493
497
496
491
497
496
493
492
496
496
492
491
493
494
488
491
491
486
491
490
487
490
493
486
491
491
488
489
492
492
488
494
494
491
491
494
494
488
496
493
491
486
489
492
486
490
489
486
489
491
483
488
488
487
485
487
491
487
487
493
492
489
489
494
496
493
492
496
495
493
497
500
494
501
499
494
497
496
500
496
499
497
492
496
498
497
495
500
500
494
503
501
497
500
501
496
494
496
493
491
494
494
491
499
500
494
497
496
492
497
497
492
497
499
494
499
499
497
495
497
495
494
498
490
493
492
489
495
493
489
495
494
489
488
494
492
488
491
494
488
491
493
488
490
489
484
489
489
487
487
435
540
486
487
486
482
488
487
484
489
489
485
486
489
486
484
490
490
485
486
487
488
482
486
486
480
482
480
481
480
484
481
479
484
483
480
483
487
491
492
491
493
498
493
501
496
497
496
495
502
510
506
515
512
511
516
509
512
514
509
517
519
513
521
517
516
520
515
519
527
529
523
520
530
524
524
534
529
528
537
536
537
530
539
541
533
536
541
530
531
540
535
535
549
543
549
554
549
546
551
555
553
550
552
561
553
560
563
560
570
568
567
576
576
571
576
582
577
571
583
590
598
597
597
592
592
592
599
602
610
612
612
606
601
605
612
616
623
626
622
619
618
623
630
627
620
622
628
625
616
615
622
624
633
637
637
633
629
630
636
637
645
646
637
639
644
642
640
649
649
641
646
637
643
643
642
634
635
636
646
633
637
640
639
634
644
643
637
631
631
639
642
640
635
642
647
653
657
650
649
644
644
647
647
641
648
656
658
653
648
651
657
669
662
669
677
674
672
679
678
671
678
681
674
674
677
681
674
669
677
682
674
671
680
682
681
673
676
678
684
690
696
692
693
698
704
694
690
685
681
677
672
661
651
656
652
650
651
644
641
638
646
653
661
665
680
690
688
686
686
688
687
678
679
685
683
677
684
687
682
677
688
691
685
686
692
698
696
699
701
694
690
693
699
687
690
696
696
698
702
688
688
686
687
681
678
677
678
679
683
677
676
679
682
673
674
687
685
677
676
681
676
681
678
683
688
683
686
686
688
681
686
689
687
687
694
693
688
693
688
682
688
690
686
687
694
700
698
703
710
711
705
712
721
719
715
722
725
722
719
725
726
718
724
727
719
726
728
729
729
719
721
724
726
717
719
719
718
723
724
722
713
716
718
715
711
718
719
715
715
720
722
719
726
728
725
723
729
731
726
727
730
731
724
728
731
729
723
730
732
726
728
734
725
731
735
738
733
731
730
732
730
724
724
723
713
712
716
717
720
717
715
707
707
710
714
709
712
720
727
724
727
733
735
742
740
728
731
730
731
721
727
728
728
729
735
741
748
750
744
730
733
732
731
736
734
721
717
718
718
716
716
713
707
707
716
713
718
727
729
728
732
730
735
738
739
729
732
738
732
732
736
733
733
741
738
738
746
747
743
749
752
742
744
751
740
743
751
746
744
747
749
739
737
743
737
737
738
732
730
735
738
737
744
743
743
739
727
730
729
725
729
731
729
737
742
743
744
741
738
727
728
727
723
724
729
729
733
740
748
745
745
750
749
748
751
747
749
755
756
749
752
753
747
749
751
742
741
743
748
750
744
743
748
740
733
735
731
726
729
730
733
736
729
726
729
729
719
721
724
727
727
730
731
734
725
728
729
729
731
736
737
730
736
736
731
721
721
719
717
714
725
727
726
724
713
715
712
709
702
699
695
693
692
688
695
700
700
708
718
728
727
729
728
716
717
713
704
700
693
689
686
678
676
688
693
704
706
710
724
726
731
725
729
733
733
734
740
729
729
728
721
723
726
723
725
730
731
731
734
731
736
738
741
740
739
739
731
729
733
737
737
739
734
726
729
728
724
727
730
733
726
733
739
738
736
740
742
738
735
738
738
734
731
739
737
734
732
732
738
743
749
739
753
761
757
762
765
761
757
756
747
745
746
737
738
742
737
740
747
742
740
746
739
741
741
735
735
740
740
739
739
742
739
733
738
734
730
735
732
731
725
733
733
739
747
745
750
741
742
743
735
728
724
725
723
719
715
715
714
727
728
729
735
736
739
732
743
739
732
737
736