727
730
741
738
745
744
739
740
746
746
738
729
715
709
709
704
709
707
710
713
726
735
750
745
750
755
754
753
748
751
753
760
759
763
736
723
710
711
710
714
719
716
725
722
732
734
723
725
728
729
727
728
719
727
717
715
709
711
710
716
712
718
710
712
720
720
720
718
716
723
723
717
722
714
714
705
709
707
703
705
698
706
705
709
704
707
713
720
727
726
729
733
735
734
732
740
738
741
734
732
736
738
739
740
736
737
739
741
737
740
734
736
739
741
738
740
742
744
745
749
754
765
765
761
758
750
749
749
753
755
762
752
757
759
765
771
763
769
770
754
753
749
745
743
743
736
744
747
751
749
758
757
752
747
747
746
744
746
741
748
754
761
759
757
755
758
757
757
793
787
775
780
757
754
748
747
749
757
771
776
777
771
777
781
776
771
772
773
770
771
767
764
761
758
756
757
757
757
760
756
756
757
759
759
763
757
761
764
767
758
758
760
757
755
758
765
772
778
782
776
775
764
764
763
756
754
753
746
748
738
727
729
729
729
723
718
712
703
702
700
698
695
697
700
718
734
754
762
766
770
770
762
757
743
735
730
725
718
721
724
729
736
744
757
750
752
764
749
755
749
759
753
745
748
742
738
741
742
746
745
740
733
733
722
723
713
708
709
707
709
709
709
705
705
708
706
697
687
693
688
691
700
706
721
745
763
774
779
776
777
780
771
761
756
740
739
731
724
716
714
709
705
700
702
693
700
696
697
699
703
705
712
721
726
730
741
749
748
747
749
752
754
752
749
748
745
748
746
741
735
738
733
729
718
727
722
724
715
723
708
707
704
703
701
699
703
709
721
722
736
737
743
731
740
736
727
726
724
729
716
720
730
735
745
742
750
761
763
751
741
743
751
754
751
752
755
760
750
749
753
749
750
752
751
751
745
739
741
737
732
728
711
709
707
700
698
697
707
724
745
769
780
785
791
794
800
793
793
790
786
785
782
769
766
755
751
747
746
747
744
752
753
744
758
757
754
742
741
742
746
737
733
741
733
741
729
739
732
729
728
729
731
734
748
730
733
737
739
740
745
742
746
744
734
741
730
723
724
722
720
725
728
733
731
730
734
741
749
748
744
748
752
749
746
744
740
739
741
746
753
752
761
753
756
759
760
764
766
764
758
758
756
755
759
758
750
739
745
739
736
736
729
722
727
717
719
721
729
723
728
751
755
788
792
792
795
796
796
799
799
796
796
790
791
787
783
790
789
796
795
799
796
799
799
799
798
791
791
780
766
763
760
759
764
758
763
771
777
783
774
751
768
734
748
735
729
733
721
710
702
698
699
686
688
692
705
697
690
684
696
694
689
689
692
694
688
688
684
684
680
683
679
678
695
684
682
682
685
680
689
676
676
686
684
675
677
689
687
677
678
693
688
687
687
688
690
682
684
691
693
685
678
686
688
676
667
677
677
667
658
663
662
661
661
652
660
660
672
657
658
670
671
660
662
672
670
665
660
666
666
656
656
655
663
653
645
658
655
648
649
651
654
658
649
651
655
663
655
650
665
663
648
652
656
657
644
644
647
650
638
638
646
649
638
639
643
642
641
638
641
653
645
639
654
653
646
647
648
647
645
637
644
647
640
634
641
643
632
629
634
630
630
622
625
631
639
627
631
637
633
632
638
635
631
625
623
622
628
622
625
624
630
626
619
620
629
616
609
618
621
626
623
627
623
635
631
639
628
632
636
634
627
630
639
633
628
637
638
632
631
640
638
625
636
634
626
627
629
628
626
622
626
630
623
622
632
634
627
633
635
636
632
630
628
633
623
628
630
629
626
630
629
634
623
625
627
632
618
620
626
624
624
620
626
629
633
621
633
633
622
622
626
625
627
621
628
633
625
618
627
624
616
615
617
618
606
613
612
614
615
608
611
620
615
608
618
616
614
607
611
611
612
604
611
610
611
606
606
613
615
604
607
611
607
602
602
607
607
602
605
604
607
605
603
605
607
612
607
612
619
615
606
614
619
616
613
615
618
618
607
612
619
615
606
618
614
613
611
609
613
615
616
613
617
619
617
609
611
614
614
608
614
616
615
613
612
615
618
612
614
614
612
616
608
608
616
612
608
615
617
618
615
611
615
615
619
611
615
617
613
604
607
612
618
615
605
610
616
612
604
608
606
605
601
600
603
602
606
604
601
604
612
607
602
614
614
608
604
611
611
606
604
609
616
608
602
609
609
613
605
609
610
613
610
603
608
612
610
604
612
611
607
608
607
606
607
604
606
604
604
606
606
609
603
601
604
602
599
602
602
601
605
598
603
601
610
601
597
602
602
601
596
604
606
601
596
602
600
604
601
601
602
602
598
596
599
600
594
595
599
597
596
596
599
597
603
600
598
597
604
599
597
601
602
594
594
599
600
598
596
598
606
601
599
601
604
597
594
601
600
594
594
600
597
599
597
600
599
603
603
598
599
605
602
598
602
606
602
598
600
600
601
597
600
601
602
593
592
600
600
595
594
601
601
598
597
603
602
604
602
602
599
604
596
1189
599
602
604
597
599
600
600
593
594
599
596
591
595
595
593
591
593
594
594
592
592
593
590
595
587
589
587
594
589
587
589
589
588
588
595
597
595
593
594
598
598
593
598
601
604
604
602
609
611
612
613
614
614
614
614
615
616
616
615
616
617
613
612
612
613
608
610
612
606
609
613
615
613
612
612
615
614
615
613
613
616
618
618
618
618
627
627
632
637
640
646
650
659
661
661
665
669
670
669
668
666
659
656
648
650
647
649
651
649
658
658
662
664
672
668
675
678
675
674
678
677
677
679
681
684
688
688
688
689
686
678
669
667
662
655
656
656
658
655
669
663
676
683
691
694
693
693
702
706
703
699
708
711
719
727
729
724
723
715
708
707
709
704
705
702
706
707
708
705
702
707
707
705
699
703
711
721
728
732
726
727
730
733
736
731
728
733
738
735
731
733
735
741
741
732
729
729
729
724
721
725
720
713
713
711
704
710
713
710
714
713
708
697
696
700
703
702
711
712
721
714
723
729
726
725
716
707
704
700
691
688
688
683
686
691
703
714
717
724
729
728
720
723
710
714
703
695
684
687
680
678
678
684
692
705
720
729
736
737
746
737
719
719
718
710
714
711
712
709
709
702
705
702
702
698
702
700
699
700
703
707
710
718
722
722
727
723
715
704
704
700
693
691
690
691
695
697
705
713
716
719
716
714
716
712
711
707
703
700
693
683
684
681
668
668
665
660
667
675
689
713
740
759
783
785
783
790
776
762
749
738
726
726
716
704
690
691
681
676
670
673
676
686
708
724
740
756
772
762
771
779
775
771
763
757
746
744
736
729
723
720
708
704
701
700
702
706
713
720
720
726
726
725
726
728
725
726
718
715
712
713
714
713
717
716
716
720
718
716
720
714
717
707
702
697
710
708
704
709
711
718
726
729
740
746
768
775
777
771
766
765
757
757
754
749
750
741
740
738
731
728
733
735
739
744
743
740
734
734
747
764
764
760
753
753
750
750
744
743
733
729
725
723
712
717
713
717
718
723
728
735
737
739
736
736
744
742
746
741
738
723
732
708
713
722
720
725
726
726
733
736
748
755
745
754
743
731
730
729
725
721
725
725
731
738
733
734
743
747
748
746
737
738
726
729
730
733
736
733
737
744
745
738
739
745
747
747
749
744
745
746
740
737
738
734
729
729
730
725
725
726
732
734
739
743
750
759
764
772
793
790
782
764
732
749
727
722
712
705
703
696
692
704
709
709
718
722
716
719
721
731
741
753
759
765
771
767
776
777
773
768
762
755
750
745
739
733
729
714
723
707
706
708
714
727
740
760
774
786
797
787
789
789
789
773
771
770
763
763
752
753
751
745
745
749
748
747
746
743
744
744
743
748
751
755
756
758
764
758
762
751
748
742
741
739
741
749
744
751
750
754
755
756
762
751
754
760
762
760
759
755
753
753
749
747
747
749
749
749
751
746
750
746
741
741
738
732
728
729
728