795
818
825
800
831
841
841
820
847
854
854
854
813
840
854
830
840
887
873
851
847
904
921
921
895
872
913
927
912
911
922
891
890
907
903
918
912
921
901
917
907
897
877
904
912
902
879
881
890
895
866
865
888
893
875
874
900
904
905
904
898
910
917
920
913
902
925
929
931
911
888
881
890
874
866
861
848
842
862
867
867
886
888
897
895
890
865
871
867
870
870
850
837
853
887
879
872
881
870
860
860
858
867
867
869
867
858
856
873
877
859
849
859
868
852
850
866
868
849
853
866
873
876
848
858
879
869
863
849
850
854
860
848
866
877
864
889
901
911
906
881
866
879
886
892
876
867
868
866
856
852
868
872
871
867
861
880
883
890
854
860
873
870
856
854
863
875
878
860
876
879
888
884
856
852
863
550
1027
876
882
886
853
853
875
878
845
837
851
863
862
843
835
841
810
825
843
839
838
834
851
858
867
874
867
876
859
861
853
850
852
853
875
869
871
864
874
859
834
855
858
865
879
878
895
880
873
870
868
864
848
844
841
846
829
816
820
833
853
850
844
829
849
859
863
875
866
862
867
885
890
878
876
858
869
882
890
909
901
896
880
894
903
902
873
880
898
883
908
920
914
896
887
903
904
896
885
886
899
911
883
906
909
900
881
892
886
880
898
893
888
895
888
873
903
911
903
884
874
902
898
863
886
904
908
875
904
923
896
877
900
919
884
915
881
886
887
890
897
891
859
890
896
901
899
902
909
919
923
917
880
852
889
892
909
918
916
904
901
909
923
914
943
896
913
918
891
905
897
905
911
915
919
924
921
907
913
904
893
892
886
884
876
863
858
876
888
881
869
881
910
923
900
921
932
947
962
923
920
938
940
939
939
930
938
923
935
930
949
930
938
908
883
917
936
937
912
939
932
924
906
948
944
932
907
911
916
906
900
919
923
930
922
914
911
916
921
914
896
891
893
897
898
886
883
855
848
867
868
854
841
592
931
816
837
807
780
786
774
772
763
744
761
761
754
756
758
752
762
772
783
772
774
771
764
756
753
752
753
749
744
747
720
716
718
706
699
694
704
702
695
700
702
698
695
707
709
694
709
706
698
704
693
705
692
689
695
691
691
678
693
678
681
689
676
679
687
678
671
681
685
667
677
675
669
665
674
668
663
673
667
670
674
678
680
686
688
681
691
688
672
679
673
670
676
669
660
662
664
660
655
660
658
644
649
653
648
644
646
648
637
637
639
633
628
623
629
629
620
624
626
616
613
621
613
613
617
616
626
628
619
625
621
633
638
642
657
651
654
656
657
646
650
651
654
648
649
645
646
640
648
642
633
640
634
629
633
633
629
626
631
629
626
623
628
631
620
622
625
626
617
618
621
622
618
619
625
616
613
621
620
609
611
614
613
607
607
614
607
607
614
607
601
607
606
601
603
609
601
604
608
603
600
603
602
591
603
603
590
593
609
601
597
596
599
608
600
595
600
604
599
595
597
601
613
607
608
612
616
620
619
608
612
614
604
605
609
608
599
604
608
604
598
605
602
601
602
612
607
604
605
611
609
605
604
609
604
604
606
604
595
594
595
594
586
585
589
593
595
589
585
588
598
596
589
586
590
590
585
587
589
593
588
589
591
597
591
592
594
582
585
592
596
590
584
588
598
595
589
593
602
588
590
597
593
590
592
591
591
591
599
597
598
599
593
596
605
608
598
601
604
604
597
602
600
597
594
598
595
590
593
588
582
583
591
595
587
594
598
590
587
587
592
582
584
591
588
580
577
585
580
572
575
580
583
572
582
587
583
578
581
584
576
573
575
581
585
584
589
594
603
600
599
595
606
584
596
590
581
596
599
585
586
597
596
588
591
596
590
587
600
604
592
590
592
593
588
585
586
577
576
581
588
579
576
582
588
583
586
590
585
581
587
589
578
583
594
585
581
594
578
581
588
584
573
576
569
558
559
562
564
561
563
572
574
570
510
664
592
580
588
590
579
588
594
591
579
586
591
589
576
583
586
586
574
583
587
577
579
589
586
580
582
591
579
577
577
579
575
581
574
570
581
586
592
594
593
596
584
587
587
584
577
580
581
573
574
572
574
570
573
581
579
575
580
582
579
571
579
578
574
570
571
573
568
566
568
564
574
579
577
572
579
585
577
572
577
584
574
574
574
575
566
567
577
582
572
569
573
573
566
563
569
568
562
560
563
560
560
564
565
557
563
567
564
559
561
570
573
571
567
571
575
569
566
574
577
572
566
575
568
567
575
578
572
567
572
579
574
573
574
574
568
571
581
577
572
571
575
570
566
572
571
569
563
563
569
568
564
563
566
570
564
568
571
575
569
567
577
582
577
568
571
575
570
566
569
576
570
565
567
575
573
574
568
571
573
577
571
577
573
571
566
562
563
574
579
564
575
583
586
591
623
604
595
602
620
616
606
622
636
632
619
636
656
653
641
652
666
650
656
669
672
685
698
683
685
706
721
691
710
727
702
691
702
704
708
696
700
680
681
690
695
684
664
678
679
682
669
666
680
683
671
671
677
681
682
670
674
663
665
668
657
652
667
656
659
668
664
652
659
659
659
660
667
670
668
675
677
675
662
656
653
645
642
646
653
649
649
646
650
654
657
660
667
671
671
664
676
671
672
666
677
678
677
677
675
657
664
666
664
669
668
665
671
675
701
698
709
721
713
717
720
718
710
714
723
714
719
726
726
727
737
742
742
731
729
734
729
727
727
724
719
727
729
726
731
731
741
749
745
741
755
747
745
753
758
754
750
735
748
750
746
740
732
744
754
759
770
767
756
753
755
766
759
756
768
773
782
770
778
772
770
768
775
780
770
767
758
757
774
788
785
777
771
791
785
794
784
793
809
791
791
791
784
755
762
772
767
779
790
800
810
801
795
808
802
795
794
785
798
810
818
826
816
820
830
831
827
823
813
804
785
787
791
788
798
808
801
806
825
812
817
817
815
809
809
786
785
771
767
783
799
794
802
813
818
816
817
791
774
755
744
744
755
747
743
738
736
742
733
726
731
718
733
743
740
741
726
709
719
720
726
743
724
733
741
753
758
772
779
778
772
783
779
765
759
761
751
754
771
777
773
783
788
779
778
786
782
779
789
807
792
783
781
787
788
786
780
789
802
804
803
790
798
799
797
784
789
787
787
787
781
786
797
795
781
789
792
794
792
788
798
808
800
792
806
812
804
801
804
809
809
794
801
809
812
806
806
813
819
811
815
811
813
827
821
800
809
814
811
802
793
803
793
803
811
811
816
804
800
798
804
803
800
806
810
796
804
816
821
817
809
809
818
816
822
832
824
817
811
804
813
799
807
799
803
814
817
830
826
826
811
821
819
813
813
816
822
822
819
819
820
819
825
823
822
810
795
819
813
827
819
834
820
835
841
845
823
812
836
822
815
820
813
815
819
819
809
815
817
819
802
816
819
821
817
806
790
792
794
785
789
785
787
805
807
816
830
819
835
836
844
842
817
808
805
794
779
788
784
776
780
789
811
820
810
815
815
813
817
813
813
819
827
813
817
813
814
819
819
823
816
814
815
828
820
827
821
820
830
808
797
779
788
797
795
791
783
787
785
762
744
754
772
784
791
803
822
818
830
842
842
844
827
837
864
879
878
880
882
867
860
833
841
844
819
844
840
846
849
843
838
823
817
818
817
798
798
808
799
830
834
830
836
827
792
817
833
836
805
817
821
820
833
826
851
858
845
854
848
829
818
820
814
813
813
820