619
616
616
618
623
619
624
630
630
1272
637
636
641
644
646
654
657
657
658
657
660
660
666
663
667
665
665
1996
675
669
671
672
672
672
666
685
674
671
667
673
672
662
671
667
665
671
671
672
670
673
670
663
680
686
684
681
677
683
685
681
689
682
699
695
702
693
700
701
698
683
690
689
684
696
699
698
696
711
706
709
705
707
692
690
688
688
686
685
689
689
688
689
689
690
689
694
693
697
696
700
692
695
692
691
683
684
681
686
686
683
688
688
685
691
688
692
692
702
703
698
693
699
695
691
693
698
692
696
693
700
697
691
695
691
692
696
699
701
691
700
699
697
689
693
693
697
702
708
708
702
705
706
709
709
701
701
695
694
697
701
699
696
692
694
691
696
696
693
696
698
698
693
704
699
699
698
709
713
708
712
714
708
718
717
710
706
702
702
707
703
706
727
450
986
715
712
703
698
702
696
691
703
695
702
705
709
713
713
715
718
714
713
714
712
711
708
696
701
697
706
711
717
725
723
733
728
722
719
721
712
704
696
698
692
688
691
688
687
684
683
685
688
695
698
690
698
699
690
703
699
701
697
708
695
695
687
693
687
689
689
686
693
687
689
690
694
692
695
689
696
696
696
695
698
693
694
690
691
689
694
689
688
690
686
687
687
690
688
687
691
694
700
695
702
706
701
704
702
702
700
699
696
705
708
704
705
703
711
704
714
708
711
705
701
700
701
705
706
705
700
704
709
709
721
716
716
718
714
715
708
710
706
700
695
694
692
693
701
704
710
717
715
717
715
714
712
714
711
707
707
704
704
708
708
711
707
710
705
706
704
705
703
702
696
697
694
697
695
698
700
697
702
699
696
693
691
688
691
689
698
689
688
687
686
690
688
690
689
693
691
694
687
685
687
685
678
681
682
679
688
685
685
685
682
684
684
684
684
681
683
687
688
687
694
692
699
699
701
696
693
695
693
692
690
692
691
688
1388
693
681
681
680
678
687
690
687
687
689
692
694
706
703
1404
701
696
693
696
699
699
700
703
703
704
711
703
712
720
717
717
710
700
703
716
716
719
723
724
716
721
722
718
717
718
718
716
711
710
709
703
702
702
701
699
700
695
703
699
706
712
716
723
718
720
724
726
724
717
715
709
703
702
713
711
716
715
711
710
714
721
725
717
711
713
708
712
714
713
715
708
717
715
711
717
712
723
722
724
717
715
715
711
713
705
711
702
704
701
706
712
708
712
709
711
704
702
704
411
989
704
689
689
695
698
693
696
700
704
713
716
727
719
726
729
721
715
712
706
703
698
698
698
701
698
698
701
699
701
705
705
711
713
718
718
712
717
713
719
721
723
718
714
715
718
717
713
713
712
710
707
708
706
704
690
681
679
666
669
668
664
667
661
649
645
642
640
632
625
629
621
619
619
620
616
615
609
607
610
609
608
608
607
605
600
601
601
599
601
597
600
596
601
593
593
591
591
594
588
587
589
589
584
549
552
545
548
542
548
540
546
539
542
537
541
537
539
534
539
531
538
530
1067
533
529
534
529
532
528
528
528
527
525
526
524
525
521
500
549
528
522
525
522
524
521
523
521
525
517
510
511
507
515
504
511
511
511
508
512
506
512
505
506
506
1011
507
501
502
503
498
502
499
501
498
500
500
498
498
498
494
498
495
495
492
492
495
491
388
592
495
490
490
488
490
487
488
488
487
488
484
489
485
481
486
483
481
480
484
483
479
482
482
483
479
479
961
479
478
482
479
478
477
479
483
475
478
480
479
480
479
478
478
479
475
480
476
475
475
478
478
471
474
478
949
471
474
477
475
468
478
475
471
474
476
476
474
474
476
479
471
472
476
475
474
471
476
475
474
473
470
472
471
474
473
472
472
472
474
470
472
471
474
473
472
470
473
474
471
468
475
475
470
473
472
473
470
472
471
471
473
470
469
474
471
470
466
472
472
473
466
476
469
469
471
471
471
469
475
469
470
466
473
469
467
470
472
475
467
469
471
470
473
470
471
468
470
467
468
465
465
468
470
928
469
465
467
462
467
463
467
468
460
467
469
463
465
471
467
467
468
468
470
469
465
471
468
468
465
470
467
467
468
469
467
467
466
469
467
469
464
469
468
467
466
470
469
465
467
466
469
473
473
470
470
471
470
470
417
521
470
467
468
471
471
467
468
470
468
466
464
467
467
464
462
467
462
464
460
465
462
461
462
463
465
459
459
464
461
464
462
466
461
462
461
463
462
460
462
461
461
461
457
462
462
458
456
463
460
458
458
462
461
458
459
462
460
461
458
461
461
458
455
462
461
457
458
460
463
458
456
462
463
460
458
465
460
460
462
460
463
462
463
457
462
463
458
460
463
463
461
460
463
458
463
456
464
462
462
462
462
462
462
462
463
462
460
462
464
460
461
463
466
461
458
464
462
463
458
467
459
462
459
464
462
461
460
461
461
463
459
462
463
462
457
462
462
458
461
459
462
457
459
455
460
457
458
456
458
459
456
452
457
456
457
454
458
454
455
455
457
455
454
458
455
456
453
458
459
454
455
459
461
453
457
459
457
455
455
459
457
458
457
454
460
455
457
452
458
455
452
454
455
457
453
452
457
456
454
453
457
455
458
454
452
456
452
454
454
454
452
452
456
455
454
448
456
455
451
448
456
454
450
450
451
452
452
450
450
451
451
450
447
455
451
453
445
453
451
449
447
451
453
447
449
452
449
450
448
449
453
447
448
452
451
450
450
452
451
450
449
454
449
453
453
453
455
456
459
456
458
456
463
461
458
463
460
460
460
920
457
461
458
459
456
461
455
458
458
457
460
459
459
457
461
460
459
460
459
464
460
462
464
464
465
462
468
472
475
468
479
476
477
480
483
482
485
485
485
483
483
484
486
487
487
487
486
487
483
484
485
481
484
484
487
487
489
488
494
491
492
494
497
497
501
500
503
502
502
502
506
503
503
504
507
506
508
508
509
511
511
511
513
515
516
517
516
518
516
521
521
524
525
526
536
532
540
539
545
540
536
532
535
538
539
541
541
543
548
554
547
556
553
551
555
550
550
549
556
553
553
447
683
563
558
563
563
562
570
563
566
561
568
563
575
573
575
584
575
590
588
590
589
593
590
588
595
588
587
581
583
585
586
589
594
588
602
598
600
603
603
604
607
604
1208
607
596
603
595
597
597
598
603
600
599
598
596
595
592
589
589
577
586
589
580
602
589
598
592
592
591
589
586
596
601
603
600
604
600
601
593
593
587
588
589
598
598
608
613
610
609
613
614
607
612
604
603
595
600
590
602
599
597
593
596
595
592
604
604
622
625
623
626
627
626
636
631
634
638
629
628
631
622
626
622
622
619
623
619
615
626
624
620
617
620
610
608
606
609
607
608
615
616
614
610
609
603
599
594
590
594
593
604
607
611
378
873
624
613
629
631
628
636
640
644
651
646
641
638
638
634
631
639
632
632
621
617
610
614
617
627
622
621
634
632
624
636
632
634
633
638
1282
665
674
652
653
646
639
642
640
638
637
644
640
641
636
638
643
645
638
638
632
644
636
641
637
642
643
646
642
637
644
642
643
636
645
648
647
642
653
653
651
649
654
660
656
646
651
647
646
635
647
646
643
646
648
649
648
654
653
653
660
688
680
688
690
676
670
664
672
671
672
663
655
652
652
642
654
650
651
652
642
650
649
655
648
643
653
651
654
648
651
660
652
657
651
658
664
663
658
660
660
655
664
665
666
656
667
665
668
671
666
664
658
658
652
647
645
646
648
646
648
648
649
645
640
641
648
643
646
653
658
663
662
661
661
655
659
656
657
654
648
653
663
653
660
660
657
655
662
658
653
658
659
659
658
663
658
665
663
665
659
647
657
653
651
645
646
638
643
647
652
648
661
664
666
659
666
661
657
656
659
664
659
662
661
670
668
668
673
668
666
668
664
659
661
653
663
670
661
668
674
606
722
666
665
670
664
669
666
669
665
663
665
671
668
665
675
670
670
666
669
665
665
669
669
668
675
674
669
672
666
667
671
671
666
670
671
665
668
661
657
652
652
677
666
672
682
675
669
658
659
650
652
651
650
644
654
647
659
656
653
661
664
665
667
675
669
674
666
659
670
670
667
671
672
674
399
930
662
658
644
642
642
640
643
645
644
645
642
646
643
650
659
659
663
668
671
663
667
665
662
657
660
669
667
665
666
666
665
662
661
662
662
661
660
663
662
658
659
656
658