840
823
813
801
821
831
838
828
833
853
861
856
842
858
863
862
862
846
836
854
846
848
849
835
835
841
846
847
838
856
858
841
835
839
858
833
835
845
856
842
832
823
846
484
1109
809
838
813
823
834
833
829
854
857
854
840
837
828
838
849
851
822
823
812
821
817
837
835
832
843
852
861
839
845
852
855
849
848
862
864
870
858
857
871
882
879
865
864
879
877
875
852
838
832
821
796
796
809
809
812
825
838
845
867
867
849
860
884
875
869
849
862
875
877
867
855
853
870
858
854
839
855
863
866
866
853
847
858
857
862
846
846
845
856
866
866
856
855
862
861
863
854
847
849
849
858
859
865
838
826
828
802
802
818
827
830
832
844
847
841
828
830
840
850
847
842
854
856
855
855
856
872
874
874
860
877
877
885
859
860
864
875
866
858
849
866
854
841
833
859
845
848
834
858
854
842
843
850
851
835
824
818
834
848
847
847
846
854
865
855
836
843
850
820
795
802
802
816
826
823
811
833
851
853
845
836
838
850
850
863
862
869
865
867
857
851
851
856
848
853
864
849
860
866
863
873
873
865
880
880
887
877
855
868
863
869
865
860
853
861
868
856
851
860
860
862
852
854
868
860
852
853
854
866
874
868
862
855
868
871
869
860
848
847
854
854
842
839
853
854
854
838
847
854
843
846
840
852
852
857
843
840
849
855
852
862
837
845
848
851
845
838
844
848
846
855
839
837
841
820
801
789
782
790
788
764
732
818
773
797
833
803
783
840
824
795
818
795
813
792
830
865
881
895
867
783
911
946
892
835
819
869
934
872
791
858
890
867
802
815
808
856
799
820
870
909
927
877
861
888
962
933
881
886
831
877
890
908
840
850
874
861
877
850
849
859
856
857
847
852
866
865
870
862
851
855
851
832
807
796
795
805
792
776
767
799
784
798
829
828
857
870
865
883
868
882
876
883
880
899
888
872
873
889
873
864
878
878
854
844
846
806
793
791
759
757
729
738
759
735
727
724
720
725
706
708
699
698
684
650
763
754
705
730
698
717
704
695
697
690
679
681
632
728
735
701
672
698
688
683
670
691
685
688
692
677
660
742
735
727
698
710
678
705
707
730
706
717
697
681
728
716
709
714
702
682
730
702
699
702
683
694
696
706
694
684
680
680
669
658
711
724
698
708
705
682
714
713
694
694
704
693
678
685
688
668
674
675
660
651
654
651
659
661
654
646
653
665
655
647
635
629
629
602
646
682
664
639
661
669
647
663
654
657
655
652
658
642
634
619
659
644
647
668
648
642
630
621
655
673
655
639
613
613
618
632
648
638
639
631
641
645
629
619
637
628
646
647
645
643
642
625
656
647
474
819
638
660
657
665
646
632
634
655
666
647
649
654
637
637
624
623
629
608
600
631
635
636
630
619
613
627
630
628
628
608
510
725
649
636
626
631
627
633
628
636
627
627
632
636
632
619
612
620
433
771
594
629
646
623
621
626
627
630
623
628
622
622
626
634
621
622
378
805
638
605
610
589
607
631
622
610
589
594
629
617
594
636
624
623
630
630
584
642
644
633
630
633
638
634
627
625
640
633
617
617
604
578
617
668
642
628
622
626
630
624
624
627
634
626
626
626
592
639
628
617
616
623
608
636
645
648
639
636
621
640
631
630
639
643
629
614
616
637
647
642
646
632
611
640
637
628
629
626
628
616
602
607
633
656
629
615
619
612
616
614
604
605
620
621
609
604
614
646
637
623
624
632
625
606
638
638
625
627
629
611
624
630
626
621
624
646
646
626
625
606
638
624
627
628
621
577
604
655
628
587
628
626
622
617
620
626
621
617
621
540
695
615
615
613
603
606
604
591
611
666
634
629
621
600
634
629
621
622
604
636
622
614
600
613
605
613
620
611
598
618
620
611
597
607
617
625
618
618
619
605
629
626
619
606
607
616
616
594
592
578
605
641
614
607
586
606
604
599
575
578
598
619
609
615
611
602
581
633
618
601
588
605
629
618
620
630
620
620
621
633
621
627
641
629
625
618
623
620
606
609
674
529
788
639
614
645
626
625
1241
592
606
614
610
615
625
595
408
749
645
603
602
596
602
625
621
627
634
624
621
621
607
611
634
651
1252
640
1242
594
600
632
608
595
625
652
625
637
628
1307
607
629
613
628
640
635
622
1258
593
602
591
613
642
626
624
624
627
628
1262
601
597
619
641
654
650
658
1302
647
1272
630
1293
573
700
680
667
659
660
677
684
667
656
660
684
650
649
687
676
673
679
694
678
675
681
669
682
688
697
723
667
740
746
732
706
706
704
699
672
688
696
691
680
671
702
704
697
692
696
678
721
726
705
689
674
677
682
689
689
697
707
706
741
744
729
747
751
739
759
765
778
763
748
755
676
778
778
770
767
724
737
807
814
829
813
785
712
740
829
802
710
777
784
736
712
822
820
758
706
814
807
760
747
741
822
844
780
785
789
826
804
718
739
857
856
798
771
825
807
769
836
742
859
843
777
759
854
853
783
726
826
790
771
748
699
818
802
727
722
823
834
811
739
749
846
836
776
777
823
784
746
841
808
785
750
879
861
810
785
770
777
756
771
771
766
913
806
802
788
782
793
787
792
784
789
798
799
799
789
779
788
800
800
793
799
802
804
801
801
798
787
781
788
763
848
989
787
885
821
774
752
775
759
756
834
819
834
806
831
826
853
880
788
908
804
831
824
822
821
871
856
792
860
852
829
842
886
851
795
827
879
863
830
889
844
821
795
811
819
823
869
874
771
785
831
825
829
760
843
798
795
801
790
788
787
772
765
764
771
771
760
784
776
775
782
789
793
784
789
791
789
798
799
795
799
799
799
802
796
798
796
794
790
775
766
768
768
771
778
781
795
800
799
807
808
813
813
817
817
820
814
807
811
814
824
819
822
822
823
814
815
817
820
803
805
804
784
766
745
751
745
734
691
810
762
784
797
781
783
773
785
799
761
756
758
803
792
778
775
766
785
819
851
791
851
775
863
855
799
807
833
808
808
803
833
867
811
816
887
833
844
807
889
827
766
789
801
799
768
775
790
823
815
783
789
830
807
754
807
854
885
833
828
786
812
842
882
873
806
808
781
772
768
787
785
818
803
768
815
822
795
799
793
785
1010
879
883
886
836
932
929
854
890
832
872
834
966
887
917
922
824
923
906
851
871