912
923
913
926
940
934
928
943
958
936
938
968
967
981
963
943
957
935
914
918
904
889
906
920
903
888
901
921
891
905
904
898
908
890
876
892
894
881
870
878
883
876
859
876
877
861
874
890
903
916
919
905
906
879
879
857
842
856
864
843
862
838
829
829
849
837
846
861
857
851
882
873
840
853
826
828
846
857
853
871
896
881
891
896
909
877
856
875
869
843
838
854
854
832
827
835
851
854
865
894
909
902
880
899
904
887
876
862
869
888
891
878
887
912
906
889
866
924
924
908
913
907
898
893
882
893
905
887
910
920
922
931
931
928
927
941
932
909
917
892
898
901
889
892
885
868
878
871
871
881
878
871
880
887
877
885
902
908
920
927
922
929
930
922
922
915
907
884
884
881
886
878
880
851
872
880
882
883
879
854
864
875
858
874
883
880
877
863
865
873
875
868
863
874
856
868
860
851
839
850
852
843
832
841
841
846
876
865
896
904
896
903
909
899
878
882
885
881
857
862
859
865
850
842
866
874
883
874
846
862
864
873
875
856
856
872
875
880
853
864
870
874
848
858
868
861
876
869
875
876
859
880
854
875
890
871
885
889
877
884
889
884
883
893
869
861
873
864
864
881
882
863
861
880
889
893
892
880
881
879
877
852
846
842
844
857
881
861
833
820
823
836
836
845
847
855
848
854
877
843
844
856
868
864
856
830
809
818
825
846
856
848
856
852
834
846
848
837
849
855
841
857
875
872
846
836
853
848
851
843
848
864
868
864
865
861
854
845
821
817
838
823
845
876
893
886
897
901
894
886
889
897
873
887
888
861
867
887
894
904
913
911
909
902
889
902
917
906
904
894
923
915
885
897
906
910
910
885
913
902
918
929
912
933
937
924
912
933
938
938
952
952
943
941
946
932
936
916
907
912
904
909
896
908
871
862
830
813
773
767
768
748
745
748
740
735
718
713
715
693
704
682
683
694
690
690
688
686
670
666
683
685
671
657
665
673
666
651
656
649
656
667
646
643
648
661
644
642
656
641
638
648
648
644
642
669
650
651
664
659
648
652
664
646
648
664
639
635
646
639
631
637
645
640
630
631
641
634
626
636
637
624
614
620
628
609
613
613
618
605
613
617
602
601
608
615
599
599
602
605
593
590
600
595
588
598
600
592
588
592
603
593
592
594
603
593
589
595
606
602
592
603
609
602
592
602
611
596
588
596
595
607
596
588
599
599
593
584
600
595
586
582
594
596
584
582
589
586
574
585
584
587
576
575
580
585
578
578
583
590
577
592
591
588
583
589
585
578
579
590
592
582
591
597
587
583
586
596
592
585
580
581
586
590
591
593
585
597
604
600
595
608
602
590
605
607
602
592
607
611
603
599
613
600
596
599
607
594
591
597
598
589
592
594
589
584
595
593
586
585
602
600
594
593
603
597
592
598
604
592
591
598
602
594
589
596
599
593
589
600
597
593
589
594
597
585
582
588
595
588
587
587
597
595
589
585
593
593
583
580
586
585
587
578
584
589
586
578
583
597
590
586
584
598
593
593
589
599
602
593
597
603
596
591
598
602
595
591
595
599
594
590
602
597
605
599
603
600
593
595
590
588
595
589
595
590
582
586
579
584
588
589
584
579
589
591
588
589
582
594
591
584
580
587
589
581
577
586
585
582
576
584
583
578
574
581
589
578
580
591
590
577
589
591
591
581
582
591
591
584
580
587
589
578
573
585
581
583
585
581
582
575
581
573
575
578
578
572
567
578
574
568
563
576
576
570
567
580
575
572
563
577
571
568
561
571
568
563
557
568
563
563
561
572
567
565
563
575
570
568
563
571
571
568
563
576
572
567
563
571
573
570
563
565
576
581
577
576
572
582
583
578
576
582
584
573
575
583
581
575
574
579
580
572
569
578
578
571
571
579
582
572
570
576
573
571
569
573
577
566
568
567
567
560
566
567
568
562
568
570
574
564
565
567
573
563
566
566
572
568
569
561
563
564
567
557
557
563
566
562
556
553
556
562
561
560
556
559
563
559
557
557
564
558
555
553
562
556
554
554
563
561
554
556
564
563
559
564
567
565
565
563
570
575
570
564
578
576
574
565
567
575
579
576
574
568
572
573
566
562
569
563
563
561
567
558
556
560
565
557
555
560
563
555
553
478
649
558
558
563
563
552
564
558
554
557
560
554
549
552
554
551
547
558
552
548
545
553
552
550
535
536
537
536
533
535
514
571
540
537
542
548
514
569
541
545
551
548
547
546
550
555
553
549
551
550
553
546
546
551
559
549
550
546
556
551
549
548
551
563
554
554
551
565
557
558
556
561
557
552
552
558
558
549
551
558
557
547
547
552
557
552
552
561
551
552
561
553
550
553
556
559
554
555
557
557
557
555
562
581
588
597
606
606
600
592
592
598
596
596
594
600
607
606
607
607
606
614
621
627
628
636
647
648
649
650
658
655
656
657
668
665
661
666
673
671
663
666
686
687
689
695
693
697
689
693
689
679
668
664
664
672
684
683
685
692
695
697
688
696
700
695
695
708
718
723
729
749
761
763
767
788
775
776
793
780
775
789
790
788
805
809
795
804
807
813
820
814
826
829
816
823
833
820
826
842
831
832
847
830
839
877
883
879
899
900
889
863
874
854
855
853
864
879
853
866
866
843
852
845
834
853
865
870
896
905
909
926
918
911
934
923
927
943
933
934
935
918
909
916
898
896
908
889
874
889
876
879
897
898
897
905
894
890
903
898
889
896
893
875
896
884
872
895
891
887
880
897
883
856
863
867
882
873
877
874
873
866
854
858
837
856
866
885
887
872
875
877
870
854
863
864
855
859
866
860
837
823
819
833
829
837
848
851
867
868
866
879
871
871
886
884
881
878
865
858
849
840
837
828
837
837
827
839
853
847
847
828
847
827
823
837
850
870
852
870
888
898
904
888
872
869
847
852
845
851
861
868
855
876
885
883
886
883
856
836
825
833
839
839
845
842
825
837
842
855
850
861
881
883
901
898
893
910
868
866
879
882
872
865
842
840
836
828
839
839
836
848
862
851
875
879
876
866
846
860
855
858
860
870
883
881
880
862
850
849
863
877
891
883
878
880
857
863
871
872
877
879
875
859
867
852
854
867
850
848
859
854
832
837
821
811
813
819
835
850
839
854
867
870
865
844
833
820
827
818
824
825
844
834
861
860
861
882
889
891
910
903
904
914
896
879
879
880
867
870
883
868
868
863
872
858
873
877
888
897
900
895
900
905
897
897
904
902
902
899
890
887
884
866
870
873
883
875
889
895
883
902
901
873
893
886
864
883
887
888
879
903
898
902
921
913
911
938
940
929
934
935
920
932
931
932
932
933
922
909
918
903
909
918
905
896
893
872
872
896
900
898
915
933
924
938
925
927
924
923
918
908
891
894
880
856
862
866
871
878
898
881