668
663
676
679
677
684
688
685
681
681
685
684
675
688
693
686
681
682
683
692
686
708
693
704
696
708
706
701
704
707
701
700
697
704
730
684
688
706
688
697
710
708
703
703
683
654
678
679
684
692
701
700
700
704
701
706
734
715
706
700
693
699
699
703
706
711
708
709
702
689
691
691
699
711
721
728
721
714
718
720
723
718
707
701
689
676
681
685
689
684
674
663
696
688
682
685
688
690
690
694
703
698
694
697
696
696
700
708
703
704
705
709
705
703
703
702
705
706
705
713
713
719
716
718
721
719
718
714
717
715
710
705
709
708
705
707
713
707
707
711
714
721
719
725
721
731
734
730
729
732
730
730
722
717
718
714
710
713
712
709
712
709
708
711
707
711
712
715
723
719
721
717
722
724
723
732
726
724
725
725
727
727
731
734
733
736
736
736
730
736
735
736
730
736
735
737
737
740
742
741
732
734
730
729
726
727
726
725
725
725
721
720
706
710
708
711
711
726
726
729
729
724
728
724
716
716
716
718
714
717
716
719
707
714
720
722
720
725
725
725
721
725
726
734
733
735
738
740
749
744
752
765
753
751
759
751
751
746
750
752
745
742
741
735
739
740
744
737
734
734
734
724
729
729
729
722
731
730
729
725
733
737
729
731
738
737
732
735
739
734
733
730
726
725
723
722
719
723
725
728
727
728
729
729
729
724
724
730
725
726
723
728
722
726
729
736
729
738
741
733
736
732
734
728
729
730
727
726
728
730
729
729
728
731
729
727
727
724
721
716
719
723
718
722
718
729
718
718
715
715
719
720
708
713
710
715
718
718
722
726
728
721
719
723
717
708
710
705
707
709
700
700
701
695
696
697
704
696
699
698
700
697
698
701
697
700
703
705
706
708
707
709
707
706
705
699
704
709
712
717
715
717
707
703
704
707
707
708
716
707
712
718
721
721
721
681
675
679
674
684
687
698
707
706
705
708
699
701
704
703
706
703
701
700
703
706
705
709
706
711
711
714
708
709
707
709
702
708
705
708
710
709
709
702
704
702
704
699
701
696
696
698
705
705
712
708
714
717
714
720
721
723
723
717
723
720
717
711
716
714
708
716
720
715
717
713
717
714
717
723
721
713
711
705
712
708
715
718
721
722
720
723
721
715
717
719
703
696
697
695
693
685
691
694
702
696
695
685
663
645
634
632
622
617
638
630
611
617
624
619
631
627
642
640
627
608
601
599
593
589
587
590
591
592
596
593
597
602
597
600
606
599
604
605
603
601
598
595
594
595
1188
598
597
597
600
594
592
596
595
596
592
599
592
586
588
586
581
581
573
575
576
569
574
572
573
570
571
568
568
573
569
567
572
565
568
569
568
571
569
569
573
571
574
567
568
567
571
563
565
567
567
564
575
579
578
578
585
574
585
593
572
568
576
571
571
568
563
563
563
560
560
559
557
553
556
554
554
555
552
551
556
566
563
554
559
558
555
553
550
545
549
547
551
544
546
548
548
546
546
544
547
543
550
545
541
542
543
542
539
539
534
539
537
541
532
538
533
537
536
534
536
531
533
534
530
530
533
535
528
532
527
529
530
526
532
528
528
529
527
532
526
536
528
531
529
530
535
534
531
530
532
531
532
529
528
526
525
525
522
526
522
523
520
523
520
520
521
516
523
520
521
520
523
519
517
521
518
521
520
525
522
523
521
520
520
521
522
516
520
521
523
524
527
524
527
525
533
524
526
522
522
521
521
521
523
521
520
521
517
521
520
516
523
1041
516
520
516
518
515
515
512
509
515
512
516
513
519
516
517
512
522
526
527
527
528
528
527
530
524
522
526
521
521
522
521
520
516
517
517
514
519
514
516
516
520
521
522
516
521
515
515
517
515
518
516
516
520
520
513
515
513
515
511
513
514
509
513
511
513
512
515
512
512
512
516
515
513
516
517
515
516
516
515
511
513
511
505
512
509
516
508
516
510
514
509
512
508
511
508
507
510
509
511
507
512
510
512
511
514
513
512
511
514
513
511
514
513
512
510
514
509
514
514
519
515
515
510
514
514
516
514
514
507
509
506
507
510
505
509
509
515
513
521
518
522
518
524
519
521
519
518
518
513
517
518
518
513
512
511
512
509
507
511
509
512
509
511
511
515
511
516
515
518
514
519
514
520
516
517
511
514
511
512
512
514
513
515
513
516
515
516
517
520
520
520
520
514
510
512
507
512
513
512
510
514
514
520
513
518
522
522
518
519
528
531
524
530
529
529
529
530
531
526
522
520
522
515
517
517
517
518
521
524
526
523
525
525
522
521
520
520
522
514
521
521
518
512
519
512
513
508
508
511
509
509
506
512
507
506
505
506
503
505
502
505
501
503
503
506
503
504
502
504
505
504
500
501
498
500
503
504
503
508
505
507
503
504
504
502
501
502
498
499
496
495
497
494
498
495
495
494
495
498
499
498
500
498
501
501
502
497
503
500
502
500
503
502
503
501
499
496
502
497
502
498
504
501
500
501
505
500
501
499
500
498
500
494
497
494
498
496
499
496
498
496
497
497
497
500
499
500
499
504
499
501
501
502
498
497
499
504
499
503
499
501
496
494
494
494
494
495
500
502
499
501
502
500
496
500
500
497
498
497
496
498
494
504
499
497
500
498
501
498
502
498
503
499
500
502
504
500
505
506
506
503
506
505
505
502
501
502
505
502
500
502
502
503
500
506
502
503
506
503
504
500
503
501
503
499
503
497
498
498
500
497
500
497
499
501
501
503
500
503
501
504
503
505
503
505
504
507
500
501
498
501
499
499
496
500
499
497
500
501
500
500
504
507
503
506
508
505
506
506
499
503
503
501
501
505
503
502
501
505
501
501
503
506
503
504
512
511
518
509
513
511
517
510
516
514
515
513
515
515
519
506
509
514
521
525
527
524
532
534
537
536
530
538
535
533
532
536
547
538
530
535
539
541
550
535
544
542
548
540
535
540
538
540
536
536
538
531
526
531
530
535
542
538
544
546
537
540
548
553
550
542
546
545
533
527
539
542
550
555
556
549
550
558
551
541
537
540
535
528
532
531
530
534
538
537
537
539
549
554
562
563
573
579
580
579
580
580
581
586
578
585
590
593
594
600
604
604
604
611
617
618
614
617
617
616
617
616
623
624
625
630
632
623
627
635
637
637
654
664
660
649
643
641
631
613
618
623
620
626
632
626
622
629
630
628
626
634
633
630
626
627
632
621
619
626
640
627
632
640
642
630
644
646
643
636
645
647
647
635
639
638
638
628
630
632
629
645
632
639
613
597
607
619
623
638
656
646
634
643
663
655
661
649
649
660
663
639
646
657
664
646
650
676
658
645
655
665
647
653
678
667
674
668
669
670
668
671
663
660
650
663
668
649
662
677
676
681
675
651
645
663
650
664
652
655
640
675
702
686
691
695
695
654
650
667
661
658
661
662
647
649
641
656
660
650
643
633
631
640
643
640
643
630
642
641
645
632
646
645
641
629
632
648
659
662
657
654
655
647
654
652
652
668
670
668
664
662
670
678
673
659
650
656
655
659
664
658
648
641
653
659
661
659
654
649
655
648
640
623
625
618
623
637
643
648
652
644
645
638
627
639
634
640
631
639
632
619
616
620
622
620
620
618
609
633
630
646
641
643
625
629
634
621
634
620
628
629
623
631
623
626
618
642
655
637
646
651
634
671
645
645
644
635
651
640
649
637
715
694
668
681
656
677
666
664
646
649
753
722
717
715
716
699
683
655
664
651
644
674
764
721
670
662
667
677
653
669
662
664
677
682
680
662
689
688
680
670
688
695
690
673
659
675
676
667
683
665
659
651
641
650
644
641
659
678
674
678
649
665
719
665
657
687
712
662
677
652
673
683
680
679
684
690
693
682
695
694
691
691
696
698
691
697
702
703
701
707
709
706
709
712
712
708
704
696
699
698
698
697
694
700
701
686
682
690
682
665
688
691
682
669
716
704
689
688
668
663
677
682
676
673
686
717
665
688
667
658
656
674
663
665
652
660
664
668
673
664
663
659
653
645
634
622
632
636
638
669
654
675
677
720
676
691
659
650
650
715
675
658
674
679
732
688
727
713
705
703
696
682
672
656
683
677
690
661
704
705
703
709
720
716
719
716
691
692
683
713
694