1016
1024
1030
1052
1000
990
1038
1060
1048
1020
1058
1047
1068
1067
1039
1025
1055
1014
1024
1045
1045
1085
1080
1088
1042
1035
1063
1051
997
1009
1037
994
990
951
1026
1045
1063
1005
1025
1027
1061
1067
1098
1110
1103
1041
1077
1084
1088
1020
1036
1076
1080
1071
1104
1130
1106
1051
1077
1055
1075
1033
1046
1055
1011
1061
1057
1058
1036
1068
1071
1063
1036
1059
1072
1017
1065
1077
1032
1062
1066
1027
1054
1043
1032
1034
1071
1066
1071
1067
1063
1038
1018
1050
1050
1048
1016
1026
1042
1031
1025
1004
1006
1028
1003
989
1013
978
983
984
996
979
1000
998
964
985
986
967
982
992
987
993
975
975
992
990
996
979
1028
1022
1040
1033
1044
1040
1040
1047
1054
1049
1025
1062
1061
1030
1035
1059
1005
1023
1039
991
1027
1047
1006
1002
1022
1028
992
1011
1021
1015
989
969
1020
1025
923
486
411
482
421
1102
1104
1018
1060
1055
1062
1074
1064
1076
1034
1042
1086
1064
1080
1045
1071
1086
1028
1055
1060
1013
1007
1026
1035
986
1007
967
966
1004
985
1023
994
1028
1049
1033
1021
1061
1068
1062
1035
1050
1070
1031
1073
1075
1059
1017
1055
1003
1045
1057
1065
1016
1042
1048
1023
1037
1059
1055
1018
1056
1073
1092
1077
1042
1034
1072
1076
1057
1029
1071
1084
1047
1058
1048
1032
1051
1062
1039
1033
1064
1075
1030
1038
1062
1071
1029
1046
1065
1045
1012
1042
1018
1020
1051
1052
1017
1043
1023
1048
1060
1024
1035
1050
1038
1046
1007
1030
1036
1038
1044
1013
1029
1061
1057
1025
1066
1088
1050
1069
1097
1085
1086
1106
1081
1081
1049
1055
1004
1072
1045
1045
1047
1051
1044
1015
1034
1016
1044
1055
1043
1056
1064
1068
1085
1055
1070
1067
1081
1047
1046
1050
1027
996
1032
1013
1025
1034
1029
1004
1034
1008
1002
1002
1029
1026
1027
1060
1049
1066
1027
1068
1078
1041
997
1049
1037
983
1023
1028
1032
1025
1008
1057
1057
1015
1054
1065
1061
1019
1041
1049
1047
997
1002
1029
1047
1044
989
1046
1031
1004
1050
1048
1025
1016
1061
1076
1067
1040
1080
1091
1089
1088
1055
1071
1079
1052
1061
1066
1026
1038
999
974
942
940
975
983
940
947
922
940
927
908
899
886
882
861
854
846
850
829
845
872
842
867
881
898
871
886
854
843
846
849
838
843
845
832
844
842
833
847
844
833
835
833
828
820
824
798
783
790
792
780
787
791
785
785
780
772
776
780
778
770
774
784
784
790
782
790
769
756
759
763
751
757
766
757
768
772
765
768
768
768
775
767
775
773
768
771
777
766
767
770
774
765
752
752
739
739
729
716
711
705
698
694
693
689
693
696
692
697
702
697
700
698
700
706
703
712
702
706
714
707
711
708
711
711
708
721
711
721
723
725
732
729
728
733
727
720
716
726
719
720
714
717
726
712
720
727
723
722
724
724
720
726
729
725
723
716
715
713
711
717
709
712
708
712
706
711
721
712
719
730
727
734
750
744
749
758
761
764
750
761
741
744
743
727
738
733
733
721
724
737
727
726
741
737
718
735
733
722
722
727
716
711
734
718
729
735
726
730
733
731
744
738
739
738
737
737
732
742
738
739
742
739
739
736
732
737
724
731
737
732
742
751
741
745
752
748
747
762
749
755
752
750
745
744
740
747
742
755
768
764
768
763
773
757
758
772
760
758
756
747
756
747
742
737
746
734
742
746
737
741
733
734
739
720
717
712
708
713
707
705
720
733
736
750
748
750
771
755
767
761
789
782
802
832
807
831
832
800
791
782
771
749
750
742
739
727
717
716
716
721
719
713
729
726
732
726
734
724
734
728
728
731
734
728
730
729
724
731
732
734
741
744
743
756
741
753
749
741
750
754
736
745
746
735
729
747
738
738
753
749
740
747
742
747
733
739
736
734
733
729
730
728
715
729
725
722
731
738
736
743
738
732
749
736
738
734
738
740
727
725
722
710
717
704
719
716
717
732
733
729
731
744
732
732
729
729
736
730
731
728
725
708
735
733
743
736
741
745
737
737
746
731
734
737
734
735
733
733
722
728
715
717
718
713
710
721
710
709
721
700
705
708
701
713
720
717
727
720
718
729
716
719
719
738
749
732
743
727
737
755
750
769
778
773
794
805
824
809
792
784
790
808
811
831
832
813
789
792
820
803
822
830
820
832
853
855
843
869
883
854
882
895
870
887
879
879
886
850
875
887
864
882
871
834
866
854
870
874
876
915
877
904
885
869
886
894
878
902
904
915
926
905
928
954
917
947
961
935
935
947
973
933
985
944
993
972
936
959
938
961
970
928
977
945
938
905
914
919
922
927
973
960
1004
990
972
970
984
1014
1035
1000
1014
996
993
986
1000
953
980
993
971
1011
1026
1018
1011
1025
1000
1016
1018
1015
998
1016
973
945
998
991
986
1026
1044
1029
1017
1018
1038
1061
1037
996
1021
1005
1012
1029
1009
1014
1019
1022
1038
1009
987
1010
983
969
954
939
940
917
901
906
891
854
872
881
945
910
946
1018
982
1042
978
1031
1032
1024
982
1010
974
999
996
997
1009
960
940
957
992
996
1023
962
1032
1000
1042
1047
987
965
940
951
1000
1020
985
1058
1070
1070
1030
1039
1067
1068
1063
1062
1030
1043
1086
1035
1052
1073
1024
999
1056
1061
1066
1055
1007
1036
1014
971
947
983
1012
951
928
959
1015
1025
640
1168
1037
1052
1061
1058
1043
1019
1046
1053
1050
1058
1055
1047
1051
1047
1034
1051
1059
1004
1012
1051
1056
1047
983
1027
1012
1014
1004
1000
980
956
970
942
958
965
958
991
959
979
1005
994
973
997
1023
1020
1008
1003
1051
1009
1014
1050
1025
1056
1034
1068
1052
1000
987
1005
1023
985
1013
1031
1003
1021
1035
1006
1034
1043
1046
1046
1039
1022
1033
988
1017
994
1006
1001
992
1000
1002
984
1001
975
957
959
979
938
958
984
969
971
967
991
949
948
954
982
989
969
1000
1033
1006
1020
1023
996
1037
1034
1001
1023
998
1021
1025
983
1021
983
947
977
1004
1011
992
1014
1032
1025
1004
1022
1015
1013
989
1013
1043
1045
1068
1080