813
850
839
819
852
841
817
850
837
816
845
826
796
827
817
800
828
821
795
820
822
797
819
828
802
823
831
812
830
830
806
823
822
800
824
831
804
834
834
814
835
1068
892
890
843
827
829
770
827
819
790
787
833
817
764
805
945
845
866
875
830
842
766
737
757
882
846
798
777
825
854
821
812
860
840
806
877
827
828
816
785
809
1030
878
842
820
835
813
759
790
793
790
761
863
795
807
814
797
803
820
818
790
809
813
809
782
792
809
791
777
782
784
757
888
779
802
790
784
828
812
797
814
798
829
829
810
798
841
789
829
836
843
807
825
835
820
804
837
804
841
812
846
849
836
799
848
1051
895
860
846
848
832
823
784
816
852
825
824
792
783
797
808
774
798
816
783
822
829
794
843
845
812
854
844
811
843
861
850
825
835
831
804
835
815
828
815
814
852
850
834
852
835
838
860
870
865
844
868
870
855
868
876
868
880
888
873
859
880
873
861
883
877
857
864
885
867
870
895
886
874
903
891
872
893
846
835
866
843
823
1036
883
860
875
871
871
883
842
896
876
855
880
874
855
890
882
865
884
879
854
872
858
832
864
867
834
872
888
842
875
883
844
868
889
845
867
890
857
890
907
873
882
886
856
840
874
867
833
883
854
881
889
883
864
887
873
845
886
886
838
885
865
833
852
845
826
842
853
834
845
851
838
835
852
845
818
824
828
808
820
824
810
806
854
853
841
878
878
847
883
873
849
880
877
841
872
864
843
845
858
818
819
843
836
813
852
855
833
868
863
850
846
859
854
844
865
870
858
869
871
852
868
871
847
851
870
863
846
859
863
847
846
858
844
832
850
833
813
817
814
803
812
824
819
826
837
824
829
856
852
842
861
861
858
852
867
856
845
864
859
848
853
858
844
856
870
863
860
876
878
869
880
882
863
881
867
850
869
860
853
860
858
845
855
855
842
858
859
848
854
865
854
850
862
850
833
852
858
830
825
820
796
792
805
803
756
774
779
724
742
724
702
710
695
681
687
680
662
668
661
649
662
644
625
633
623
615
621
617
608
604
608
599
603
598
596
599
597
594
598
594
588
595
595
588
598
592
592
596
589
585
592
588
586
583
587
588
580
585
587
583
582
590
588
586
592
590
592
590
594
599
592
601
601
595
605
603
599
600
604
598
602
606
597
594
599
594
589
596
591
589
593
591
592
586
592
593
584
589
585
577
582
581
577
576
581
576
576
581
579
579
583
585
579
584
586
583
585
589
584
585
590
588
581
588
587
576
580
581
572
572
577
569
566
573
567
561
570
563
557
565
563
556
554
562
558
552
560
558
551
556
560
552
547
556
565
555
550
561
563
556
553
558
559
556
553
558
557
551
547
558
549
544
547
554
546
538
549
550
543
544
545
550
547
549
549
545
547
554
547
543
542
548
542
537
548
543
535
539
543
543
536
540
541
538
541
540
536
540
546
541
536
543
546
543
546
545
542
547
550
543
543
550
549
543
549
548
543
550
549
542
544
549
552
550
546
559
554
549
545
555
552
547
546
552
549
542
541
549
549
551
539
545
548
540
544
544
540
546
543
543
539
547
548
538
543
544
539
536
536
535
532
538
537
530
536
540
534
535
535
532
534
533
529
526
536
532
525
530
529
529
526
533
528
527
529
537
529
524
533
529
525
530
528
522
520
529
527
521
524
523
523
523
524
521
519
527
528
521
521
522
523
521
529
522
519
524
528
523
525
524
521
523
529
524
521
526
528
525
533
530
524
527
534
529
527
530
528
527
534
532
523
534
535
531
534
533
532
530
534
535
528
529
536
530
529
530
530
523
529
530
525
526
527
529
527
531
534
530
532
535
534
530
535
533
526
534
537
529
531
532
531
532
535
529
530
538
533
533
536
533
530
540
539
530
541
540
534
541
539
533
544
542
535
539
543
537
540
540
531
537
542
538
534
537
535
534
537
533
526
535
533
526
530
529
525
531
534
526
524
533
532
529
530
528
526
531
534
527
525
530
530
526
528
525
524
528
527
523
524
521
521
521
529
526
521
528
525
525
527
532
527
526
528
532
533
533
529
525
532
534
535
523
528
525
524
515
509
551
527
522
537
535
528
534
534
526
532
537
529
524
531
532
528
529
533
532
528
537
535
531
529
535
537
534
535
534
527
534
536
525
532
521
528
529
526
535
532
527
533
538
531
536
534
531
538
536
532
536
531
531
532
533
527
524
533
531
524
525
523
521
526
529
522
521
523
522
525
534
534
528
535
534
532
540
537
533
534
534
533
535
540
534
538
539
533
533
540
538
531
536
538
532
538
536
532
533
539
531
534
534
530
530
536
532
528
534
526
527
531
525
521
526
526
527
531
533
528
527
534
537
532
535
535
528
537
534
534
535
533
529
530
537
535
526
535
533
534
534
538
535
535
534
532
539
538
531
538
540
535
534
536
535
531
541
538
529
529
534
538
532
535
539
530
532
537
540
533
539
538
532
533
536
538
535
541
538
536
544
543
530
541
546
539
540
548
551
542
553
555
556
551
555
561
561
562
581
576
546
573
569
563
567
567
572
569
571
575
584
580
584
590
600
592
597
611
612
604
612
624
623
616
628
641
628
629
640
629
622
642
633
635
623
637
650
637
631
643
643
643
642
637
651
656
640
644
661
657
650
667
677
662
668
688
680
675
688
693
674
682
696
680
686
693
674
678
692
677
686
699
686
699
709
687
691
711
697
704
720
710
708
725
708
703
727
722
708
723
725
708
722
725
707
719
724
699
704
716
697
717
727
716
728
729
705
722
717
699
701
722
713
711
726
716
725
750
739
735
759
750
743
763
756
743
760
745
743
756
769
754
759
761
749
754
765
754
760
755
742
754
762
743
757
765
731
743
758
749
760
772
771
771
779
758
762
754
733
747
760
744
740
763
767
743
748
738
741
746
728
734
749
748
752
731
748
738
743
756
748
739
760
764
949
778
779
778
767
761
733
734
746
754
750
755
729
741
750
741
759
756
765
748
756
789
735
741
769
770
791
769
746
761
765
770
751
771
739
724
721
726
723
727
771
822
757
747
745
765
767
778
759
774
778
774
759
755
769
752
755
761
743
768
764
751
788
791
771
791
721
736
735
710
701
692
711
692
721
729
715
749
727
731
751
730
731
779
758
749
771
768
757
769
771
767
760
792
764
815
777
771
794
771
797
803
776
775
806
829
821
770
776
777
791
766
772
778
793
776
772
795
788
771
798
808
773
802
808
774
795
814
788
812
830
795
803
824
791
799
837
829
799
810
847
824
811
854
850
809
866
848
814
817
802
825
824
807
844
839
811
846
834
808
821
839
824
812
834
809
814
844
820
816
850
833
825
853
831
826
862
839
818
838
840
816
845
826
799
791
814
829
843
840
805
823
824
826
803
786
802
819
814
791
829
827
816
802
796
808
807
790
800
808
793
803
804
802
811
807
810
808
820
819
806
842
836
817
851
866
850
854
880
860
848
874
848
839
853
817
828
825
797
816
821
782
834
830
804
813
841
813
837
847
827
881
883
845
865
861
841
859
860
842
864
873
847
862
878
854
864
862
825
837
843
797
817
851
824
819
854
846
817
865
857
816
847
857
838
842
865
838
831
854
845
820
849
847
819
843
831
805
830
811
793
825
837
812
821
851
842
811
855
850
834
862
855
823
854
861
843
846
868
846
850
843
821
831
835
813
822
836
818
826
833
825
821
826
814
789
820
829
810
835
832
793
776
791
817
851
832
829
840
814
821
822
801
823
812
794
805
796
789
794
799
788
813
813
806
776
791
793
788
785
777
782
789
771
774
793
799
795
782
797
804
790
801
820
804
803
824
837
814
814
827
809
812
821
826
809
814
826
818
808
819
812
807
818
813
808
810
803
802
810
788
786
805
808
786
798
797
788
778
804
801
785
795
811
794
815
839
813
828
839
813
845
828
784
825
823
814
802
831
814
790
813
809
789
817
823
808
840
837
837
816
827
799
800
816
801
801
826
800
824