918
930
749
1080
936
922
920
914
898
895
883
877
741
1003
901
914
721
997
923
914
895
900
882
934
920
908
889
902
895
773
998
920
909
903
800
1008
911
935
906
909
768
1040
946
941
753
1049
946
933
934
732
1056
949
928
924
926
793
1053
939
944
947
811
1050
948
945
932
735
1031
954
931
925
769
1045
926
936
741
1067
958
934
927
925
740
1061
955
943
933
772
1032
938
927
736
1080
943
933
930
923
909
778
1009
931
929
930
770
983
922
922
914
741
1041
934
930
923
742
1050
943
934
923
737
1072
935
927
926
919
729
1041
925
935
913
922
738
1002
945
918
922
790
1001
941
939
929
765
1023
959
943
949
769
1054
910
919
911
721
1050
922
924
925
740
1044
929
918
933
742
1053
929
920
917
746
1054
931
939
929
782
1069
944
943
948
769
1075
952
949
955
775
1107
962
959
951
950
743
1030
953
925
912
752
978
929
916
727
1034
916
921
917
731
1021
948
953
936
802
1055
930
943
920
731
1035
941
919
918
753
1002
941
923
716
1056
941
922
922
731
1057
941
916
919
730
1048
939
912
927
729
1046
949
924
926
759
1042
938
915
920
787
1025
920
924
931
922
937
935
717
1065
972
947
720
1049
975
938
928
808
1032
941
745
1040
945
924
930
718
1019
950
928
727
1044
963
931
931
755
1014
946
924
723
1055
953
918
927
739
1067
968
950
710
1072
970
940
718
1049
971
943
940
724
1058
981
955
943
938
753
1040
956
944
730
1032
960
944
934
743
1021
929
940
924
826
977
940
928
747
1002
954
934
817
1045
946
941
940
803
1061
954
938
936
748
1044
951
893
904
805
982
922
767
1006
945
923
733
1044
909
919
908
784
1026
923
918
921
759
1045
938
906
907
756
1008
905
897
907
905
907
902
905
901
899
898
718
998
912
938
747
1050
957
925
739
1060
954
920
925
828
1006
912
928
719
1022
917
874
968
919
743
977
939
908
687
916
825
816
811
747
884
843
755
901
856
682
938
846
842
696
887
798
771
769
763
659
724
699
694
688
691
694
714
708
712
649
747
714
659
740
721
652
797
735
621
787
729
621
752
712
634
731
692
646
720
691
679
698
695
667
707
693
655
722
689
665
721
690
644
724
689
673
692
689
669
689
678
676
686
621
706
669
672
664
664
657
662
658
646
651
651
646
642
644
596
690
656
664
665
662
649
652
631
679
651
657
653
606
687
654
646
646
648
652
646
620
649
643
633
645
601
668
647
634
633
598
671
645
636
637
613
659
633
629
631
629
626
624
619
618
629
620
614
625
625
579
646
618
614
617
575
638
614
615
610
604
613
611
599
619
618
613
603
599
622
617
621
633
634
617
587
658
621
618
615
614
617
609
613
608
614
589
612
606
604
600
592
600
604
591
621
613
604
603
593
607
600
597
598
600
608
599
600
612
613
604
595
591
607
603
592
599
598
599
599
600
605
605
602
578
622
610
602
609
605
606
599
598
604
599
608
600
593
604
601
599
594
596
597
598
595
593
594
610
596
598
603
599
597
596
608
607
604
594
597
601
616
599
600
599
607
594
611
604
605
597
589
583
586
580
584
585
595
583
588
590
593
597
587
587
586
599
596
582
585
599
603
596
595
589
600
591
589
591
590
605
601
611
604
589
611
588
595
591
587
597
596
599
600
594
597
597
588
604
594
610
602
604
609
573
615
605
605
601
596
601
604
606
596
572
623
604
591
593
593
598
594
588
586
594
599
590
591
600
603
599
597
587
598
597
583
572
604
602
607
592
586
617
608
595
587
593
594
599
596
585
584
587
595
600
589
581
576
580
588
593
599
604
590
588
589
588
583
574
595
596
590
585
584
585
587
580
581
589
585
584
581
591
591
584
582
579
584
588
585
577
569
576
589
576
572
575
573
577
582
574
578
574
585
577
576
576
581
585
577
576
579
580
593
581
586
592
586
577
581
580
594
594
585
582
579
590
580
574
591
583
595
582
585
584
595
591
582
583
596
602
597
583
598
602
604
592
590
591
592
603
588
587
592
596
601
591
598
600
604
572
607
597
596
583
586
584
585
588
579
575
577
585
580
576
582
592
597
581
582
580
583
595
577
585
584
593
597
597
582
589
585
596
579
586
585
591
585
580
579
588
593
588
590
584
587
596
572
597
587
582
587
572
583
582
591
582
564
596
585
587
581
580
587
594
584
583
583
584
596
577
582
582
581
585
564
588
588
586
576
579
579
585
598
584
589
585
593
575
592
591
584
597
581
585
584
588
586
581
581
583
583
577
546
601
580
579
581
574
577
578
587
596
581
586
590
599
596
587
587
605
609
614
611
617
608
608
610
604
604
606
615
602
615
619
631
631
633
621
605
626
624
623
644
628
639
648
624
659
646
646
646
633
630
636
634
626
621
613
602
607
604
612
610
615
619
619
619
620
619
629
626
627
634
625
621
626
630
596
673
656
660
646
657
674
681
668
682
681
694
687
646
737
680
633
782
676
719
699
723
701
670
740
684
660
869
791
771
700
764
739
701
759
748
750
652
779
748
747
750
749
757
675
838
774
769
688
842
783
778
771
781
776
771
773
782
793
784
696
850
801
656
850
804
788
665
862
805
812
680
813
756
761
744
735
662
798
751
636
782
753
628
770
752
758
649
832
802
784
662
822
777
809
786
701
841
789
793
680
875
806
663
903
813
815
808
737
859
818
813
687
885
811
804
730
867
824
814
810
691
898
823
826
677
877
860
827
687
950
856
869
695
977
871
841
841
837
701
949
865
859
849
842
826
757
868
827
828
779
688
919
835
672
917
850
828
814
724
907
824
819
813
681
900
831
820
811
811
837
831
822
701
916
842
824
834
704
927
843
843
848
720
938
846
851
701
939
837
837
697
902
845
841
838
740
900
823
831
718
902
838
670
914
860
845
696
927
852
850
839
743
914
848
834
830
692
907
842
828
832
723
895
834
808
821
773
863
835
832
831
681
900
830
813
804
663
854
802
784
699
826
779
657
837
824
711
946
900
856
681
969
886
869
675
933
887
863
845
745
938
853
849
680
893
853
833
732
912
840
662
973
876
866
854
853
732
929
854
846
719
950
854
854
851
844
732
922
851
828
713
929
868
666
918
872
870
838
719
903
867
847
685
900
860
854
683
918
855
841
683
948
856
850
685
927
860
848
752
923
854
865
689
960
865
848
684
917
863
849
705
935
847
830
847
760
910
853
710
941
875
858
684
941
883
859
684
959
854
854
863
745
952
856
859
875
847
895
861
854
864
798
877
850
699
911
850
854
747
895
853
859
742
929
865
687
937
888
889
699
934
885
876
716
938
867
820
692
961
882
866
796
905
865
854
710
955
847
847
854
775
893
840
677
963
868
863
688
937
857
855
679
917
860
850
763
896
855
678
971
872
848
845