838
868
857
829
857
861
834
863
885
837
854
874
887
854
853
880
840
811
842
843
847
813
813
845
844
818
825
864
879
846
852
874
885
856
858
898
895
853
863
891
871
840
860
893
915
868
869
909
907
874
861
887
909
892
860
889
913
897
859
877
907
890
865
884
913
932
896
891
922
950
901
880
911
932
880
869
896
915
886
863
883
906
875
864
911
916
878
900
924
887
859
890
891
859
887
894
875
868
892
896
866
858
890
900
878
891
924
932
909
888
917
912
920
876
869
895
898
867
851
870
896
912
887
861
886
899
902
869
879
905
918
884
860
897
912
891
870
896
917
883
868
899
895
871
872
903
908
874
860
892
890
860
848
874
890
904
885
872
908
913
911
880
899
926
913
875
862
885
896
866
856
892
897
886
860
880
891
893
873
890
909
875
861
886
898
907
902
868
857
891
893
877
861
904
913
884
888
910
904
871
894
898
873
851
875
893
879
860
896
894
885
868
882
888
875
854
876
891
896
879
901
905
896
870
850
857
862
848
819
840
868
882
853
853
894
897
881
870
896
903
869
876
894
883
861
871
891
897
875
867
894
906
866
886
893
857
871
892
873
854
883
905
871
860
905
909
877
863
897
910
875
862
883
888
884
863
896
908
876
868
888
903
875
858
888
894
873
860
883
901
883
868
885
904
887
867
903
909
879
869
895
898
872
870
895
879
869
870
894
905
885
844
877
901
896
862
854
888
898
880
873
884
899
902
867
861
874
889
862
857
892
905
897
873
894
901
891
865
859
881
878
851
840
874
888
879
868
876
904
911
879
872
887
892
888
868
856
885
890
902
874
849
873
894
866
847
869
768
1009
854
835
852
871
852
826
859
896
890
903
877
877
911
906
881
907
900
871
897
911
881
868
884
890
866
884
900
872
863
898
904
886
872
893
902
882
878
913
917
886
899
917
914
893
863
788
778
774
786
780
754
747
732
729
730
745
736
739
721
743
723
699
703
718
722
702
707
735
765
765
717
694
715
720
697
701
715
699
689
688
708
699
680
691
679
678
685
698
691
668
686
699
695
677
683
687
680
661
675
669
657
653
663
672
668
660
666
683
688
681
666
668
686
689
686
666
670
691
696
682
672
666
653
654
660
705
726
705
698
688
688
666
661
659
635
631
493
806
634
631
666
678
683
674
650
660
683
677
652
640
633
631
616
627
635
648
640
633
631
637
638
625
626
634
633
649
659
650
659
671
667
655
652
648
636
636
635
628
626
642
645
641
649
655
643
645
654
666
662
670
688
675
669
664
673
671
673
671
668
664
645
641
633
628
619
619
628
640
642
631
687
687
679
678
677
675
673
658
652
652
640
630
647
646
635
646
688
668
673
659
659
660
655
653
664
661
662
651
654
656
661
1273
656
661
646
634
652
687
694
686
668
662
667
682
701
720
734
736
711
700
710
723
735
721
704
707
729
758
774
785
766
729
716
720
730
747
777
760
725
718
720
747
772
768
736
729
741
767
780
745
736
753
788
810
763
766
818
811
781
775
801
844
813
787
776
784
818
824
809
783
798
816
802
789
824
834
807
808
840
824
808
838
847
813
843
845
816
811
839
843
856
835
815
826
836
865
873
845
811
833
836
813
811
844
857
820
838
861
843
843
865
871
836
825
850
865
829
811
835
842
826
816
842
851
815
824
848
844
819
840
863
851
825
830
855
877
846
834
850
875
859
848
869
883
871
839
849
868
845
833
857
868
868
835
857
871
876
856
838
859
871
858
819
834
879
876
826
864
890
853
841
896
898
883
847
899
896
867
841
871
882
886
887
831
809
786
767
874
925
921
916
896
851
883
892
883
848
854
872
883
851
866
894
896
873
876
889
899
854
855
873
897
868
853
886
907
862
852
884
901
854
848
875
881
881
854
859
879
890
858
850
885
904
869
856
884
891
896
857
854
858
854
833
837
855
876
886
862
884
902
899
878
876
899
898
896
870
861
869
884
892
865
851
886
905
911
877
870
890
867
860
843
832
824
869
880
862
848
851
873
884
886
852
838
878
882
883
855
836
849
878
869
849
816
828
876
896
837
855
921
896
867
856
862
867
843
801
799
843
861
875
832
824
864
888
895
842
828
862
896
901
847
830
873
886
854
826
882
885
876
855
860
863
857
829
810
846
869
848
836
841
893
877
877
863
869
874
875
859
840
852
854
873
856
861
894
904
876
883
905
896
868
885
892
874
851
859
865
851
832
862
864
843
837
862
871
864
853
877
886
866
844
849
867
877
843
837
856
870
864
842
825
843
866
876
859
837
858
865
846
833
840
860
861
841
860
877
874
861
869
876
871
853
855
873