1018
1020
1017
1033
1021
1019
1027
1039
1016
1013
1031
1008
1001
1027
1006
1001
973
974
979
960
968
998
999
993
1021
1022
986
1006
1010
1002
982
1007
1026
1005
1006
1022
1007
979
995
1007
976
986
984
973
939
959
971
877
877
901
840
812
790
803
851
872
863
866
906
953
991
1083
1049
1024
1021
1022
1013
1005
1019
1009
1017
1016
1017
1022
1031
1012
1033
1028
1031
1044
1073
1056
1047
1002
980
1023
1117
1063
1063
1078
1041
1035
1049
1074
1055
1047
1031
1027
1030
1026
1009
1021
1025
1023
1003
1014
1023
1031
1002
1005
1013
1000
1002
1036
1022
983
968
933
894
882
904
951
951
1069
1095
1082
1057
1063
1043
1027
1081
940
1110
1062
1035
1035
1036
997
1009
1018
994
1004
1009
1021
1010
1002
976
1002
949
1030
1125
1130
1089
1058
1067
1059
1057
1071
1064
1047
1040
1036
1045
1020
1036
1036
1038
1036
1026
1016
1018
1029
1031
1035
1021
999
1025
1031
1010
987
1000
1010
971
982
995
971
960
988
997
980
1000
1016
1013
1019
1040
1044
1041
1053
1074
1057
1063
1049
1038
1009
1003
994
970
1002
1135
1068
1059
1043
1044
1053
1045
1041
1053
1038
1050
1044
968
944
1000
1004
999
1018
1031
1015
1014
1027
1029
1014
1015
1032
1015
1021
1027
1024
1033
1035
1035
1010
1010
1021
1025
1020
1017
999
1017
1021
1021
999
1000
1006
1012
979
916
832
866
981
950
909
1025
1009
989
973
998
1012
977
972
992
1012
1007
987
1015
1010
991
1000
1031
1021
1007
1025
1052
1017
1024
1029
1039
1031
1034
1039
1047
1014
1023
1030
1036
1001
1029
983
970
959
946
947
945
915
867
866
1059
1050
1068
1040
1033
1007
1008
1017
1010
985
992
1032
1011
1003
1002
977
1002
1021
948
938
1053
1096
1040
1051
1058
1054
1030
979
1004
1011
1021
1021
1021
1013
1035
1034
1031
1019
1053
1058
1076
1066
1080
1080
1095
1084
1059
1058
1050
1021
1031
1030
1012
991
993
1005
994
989
967
963
942
826
796
807
838
802
779
770
765
757
747
763
764
762
777
762
758
752
749
746
731
726
731
723
690
685
677
672
673
676
682
670
668
680
671
668
664
666
662
664
663
666
667
663
660
670
679
670
670
670
655
653
645
641
657
652
646
649
655
656
649
649
654
652
652
650
651
651
639
631
638
636
631
628
628
634
631
628
629
636
631
630
630
635
631
626
624
635
626
624
629
631
641
627
623
620
622
619
613
613
619
620
623
619
624
623
624
621
618
632
642
626
627
625
633
628
613
610
614
635
620
613
622
626
616
620
624
632
624
619
623
638
615
611
612
623
607
609
613
612
611
607
609
617
612
614
624
641
623
616
617
619
624
610
609
617
617
612
607
613
620
611
614
614
621
606
608
611
612
616
603
606
622
610
604
618
621
610
612
619
633
626
626
637
636
622
634
638
625
617
632
623
615
616
616
612
609
609
623
605
604
611
617
609
607
616
614
608
603
610
617
604
603
608
610
604
603
607
611
606
610
623
634
622
620
615
619
625
610
605
608
612
601
602
603
619
614
610
615
621
632
623
615
620
621
606
607
614
621
612
604
618
615
611
616
630
611
615
626
626
616
617
622
617
624
643
625
624
642
640
623
613
623
627
612
617
631
625
621
618
628
621
617
620
636
621
615
623
623
614
619
620
619
622
623
632
648
631
632
634
635
625
613
613
624
619
609
613
616
616
607
600
604
611
605
604
615
619
612
610
614
611
600
599
612
616
609
612
618
623
618
624
645
627
627
644
646
631
628
630
637
629
622
630
630
621
615
623
627
618
621
632
627
625
629
646
637
638
638
649
647
636
637
641
633
627
631
644
623
617
628
642
643
627
625
631
628
610
614
617
615
620
619
610
614
624
613
614
632
619
617
623
626
614
611
614
623
621
613
608
619
623
617
612
617
625
617
620
628
651
627
633
641
632
619
618
615
615
607
603
611
620
619
616
621
634
630
621
644
644
634
624
629
649
627
616
627
628
613
607
620
628
624
614
623
638
632
627
636
645
631
628
632
637
630
627
646
645
633
618
624
628
643
620
620
628
624
618
617
616
649
651
649
624
634
632
619
612
629
648
630
637
650
652
647
650
661
641
650
671
663
672
669
681
688
642
651
670
695
671
700
697
724
709
688
687
676
712
726
704
748
699
714
717
710
729
740
720
768
798
801
769
820
853
793
830
827
765
814
879
803
830
859
810
764
823
865
788
786
824
813
788
884
847
790
782
821
909
805
722
696
688
684
726
769
772
871
897
829
849
884
790
912
867
845
920
906
897
911
917
953
979
964
976
980
975
978
954
958
955
942
984
1007
1000
988
988
985
966
966
954
954
958
903
983
947
944
891
861
871
852
864
805
951
914
952
919
907
1006
978
978
979
963
963
964
968
975
896
904
825
796
766
903
884
911
885
899
891
899
873
871
886
845
871
831
818
779
807
818
795
772
819
830
793
796
790
771
767
808
933
894
881
896
906
899
846
799
870
853
874
834
823
812
754
752
726
711
753
798
926
905
835
835
863
865
868
846
876
849
798
803
814
783
813
855
807
824
814
802
803
834
850
866
897
900
835
947
881
914
863
877
898
896
912
901
850
857
882
896
881
839
862
828
818
802
790
792
799
835
878
896
858
863
886
878
867
863
873
882
886
905
834
847
841
804
799
823
932
933
950
962
972
983
979
973
966
961
897
927
952
939
937
923
927
917
877
842
811
890
907
899
894
861
891
856
838
871
866
873
826
782
778
788
781
760
764
854
866
880
919
911
888
905
874
808
803
857
880
905
849
826
831
851
865
849
842
835
868
879
846
884
886
879
924
911
942
930
902
880
919
961
929
957
992
975
964
936
960
983
941
960
979
972
979
979
988
954
967
940
935
936
975
959
970
971
958
966
961
937
956
964
932
910
942
983
923
939
904
879
904
881
903
909
914
875
850
875
886
885
883
872
864
837
813
814
775
767
792
857
827
827
853
828
807
826
811
826
850
899
903
884
834
813
840
844
860
894
855
839
863
867
816
852
899
874
869
878
903
928
914
869
878
840
849
830
850
863
894
888
860
896
869