807
808
803
817
826
832
821
833
841
835
848
873
863
851
813
796
810
1067
1014
969
944
919
892
869
846
793
805
803
819
821
829
858
873
859
852
831
820
821
807
807
810
813
551
1022
867
811
795
791
791
797
803
804
822
836
844
851
865
859
869
855
851
853
855
856
838
843
844
854
833
809
814
801
808
811
816
832
835
841
835
823
813
742
891
805
804
812
808
796
803
805
654
977
810
788
786
791
810
818
815
802
801
802
798
792
790
792
800
806
787
789
790
795
808
811
805
794
790
800
799
796
808
806
809
788
794
793
800
794
786
794
781
764
743
745
760
779
793
819
831
851
840
854
843
830
817
812
806
801
807
813
816
809
815
832
861
886
866
852
845
836
822
829
843
828
803
799
805
795
792
794
781
781
799
810
819
845
875
888
880
871
863
849
842
817
829
837
837
821
818
838
847
840
849
872
854
840
824
808
799
800
794
794
801
792
790
787
785
810
813
827
829
813
813
812
813
789
793
797
806
806
814
829
824
837
852
853
854
847
836
823
812
807
807
785
781
805
834
879
864
854
881
857
833
860
1122
1022
979
973
962
946
930
875
835
858
879
902
927
940
976
953
938
912
877
862
874
856
838
830
830
841
838
840
848
854
854
849
850
854
839
831
818
824
824
833
840
830
817
820
813
811
831
846
851
851
851
851
854
865
842
816
793
775
763
771
771
787
805
819
820
823
841
815
815
827
833
842
839
819
800
806
810
804
808
820
818
823
819
821
823
833
822
816
819
809
803
794
792
789
789
785
792
794
797
796
800
777
777
766
771
777
816
855
889
879
895
894
875
838
819
790
780
775
772
771
768
766
775
807
809
785
773
761
758
761
789
794
810
820
813
815
825
819
826
833
834
840
838
834
838
844
831
825
824
810
822
810
804
804
809
813
821
827
831
853
846
859
851
849
824
825
816
820
816
824
830
824
834
850
852
852
845
842
839
831
835
838
839
854
856
822
802
780
748
748
736
732
729
724
717
719
702
715
714
713
709
714
721
713
711
726
725
728
721
716
717
711
706
701
700
698
688
690
689
689
699
694
690
688
694
688
689
694
694
689
696
697
706
703
694
690
692
694
681
658
654
638
643
645
634
651
653
648
662
665
651
666
676
661
668
671
653
659
651
641
643
644
640
639
630
639
636
626
631
629
623
619
614
620
619
614
631
630
630
626
631
632
624
625
627
618
615
619
615
618
619
619
609
612
619
615
613
606
608
605
601
593
590
592
581
580
581
571
574
576
566
568
573
566
567
568
572
573
576
573
558
570
574
577
563
568
574
575
563
567
571
557
561
563
558
558
562
549
553
560
546
554
553
543
553
552
545
549
554
550
552
550
545
548
549
544
546
541
538
547
550
540
544
542
540
542
538
538
539
537
537
540
539
539
544
533
534
540
535
542
1092
554
555
556
545
571
565
564
564
559
568
1118
565
559
556
554
568
568
574
1133
570
563
568
565
562
561
557
547
556
559
557
546
550
550
542
543
545
547
550
558
564
552
573
572
576
573
559
564
1120
566
557
561
546
551
557
549
553
554
555
562
555
555
551
552
548
549
545
549
542
554
563
557
567
575
570
579
593
595
587
599
581
566
586
563
588
591
584
596
580
583
592
449
724
629
605
608
604
595
598
600
598
601
608
620
621
627
624
626
630
621
621
623
607
604
606
612
600
608
620
612
619
622
615
611
613
619
609
609
608
602
604
600
600
595
587
587
589
602
601
605
610
624
630
631
649
649
658
656
673
661
665
678
684
683
689
697
689
688
693
681
677
673
670
662
659
755
760
726
713
721
730
727
733
739
724
719
713
718
717
714
713
708
688
686
689
690
698
710
743
737
734
747
750
738
729
732
725
723
729
734
734
737
747
744
735
730
737
728
717
715
704
700
696
687
681
685
692
694
697
708
703
705
706
722
726
711
697
696
700
712
711
719
730
730
730
733
748
748
747
751
760
749
749
771
783
780
787
800
795
801
832
815
815
812
784
775
781
778
767
765
745
741
736
757
777
772
764
754
741
755
782
775
777
782
789
807
820
802
771
764
745
738
741
750
772
812
786
781
771
764
772
745
742
741
745
755
765
755
762
776
774
766
772
784
777
772
775
781
765
771
771
767
756
760
777
761
746
734
721
707
699
699
708
721
753
768
771
761
763
781
771
772
765
760
740
728
715
712
716
725
737
739
745
752
756
759
765
778
773
766
766
777
762
765
780
782
762
761
778
786
771
771
770
779
763
766
767
760
755
748
755
771
773
754
743
725
714
701
692
689
694
700
709
717
734
739
743
739
744
739
738
734
730
729
734
730
732
723
725
727
730
734
737
730
732
739
743
747
745
737
738
736
740
732
733
734
729
730
735
734
723
728
721
716
711
714
712
710
698
706
706
703
707
713
722
734
731
740
734
741
732
736
743
739
733
740
737
739
735
730
731
734
732
725
719
715
716
710
704
704
706
708
711
718
721
722
722
728
724
714
703
701
697
690
693
699
710
719
732
744
751
750
747
750
754
751
747
733
730
731
730
731
732
737
747
741
739
741
748
748
760
743
750
756
758
767
753
759
765
771
765
767
767
772
767
760
758
765
757
752
747
749
744
731
719
712
720
728
740
739
747
755
764
760
754
752
760
751
756
761
765
762
768
771
757