1087
1061
1104
1036
1047
1067
1057
1029
1043
1004
1017
1033
1002
1042
1029
1054
1039
979
1013
1018
971
1001
982
1017
1023
1035
990
1020
1036
1000
956
993
962
973
998
1008
965
1025
1012
967
1018
1005
990
1024
1032
978
1014
1014
1016
1007
1040
1057
1053
1063
1080
1094
1069
1070
1057
1066
1077
1101
1034
1090
1112
1052
1870
1087
984
949
984
987
1046
1005
969
938
773
950
885
901
937
953
964
955
1021
1014
1027
998
958
985
1077
1061
1040
1055
1044
984
1000
987
1021
999
1022
979
748
938
927
934
953
962
934
964
978
961
979
1000
979
1004
994
1023
1012
1009
984
994
1022
1067
1015
1021
1023
1048
965
790
800
779
863
784
849
842
845
806
807
877
908
935
938
916
945
960
938
936
960
948
926
942
952
951
925
984
961
1003
1003
1028
1041
984
988
986
982
951
942
978
959
962
995
979
977
971
1006
1000
984
1025
987
1010
1013
999
1033
983
1012
998
1032
1049
1039
1062
1082
1091
1083
1096
1067
1028
1051
1061
1018
1046
1044
1016
974
958
999
989
1035
1813
1104
987
946
956
964
958
922
949
987
997
996
982
971
912
933
921
911
911
894
869
877
871
855
821
858
930
1004
1017
1057
1054
1065
1089
1114
1064
1072
1034
1056
1081
1047
1072
1065
1066
1057
1065
1029
1051
1033
1051
1051
1038
1897
1079
987
930
866
893
938
934
1023
1033
1082
1042
1064
1696
1108
950
901
890
926
917
881
895
919
888
910
911
931
915
962
1001
1036
1026
988
956
955
978
970
906
884
915
958
1024
999
1036
1061
1073
1106
1112
1117
1104
1079
1910
1104
965
986
999
998
1042
1124
1064
991
998
1022
1042
1064
1074
1119
1097
1102
1099
1060
1062
1104
1026
1831
1127
984
988
987
1034
1407
1211
1062
1028
1038
1564
1182
1006
984
1020
971
1423
1157
941
903
973
1084
1187
1160
1131
1163
1140
1102
1059
1045
1041
1052
1055
1979
1078
1024
1031
999
948
1117
1217
1318
1255
1052
952
834
839
830
822
846
842
882
900
887
860
830
805
809
813
826
836
836
868
859
839
817
812
767
754
769
761
749
748
753
773
756
744
717
723
707
704
688
688
683
674
677
680
674
677
681
675
666
673
685
672
675
690
675
679
678
674
661
660
667
663
657
658
663
655
650
651
654
647
646
661
647
643
644
642
638
644
648
648
644
645
648
642
640
646
653
649
643
645
642
633
631
631
631
627
614
618
622
624
609
620
628
619
616
616
617
615
614
616
619
612
611
613
618
609
609
617
618
616
623
622
617
611
612
615
614
608
607
609
615
607
607
615
614
609
609
612
619
615
611
620
622
417
781
625
625
614
612
619
621
615
617
620
628
620
616
619
620
614
603
604
605
607
598
597
604
601
595
603
611
601
598
610
606
595
598
606
606
600
602
611
605
600
606
608
601
601
589
590
601
604
596
601
610
605
599
598
601
595
598
599
597
603
597
593
598
608
595
595
605
614
601
603
609
613
610
605
606
620
609
604
607
619
612
606
608
621
623
611
604
602
606
593
588
597
600
588
589
592
601
593
593
591
601
601
588
588
597
633
662
650
645
625
619
626
626
614
619
622
628
621
624
636
654
631
629
627
608
605
608
608
601
601
603
608
602
597
609
605
600
597
604
606
600
597
595
597
591
590
604
602
594
598
607
598
593
601
621
614
622
633
636
626
613
623
619
607
603
603
604
599
592
601
607
596
599
601
605
622
601
603
604
622
643
638
634
620
615
614
622
632
639
628
624
630
636
620
611
606
605
592
590
590
590
586
582
583
591
588
582
585
591
584
577
584
585
577
577
578
585
583
582
571
567
567
574
570
572
584
600
591
593
602
600
587
583
582
583
586
574
571
580
577
570
576
580
578
575
577
583
583
581
577
577
585
575
575
581
594
584
580
586
600
588
587
594
593
593
592
586
592
600
587
581
590
585
577
577
585
589
584
583
582
591
599
591
584
593
602
591
591
591
595
592
587
579
586
590
581
583
592
599
596
592
599
618
598
603
597
607
613
595
595
599
597
588
588
588
599
593
587
590
601
597
589
587
590
604
599
588
593
602
588
583
589
595
589
586
590
604
615
607
600
593
604
596
585
586
588
590
590
582
577
591
598
591
588
603
615
595
597
597
601
601
584
582
585
584
578
575
579
590
618
610
596
600
611
606
593
593
586
588
577
571
575
580
570
567
572
575
579
571
568
576
584
572
569
578
581
577
574
575
576
590
578
570
571
580
577
573
577
590
595
587
588
604
596
585
589
593
585
587
585
585
593
586
586
604
604
601
623
617
613
619
652
655
655
662
672
685
693
680
676
694
697
688
689
722
732
716
709
712
721
724
718
714
732
758
722
714
737
761
748
844
777
779
750
757
777
793
777
773
793
801
758
739
750
823
831
860
828
817
851
826
820
857
860
839
824
792
763
750
782
821
834
845
866
878
833
865
869
1725
844
851
824
856
880
899
886
896
896
883
881
888
887
831
846
857
846
863
896
903
874
881
898
876
899
927
935
904
917
933
918
932
953
941
884
911
932
918
910
938
928
931
904
918
916
870
900
931
903
941
958
980
937
966
974
955
910
933
933
908
926
926
936
889
910
950
962
921
936
959
957
904
927
949
944
903
927
959
971
915
929
939
904
902
925
902
883
933
940
935
979
971
945
935
943
919
922
899
926
898
874
854
745
872
894
891
776
1005
800
982
898
906
914
878
899
911
870
900
901
882
875
813
1008
892
874
869
883
902
873
917
900
872
840
808
820
849
829
878
924
928
945
935
927
786
934
891
841
846
854
868
865
902
922
928
893
902
886
892
919
919
916
897
918
928
951
942
975
952
970
979
966
949
957
911
921
941
954
924
981
998
939
903
929
948
981
943
952
951
922
927
915
876
911
906
894
923
943
939
975
979
954
976
992
978
961
957
942
963
965
983
944
949
938
917
912
928
906
1054
1045
1030
1014
989
979
943
928
924
932
938
944
972
968
958
974
965
988
922
917
914
958
971
969
966
941
964
956
938
917
938
932
937
946
966
972
953
915
898
893
896
885
839
847
784
774
838
870
920
985
1022
1018
999
981
951
918
905
883
837
867
925
965
972
945
950
937
950
947
935
926
949
958
958
951
932
938
928
955
978
992
974
956
936
930
889
885
873
883
868
861
873
915
947
1008
1032
1017
977
947
956
938
951
949
985
992
1017
1002
969
948
955
890
902
902
907
941
956
976
942
926
921
867
806