546
769
548
760
554
758
553
756
550
750
543
746
540
688
592
733
550
750
543
776
541
752
544
611
734
716
780
702
740
712
707
694
694
731
680
747
613
794
601
793
583
822
577
793
583
803
579
821
692
779
802
754
737
724
731
734
734
731
744
755
754
744
739
734
732
720
708
706
714
709
704
706
772
742
724
730
679
782
754
584
748
569
738
541
744
541
741
544
767
555
762
546
754
551
771
551
775
542
757
550
769
548
779
554
784
557
787
557
813
561
813
635
771
777
688
810
571
833
561
811
757
704
839
604
852
598
824
568
798
561
799
587
773
713
721
791
636
779
786
739
741
737
733
781
731
732
737
728
718
717
729
722
720
724
719
720
715
707
691
688
755
846
757
615
770
592
752
547
751
548
753
552
775
546
779
531
744
538
781
543
787
538
746
549
770
552
793
546
799
535
770
539
661
658
718
747
602
758
604
782
579
786
546
759
545
770
544
762
545
762
546
821
546
787
639
669
821
672
691
742
601
741
578
730
613
791
566
805
576
816
786
652
821
731
749
768
667
792
735
743
737
729
719
724
728
720
715
712
719
716
708
697
688
701
711
708
710
651
755
581
777
560
777
564
803
544
817
550
806
609
743
813
630
863
646
784
584
767
563
771
551
771
562
762
545
767
545
784
594
762
670
719
805
703
677
809
789
816
774
748
781
618
850
671
809
734
723
716
711
703
742
794
627
813
566
819
559
808
548
798
546
782
563
790
543
735
749
602
754
569
743
560
756
549
746
550
749
557
1302
756
554
759
545
753
547
756
554
768
549
757
552
766
700
624
816
682
691
791
626
843
582
786
565
787
565
781
556
751
561
779
572
782
561
760
566
775
559
770
560
771
559
774
560
769
548
772
562
767
558
770
553
757
553
759
557
776
553
760
560
804
554
771
560
789
563
775
565
838
562
806
572
806
847
600
777
813
624
825
568
783
554
826
547
800
549
633
697
845
559
829
629
688
868
657
861
594
809
578
789
792
633
863
653
759
793
718
750
682
653
805
709
740
738
731
723
718
718
720
721
710
711
723
741
739
726
705
717
698
729
708
702
700
697
704
703
703
701
692
717
637
773
644
770
714
697
680
697
796
631
770
727
738
833
793
678
814
631
811
601
694
818
741
706
707
719
716
704
701
693
678
727
653
687
649
766
568
772
563
763
559
748
545
730
541
720
560
710
550
703
553
697
571
693
566
695
550
694
557
692
558
679
609
651
635
625
563
588
586
666
601
653
542
666
535
663
527
658
522
597
575
653
531
656
533
646
519
647
512
642
524
648
526
639
586
599
596
558
532
542
635
560
606
579
590
582
591
588
590
585
593
586
583
584
579
587
579
579
582
581
577
582
578
580
574
577
579
577
578
584
584
581
579
581
580
579
579
584
577
583
578
577
580
578
578
576
572
576
577
581
575
573
560
596
581
578
581
586
597
597
602
600
601
612
607
611
625
623
631
626
621
624
617
613
613
610
603
595
602
597
595
604
602
602
600
603
596
592
595
590
586
573
594
558
599
543
604
523
605
516
1053
610
511
611
518
597
562
563
563
562
528
589
545
575
1125
566
563
561
1110
560
549
549
554
553
548
554
557
556
556
562
564
564
563
577
592
593
600
606
605
602
607
611
613
590
630
617
615
619
617
619
624
625
571
666
581
687
542
725
660
671
664
661
652
656
655
650
654
642
645
582
677
578
675
648
677
658
664
725
712
675
675
683
672
663
665
673
674
665
668
666
659
650
649
656
666
664
659
661
673
678
674
674
680
688
680
676
664
664
723
726
688
687
626
740
693
611
737
604
720
685
700
688
610
733
700
714
717
704
708
616
751
697
712
714
722
801
758
740
724
730
688
694
677
684
693
701
704
702
700
710
722
727
706
689
685
697
697
689
688
698
706
694
733
710
705
710
717
812
750
765
755
728
705
690
691
682
681
803
746
636
762
631
748
719
739
844
817
790
748
736
723
719
834
735
734
725
714
711
735
729
844
797
789
767
714
744
736
729
714
712
721
800
740
756
764
833
763
834
730
789
753
717
709
702
702
696
695
706
700
687
689
700
703
690
688
692
708
708
692
690
691
698
700
688
684
684
684
681
688
695
692
686
679
675
675
673
669
677
688
691
685
691
697
698
692
684
683
687
680
663
669
700
777
604
785
597
773
688
730
700
743
768
738
733
732
731
657
745
629
767
604
773
671
730
708
704
702
708
703
700
699
696
701
706
709
708
700
697
707
706
698
705
729
727
698
693
692
689
881
707
778
719
741
729
714
707
698
750
785
715
688
680
686
700
710
702
697
693
698
891
633
722
688
639
828
693
797
624
836
635
833
782
673
813
618
806
772
792
766
765
750
741
673
798
704
634
816
701
691
756
719
706
691
690
701
699
688
682
680
685
683
673
679
685
683
676
670
673
681
688
684
689
681
692
688
651
724
677
696
705
695
653
701
633
717
637
730
689
677
679
673
674
667
657
649
657
657
656
658
671
653
647
654
742
753
722
720
653
756
633
740
680
771
578
810
560
810
574
840
568
849
548
798
562
812
572
783
570
765
542
776
556
766
554
786
561
781
563
795
560
712
651
785
717
613
796
559
823
552
804
721
630
791
574
760
576
782
545
747
538
740
551
734
548
757
521
730
540
735
538
745
538
736
531
730
527
696
532
713
530
746
527
716
540
732
541
734
547
738
547
743
533
734
538
761
548
765
567
775
659
642
803
654
736
779
673
803
653
766
595
771
563
755
563
757
555
751
553
748
550
755
549
773
537
735
542
749
550
752
554
762
553
763
559
764
555
766
557
769
550
770