895
910
906
893
862
907
931
907
837
816
867
886
935
964
990
958
947
952
943
895
899
860
853
871
875
896
911
903
865
866
862
877
878
894
904
885
854
869
840
811
814
808
832
865
837
859
876
854
897
938
936
936
903
892
879
826
823
838
832
796
791
796
820
854
873
879
898
912
902
876
868
870
852
855
820
813
839
847
830
814
798
775
790
826
842
842
850
847
848
850
857
841
848
851
836
836
827
826
799
810
825
841
852
866
884
894
872
852
857
840
832
833
827
807
834
836
830
840
853
865
871
858
844
835
826
813
803
776
762
741
736
737
749
778
805
822
831
811
816
831
838
853
849
848
809
835
842
872
883
902
917
886
882
882
889
887
890
885
888
845
863
862
858
866
844
828
818
811
785
801
801
800
795
835
826
850
871
867
844
874
870
834
868
857
859
846
882
886
859
915
941
928
897
896
850
859
840
854
854
853
838
837
851
861
876
843
857
876
867
878
895
917
928
902
927
909
910
893
885
870
857
817
821
824
831
840
856
840
861
851
822
825
820
822
813
796
820
841
871
877
858
867
844
860
881
874
835
856
859
866
851
867
892
894
907
916
874
893
904
916
911
890
865
830
831
785
787
793
813
833
855
878
885
878
851
884
900
920
918
906
892
857
818
831
820
825
834
831
843
857
861
861
877
893
893
877
865
851
799
809
796
844
835
840
849
841
813
813
805
795
811
805
840
834
817
804
815
854
844
844
844
875
859
829
840
842
838
841
818
832
867
897
932
918
938
912
919
896
880
903
928
895
905
896
883
872
894
917
932
930
895
914
923
927
908
907
880
850
866
884
865
884
876
841
864
889
913
869
892
887
851
834
817
835
834
825
818
858
867
911
885
930
933
934
915
909
897
895
855
855
857
884
892
959
934
950
952
947
914
896
862
863
852
831
810
821
847
854
843
850
861
845
853
864
873
878
865
917
954
967
967
936
929
903
746
753
736
743
754
768
785
790
764
727
739
701
707
688
697
697
708
698
706
711
699
695
673
673
671
661
648
657
654
641
650
647
634
637
638
635
644
647
644
656
652
647
653
652
649
652
648
646
643
633
646
633
641
646
648
657
646
644
648
633
632
635
629
629
634
620
629
640
632
640
632
644
641
629
640
624
633
617
640
621
612
615
610
604
607
596
600
596
597
591
583
591
593
587
590
594
594
590
552
628
594
587
534
638
569
549
639
599
597
599
597
587
586
587
592
598
595
601
599
600
601
598
602
598
603
600
604
602
607
599
595
595
589
594
584
587
586
582
582
583
575
581
587
585
588
594
586
592
594
586
583
587
583
576
576
575
569
577
572
570
578
574
575
575
570
521
510
671
572
570
569
563
564
562
559
562
561
560
519
574
553
562
564
569
567
575
567
568
563
564
566
567
565
567
565
562
565
565
561
563
564
558
563
563
552
558
556
559
553
556
556
552
558
558
538
561
553
551
553
558
555
530
572
552
553
553
552
545
546
546
539
548
547
542
544
545
545
543
547
544
537
542
542
541
538
538
538
533
539
539
536
534
535
533
533
537
538
533
537
539
541
535
544
542
539
533
529
530
539
542
541
549
547
546
544
544
546
543
548
546
548
553
549
558
546
542
542
534
543
539
510
553
534
529
530
536
535
535
537
534
537
540
543
537
544
542
538
540
535
535
541
539
535
537
531
533
534
516
547
536
539
531
536
538
537
537
531
526
531
529
527
527
527
514
521
524
525
521
524
527
521
521
529
523
531
534
528
522
525
526
516
517
537
522
520
525
521
520
529
527
535
532
533
525
531
534
528
529
527
525
524
526
529
521
529
529
517
521
523
522
516
527
515
520
518
526
523
527
520
514
517
512
521
518
520
521
519
513
519
519
521
524
523
524
520
517
518
516
521
521
520
519
518
516
515
521
520
518
512
522
524
524
526
527
528
526
525
523
528
525
521
520
1035
508
514
514
521
518
514
513
508
505
509
516
510
520
523
677
866
517
511
514
513
517
513
516
517
511
514
520
517
517
531
532
528
530
527
524
526
525
511
521
518
514
517
523
521
516
519
518
512
517
520
518
521
522
522
518
521
516
513
520
519
517
514
519
516
507
513
513
514
509
521
522
521
525
526
521
520
535
536
538
542
530
528
535
534
522
528
527
527
526
530
524
522
526
516
513
508
513
513
523
527
525
524
525
522
521
520
520
526
528
531
530
533
530
533
530
528
522
524
527
528
528
526
528
524
523
522
521
524
526
522
525
525
516
520
519
511
515
516
516
510
508
513
506
504
498
509
510
515
516
521
523
523
528
526
525
528
536
523
529
529
524
528
527
523
515
521
520
519
520
525
527
526
525
528
523
522
527
528
526
527
528
521
520
523
516
524
522
527
524
529
525
525
525
521
525
529
530
527
535
531
528
533
534
530
535
534
525
531
532
529
531
528
522
522
521
516
521
520
519
519
520
519
515
514
518
520
517
521
520
516
518
520
518
523
525
524
531
534
534
537
535
533
524
530
527
526
529
527
521
524
527
523
534
543
546
554
552
552
557
563
557
563
564
563
553
551
553
557
570
579
593
594
593
597
604
607
607
609
608
611
614
612
608
613
618
616
619
617
618
622
633
624
620
624
628
624
620
625
631
632
630
625
627
628
629
629
641
646
641
641
646
651
646
643
646
648
646
646
660
666
666
664
670
672
665
671
673
681
680
678
661
663
651
646
655
653
666
674
666
655
652
642
639
656
651
668
684
698
692
706
728
719
712
727
729
703
732
749
766
744
758
756
745
743
788
826
854
893
887
834
828
828
793
793
789
762
765
776
769
751
769
774
758
778
779
743
739
734
712
725
731
742
767
809
812
792
804
803
795
751
745
745
763
770
742
742
749
741
750
755
779
784
765
797
836
825
803
811
813
793
777
770
790
784
757
750
734
722
709
714
743
785
793
772
784
789
761
772
778
771
771
759
748
723
754
772
798
819
815
806
812
813
793
783
767
773
776
781
775
781
758
760
752
739
729
715
720
718
731
730
728
733
739
732
736
746
757
739
748
751
766
757
773
788
784
769
791
792
772
766
771
766
758
771
780
775
773
772
755
752
758
764
783
791
792
813
811
793
795
774
778
781
783
763
773
740
740
763
790
782
779
771
774
771
745
736
735
739
749
769
751
767
772
754
775
787
778
785
793
805
793
779
791
794
788
787
769
780
772
786
791
792
780
788
782
767
781
787
793
764
769
757
744
754
763
769
759
764
765
770
764
762
738
745
737
747
767
781
793
794
795
778
763
752
736
716
722
719
727
738
736
765
776
779
805
799
790
781
780
775
770
763
755
746
749
744
741
736
742
737
729
721
720
718
710
724
730
739
740
753
743
740
755
760
771
769
795
809
814
810
796
768
756
759
762
764
767
769
771
770
768
758
742
728
748
745
750
756
752
749
737
710
722
692
710
722
729
738
738
739
737
740
748
762
767
788
809
822
822
813
789
797
785
796
783
782
794
803
813
809
821
835
854
829
850
846
815
833
838
818
823
845
863
859
840
814
823
816
822
814
807
834
844
824
835
848
829
826
831
825
836
860
873
873
863
834
814
766
765
747
741
761
773
786
820
861
837
870
854
846
830
826
813
815
785
795
800
805
810
807
813
799
803
781
770
764
763
757
777
791
812
828
836
828
811
817
823
827
837
860
874
884
871
855