1048
1046
1026
1046
1052
1041
1046
1061
1056
1052
1059
1057
1038
1054
1066
1034
1048
1051
1039
1032
1042
1044
1032
1045
1047
1031
1041
1047
1034
1055
1057
1039
1060
1062
1052
1049
1037
1034
1003
1001
983
959
968
968
983
1002
1011
1014
1023
1035
1028
1048
1055
1040
1052
1063
1048
1049
1044
1048
1035
1027
1042
1042
1027
1043
1052
1027
1043
1041
1019
1041
1045
1034
1046
1056
1040
1049
1061
1053
1064
1071
1080
1072
1095
1107
1092
1110
1116
1092
1098
1109
1090
1078
1092
1084
1075
1086
1077
1065
1072
1063
1028
1021
1026
1015
1001
989
987
982
979
988
991
983
993
986
969
986
967
939
974
962
939
935
929
922
929
952
976
984
984
995
1005
1001
1006
1024
1032
1023
1024
994
999
1015
1021
1016
1023
1031
1028
1009
1015
1016
990
1004
1011
1013
1011
1031
1024
1019
1030
1029
1019
1029
1032
1017
1030
1038
1019
1012
1008
1002
1006
995
1000
992
987
1007
1013
995
1005
988
976
958
957
936
936
947
961
974
979
964
979
997
1001
1018
1031
1040
1031
1028
1038
1041
1026
1004
1016
1005
1010
992
1000
975
978
990
984
998
1007
1010
987
991
992
995
988
996
991
995
1010
1019
1019
1023
1034
1032
1023
1030
1026
1007
1025
1029
1018
1035
1039
1037
1030
1043
1042
1034
1048
1056
1033
1049
1060
1054
1048
1068
1062
1043
1052
1037
1000
1005
1001
1004
979
1010
1007
995
1011
1013
1012
1017
1034
1026
1022
1032
1031
1017
1014
1013
1008
984
979
963
973
963
971
961
974
979
992
986
1000
1012
1011
1010
1023
1031
1024
1037
1042
1038
1035
1047
1043
1023
1032
1028
1011
1000
1010
967
968
949
937
940
938
954
948
965
990
1001
1007
993
1018
1024
1021
1024
1011
1000
999
980
985
1001
1021
1035
1048
1063
1069
1053
1073
1068
1049
1050
1057
1032
1054
1057
1031
1063
1058
1032
1062
1065
1058
1078
1082
1065
1086
1085
1050
1034
1024
1001
1002
982
973
973
953
940
938
923
925
917
910
904
908
906
900
906
908
899
911
912
912
912
929
924
916
933
932
922
930
921
895
907
892
883
887
871
866
872
861
851
867
851
846
851
847
839
853
850
845
864
856
851
859
855
851
864
854
856
854
845
854
837
854
846
835
844
839
821
840
827
819
834
826
805
832
814
813
817
803
825
816
810
827
819
809
841
827
816
838
836
822
847
832
820
838
823
808
827
811
798
820
809
789
812
801
790
806
803
784
811
799
788
813
798
787
812
798
789
814
788
795
813
793
787
813
800
779
806
802
779
797
797
778
801
794
775
791
794
776
784
788
772
784
789
771
780
791
774
782
789
773
782
790
781
779
800
783
771
783
788
770
776
787
778
772
782
806
796
790
787
801
790
797
807
800
801
812
803
810
820
819
841
842
835
859
860
848
862
863
848
880
858
854
841
854
869
854
872
871
859
879
883
874
892
902
903
925
924
927
931
927
932
938
925
927
891
886
879
897
901
892
922
928
924
932
931
923
926
919
920
939
925
936
952
938
952
961
943
967
972
956
974
957
952
956
938
942
948
938
949
957
961
962
976
962
950
960
944
937
940
918
925
918
915
924
933
932
935
942
943
937
943
952
945
951
947
948
954
954
947
961
968
949
961
963
960
976
982
964
978
977
956
960
946
940
945
942
938
945
932
928
940
944
938
951
954
948
964
957
952
965
965
960
970
978
963
975
981
968
982
988
973
979
990
975
981
988
968
983
987
970
975
979
964
956
976
983
961
964
960
962
946
943
917
923
930
941
953
955
971
969
959
964
960
953
955
950
955
962
963
959
977
978
967
982
980
975
983
979
976
982
967
970
972
961
968
971
967
973
986
979
977
989
982
979
981
966
961
968
973
958
968
966
958
970
970
955
967
973
963
976
976
967
972
977
971
971
974
955
966
975
967
968
979
975
976
985
982
976
988
977
965
973
979
973
978
980
974
982
994
983
994
1008
994
998
1005
984
998
998
983
994
993
977
981
974
961
964
961
961
955
970
982
963
980
971
963
967
970
957
967
975
969
978
986
978
987
993
981
986
997
988
985
997
986
984
994
995
986
1001
996
976
989
984
968
961
960
937
940
941
947
959
953
964
967
960
962
967
955
954
962
968
964
970
978
980
996
1004
1012
1013
1021
1015
994
1002
1003
1005
998
997
1005
1000
1011
1020
1009
1020
1021
1007
1003
1013
1010
999
1014
1021