964
952
963
972
958
964
908
881
915
941
964
950
987
998
951
932
942
994
1003
973
1027
1056
1021
996
1063
1072
1013
1025
1013
1021
989
987
992
1002
985
963
969
938
919
959
927
983
1008
978
976
1018
1064
1024
1069
1075
1053
1097
1113
1045
1047
1091
1062
1102
1096
1063
1090
1090
1036
1047
1104
997
1025
1014
1002
1024
1018
982
990
999
993
938
888
871
842
879
922
938
957
981
967
963
985
990
978
1004
1008
979
989
987
975
956
991
990
979
1006
1015
895
1075
997
986
975
996
1015
994
1014
1020
1001
982
984
979
1007
973
994
999
965
972
1001
990
956
980
992
980
981
987
1015
984
1001
1028
1042
1003
1008
1016
994
948
896
841
870
923
947
975
1026
1045
982
984
994
1011
1000
1027
1039
1013
1050
1040
1021
1029
1051
1080
1071
1043
1066
1073
1041
1021
1071
1077
1073
1007
1037
1059
1088
1052
1042
1072
1070
1023
1051
1044
1016
999
1013
1013
1022
1006
1041
1045
1044
1021
1027
996
1010
988
950
939
929
859
849
874
930
979
1006
985
1008
1012
1008
1044
1039
1012
1025
1044
998
1021
1042
1053
1006
1000
1017
1026
995
988
1015
1036
986
1015
1043
1064
1032
1031
1049
1066
1070
1034
1032
1042
1073
1054
1011
1017
999
938
922
927
960
980
956
993
999
1057
1054
1072
1113
1081
1040
1110
1103
1061
1091
1086
1079
1080
1102
1095
1061
1060
1076
1094
1092
1088
1107
1090
1043
1071
1037
1031
1033
1016
1004
1060
1071
1043
1051
1073
1074
1078
1033
1023
1021
989
952
930
917
962
928
926
931
886
876
906
944
980
1018
1038
1035
1020
1000
1021
1050
1072
1059
1074
1096
1115
1106
1095
1100
1103
1090
1072
1057
1032
1032
1018
1002
1006
1015
1007
1008
991
944
950
1002
1006
994
1018
1021
999
1017
1019
998
987
1002
996
983
977
994
983
968
1027
1022
987
998
1030
1019
1017
974
867
892
884
899
854
845
835
794
757
749
742
735
720
701
694
691
693
685
671
664
665
651
631
643
643
651
615
597
581
565
825
648
648
652
647
648
651
652
663
659
655
656
656
655
660
655
653
650
648
649
649
652
653
649
646
645
646
647
646
639
634
636
639
639
633
632
629
629
628
627
625
615
612
518
536
617
746
617
617
612
563
544
544
757
608
607
598
513
582
692
602
601
595
601
597
595
592
590
591
588
584
555
529
658
592
588
585
588
589
585
579
580
581
575
576
574
427
720
569
572
571
527
602
567
567
562
560
564
561
559
544
574
557
557
559
516
591
556
557
550
549
550
549
547
544
527
557
538
537
539
531
528
540
530
509
510
568
528
529
527
527
492
557
529
523
525
523
521
520
521
521
520
520
517
514
516
514
514
514
513
511
513
511
497
519
502
512
508
507
498
485
535
508
508
505
507
508
506
506
507
507
506
509
509
510
508
461
556
511
509
507
508
509
507
509
511
507
507
508
506
507
508
505
507
504
504
504
500
499
501
501
501
500
502
498
497
497
497
495
494
496
493
493
491
496
493
493
460
521
492
485
493
489
486
487
489
488
486
491
487
487
487
489
485
484
486
487
485
484
485
484
482
483
489
483
487
484
483
481
485
481
482
479
483
479
481
480
481
481
475
484
479
479
479
478
479
477
477
481
477
477
479
478
445
510
477
479
476
477
476
477
477
475
478
476
474
474
475
474
472
475
475
474
475
476
439
508
477
476
479
475
473
480
478
484
484
489
493
499
463
538
504
497
498
496
501
503
504
511
530
542
559
573
570
569
576
595
611
1254
622
600
615
621
628
638
633
634
682
745
772
767
712
686
726
739
729
723
676
677
806
1036
874
798
745
776
867
865
856
841
840
521
1119
788
535
1013
768
745
743
772
794
741
657
538
705
616
628
650
673
660
632
620
617
622
652
726
793
851
889
800
730
723
793
863
878
851
751
729
803
897
962
899
791
804
826
865
855
787
773
785
805
779
752
724
715
676
673
683
732
821
912
869
853
833
839
801
806
808
796
775
760
774
792
793
811
836
852
830
817
832
834
793
798
801
813
788
783
808
813
808
798
809
809
823
792
772
749
728
696
682
685
700
731
777
790
772
772
775
755
744
750
752
743
736
742
745
743
749
781
813
838
833
861
866
865
853
872
871
824
829
835
837
829
834
854
873
868
868
869
844
833
840
855
845
857
869
873
853
852
840
821
829
844
850
841
876
886
861
854
860
858
837
835
839
834
813
804
797
774
740
729
732
739
759
788
803
810
832
856
860
851
863
864
840
844
853
860
855
862
862
857
854
872
861
853
847
859
873
871
866
877
892
886
894
903
907
889
907
913
914
900
903
918
911
916
920
922
896
899
899
885
879
885
895
888
892
896
895
877
881
878
863
865
874
874
862
867
851
840
826
836
850
853
857
862
843
838
810
793
1582
778
769
746
726
722
730
759
791
823
832
849
876
880
869
887
896
886
866
872
898
893
873
894
891
865
856
856
851
850
865
880
865
871
888
891
879
887
886
871
858
871
893
895
883
894
904
903
857
842
819
816
818
825
844
865
870
878
890
896
871
885
883
895
888
895
891
884
865
863
863
874
871