796
788
794
799
793
799
795
796
800
806
813
808
814
825
819
817
816
813
813
802
803
790
781
784
779
779
793
781
785
797
810
817
817
826
829
829
818
822
832
834
841
845
841
843
855
853
852
859
861
849
840
836
831
829
827
824
818
816
824
827
831
833
833
835
835
823
827
827
827
827
829
833
840
837
834
829
819
813
803
812
813
813
819
823
815
810
794
791
786
786
791
800
813
823
823
828
831
840
839
840
843
832
821
817
813
817
826
817
827
840
834
826
817
821
829
828
833
831
826
834
836
831
840
846
849
858
865
866
880
863
850
854
844
839
824
825
819
810
817
807
809
802
800
788
781
784
788
784
803
800
804
811
799
790
791
784
788
798
793
790
798
798
790
789
790
793
805
852
771
806
818
818
814
808
811
810
803
794
806
813
815
821
831
832
827
838
823
822
820
807
804
804
800
805
801
793
835
802
791
796
806
808
803
820
863
850
844
849
858
854
850
850
865
856
860
871
844
825
821
814
809
798
851
815
816
823
833
838
824
847
836
845
818
807
801
797
786
778
785
786
788
802
808
805
810
808
810
815
820
816
824
821
827
830
834
835
829
819
827
834
839
833
836
846
839
836
841
842
842
839
839
837
833
824
831
821
823
817
815
808
800
793
796
789
782
785
766
779
798
789
813
806
801
809
796
799
801
812
830
831
843
857
848
854
855
861
873
838
841
862
819
809
815
818
834
830
828
828
841
842
842
822
824
823
825
850
849
836
825
812
854
797
802
832
824
832
823
830
817
828
834
838
841
841
853
847
861
909
892
909
874
872
867
871
859
845
861
877
879
920
899
884
860
848
845
839
833
827
828
817
826
814
813
816
801
796
802
813
796
803
810
809
810
806
796
827
850
840
835
883
857
860
858
860
862
854
851
853
857
851
854
857
863
859
847
851
846
829
836
849
851
851
841
860
852
806
804
813
800
809
792
782
777
773
789
794
807
793
806
808
812
817
824
823
816
816
829
844
818
818
864
815
836
848
841
854
856
854
846
840
832
827
816
822
822
823
779
805
779
755
727
733
719
707
703
697
696
704
697
694
698
703
701
702
711
719
715
704
707
696
699
695
689
695
694
686
694
688
687
685
690
690
690
686
688
683
688
676
682
678
676
671
675
672
668
670
671
663
667
668
657
670
672
673
672
680
673
688
682
677
686
671
672
677
670
669
668
658
668
659
659
630
694
662
658
664
663
659
656
656
652
651
650
646
651
654
652
647
664
647
650
652
641
645
649
640
643
644
629
645
640
632
639
636
637
634
644
628
650
630
636
637
631
631
623
631
619
632
621
625
623
627
638
623
636
644
647
653
640
656
646
652
653
657
655
649
664
655
653
661
653
652
651
652
640
638
645
630
637
633
614
629
627
612
629
622
618
622
610
612
614
606
606
608
599
610
603
609
609
604
613
611
606
614
619
611
623
628
620
630
623
620
627
623
619
621
620
610
617
615
602
612
604
597
603
592
603
597
596
600
583
589
588
589
583
593
590
584
590
592
587
589
593
596
590
598
599
603
606
620
626
621
631
631
622
624
630
615
622
620
609
613
607
600
607
601
596
599
596
592
594
583
580
583
586
580
585
587
587
583
588
589
586
587
592
586
587
597
592
596
597
596
600
601
590
595
594
594
590
595
594
595
597
593
591
589
587
578
584
582
577
577
576
569
574
571
567
569
571
564
567
570
572
566
573
572
568
572
570
569
570
572
572
569
572
575
570
574
572
570
570
573
573
570
575
580
574
579
578
573
574
577
578
569
575
575
573
573
573
568
573
572
569
575
572
571
574
574
568
576
574
581
578
576
578
579
576
576
576
571
576
571
575
569
577
571
576
574
575
575
581
577
581
583
582
584
585
581
585
582
580
584
585
582
586
595
598
592
598
596
599
601
597
597
604
594
598
595
588
594
591
589
592
589
585
587
584
582
587
582
581
586
584
583
585
587
582
586
588
586
588
591
588
580
585
588
594
588
588
596
588
585
590
585
588
594
594
593
597
596
596
604
602
603
603
598
598
598
590
594
600
595
598
595
600
603
610
600
603
602
597
600
601
596
596
592
596
597
597
598
604
599
601
605
596
597
603
600
597
596
593
594
597
595
591
592
590
589
591
599
591
595
595
594
599
594
594
594
589
593
589
588
587
582
585
585
583
584
580
584
586
588
585
589
584
581
585
590
597
602
600
599
601
599
603
608
603
603
606
600
599
597
591
595
593
591
598
602
598
599
591
591
591
589
597
592
595
597
593
591
592
588
585
587
591
587
590
595
600
598
599
593
597
597
594
598
601
596
599
593
588
588
590
592
584
587
586
589
583
584
590
586
591
598
597
595
602
607
604
607
618
604
606
609
604
599
599
600
595
594
590
590
588
584
590
582
590
588
584
588
581
584
589
592
597
592
594
591
584
580
586
593
591
588
582
585
582
577
576
576
575
573
575
574
569
565
568
568
574
579
579
581
580
586
585
583
586
586
592
593
593
601
597
602
603
609
620
617
626
623
621
619
611
608
608
607
607
620
630
647
644
666
661
658
652
646
649
647
670
651
657
662
682
658
680
678
680
688
687
680
681
689
700
719
720
715
701
716
707
706
725
729
731
734
725
725
730
725
729
732
725
728
737
746
729
729
733
744
738
739
738
740
740
743
731
749
748
760
769
768
772
779
791
778
784
794
789
812
823
804
807
815
811
813
821
826
824
821
822
818
816
816
812
805
806
809
800
791
793
801
791
788
789
792
795
798
780
778
777
769
780
779
782
776
784
772
772
772
781
780
783
767
759
764
767
763
780
776
779
786
772
780
779
778
782
791
802
804
813
824
816
814
807
789
801
804
791
783
783
779
771
765
756
748
746
729
728
719
720
726
733
743
749
754
756
751
737
727
718
729
730
731
746
748
760
774
799
808
809
830
831
824
837
825
817
820
826
827
829
832
828
814
808
801
793
791
777
775
771
778
782
791
794
789
779
785
782
773
775
771
781
771
767
768
762
761
769
772
764
776
780
772
788
787
778
788
789
786
796
794
792
789
796
801
819
821
826
829
828
828
821
816
817
816
820
823
819
819
823
819
818
804
785
782
789
783
775
772
770
774
781
780
789
807
817
837
842
839
842
830
837
840
835
827
826
822
836
821
810
795
785
784
778
770
771
778
790
799
813
812
806
807
806
820
817
810
799
794
788
790
785
790
790
788
800
796
792
797
799
803
790
803
793
798
791
791
800
790
804
791
797
791
795
806
797
795
794
796
795
795
786
791
800
788
785
773
774
769
758
766
756
762
760
758
757
758
755
756
757
773
770
783
772
771
770
754
763
763
761
764
777
761
770
757
764
764
757
747
741
747
746
734
736
734
734
729
719
728
737
743
741
740
744
745
747
744
748
744
743
744
741
738
745
758
748
742
736
730
741
733
741
744
746
739
747
744
748
788
767
770
778
784
796
795
800
791
785
781
782
778
789
793
788
783
776
771
775
775
776
771
769
763
767
772
776
780
781
772
785
778
766
772
771
768
777
786
795
792
791
788
768
775
771
757
762
774
792
781
802
790
780
792
808
806
801
801
805
801
822
836
824
816
818
796
794
788
804
810
810
825
827
830
828
821
807
808
805
806
812
821
839
842
835
831
847
849
836
845
843
837
839
837
834
834
833
835
845
839
844
838
851
843
829
827
824