933
951
941
933
923
938
954
928
924
890
854
843
871
888
857
849
867
878
860
844
820
809
827
841
863
883
892
909
889
854
860
879
854
876
892
911
914
912
891
928
920
914
904
900
920
903
887
907
907
895
923
939
938
908
896
913
904
886
866
877
907
894
893
911
920
897
920
928
905
894
919
909
900
916
922
902
915
924
886
891
911
903
896
918
929
906
917
939
922
939
947
921
924
936
910
926
937
902
904
913
918
912
919
934
914
904
902
927
926
915
896
891
905
932
900
894
896
854
846
836
853
885
897
895
927
941
914
911
927
911
906
924
931
921
930
938
919
919
948
955
929
952
972
938
946
968
965
943
958
963
947
971
965
952
955
971
953
978
959
938
946
959
924
937
959
950
948
938
917
902
899
868
857
885
904
935
915
894
875
865
899
900
883
933
952
963
943
986
975
929
929
938
901
919
941
944
938
924
938
913
922
940
930
937
895
888
863
854
867
897
918
946
929
951
969
966
948
971
979
961
953
969
990
941
969
983
974
957
983
969
941
955
981
958
945
958
967
946
964
917
896
913
926
926
929
896
872
885
880
883
868
862
877
871
854
885
906
931
887
902
945
938
960
982
982
964
966
993
1032
982
985
1011
1016
979
987
1013
993
972
970
988
975
939
962
979
979
956
963
988
939
937
952
954
938
919
948
944
952
941
955
961
960
945
946
972
958
965
938
959
948
950
952
935
955
960
933
946
950
969
927
938
939
925
930
939
935
915
924
938
915
913
926
623
1222
903
901
879
878
904
924
934
933
959
968
958
961
963
966
940
953
942
936
919
930
938
939
932
951
958
947
952
930
931
953
954
942
953
976
984
968
959
979
975
947
962
959
943
915
932
937
899
872
864
836
848
870
853
843
873
906
920
919
942
925
907
914
1825
916
896
861
874
850
835
813
833
831
838
837
819
833
832
842
845
848
834
837
831
788
803
794
785
776
796
800
788
791
781
770
767
779
771
746
760
758
751
747
763
760
745
750
762
741
731
746
748
731
743
718
717
723
706
696
692
694
697
688
688
685
679
683
687
694
680
690
694
693
699
708
688
697
693
688
685
688
687
680
679
687
688
681
690
697
709
702
693
707
712
696
699
706
699
696
708
705
702
696
702
702
698
697
689
696
696
685
679
681
678
672
677
674
685
679
673
682
682
664
653
655
644
646
642
632
633
645
635
638
646
650
646
656
658
656
653
658
663
654
648
649
656
649
646
646
647
645
643
639
642
633
635
635
637
636
637
636
650
649
647
657
658
650
653
657
530
806
670
675
673
671
667
675
687
697
703
703
734
745
743
747
768
801
787
783
791
801
808
801
794
803
825
804
792
801
775
774
761
738
733
743
769
781
789
818
843
842
819
828
840
867
854
854
887
893
866
864
897
871
850
853
885
881
854
850
877
887
868
846
840
857
869
835
845
862
880
895
886
867
885
913
890
887
938
911
896
942
934
902
894
914
896
869
901
896
887
891
929
906
892
934
923
901
910
922
910
913
939
940
923
925
955
927
927
960
946
931
944
954
926
962
954
935
954
948
947
938
961
929
916
942
939
932
965
956
937
947
947
922
902
945
948
925
916
941
930
910
935
954
942
932
957
970
934
935
967
949
929
933
925
941
934
890
872
911
919
925
909
932
963
938
935
972
981
943
938
961
928
933
941
963
947
948
959
978
944
930
938
938
939
936
916
892
894
892
870
848
869
889
913
913
918
944
953
953
947
963
965
964
950
965
965
961
947
888
861
867
867
890
911
925
925
920
896
878
897
918
906
894
920
931
918
906
898
910
943
961
934
894
896
856
853
888
906
893
893
895
885
919
936
937
921
943
927
923
931
938
938
920
931
941
928
918
942
946
940
927
942
942
925
914
930
934
914
902
915
921
906
906
924
934
907
913
925
913
899
910
915
899
902
920
927
906
912
924
905
890
919
933
920
930
937
934
930
948
948
943
953
953
934
937
940
941
922
938
941
926
924
934
918
891
858
843
840
848
882
904
901
913
938
932
918
935
953
925
916
921
927
904
902
911
899
906
924
942
932
920
934
938
918
914
935
926
915
916
910
883
860
887
891
896
865
876
899
900
890
905
921
906
893
912
926
904
906
916
897
886
898
908
895
893
898
897
875
888
895
885
873
886
897
877
874
896
900
885
890
906
899
893
898
914
906
901