727
712
715
700
714
736
752
764
756
735
742
746
726
717
732
727
732
745
751
763
1528
750
729
729
724
709
697
694
690
699
719
731
732
729
730
748
793
814
816
793
787
797
799
789
774
774
797
814
807
792
771
783
811
810
801
781
765
779
784
786
785
767
786
799
792
778
762
778
776
795
786
773
752
748
757
779
773
758
749
769
785
773
768
737
729
715
695
682
675
675
686
699
712
728
739
758
762
768
771
773
772
772
756
742
738
742
745
740
730
722
726
735
741
757
750
753
743
745
753
758
747
741
732
730
742
753
766
765
754
744
738
739
741
744
732
724
720
732
733
750
745
739
731
741
742
748
745
739
734
739
743
745
734
727
733
740
739
731
734
740
752
740
749
736
735
738
739
737
730
724
737
745
755
743
742
752
755
750
741
729
730
742
752
751
750
754
757
753
741
732
722
724
726
730
734
740
744
759
745
745
738
744
763
771
777
774
760
760
772
789
789
776
772
757
764
766
768
757
753
752
742
727
723
721
715
729
745
758
751
738
729
735
743
739
743
732
741
761
777
783
782
781
774
793
803
808
797
785
769
779
789
808
803
795
783
785
792
789
773
762
747
762
772
786
764
758
759
769
773
769
762
751
771
771
767
759
759
767
773
762
756
761
771
770
761
759
761
774
781
788
784
794
805
786
782
761
754
753
753
749
739
731
742
747
742
740
727
743
747
748
752
761
771
757
749
765
777
784
783
770
766
773
785
790
774
766
769
775
783
787
782
773
770
774
766
756
742
740
748
760
765
766
775
779
796
777
771
776
785
788
785
777
766
769
771
788
788
779
763
762
775
772
775
768
756
771
777
785
788
781
774
779
780
787
787
778
789
787
775
766
751
734
752
753
763
749
739
729
744
749
754
743
737
748
744
745
740
744
768
773
773
792
794
783
764
747
757
765
768
759
756
773
774
765
752
759
766
764
756
747
737
750
757
748
736
727
730
726
727
725
752
764
785
792
780
770
771
788
787
790
797
779
774
789
803
819
825
802
792
785
782
772
766
749
762
771
795
803
790
779
793
795
789
785
771
785
805
813
819
808
793
800
817
815
805
797
799
795
774
735
735
726
722
718
711
718
718
728
724
716
718
726
714
722
717
729
728
721
725
725
720
727
729
726
466
963
711
721
712
707
703
713
710
702
696
695
700
689
685
687
688
688
688
685
692
694
688
689
689
690
689
678
688
689
685
680
682
687
678
671
663
670
667
667
657
670
670
668
662
657
667
663
661
650
658
657
646
642
643
641
647
648
645
636
634
634
634
624
628
629
630
625
624
629
629
628
621
625
625
623
621
618
623
625
622
614
615
615
623
614
610
614
616
616
609
610
615
613
611
612
616
617
611
615
619
621
621
622
628
615
617
624
620
617
613
620
616
614
613
615
620
615
613
615
619
622
618
619
630
631
622
626
632
623
621
618
626
617
615
611
617
616
617
611
615
618
613
616
616
621
627
628
621
623
624
630
633
629
635
631
626
623
625
627
629
620
615
627
633
627
622
625
629
645
646
644
634
639
640
647
1266
646
1296
638
643
643
644
641
640
641
639
635
632
629
634
642
641
640
635
631
630
634
642
646
641
641
644
655
680
679
679
673
681
690
700
702
696
696
689
682
676
652
641
641
658
679
684
684
691
688
703
709
726
734
728
713
704
712
715
718
714
701
692
697
700
710
707
701
695
699
706
707
706
699
700
709
715
720
711
709
723
730
729
722
712
721
731
740
734
724
710
713
720
724
717
712
704
722
724
715
705
703
697
690
680
685
680
697
724
742
745
742
733
746
768
775
768
759
748
763
771
765
756
749
772
792
793
786
765
774
791
791
774
762
776
782
781
771
753
747
753
776
771
762
750
736
746
748
750
748
747
765
774
763
750
755
775
789
785
779
780
802
808
790
776
789
792
775
760
796
810
800
786
803
813
821
803
775
791
800
787
774
774
788
817
815
788
796
821
823
804
778
789
809
803
786
777
801
817
800
785
793
813
802
780
788
809
803
784
781
803
799
791
803
815
815
788
792
800
799
780
768
792
798
795
791
808
812
800
778
799
805
797
779
787
808
795
783
784
808
799
793
778
801
802
784
783
797
800
786
767
790
795
786
778
808
811
800
780
806
813
800
781
804
811
802
786
801
811
801
783
793
803
802
788
803
825
810
800
810
821
804
791
800
807
801
792
790
795
801
783
769
783
796
784
771
793
804
795
779
791
813
806
788
788
804
806
803
791
823
816
797
788
784
782
775
757
771
783
777
768
802
806
797
782
791
819
808
786
794
816
813
800
789
806
817
807
790
803
821
809
792
795
796
774
764
745
747
745
729
727
735
726
747
759
777
780
790
784
761
782
789
792
810
788
775
784
777
769
749
738
730
718
705
708
719
729
730
740
741
744
746
744
737
734
735
743
757
762
766
763
761
767
773
785
786
789
774
767
760
768
771
771
765
754
741
743
750
754
755
750
749
743
747
747
749
743
747
743
753
758
760
755
749
739
750
759
773
765
756
746
741
748
750
746
744
740
750
754
744
737
724
724
732
748
756
751
743
741
760
766
772
766
753
753
763
768