1021
993
929
911
908
902
880
913
893
871
911
883
859
850
783
742
744
771
753
854
816
833
867
869
877
874
832
782
765
820
854
872
894
875
882
916
926
908
878
881
905
916
909
898
915
887
897
890
863
850
853
862
890
884
879
866
839
840
835
818
837
869
897
879
838
799
780
768
770
791
833
886
917
904
870
857
843
817
812
793
777
800
843
918
867
822
784
758
714
702
687
683
687
699
729
804
860
842
839
840
856
846
834
773
732
733
753
768
830
878
872
817
845
889
854
846
823
809
788
783
784
794
797
763
752
772
764
771
801
823
802
821
817
823
794
793
782
789
779
768
794
849
860
811
812
797
766
768
771
742
750
758
777
782
786
815
803
793
769
760
751
777
801
805
797
779
756
739
732
746
784
819
835
816
772
761
741
734
717
718
727
734
760
743
758
751
742
746
742
745
754
766
773
771
777
804
796
795
788
762
737
729
730
732
732
761
779
777
784
788
777
780
784
768
759
742
731
711
691
685
684
675
665
668
691
735
795
797
797
788
765
734
728
731
722
726
747
764
770
759
749
745
734
733
734
746
747
755
767
746
743
757
740
739
726
738
761
782
789
786
767
751
770
759
756
745
723
711
716
740
746
758
772
785
776
763
755
756
758
752
758
763
742
751
757
750
753
770
778
772
755
760
753
762
752
731
721
735
727
736
735
740
752
768
766
782
758
742
728
726
753
779
782
815
794
774
778
791
808
822
792
768
737
720
706
694
688
709
739
759
796
875
842
860
827
832
807
803
783
761
737
729
714
704
705
700
702
715
741
765
772
765
773
788
773
772
764
777
789
807
818
838
828
797
777
781
784
813
812
818
821
835
851
799
769
739
716
694
713
767
810
842
842
872
867
823
815
809
814
807
773
773
768
753
761
759
757
744
737
739
739
735
754
776
804
805
815
813
809
782
782
794
811
859
887
889
902
884
884
853
855
863
834
839
832
811
783
768
785
802
814
818
814
816
828
847
870
877
881
840
838
813
815
790
762
780
814
834
840
846
870
880
867
862
878
859
836
842
846
854
890
905
889
894
878
869
869
889
887
866
856
825
802
783
756
743
728
739
793
813
808
856
895
887
855
838
854
847
824
821
824
823
827
813
791
810
844
899
865
827
868
890
870
849
820
828
832
821
821
821
793
807
776
792
771
771
766
761
765
778
807
833
855
845
855
879
880
864
846
818
802
782
784
794
807
796
796
765
714
712
702
677
673
661
654
656
658
664
669
667
660
656
640
631
618
604
595
584
580
577
572
570
563
564
564
559
559
557
556
555
550
548
551
553
551
551
550
554
557
559
559
563
470
648
560
555
556
552
551
548
546
545
543
539
541
535
530
529
527
527
524
523
522
522
525
520
520
518
517
514
517
522
524
526
524
522
525
525
525
527
523
523
526
526
526
527
524
524
525
525
521
520
518
521
518
518
519
519
519
517
519
516
516
513
515
512
512
509
510
509
508
509
505
506
505
503
501
501
500
500
499
498
499
499
500
501
496
500
497
1000
498
492
494
492
490
488
487
486
486
484
482
484
483
482
482
399
566
485
978
486
468
392
396
646
497
486
413
382
634
490
482
422
543
483
485
487
492
498
498
496
495
496
491
494
420
560
490
488
487
487
485
434
530
481
482
396
565
480
478
479
478
477
476
477
479
478
479
478
398
395
387
390
417
632
497
489
488
484
482
483
482
484
484
484
485
491
490
490
490
490
490
489
489
486
484
485
482
483
479
481
479
479
479
479
478
480
479
411
544
479
479
479
479
478
476
478
477
478
476
475
406
402
615
481
478
479
479
479
479
479
479
479
478
478
477
479
476
477
474
475
475
472
475
481
483
483
489
489
489
410
566
490
484
483
485
485
488
488
489
488
487
483
484
483
420
542
481
479
397
562
481
478
479
479
479
478
479
482
481
483
481
484
485
485
484
483
483
482
481
483
480
479
482
480
482
479
480
479
480
479
479
477
388
379
646
493
480
479
479
477
475
476
475
476
411
536
477
476
474
477
473
476
479
478
480
479
479
479
479
479
477
477
475
478
476
472
473
471
469
471
480
484
484
488
485
489
488
490
484
429
541
487
481
481
481
406
557
485
485
485
489
487
489
488
492
492
494
497
499
498
498
495
499
498
501
496
497
497
497
435
560
497
496
497
493
491
492
492
492
492
490
491
492
491
490
487
486
487
485
489
485
486
487
488
488
489
487
490
490
492
491
492
497
501
499
496
499
495
497
493
490
491
492
490
491
490
491
491
493
490
491
491
386
598
494
489
390
590
399
576
486
480
480
484
482
484
481
482
483
484
484
484
484
489
492
494
495
497
501
501
498
499
500
498
498
494
495
495
496
493
494
492
492
490
489
485
486
484
483
481
480
480
480
480
480
480
482
482
485
483
483
485
484
487
483
484
484
486
487
487
487
491
493
499
494
496
496
497
496
493
490
489
497
503
503
506
501
500
503
502
500
498
495
494
494
491
488
486
488
485
488
484
486
485
487
484
484
485
486
486
483
485
979
486
484
486
486
485
481
480
482
480
480
478
478
479
477
475
473
476
474
479
477
478
479
479
479
479
478
479
479
479
479
478
479
479
479
476
479
477
478
477
475
478
480
479
481
481
410
565
490
489
488
490
487
488
487
486
487
486
488
485
486
487
488
488
485
486
487
487
488
485
485
486
978
484
480
482
480
479
476
476
477
476
477
474
475
476
479
479
480
480
483
489
489
489
493
492
490
489
487
488
487
487
483
483
484
482
485
481
482
482
482
479
481
479
481
482
483
482
483
484
483
485
481
482
483
483
482
484
482
483
484
484
488
485
486
490
491
492
489
492
494
493
493
490
488
490
495
493
494
492
497
496
493
492
491
492
490
487
485
487
489
489
491
500
505
506
503
507
512
510
515
518
518
519
528
534
536
534
532
534
536
544
545
548
564
562
560
566
559
562
554
550
546
540
537
529
528
531
528
526
531
530
522
524
536
536
532
531
534
533
537
532
531
535
535
535
534
541
543
545
543
547
550
552
548
546
546
546
542
540
547
550
552
553
563
563
560
560
563
562
561
559
570
580
583
580
579
591
591
590
584
581
583
588
596
589
589
601
604
601
604
652
635
628
621
618
610
610
609
606
603
598
590
583
577
569
564
556
553
550
547
548
560
566
566
564
577
574
578
580
568
562
557
557
566
582
585
589
604
603
595
596
593
593
607
618
610
613
655
654
654
651
692
675
661
671
693
719
701
704
701
707
701
692
703
699
694
688
679
680
678
675
666
663
648
662
651
633
626
634
630
635
633
635
649
656
664
659
654
655
674
696
682
677
712
722
716
711
760
777
785
756
756
740
728
710
712
706
696
700
701
701
692
674
671
667
657
657
656
665
664
667
663
658
656
673
677
669
663
673
674
677
680
662
682
687
694
692
677
682
679
687
688
673
680
679
681
686
682
674
660
649
650
672
691
692
727
725
726
727
737
748
736
729
736
749
754
755
768
776
771
802
800
783
786
773
754
785
806
825
829
776
791
806
772
753
736
721
701
680
670
679
691
705
724
775
786
809
811
775
751
751
757
755
748
730
743
749
758
742
733
742
739
743
735
724
714
716
712
708
690
687
683
698
698
728
745
756
766
766
747
734
724
722
720
714
712
718
710
704
694
693
685
686
688
704
719
733
720
729
740
742
740
747
758
758
775
770
761
773
777
770
785
788
793
785
767
757
765
770
770
760
734
703
690
689
689
695
722
734
744
738
746
768
756
749
749
778
776
772
793
788
784
777
766
756
758
755
763
793
797
800
798
793
779
769
773
778
798
774
792
792
766
768
770
768
775
774
754
742
743
747
748
754
747
769
786
780
772
766
787
794
801
788
790
784
778
765
766
754
750
746
771
782
771
754
747
755
763
773
765
778
784
780
775
783
786
787
781
771
764
764
756
767
774
771
762
753
746
729
712
708
709
730
735
739
743
748
731
724
710
708
711
714
709
722
729
730
729
744
736
738
727
705
692
729
765
800
813
823
804
794
777
759
752
745
736
734
721
697
684
667
658
647
643