854
827
841
824
835
820
830
839
824
830
830
830
827
888
880
891
895
911
913
923
932
941
933
933
940
943
917
935
976
871
940
931
896
934
924
911
938
913
945
922
914
927
913
904
895
896
889
916
909
897
902
880
880
891
882
938
858
885
901
916
891
900
899
879
891
889
866
897
890
873
902
899
879
947
835
856
847
865
854
836
852
845
839
848
841
830
899
818
841
864
864
849
871
854
851
864
863
848
872
872
854
875
867
853
882
867
868
885
872
867
882
868
868
892
885
887
885
873
893
903
887
896
882
914
905
904
922
903
921
911
931
930
916
921
926
904
916
911
930
926
904
902
887
896
917
921
910
920
919
898
898
900
901
899
889
925
862
929
868
945
858
913
911
910
903
915
918
921
919
931
940
937
921
945
939
945
947
924
952
938
925
948
932
909
930
912
916
925
912
919
932
912
919
909
909
913
919
919
912
913
909
889
906
894
884
901
885
898
898
893
903
905
899
916
906
910
917
896
913
898
891
915
912
911
923
915
913
909
900
905
912
894
914
911
914
917
900
916
908
891
906
891
876
892
879
868
896
900
896
892
878
884
892
889
890
896
892
875
840
859
890
863
873
893
887
880
885
890
889
887
903
895
883
916
907
896
886
896
887
870
912
883
894
897
879
903
830
936
802
939
801
933
826
918
868
879
820
927
886
878
899
899
884
907
917
894
904
907
901
911
917
904
926
900
884
898
901
881
903
892
905
910
905
921
920
906
910
917
885
888
900
882
831
943
896
892
901
899
906
967
931
821
1015
841
1009
946
936
891
966
914
808
996
917
908
893
908
906
909
823
926
873
871
884
885
874
891
884
874
884
867
842
816
821
820
834
831
842
840
838
815
801
806
809
802
800
798
805
823
827
821
798
787
776
750
743
710
703
693
687
686
693
687
681
666
668
672
671
666
664
672
675
662
658
665
663
659
653
650
676
682
663
662
661
649
651
659
649
649
648
645
647
648
642
648
665
645
649
662
662
654
660
651
642
643
653
655
653
643
646
646
640
638
641
636
640
636
628
628
629
669
652
643
640
639
631
632
629
628
631
629
627
629
624
621
617
617
614
614
624
613
615
617
614
612
611
616
609
614
612
608
607
610
604
597
618
605
607
612
606
607
607
600
597
610
646
621
608
612
608
608
606
602
600
602
596
599
604
594
593
597
586
588
588
586
583
583
607
591
591
593
593
589
591
588
578
583
578
579
579
583
580
582
586
576
575
582
588
575
579
583
575
581
585
580
577
583
576
571
578
607
604
594
593
592
589
590
581
580
578
571
571
569
571
563
566
563
556
557
556
556
554
557
550
552
546
556
569
562
554
556
553
552
555
555
553
549
553
560
556
554
558
570
563
562
561
561
557
556
560
555
553
551
549
543
543
547
549
537
540
549
538
536
539
556
543
540
540
540
533
537
534
532
536
531
530
531
534
531
532
546
538
536
541
537
534
535
553
541
538
542
544
540
535
541
536
537
541
543
538
540
547
543
540
558
590
574
571
576
563
560
561
547
548
548
542
539
538
538
529
528
543
548
533
533
536
531
529
527
522
521
525
533
532
538
536
528
541
549
546
547
540
549
554
554
545
545
554
551
543
514
565
566
549
550
554
548
544
544
563
558
557
553
554
545
540
552
547
540
542
562
567
562
558
558
547
548
540
535
451
592
547
528
532
531
525
525
525
523
522
526
517
521
525
521
521
518
521
513
515
519
515
511
513
525
523
521
520
522
521
513
519
535
534
531
530
535
527
528
527
523
520
521
522
516
517
523
517
431
610
561
535
536
538
532
529
527
520
518
524
517
517
517
525
521
515
519
519
510
513
515
512
507
510
511
505
507
510
503
503
505
514
503
503
509
511
513
508
510
527
526
521
421
604
548
526
522
529
541
541
537
534
534
543
542
530
526
524
526
516
521
525
525
521
524
525
522
520
531
516
515
517
516
506
505
512
515
509
508
511
506
503
509
509
503
508
508
508
502
503
508
514
504
506
521
534
524
525
534
530
526
530
529
527
526
532
525
521
530
523
525
528
524
524
530
525
526
528
532
523
520
525
540
540
536
538
531
530
533
530
525
528
527
521
522
528
464
563
527
525
515
517
520
521
519
514
512
517
519
511
511
514
522
513
516
512
513
509
504
509
513
504
506
510
515
508
510
511
519
508
509
519
514
507
513
511
508
510
514
503
502
509
506
501
508
502
501
499
509
513
508
510
510
504
500
512
518
509
506
512
501
504
505
496
498
498
496
486
492
491
485
489
492
486
487
491
491
490
488
491
495
490
489
493
484
429
539
501
482
489
492
487
484
491
489
487
489
493
483
492
491
488
489
493
486
487
495
511
498
501
503
497
503
503
505
507
508
508
503
502
520
530
521
517
520
518
512
516
512
509
511
516
511
507
516
526
526
520
522
518
517
519
513
517
519
519
516
516
535
534
536
536
550
548
553
572
576
570
572
586
570
563
616
625
602
602
584
580
581
581
590
599
592
604
604
601
602
681
644
629
621
724
713
688
676
669
651
621
604
611
594
604
595
592
607
597
590
598
603
590
602
604
594
598
609
587
588
597
598
587
598
711
645
623
613
607
612
603
598
592
599
594
591
597
596
597
596
595
594
813
722
693
695
682
683
662
659
654
651
646
640
618
612
606
608
607
620
622
618
627
643
628
640
633
628
632
629
621
629
625
622
631
627
626
643
639
633
625
619
617
608
603
607
614
618
619
649
646
646
674
665
672
665
655
666
657
663
672
690
691
676
674
671
680
687
687
697
672
674
678
675
704
697
668
874
783
739
762
723
704
680
674
657
627
611
607
610
615
610
604
608
614
625
621
621
639
663
643
634
627
629
630
635
632
634
628
622
622
642
641
651
653
650
658
659
654
667
657
663
667
666
677
676
682
684
685
682
679
681
670
680
698
686
681
675
665
671
679
673
684
684
703
698
713
705
716
712
726
712
718
713
701
714
711
725
726
729
732
733
725
721
731
725
731
720
720
700
699
691
690
705
697
721
707
708