787
814
816
811
773
801
817
821
785
816
838
837
801
830
834
828
796
824
839
812
838
864
859
825
823
846
852
796
771
788
791
778
761
790
809
813
784
798
807
809
767
795
815
825
803
822
847
844
808
818
835
848
805
821
835
806
781
813
835
804
817
833
838
792
812
820
804
771
778
791
805
777
793
800
803
778
797
800
794
762
782
782
787
765
794
805
811
774
801
811
813
785
797
814
814
775
788
796
795
777
794
812
804
774
783
790
777
755
785
802
816
776
800
801
794
759
766
772
785
758
775
788
783
753
764
779
792
747
755
771
738
744
745
747
756
741
712
701
710
734
750
759
730
722
708
685
708
725
728
707
722
730
761
769
766
802
820
838
806
783
800
813
803
768
803
811
808
782
811
819
795
782
812
811
805
764
785
776
784
763
757
781
806
786
773
807
817
799
771
793
800
809
769
792
803
813
780
802
798
802
771
792
797
808
764
786
771
774
744
750
773
784
753
753
747
743
719
709
722
730
719
699
713
716
716
694
705
710
716
709
705
728
743
750
728
753
754
757
727
745
742
742
725
737
743
753
732
733
755
781
782
754
735
712
714
737
729
703
717
722
727
712
701
686
681
704
726
770
809
806
805
802
784
771
760
749
754
756
756
758
769
772
761
745
734
729
737
745
758
783
774
768
789
788
781
758
750
757
758
766
752
738
753
759
762
730
728
723
704
684
690
690
690
700
705
705
690
693
701
719
724
701
698
697
698
706
698
713
716
722
717
719
737
762
773
764
793
795
798
777
786
779
785
762
745
763
764
769
762
729
731
725
708
686
683
662
691
724
702
703
729
745
744
707
722
716
725
714
710
728
755
768
748
758
770
778
757
749
757
768
766
742
736
732
733
735
717
738
743
758
730
736
750
754
753
731
753
754
754
731
758
769
765
729
740
729
717
747
771
774
745
744
746
753
740
712
729
729
735
717
705
729
743
758
752
725
748
755
771
774
739
761
756
758
750
734
750
753
758
733
742
752
769
761
739
769
778
779
743
739
745
748
747
728
750
764
780
746
766
781
786
759
750
758
756
736
718
738
740
760
729
723
730
715
691
673
667
648
656
653
642
655
644
638
636
627
629
627
622
613
621
617
613
616
612
614
614
622
623
616
618
630
628
644
657
682
691
673
676
672
673
655
655
621
623
617
616
642
641
641
645
636
629
636
631
636
617
626
625
605
610
608
593
604
594
596
585
591
590
580
593
588
591
585
568
575
567
567
564
569
575
563
574
572
577
572
574
574
566
570
570
580
583
575
579
574
577
569
574
571
566
572
570
572
563
569
570
560
568
564
565
565
559
563
551
555
559
557
564
554
556
565
560
575
563
563
557
550
548
540
541
535
535
531
533
531
528
537
533
542
535
546
542
542
545
545
559
552
556
560
548
556
549
557
552
551
561
555
551
555
550
555
550
555
556
549
556
551
549
552
549
562
553
559
559
555
557
548
561
557
557
564
562
569
559
559
565
556
559
558
548
554
549
548
551
546
556
549
552
556
550
554
548
552
553
550
553
547
551
546
546
551
541
546
540
545
541
539
549
539
545
547
552
546
548
551
542
547
545
545
542
539
545
537
544
544
538
549
542
546
539
543
546
545
548
546
553
547
550
548
550
558
552
557
547
546
547
541
549
545
552
563
576
583
581
581
584
576
567
564
558
561
555
558
560
561
569
569
571
580
581
566
568
563
556
554
552
556
563
570
569
574
568
570
575
568
597
606
615
614
610
609
603
595
595
593
596
596
614
622
625
619
631
630
628
622
633
650
642
640
653
648
631
640
643
622
622
632
647
655
656
628
631
644
649
636
635
635
640
630
627
640
655
647
638
639
646
650
638
639
641
624
617
607
595
584
587
586
585
589
606
628
631
630
643
667
681
678
685
705
714
688
669
689
707
686
673
697
709
692
677
719
732
740
709
685
705
696
672
660
676
690
674
666
688
701
673
668
680
688
670
660
686
706
697
681
693
699
703
670
667
668
684
666
657
670
692
702
683
691
684
688
655
657
646
629
619
624
633
642
662
656
658
668
683
683
660
669
680
694
679
697
711
738
715
726
740
759
741
721
737
745
759
729
743
746
764
749
739
754
763
729
714
722
722
709
699
685
657
648
662
651
649
658
672
679
661
681
707
737
730
714
738
746
718
708
711
710
687
678
688
710
704
696
733
741
722
712
727
727
707
685
696
707
722
695
713
719
707
684
700
707
719
692
684
688
673
664
666
695
707
709
718
710
705
684
657
650
645
632
630
628
617
612
608
600
598
604
601
612
617
630
634
636
647
659
672
661
663
670
677
670
646
648
643
644
631
641
640
641
636
647
659
654
666
678
687
667
688
692
692
703
687
664
656
646
662
683
675
666
687
694
698
688
699
713
719
701
684
685
679
657
649
653
671
668
651
644
630
633
640
637
647
658
676
656
669
687
718
714
729
740
753
730
726
725
719
701
674
683
684
691
677
662
675
684
703
710
690
699
714
720
720
704
680
685
689
711
720
691
688
702
709
721
705
688
694
706
707
681
672
687
689
688
670
681
693
707
714
693
689
704
714
708
689
696
706
716
706
701
714
722
708
688
696
703
716
695
709
718
739
728
703
714
722
722
710
728
721
727
694
694
697
694
682
708
715
741
740
727
689
679
670
673
680
681
668
667
673
686
703
691
663
664
653
632
636
654
647
657
668
685
670
670
677
699
678
679
685
701
695
689
692
701
699
674
675
670
658
675
683
695
690
688
697
699
686
666
678
678
659
671
675
688
682
673
689
698
701
703
685
694
695
700
690
666
663
657
656
645
638
637
628
653
729
748
760
756
753
730
689
664
643
640
643
648
657
661
663
658
677
682
707
713
711
703
735
743
754
743
732
753
750
744
712
734
732
743
731
729
732
737
737
722
719
722
731
727
723
714
724
740
748
747
721
738
735
730
715
702
711
723
730
707
702
716
732
720
694
718
717
723
709
695
704
707
717
690