813
817
814
826
836
851
855
856
843
854
848
843
849
851
855
858
854
852
854
836
844
836
847
855
859
840
853
861
865
851
869
873
859
874
874
855
858
866
860
866
872
857
867
855
870
874
877
873
848
851
841
839
843
823
839
841
845
843
851
856
853
857
867
867
869
864
870
875
867
877
875
868
872
856
859
864
865
866
850
851
852
859
862
866
857
873
879
873
867
880
878
881
860
875
877
859
875
859
854
860
856
856
858
854
871
880
862
880
883
879
865
878
880
874
867
867
872
868
869
875
876
860
875
871
872
863
855
858
859
858
843
854
858
857
860
851
835
836
837
836
843
829
836
841
844
854
861
859
868
874
876
874
857
858
864
867
858
848
840
832
820
813
806
801
809
813
819
825
830
816
816
822
825
830
810
814
822
833
829
832
835
837
834
828
810
795
826
827
837
850
863
862
869
871
865
861
850
843
830
835
818
821
830
834
834
835
830
563
270
828
821
825
824
811
811
823
823
828
830
837
841
839
853
851
856
864
863
857
863
866
866
870
863
851
850
854
857
852
840
848
852
837
838
850
855
854
842
853
853
860
857
856
844
847
849
851
856
847
838
840
843
843
828
841
850
843
845
832
847
848
845
843
842
852
857
848
846
858
860
862
856
868
867
854
850
855
858
857
854
847
854
854
862
860
866
872
872
870
876
879
873
873
866
858
846
828
829
833
832
835
842
848
854
854
860
828
835
840
818
836
843
829
833
844
847
855
834
844
851
853
851
844
840
833
840
835
842
834
838
844
852
858
858
837
847
855
856
841
850
852
852
852
846
840
850
851
844
850
858
854
865
870
868
869
877
873
871
856
843
846
847
859
870
880
887
883
884
890
882
888
883
878
880
874
871
873
867
868
854
858
857
855
861
857
853
857
854
842
849
838
838
837
817
823
848
853
856
854
854
859
857
854
838
841
842
848
849
851
853
854
853
845
854
847
843
835
841
836
837
836
831
825
812
816
813
814
811
816
818
825
832
839
844
850
851
854
864
863
855
862
861
858
834
844
847
850
854
842
851
857
864
867
873
875
872
869
875
878
878
885
883
884
880
854
850
852
851
852
852
858
858
847
852
854
860
861
862
859
864
861
859
861
862
863
862
860
869
865
851
853
818
806
849
851
854
848
838
841
834
827
821
821
827
816
816
811
806
804
803
800
792
790
784
780
772
771
768
762
760
760
753
760
754
753
761
751
754
751
745
746
738
737
742
734
735
733
736
737
728
732
727
732
728
724
723
721
719
719
713
717
715
710
713
711
711
709
704
706
704
697
706
699
701
705
697
700
703
697
704
699
699
701
694
694
694
691
695
687
692
688
687
690
692
687
690
694
688
688
687
681
686
679
684
681
677
672
673
672
670
670
667
668
666
669
665
662
666
661
663
665
661
665
664
666
666
659
660
661
658
664
663
661
665
661
662
667
663
665
662
662
661
664
669
664
667
666
661
670
664
662
664
666
668
663
665
669
671
671
673
676
674
673
672
672
671
672
673
672
675
677
673
671
667
666
662
663
656
660
661
660
665
659
656
660
654
660
659
653
660
651
653
653
646
652
646
649
646
654
661
663
664
668
668
671
672
670
667
653
656
651
656
656
655
657
659
661
666
675
677
682
687
696
691
698
701
699
696
698
702
694
699
703
701
700
700
704
701
710
719
715
704
748
757
758
767
775
766
775
781
789
771
764
760
760
749
742
752
755
762
747
755
760
763
753
770
776
778
782
771
775
780
775
764
770
777
783
781
781
784
781
781
762
754
757
747
756
766
771
769
774
778
791
780
792
803
786
800
813
795
803
813
821
802
812
819
819
811
821
830
814
823
829
831
823
834
836
806
782
794
798
789
815
823
820
826
820
821
827
816
813
816
824
830
839
821
819
826
834
832
814
830
840
847
844
825
824
831
816
824
833
836
825
838
848
833
844
831
835
851
852
847
855
863
853
842
852
848
844
856
858
836
846
853
825
827
837
836
817
824
838
847
843
854
866
861
850
867
872
854
861
876
876
869
873
879
872
878
876
864
842
846
849
845
853
857
847
837
818
811
814
813
834
850
852
854
863
865
853
864
881
884
866
875
888
881
869
882
877
870
874
875
877
867
871
873
864
862
862
844
854
857
844
835
838
828
825
831
837
839
831
829
830
843
847
853
857
852
849
854
853
845
848
852
854
851
856
861
861
860
866
867
865
882
889
893
897
900
904
885
841
929
928
888
864
864
862
858
871
860
875
882
872
884
890
885
879
875
878
865
871
865
862
864
856
853
850
851
848
856
896
903
877
863
843
848
851
856
862
865
852
854
834
841
843
845
850
837
852
867
871
870
856
861
854
854
841
855
839
851
853
850
849
834
848
856
854
857
845
850
842
838
822
825
826
821
822
828
821
820
826
823
826
842
827
820
828
825
827
838
851
831
831
839
832
846
846
830
835
833
837
837
820
825
830
815
812
810
812
821
825
812
827
828
832
832
834
819
823
824
825
814
831
837
838
826
808
809
810
817
831
833
840
813
824
832
838
847
856
858
847
850
821
813
833
835
844
870
886
889
876
879
884
847
850
854
858
860
864
871
858
866
856
854
870
870
869
870
856
877
875
882
886
892
878
856
864
873
869
868
873
860
872
876
873
862
858
844
848
834
831
841
858
866
888
895