972
970
980
980
966
962
961
945
923
925
935
938
953
964
966
975
993
994
983
994
1001
998
993
1003
1009
1005
996
1000
1006
999
995
1007
1009
998
999
1008
1014
1000
1008
1012
1012
1001
1012
1009
1010
1003
1007
1007
998
996
1004
1003
997
991
995
996
982
984
987
977
975
973
976
963
968
975
968
972
976
976
966
962
972
967
957
963
961
955
953
935
945
953
956
950
955
955
946
954
956
958
959
960
952
960
952
955
958
966
966
959
959
958
963
961
967
967
968
967
960
965
954
959
950
958
954
946
941
914
915
906
913
919
918
911
920
926
930
937
952
957
970
962
971
963
969
962
954
964
972
965
974
966
968
972
975
971
976
958
961
959
962
956
955
958
950
959
961
960
956
953
954
947
950
958
956
961
956
953
955
954
951
958
955
953
957
959
954
930
916
926
935
931
942
951
955
959
964
959
964
957
964
964
959
951
949
961
955
959
965
967
977
973
963
960
959
959
962
955
949
954
962
966
960
968
966
973
961
958
963
968
966
966
963
945
947
941
944
947
946
949
947
948
950
956
959
946
951
947
950
934
928
933
931
922
924
927
926
920
925
927
930
931
932
934
927
908
900
906
918
926
935
951
967
979
979
987
998
997
996
977
985
979
981
990
987
986
987
965
983
979
984
987
973
977
975
982
988
996
993
972
966
960
954
962
962
959
952
961
971
969
973
979
991
988
984
996
984
984
978
979
982
989
991
976
975
981
975
974
972
977
974
979
986
993
988
997
1001
997
999
996
995
981
988
986
976
972
968
958
961
965
967
964
963
974
974
962
957
952
957
959
957
962
958
960
961
959
965
969
959
958
942
945
942
940
938
938
945
945
949
957
937
920
914
909
901
904
901
885
892
896
889
891
896
896
883
872
881
870
860
865
865
864
866
869
867
857
866
874
861
860
873
861
867
874
871
869
867
875
855
837
842
833
848
842
822
821
819
817
826
808
800
811
798
803
814
786
660
903
791
698
861
775
779
778
770
775
763
759
759
760
762
761
747
752
761
748
753
743
756
770
748
750
752
751
754
742
746
743
745
750
739
746
741
614
695
849
755
756
738
740
734
580
854
745
736
735
735
735
721
722
729
719
736
727
729
732
722
730
725
729
736
728
735
725
727
726
726
727
727
720
724
728
714
723
726
716
723
722
721
724
720
720
725
723
724
731
723
727
733
716
723
713
718
717
713
714
705
710
711
709
709
706
707
702
708
711
703
709
700
701
703
689
701
699
684
694
689
689
697
678
693
684
684
692
681
689
691
682
692
685
688
695
697
699
695
692
690
705
687
700
699
686
705
699
701
708
702
714
710
717
705
727
707
726
742
746
735
752
755
754
760
766
757
762
751
743
733
738
742
740
750
763
754
769
776
781
775
791
796
782
803
804
792
816
813
801
811
817
815
833
846
850
862
884
864
886
890
876
873
890
871
867
874
848
858
863
842
843
849
843
831
842
833
823
840
839
821
836
832
823
809
785
793
801
799
803
825
837
834
857
870
862
854
878
880
869
891
901
889
885
900
896
883
903
913
901
893
919
913
893
914
915
879
860
867
849
837
838
833
853
861
857
865
880
883
867
889
888
891
872
889
897
892
876
900
901
893
883
896
908
878
900
902
891
895
905
905
895
871
851
862
866
871
876
889
903
914
913
915
903
901
898
902
912
915
899
902
904
911
899
891
902
910
887
893
896
891
884
894
898
888
895
899
890
886
891
891
891
885
891
893
892
883
879
886
879
873
880
885
874
875
871
860
867
874
866
871
881
881
876
891
891
892
883
885
898
896
886
889
903
900
899
880
857
862
857
853
859
869
879
889
899
899
900
895
883
858
860
869
874
872
876
887
894
901
889
891
901
902
892
884
895
893
894
881
884
895
905
902
887
896
901
899
885
890
897
895
882
888
897
899
893
892
910
916
909
901
900
900
898
882
863
854
854
845
846
856
858
857
873
879
884
887
877
889
889
887
892
885
889
901
909
905
910
912
924
921
912
914
920
924
909
908
917
922
909
911
924
923
911
911
920
923
917
915
923
922
920
908
909
914
918
904
906
909
915
902
896
904
905
891
889
891
884
871
878
882
884
877
888
888
887
884
894
897
893
887
897
896
885
882
885
891
885
884
894
896
894
887
870
855
851
843
852
862
875
891
881
903
909
903
910
907
896
897
902
905
905
899
896
902
912
920
910
907
916
923