762
767
756
747
751
762
775
775
771
771
779
779
765
771
785
785
772
770
778
789
775
777
788
801
792
785
794
807
813
798
795
804
810
802
792
797
813
825
809
806
818
827
827
819
826
837
818
823
840
854
854
839
844
860
870
843
840
845
858
847
827
844
865
868
847
851
870
878
851
856
874
886
861
860
886
872
836
809
795
831
852
873
889
892
557
1151
861
864
866
1736
888
855
844
838
861
883
875
879
1792
928
874
839
836
842
849
836
844
864
876
887
869
874
880
887
885
861
859
867
876
862
853
866
890
889
869
876
887
889
867
856
872
884
897
867
874
891
902
879
870
887
894
887
854
864
867
870
841
851
861
861
846
846
867
886
866
856
878
890
894
877
894
899
904
888
869
881
884
885
866
875
892
863
855
875
888
872
856
868
873
857
846
866
875
866
853
872
885
888
856
850
862
868
876
856
860
878
886
883
860
872
880
871
855
859
874
872
857
863
875
869
859
869
850
831
829
849
854
839
841
853
862
847
850
856
863
855
839
848
852
856
855
841
840
820
791
781
796
815
801
788
796
815
817
801
794
813
828
840
824
827
845
860
868
857
856
863
871
880
875
864
878
886
877
858
847
860
866
873
856
851
867
878
886
865
861
879
894
885
862
873
885
885
868
866
884
889
878
858
874
875
854
844
864
871
872
853
854
859
861
844
850
859
864
860
846
854
861
867
865
852
862
867
872
855
840
849
855
845
818
803
828
853
866
879
892
902
913
919
915
911
916
915
912
917
915
917
915
911
899
874
889
891
893
861
842
846
852
836
839
853
862
881
877
859
863
862
864
863
859
868
880
881
862
863
868
883
890
860
860
870
883
892
888
890
892
896
893
895
896
877
882
886
885
879
863
862
875
886
866
854
873
847
833
844
857
872
854
856
872
881
885
891
877
865
861
858
851
837
852
860
854
850
856
859
843
832
836
845
848
836
836
838
848
833
838
841
825
811
785
774
765
761
754
734
737
742
732
740
738
740
755
755
747
750
759
752
737
733
730
717
712
712
706
702
708
702
695
690
676
675
673
677
679
677
684
675
676
671
678
665
667
656
662
660
655
654
661
666
657
655
658
662
667
664
662
661
658
658
653
654
656
658
662
651
647
646
648
646
644
636
636
636
637
632
624
628
630
626
617
618
621
625
612
617
613
615
619
615
615
618
617
617
612
610
611
611
609
607
611
609
611
609
604
604
609
608
602
606
594
593
590
589
587
585
582
580
583
581
577
580
579
580
579
580
583
589
583
587
586
590
584
580
580
580
574
574
573
571
571
567
565
566
566
562
564
561
563
560
558
559
563
556
557
556
554
555
549
545
540
540
541
542
538
538
538
544
543
544
543
547
548
543
543
542
545
545
546
544
542
547
545
548
546
543
546
546
547
546
542
544
546
546
546
545
545
551
545
545
545
545
544
540
545
544
545
542
540
544
546
541
539
539
542
543
539
537
536
537
536
542
533
533
536
534
537
534
530
532
531
532
529
529
531
530
536
528
530
531
531
531
527
532
529
531
528
524
527
524
526
528
522
525
527
529
526
524
522
526
524
528
526
523
526
525
525
525
521
522
521
523
522
519
518
519
521
523
522
521
521
525
521
522
521
519
519
519
519
519
522
522
524
522
523
525
525
523
524
518
516
516
516
515
513
512
515
512
514
518
513
517
516
519
520
519
519
518
522
524
528
531
531
527
523
522
518
521
524
529
535
542
542
540
540
544
545
540
539
536
538
530
532
531
534
532
528
527
525
528
525
529
527
528
529
523
527
527
530
529
524
525
524
527
525
521
522
521
524
520
521
521
522
522
519
525
522
524
521
521
526
525
527
522
522
523
526
524
524
529
528
534
527
530
529
531
533
535
540
535
534
535
533
536
530
528
532
532
536
538
542
543
541
539
532
533
529
530
532
535
527
525
523
522
523
521
518
521
519
520
518
515
521
521
521
515
520
517
518
513
512
515
517
513
513
517
514
514
518
512
512
512
511
511
506
507
501
505
503
506
508
505
507
508
513
507
511
512
514
518
514
520
518
521
521
516
521
521
524
521
523
523
529
529
525
527
527
531
529
526
525
523
526
526
525
523
521
523
523
525
524
523
525
527
526
525
522
523
522
521
520
519
521
520
516
515
515
513
516
512
512
516
516
517
514
516
514
516
515
512
517
513
513
515
511
514
512
515
514
509
510
510
511
511
511
510
506
512
508
511
508
507
511
509
513
507
509
510
512
513
508
514
510
510
509
510
512
512
514
509
513
511
510
510
506
510
509
511
510
513
509
506
510
510
506
507
507
507
511
508
506
506
507
509
506
504
508
505
506
503
502
506
505
508
503
507
505
504
507
504
506
504
507
506
505
504
507
504
505
503
501
505
504
505
506
502
504
504
506
505
506
505
505
506
504
508
504
508
505
505
506
503
507
506
507
505
505
503
500
504
501
501
499
498
493
493
494
493
495
491
494
493
497
498
497
496
500
497
498
497
496
502
499
503
500
500
501
500
504
500
504
504
501
503
502
505
504
504
504
505
503
506
509
512
514
511
517
516
521
521
521
524
524
528
524
529
535
537
541
545
549
552
555
554
554
556
556
560
558
556
557
562
565
565
567
562
563
563
564
565
563
563
566
569
570
573
573
575
578
578
579
583
583
588
592
595
599
596
596
599
601
603
601
598
602
604
604
598
596
602
603
601
603
601
604
609
614
618
617
615
621
628
632
633
635
632
624
612
617
622
636
636
637
631
631
642
644
657
658
652
650
663
674
682
686
690
688
670
678
688
682
673
667
671
679
682
680
671
679
681
688
685
682
683
691
704
700
703
702
711
723
726
720
719
724
725
721
706
722
733
729
705
714
722
721
727
717
730
733
732
725
735
736
729
726
743
745
744
715
728
734
741
735
725
729
732
729
725
721
736
723
725
714
696
688
694
697
698
712
729
729
727
710
725
729
743
742
733
732
747
757
756
740
736
749
761
764
762
752
763
767
770
758
752
769
770
762
749
751
754
743
718
698
704
721
724
735
746
752
753
743
741
757
769
771
776
759
765
763
780
772
766
756
762
765
772
779
772
754
744
760
761
771
774
768
757
764
766
771
776
760
766
769
773
780
771
758
760
763
771
762
740
741
755
751
750
746
740
747
750
755
752
759
765
768
763
754
745
757
760
765
757
749
753
756
758
757
737
750
762
771
771
773
755
763
769
774
773
760
764
771
776
780
767
767
772
762
760
745
750
749
732
716
704
691
697
708
715
739
737
734
739
746
757
769
773
763
774
783
796
802
808
812
805
790
803
803
554
1009
764
750
749
751
757
757
1541
787
782
774
748
1484
763
742
726
715
724
726
722
717
709
732
728
731
764
776
782
774
756
748
757
753
759
768
760
757
769
779
779
784
781
760
769
771
775
786
772
756
751
732
746
760
771
771
771
770
767
770
759
755
765
775
789
796
798
801
535
1044
802
765
751
752
767
766
768
755
771
783
788
780
758
567
962
778
758
736
743
545
965
771
766
768
773
782
798
805
543
1024
808
788
786
787
782
765
768
771
778
772
758
765
774
778
771
749
750
739
730
761
777
782
773
764
765
766
766
764
757
749
754
758
755
731
725
746
750
759
758
755
741
746
748
755
757
746
743
741
748
749
748
752
760
764
775
769
762
772
772
771
762
763
779
780
778
776
775
777