596
1062
856
861
855
832
809
810
817
800
775
808
811
779
800
816
801
805
810
707
985
795
691
980
791
803
851
892
706
1068
880
706
1040
813
826
854
854
855
915
910
876
860
885
858
834
853
862
846
885
930
883
863
904
938
883
886
928
881
847
863
859
849
895
898
894
898
919
854
864
865
846
822
855
861
858
887
899
855
875
857
818
813
806
760
777
853
843
890
895
855
863
905
898
869
895
918
900
905
925
887
876
908
886
869
911
890
857
876
901
876
857
894
887
860
850
872
895
857
879
898
911
872
907
936
929
921
962
986
926
908
936
886
878
915
900
872
916
911
885
921
940
904
900
923
913
879
909
932
880
890
924
912
879
879
902
909
929
918
938
881
895
917
893
875
907
918
885
897
923
880
921
955
936
921
949
946
908
924
921
897
906
912
906
918
935
896
904
918
911
885
900
920
894
874
901
882
867
900
915
876
903
903
858
864
876
864
852
889
900
867
870
901
865
857
887
873
862
905
879
844
867
863
843
860
898
897
873
881
898
891
873
880
893
854
854
875
851
835
842
854
829
832
863
840
838
859
859
858
851
878
885
873
904
925
935
906
924
926
911
886
915
922
902
874
915
898
864
867
849
821
880
902
860
888
926
742
1083
860
864
840
863
882
837
849
885
887
858
875
910
921
898
914
929
879
888
919
754
960
833
728
927
819
743
909
772
741
831
751
774
714
1138
921
959
1001
993
934
917
931
894
860
872
882
839
834
891
863
838
881
891
881
875
896
913
900
905
936
938
930
938
928
933
932
946
966
939
922
970
977
938
947
959
928
889
932
902
883
902
891
880
889
916
892
918
921
896
895
900
921
899
907
921
939
910
935
946
972
922
922
951
939
899
908
931
909
903
943
922
908
916
938
878
885
902
873
908
875
906
862
832
844
874
882
879
891
889
883
884
891
922
935
909
922
891
789
740
706
712
721
724
736
737
752
765
757
784
789
764
745
709
676
665
648
641
629
620
620
616
611
605
599
595
596
588
587
587
589
593
584
591
585
588
588
583
578
570
569
573
563
558
554
559
559
544
546
547
546
546
541
548
543
545
540
539
543
547
535
539
545
552
553
551
548
549
550
546
540
538
543
537
529
533
533
528
524
525
526
521
519
521
517
514
517
509
510
514
509
510
508
507
507
499
501
506
499
495
497
497
492
490
492
493
487
488
493
486
484
487
482
483
481
477
478
479
478
476
476
475
472
472
471
471
472
467
466
472
470
470
474
472
471
477
481
488
491
498
510
507
495
498
492
495
493
493
491
496
504
499
502
499
506
502
499
499
500
498
497
493
498
498
499
504
502
504
510
506
504
503
504
502
498
508
510
509
510
510
516
514
511
510
519
517
517
514
508
507
507
515
513
511
513
523
520
522
518
520
521
522
526
534
539
540
549
551
535
536
536
534
534
537
541
535
528
533
533
542
535
534
528
525
521
534
544
538
541
556
548
558
550
548
541
539
537
536
544
544
538
548
543
548
561
553
554
554
557
550
548
555
558
571
566
565
557
571
572
564
563
568
575
571
577
571
577
588
582
579
583
596
594
581
576
584
569
561
562
565
574
572
582
580
593
596
596
580
577
565
566
573
586
594
607
616
617
615
641
649
648
636
644
650
646
632
633
650
635
639
647
652
672
664
653
667
669
651
649
666
664
661
664
680
675
664
661
684
685
673
667
698
707
688
686
702
703
693
687
699
689
674
690
695
714
701
700
711
703
703
732
752
724
705
711
712
697
695
749
747
743
739
744
727
723
750
772
743
733
744
752
726
723
739
718
706
713
722
708
701
725
755
763
759
767
770
733
726
739
741
723
735
749
745
729
733
744
745
737
733
753
736
729
741
752
732
726
738
765
755
744
769
780
751
757
775
753
746
753
767
745
724
706
682
656
661
680
705
751
769
761
740
763
771
736
725
753
766
736
740
759
780
758
761
777
772
766
769
783
766
754
764
770
754
743
756
756
729
741
753
768
760
760
779
776
757
769
788
802
793
810
824
821
806
820
831
793
790
814
838
801
810
833
855
823
830
835
834
807
818
821
813
799
820
839
809
796
798
809
789
801
831
810
798
810
817
798
793
806
821
788
800
826
822
804
826
831
807
803
822
812
794
756
766
789
791
803
772
782
788
777
799
830
857
847
857
883
880
897
884
859
885
870
861
890
891
863
864
882
851
819
835
849
828
834
876
836
822
849
849
815
831
850
812
813
820
821
795
809
827
829
799
811
833
815
818
850
824
821
798
780
808
820
801
795
801
799
786
789
810
823
819
817
825
827
806
801
789
787
803
819
810
798
821
840
795
779
803
797
808
835
839
832
845
845
829
844
853
850
850
852
881
853
862
886
854
838
862
847
829
852
854
825
813
838
812
802
822
835
823
828
854
838
834
846
876
853
851
846
870
833
845
861
850
824
846
849
831
849
876
866
842
848
846
809
796
820
829
808
799
780
750
756
732
726
731
709
705
748
773
805
826
854
829
856
866
829
825
839
828