1083
1067
1065
1073
1064
1035
1036
1038
1016
1038
1035
994
993
1039
1036
1044
1068
1104
1087
1077
1086
1062
1048
1045
1029
1037
1024
1001
1027
1039
1052
1088
1110
1108
1096
1099
1083
1047
1066
1055
1066
1050
1046
1055
1036
1049
1056
1078
1109
1077
1097
1063
1058
1038
1031
1031
1008
1040
1007
1023
1028
1010
1035
1025
1011
1031
1036
1078
1093
1086
1099
1104
1088
1095
1089
1068
1083
1068
1062
1077
1056
1072
1069
1054
1091
1128
1119
1119
1100
1112
1100
1092
1099
1089
1068
1078
1065
1051
1068
1052
1058
1085
1095
1109
1091
1070
1081
1084
1115
1130
1105
1105
1120
1102
1084
1094
1076
1085
1126
1125
1129
1120
1100
1109
1088
1113
1115
1099
1105
1088
1091
1083
1064
1067
1063
1051
1105
1092
1083
1090
1060
1075
1086
1116
1117
1097
1092
1107
1096
1063
1078
1082
1059
1080
1094
1115
1132
1104
1114
1104
1092
1098
1086
1071
1077
1057
1053
1056
1029
1056
1093
1086
1098
1081
1098
1080
1091
1075
1076
1072
1063
1042
1058
1072
1114
1116
1103
1099
1101
1098
1096
1094
1080
1066
1086
1068
1094
1085
1119
1148
1109
1115
1097
1089
1098
1077
1065
1059
1032
1040
1036
1038
1073
1064
1040
1062
1059
1038
1048
1054
1042
1056
1059
1069
1082
1116
1120
1110
1128
1118
1105
1082
1124
1128
1116
1104
1125
1098
1110
1114
1112
1122
1101
1096
1094
1093
1084
1088
1075
1057
1056
1061
1050
1103
1100
1095
1087
1093
1078
1090
1081
1066
1084
1062
1057
1077
1104
1109
1101
1064
1079
1081
1049
1013
1048
1048
1033
1029
1022
1050
1044
1061
1054
1051
1047
1038
1035
1050
1050
1058
1092
1081
1095
1098
1098
1077
1099
1094
1070
1095
1083
1129
1146
1117
1134
1111
1104
1116
1104
1083
1087
1064
1055
1077
1103
1099
1094
1086
1081
1072
1088
1076
1077
1097
1077
1064
1087
1079
1065
1104
1110
1107
1107
1098
1093
1102
1088
1078
1063
1024
1015
1000
1021
1005
1004
1019
980
1009
993
978
984
965
1012
965
969
966
960
967
963
953
960
933
976
959
931
962
939
954
940
935
945
925
952
928
918
938
896
914
907
898
908
884
890
912
884
879
913
888
912
920
894
924
916
896
928
906
914
927
904
913
930
913
901
923
898
903
914
876
902
875
884
892
876
884
872
869
883
871
879
878
857
884
876
873
872
856
850
875
857
857
869
858
850
855
839
842
864
859
858
845
862
838
854
853
842
854
849
837
854
834
852
835
849
833
855
842
843
852
835
857
839
845
856
834
851
848
847
853
833
847
854
847
843
848
854
854
856
857
841
864
864
871
874
860
846
888
871
856
897
891
865
892
907
884
912
913
915
907
897
909
866
899
896
882
905
893
890
913
896
905
926
917
927
944
932
924
932
921
918
935
931
913
936
924
914
945
934
927
947
941
941
968
950
965
978
948
956
988
963
977
975
977
987
965
961
973
952
972
959
966
963
962
987
984
1000
1011
995
987
994
972
952
973
963
938
956
940
942
937
941
962
974
956
977
986
953
975
969
963
986
976
962
978
981
969
988
974
973
983
973
972
996
979
992
982
960
986
981
973
1028
1009
1002
1021
997
983
987
974
992
990
978
980
972
996
1010
986
1003
998
993
1021
1007
1013
1037
988
991
1017
1012
994
976
954
949
960
968
939
979
991
988
984
986
1010
1013
1000
1069
1089
1060
1077
1072
1032
1040
1053
1066
1104
1066
1073
1045
1038
1045
1016
1016
1001
1016
1011
994
1002
1010
1001
1021
1006
1016
1018
1033
1017
1003
994
998
981
1004
991
991
1023
1042
1065
1074
1064
1073
1058
1049
1051
1034
1037
1026
1036
1030
1012
1032
1039
1021
1044
1039
1043
1080
1104
1097
1095
1074
1066
1078
1052
1072
1049
1022
1000
1016
1018
999
988
1005
1002
991
1011
1004
1004
1008
989
1004
1008
993
997
1000
1039
1058
1066
1062
1041
1042
1044
1014
1002
1042
1038
1040
1036
1053
1027
1032
1040
1026
1046
1047
1044
1037
1027
1091
1093
1078
1071
1063
1056
1056
1055
1058
1035
1026
1027
1013
1007
1014
1004
1019
1005
999
1053
1037
1047
1052
1022
1045
1054
1039
1051
1040
1020
1023
1060
1043
1063
1071
1058
1069
1065
1063
1065
1047
1046
1052
1033
1058
1097
1085
1088
1072
1053
1061
1047
1025
1024
1004
1012
1002
1007
1026
1022
1019
1006
995
990
1009
1005
994
1000
1024
1045
1080
1070
1060
1079
1059
1057
1056
1052
1077
1083
1052