1019
1044
1050
1021
1049
1066
1031
1042
1041
1005
1019
1044
1030
984
1017
1018
985
1018
1009
1008
1001
996
972
983
1014
1019
1021
962
980
983
1001
1018
1021
1035
1036
999
1024
1052
1043
1078
1074
1037
1069
1066
1085
1104
1068
1069
1024
1050
1065
1072
1053
1048
1072
1061
1060
1043
1067
1098
1079
1086
1087
1067
1081
1090
1076
1068
1082
1056
1076
1080
1052
1077
1086
1055
1070
1075
1063
1042
1064
1063
1037
1067
1087
1052
1086
1114
1076
1079
1101
1093
1056
1060
1064
1061
1054
1020
1046
1054
1036
1074
1086
1066
1067
1082
1091
1080
1070
1080
1076
1044
1051
1069
1081
1060
1079
1085
1041
1024
1043
1068
1091
1055
1064
1071
1060
1068
1064
1027
1028
1058
1047
1039
1066
1054
1026
1017
964
940
974
992
981
1021
1000
1063
1058
1093
1110
1124
1112
1070
1080
1080
1044
1042
1055
1046
1048
1023
1040
1043
1052
1021
1043
1051
1046
1044
1076
1081
1049
1063
1050
1015
1045
1051
1021
1042
1048
1045
1043
1049
1055
1026
1046
1052
1014
1028
1030
1012
1032
1052
1048
1032
1063
1059
1029
1050
1054
1022
1051
1063
1038
1007
1032
1033
1014
1013
1028
1039
1010
987
1003
1010
995
1008
1009
983
974
995
999
969
989
1003
1011
976
1010
1024
1000
998
1017
1029
987
1005
1013
1021
1000
1017
1035
1033
1013
1034
1043
1011
1031
1030
1020
990
1029
1050
1045
1014
1027
1032
1039
1003
1022
1038
1024
1002
1031
1035
1000
963
931
941
956
971
960
1006
1014
988
1008
1035
1025
1030
1063
1074
1043
1041
1059
1056
1039
1062
1051
1042
1057
1079
1071
1014
1044
1044
1008
1027
1050
1029
1024
1041
1039
1037
1052
1058
1024
1039
1051
1030
1013
1031
1056
1069
1052
1085
1090
1070
1078
1076
1064
1060
1078
1077
1040
1054
1058
1058
1021
1045
1055
1039
1054
1089
1085
1059
1095
1116
1104
1084
1102
1083
1060
1083
1076
1042
1061
1041
1022
1044
979
872
814
875
880
918
897
896
884
883
863
854
843
818
813
797
787
785
636
907
783
763
775
765
771
765
766
756
753
756
747
744
730
750
751
761
761
760
751
759
758
763
770
762
754
747
759
764
761
761
751
755
740
758
748
734
746
745
726
734
731
731
725
736
737
737
740
723
737
730
728
723
708
724
727
737
752
760
759
750
743
746
739
726
724
721
712
707
695
715
714
717
723
710
722
722
723
715
714
722
717
709
702
710
702
693
688
701
694
691
684
697
693
688
681
693
692
692
688
684
697
698
690
698
700
702
689
705
706
707
704
716
722
720
714
729
728
721
720
737
734
729
729
751
753
754
752
766
763
752
756
765
769
772
776
784
777
771
780
784
789
786
783
794
802
802
774
774
777
776
759
770
771
750
737
735
726
725
742
733
760
748
729
747
768
775
774
760
764
755
747
758
758
763
761
742
731
758
769
778
774
765
790
810
849
863
878
881
855
853
857
841
824
832
859
894
896
891
874
902
918
896
850
844
841
853
831
822
839
861
853
836
822
837
835
844
870
898
898
872
904
924
943
923
937
967
995
974
959
985
1009
972
961
974
993
977
1008
1027
1025
986
1008
1018
1017
995
1018
1039
1027
1018
1043
1042
1022
1053
1042
1034
990
1018
992
957
921
918
908
965
1006
1008
1040
1059
1041
1058
1079
1039
1054
1080
1078
1052
1095
1096
1042
1102
1116
1082
1104
1119
1103
1089
1109
1106
1087
1116
1111
1081
1117
1108
1103
1132
1051
1050
1061
1079
1041
1070
1076
1073
1037
1084
1107
1099
1078
1104
1108
1071
1087
1101
1094
982
939
1036
1018
1060
1097
1103
1134
1146
1118
1127
1117
1125
1111
1116
1090
1126
1136
1137
1120
1082
1099
1112
1075
1070
1084
1061
1030
1063
1061
1054
1081
1098
1053
1081
1075
1035
1055
1044
1009
1011
1031
1034
1011
1053
1074
1050
1100
1121
1111
1069
1109
1108
1066
1067
1082
1070
1072
1097
1087
1070
1089
1091
1063
1089
1101
1091
1087
1112
1112
1100
1117
1118
1098
1123
1132
1081
1099
1090
1071
1064
1083
1058
1054
1063
1029
962
949
968
988
983
1026
1033
1017
1044
1047
1000
1021
1037
1024
988
1035
1042
1005
1043
1044
1029
1024
1048
1062
1020
1052
1057
1036
1055
1070
1038
1028
1056
1040
1014
1047
1042
1007
1045
1025
971
1002
1008
984
1032
1054
1018
1060
1090
1058
1071
1085
1090
1059
1088
1092
1069
1043
1082
1084
1063
1087
1099
1092
1061
1106
1105
1087
1126
1089
1064
984
937
902
884
856
818
827
938
940
951
971
986
988
947
885
900
986
1008
1040
1066
1095
1097
1078
1094
1051
999
993
953
950
964
995
1006
1027
1052
1063