743
756
771
778
776
772
783
792
799
789
788
780
756
762
767
769
768
738
762
751
757
767
777
779
778
777
771
758
763
765
764
767
769
761
758
765
777
783
784
779
759
774
782
785
773
762
777
787
788
786
770
784
791
773
789
786
787
787
753
766
759
768
774
778
759
778
790
803
811
813
813
815
813
797
789
796
795
781
783
792
796
799
800
777
779
779
779
765
773
760
759
778
775
765
780
791
784
775
792
790
782
800
812
817
794
809
814
798
788
799
803
807
809
804
798
776
789
797
798
798
791
772
786
794
799
794
792
793
800
779
776
783
791
792
798
804
787
774
787
783
761
777
782
791
793
789
793
785
764
759
770
771
771
771
767
752
768
774
786
787
780
785
790
796
795
793
784
773
763
744
750
751
755
731
756
763
771
777
748
767
765
749
764
765
770
773
776
778
771
772
752
760
765
773
774
776
773
768
767
753
735
748
749
759
766
742
764
767
770
769
760
765
769
773
767
757
747
761
754
749
767
779
793
802
783
790
789
797
802
810
787
789
781
779
774
771
769
744
751
737
740
741
745
732
726
737
728
730
738
600
870
734
739
742
725
736
738
738
741
745
736
737
735
733
728
720
711
721
727
735
719
739
749
768
777
780
768
779
779
774
758
769
766
745
754
749
745
740
738
729
727
728
727
702
719
722
726
728
728
711
721
726
720
711
728
728
732
732
716
731
731
711
729
708
714
720
730
748
752
760
772
784
771
781
781
776
771
765
756
749
737
714
716
714
715
716
722
702
722
728
736
744
749
752
757
761
755
755
734
731
735
737
734
729
713
715
707
711
705
710
710
722
734
727
735
750
757
748
752
756
774
787
802
808
814
813
813
806
801
788
783
773
743
732
730
733
744
746
734
737
731
751
764
760
784
798
809
793
810
814
790
815
814
798
802
812
800
789
804
808
814
814
803
790
786
795
772
795
807
815
817
811
792
798
799
799
796
774
792
779
780
770
770
769
771
781
782
781
777
774
776
751
770
772
776
775
771
764
735
752
742
748
763
775
754
774
784
790
794
806
804
778
793
791
787
783
1406
666
730
702
715
714
715
714
702
706
693
698
698
678
653
660
650
653
646
646
648
655
654
646
657
665
668
670
667
666
667
661
675
675
679
678
670
652
662
654
647
647
646
647
645
650
654
646
646
648
642
649
647
637
644
640
644
645
634
634
642
639
644
641
646
640
647
652
646
645
647
641
651
650
641
651
651
653
641
645
644
637
645
641
638
634
629
623
629
626
621
626
625
621
627
630
625
621
620
617
618
618
614
608
610
611
606
607
607
610
608
605
606
606
604
606
609
607
604
607
612
614
610
607
613
615
611
611
609
609
610
614
618
614
618
617
610
611
612
610
607
604
603
602
603
599
599
599
599
594
596
593
592
590
592
591
590
593
589
585
586
587
585
582
583
584
580
581
576
572
573
572
570
569
565
568
563
560
562
563
565
565
564
565
568
564
569
574
572
574
574
573
572
573
573
571
571
570
572
573
574
575
576
574
573
577
578
577
579
580
576
575
578
581
576
577
581
579
576
575
573
574
569
567
568
566
565
563
563
560
558
558
560
558
556
558
557
555
556
557
556
551
552
553
551
548
548
550
545
542
543
544
545
541
542
542
542
540
540
542
543
538
540
540
543
540
541
542
543
543
541
542
543
544
541
544
547
547
546
547
549
551
548
549
551
548
546
546
546
546
544
543
544
540
541
541
544
540
540
541
542
540
540
543
546
543
544
546
547
545
545
546
548
544
543
545
546
547
544
545
547
544
539
540
541
542
547
546
542
545
543
541
542
544
545
540
541
541
542
539
539
541
542
537
538
539
540
539
538
538
537
537
536
536
537
543
541
542
544
543
540
542
544
543
541
544
545
544
546
547
548
538
536
538
539
542
545
543
547
553
549
550
554
558
556
556
559
557
553
555
557
554
552
552
551
549
548
545
546
545
545
546
549
547
541
542
546
549
546
543
541
541
542
540
538
543
541
541
543
545
543
543
544
545
542
542
544
545
543
545
546
542
542
543
545
541
540
542
539
537
538
541
537
538
539
542
538
538
541
540
537
538
541
537
537
538
539
536
536
535
536
533
531
533
533
530
529
530
530
528
528
527
530
527
525
526
526
525
522
523
523
519
518
518
521
517
516
517
518
514
515
515
517
515
517
516
517
517
517
518
519
517
519
516
517
515
515
514
519
516
515
516
519
514
513
514
513
515
512
513
515
521
517
518
520
522
520
521
523
523
521
522
523
524
524
525
528
526
526
527
527
525
525
526
526
527
525
523
526
525
522
522
523
523
521
520
520
518
518
516
515
517
515
512
513
513
513
511
510
514
510
510
512
510
510
510
515
512
510
513
515
514
515
515
515
515
514
515
517
512
511
512
515
512
514
515
520
517
517
517
521
519
519
521
521
518
517
519
518
515
517
518
516
515
520
514
514
514
515
513
513
512
514
511
509
508
511
509
507
508
511
510
507
506
507
507
503
504
503
505
501
501
501
500
501
498
496
498
497
498
495
499
496
498
500
497
494
498
498
501
503
504
503
503
507
504
498
508
506
506
502
501
504
509
505
505
512
514
511
509
505
505
507
510
516
516
521
522
526
527
525
529
526
525
525
528
526
526
528
531
528
527
534
533
533
538
536
536
532
535
536
540
543
550
559
561
560
550
548
546
549
546
548
550
554
555
554
559
560
561
563
563
565
565
564
562
560
559
562
560
560
558
559
561
562
562
558
555
553
552
553
556
558
558
557
559
558
558
560
561
560
562
562
563
562
563
561
562
562
559
561
559
562
556
556
555
556
560
559
566
570
574
574
574
566
558
560
564
569
572
575
567
562
562
565
566
579
585
586
595
603
608
613
614
613
604
610
611
610
606
605
602
595
590
589
591
582
585
586
592
599
603
605
603
616
615
618
627
630
643
646
645
639
630
622
621
615
610
611
616
613
615
612
603
604
601
606
609
604
605
609
611
624
622
621
618
615
622
625
627
630
625
618
622
626
626
622
622
625
629
635
646
642
639
649
649
651
648
646
638
630
635
632
621
620
619
632
632
625
642
649
655
664
656
649
657
660
652
656
659
656
666
663
670
676
666
671
676
671
672
669
663
662
657
653
644
637
632
621
616
616
616
615
612
628
624
627
657
675
689
681
672
662
671
682
679
689
701
701
701
706
699
707
701
694
704
703
697
697
702
695
697
706
693
685
701
704
698
688
691
692
694
687
683
669
661
678
678
678
666
673
672
661
661
667
667
665
657
660
657
650
656
658
652
646
647
646
644
634
637
632
630
622
618
615
633
646
657
669
660
660
661
678
669
662
680
692
692
686
681
675
669
680
686
683
676
672
668
677
675
673
676
687
693
687
684
680
696
691
681
675
677
677
664
662
662
659
657
660
669
669
666
679
679
676
671
656
653
642
638
646
648
654
642
645
641
647
653
649
648
663
659
663
671
688
688
692
692
676
679
676
658
658
649
650
638
635
643
650
652
654
653
655
635
641
638
635
631
643
655
654
655
661
660
656
673
677
683
684
681
680
672
667
655
664
664
667
666
649
652
650
649
649
656
666
667
674
681
682
682
677
671
659
650
644
647
640
624
623
620
620
627
633
642
657
674
687
708
717
727
738
736
742
739
744
730
728
712
710
705
697
700
701
698
703
706
706
712
712
709
709
709
708
708
705
705
702
698
695
695
693
690
690
693
694
698
699
700
702
698
694
687
671
667
665
661
663
669
669
677
682
686
695
705
718
718
728
723
729
730
723
727
726
728
718
721
719
712
712
710
704
705
703
698
700
700
696
699
699
700
703
701
703
705
706
703
704
703
706
702
702
702
698
701
700
702
708
697
700
696
690
692
691
693
689
690
690
688
688
688
688
688
688
693
697
699
703