850
872
886
871
883
900
899
869
876
873
852
822
823
841
833
836
853
862
854
856
868
860
845
854
870
860
866
879
864
870
840
821
834
854
824
809
816
790
780
787
792
787
757
750
758
781
772
781
815
834
824
826
819
844
861
841
825
844
865
850
839
840
854
851
838
842
857
871
850
854
862
863
852
854
868
871
851
844
852
854
849
840
850
844
831
840
835
797
760
752
753
761
791
810
790
784
813
831
817
800
831
860
866
843
842
865
872
855
872
872
869
1736
862
859
856
844
871
880
872
872
869
895
897
895
882
886
890
883
874
859
873
873
873
857
865
872
880
871
860
881
873
859
847
856
863
859
847
849
864
861
843
830
841
843
829
813
828
850
847
827
830
831
839
835
827
851
854
842
839
846
841
847
836
842
849
859
840
840
854
845
840
833
841
848
834
830
840
854
841
840
822
838
846
832
817
827
838
836
835
827
824
835
836
829
813
814
825
821
808
828
810
821
808
794
804
800
771
770
792
808
788
776
804
812
828
824
827
833
850
854
848
831
844
859
875
836
830
846
863
857
842
857
869
870
861
877
896
897
883
888
898
881
867
861
875
882
883
865
870
875
880
869
853
867
865
858
860
840
862
875
854
848
848
850
858
845
848
856
866
878
863
851
870
882
873
854
858
852
862
862
849
843
829
824
844
860
870
884
875
861
879
874
869
875
886
889
891
889
888
883
897
885
858
823
781
767
769
782
806
814
801
788
809
833
839
816
795
815
835
861
855
850
873
894
889
868
871
887
884
868
877
886
900
888
892
897
882
867
875
889
887
869
863
875
874
880
853
850
862
856
852
829
836
840
838
815
823
835
846
850
852
851
862
869
833
821
829
846
852
846
822
844
865
843
821
825
829
825
815
826
848
847
842
837
849
857
855
833
833
841
841
798
767
813
822
813
802
816
839
848
842
824
842
850
851
816
808
809
787
808
816
822
809
828
845
850
848
821
808
813
824
813
785
730
730
723
693
677
670
660
664
650
657
656
664
657
659
656
654
664
645
641
642
653
661
660
649
658
670
678
667
662
657
669
655
651
641
650
671
655
642
644
647
656
639
642
641
637
653
644
635
629
554
726
633
629
615
623
633
619
611
614
634
631
641
623
622
617
642
631
634
629
632
632
642
625
633
616
627
621
633
621
619
623
615
629
625
608
611
613
621
612
615
605
599
618
604
607
613
600
606
598
609
600
597
604
598
602
599
604
600
596
608
599
600
591
602
592
591
600
597
588
588
603
604
595
606
595
602
608
599
599
602
611
601
598
592
597
607
593
599
592
601
608
607
602
592
597
588
589
593
590
582
591
585
586
590
589
585
591
591
590
587
581
581
585
586
583
581
575
573
570
572
579
565
564
574
621
639
646
650
649
623
616
601
589
601
589
581
577
573
576
571
576
574
588
593
607
610
591
596
584
600
594
598
587
575
593
585
581
578
578
589
597
600
595
620
627
636
629
610
607
614
624
619
625
634
646
652
662
660
665
662
667
688
688
689
683
701
717
700
693
691
693
690
703
702
689
698
736
733
732
722
729
741
742
734
766
791
783
785
791
799
797
779
775
785
801
779
770
759
780
796
799
782
787
801
820
799
786
806
810
805
786
788
822
854
832
813
829
851
845
832
819
829
821
798
779
789
820
835
828
813
840
860
844
852
871
872
852
881
878
880
869
899
896
875
860
876
888
875
866
839
854
855
849
836
839
856
869
845
846
867
886
889
883
908
914
894
873
870
888
889
871
878
895
885
870
890
906
905
884
888
869
896
896
897
883
897
891
886
866
863
887
879
833
855
848
836
865
887
866
866
896
901
909
914
917
907
909
897
904
913
925
917
936
938
926
907
914
916
901
868
863
891
896
885
886
878
892
896
870
859
869
877
894
885
906
914
927
927
916
919
914
917
895
897
894
886
875
868
897
884
858
875
872
851
852
848
854
855
845
859
865
863
853
866
860
861
855
868
875
874
851
849
862
859
849
857
869
875
870
856
866
877
829
809
766
795
827
844
827
833
848
835
825
840
868
879
862
867
904
918
906
916
928
915
896
905
903
888
865
869
890
898
899
885
863
852
845
813
800
819
846
858
837
839
817
804
777
784
800
801
784
778
800
813
815
803
814
837
845
838
833
852
840
823
802
810
834
863
863
869
891
884
868
875
882
853
851
858
873
852
848
868
867
869
854
854
857
849
808
808
805
815
840
854
867
874
866
854
872
890
881
876
886
903
920
902
900
929
929
917
891
888
839
822
825
839
847
828
823
842
881
898
886
871
901
914
912
902
903
927
921
908
910
921
930
938
913
918
923
931
949
954
937
932
943
941
938
921
920
919
933
925
908
921
920
920
910
893
917
908
896
880
878
907
920
918
912
932
933
914
883
867
892