842
181
661
952
113
839
841
834
134
701
923
81
843
846
185
662
973
132
841
837
837
163
675
953
116
837
836
832
167
665
955
101
854
843
185
659
964
110
855
861
855
186
669
966
106
861
852
848
175
674
958
98
861
849
158
691
811
951
93
859
837
837
153
685
963
104
860
24
836
170
667
981
112
870
860
201
659
968
119
850
845
840
175
666
943
105
839
839
846
130
717
922
84
839
837
174
664
935
99
837
839
179
661
960
117
844
838
842
142
701
925
89
837
832
832
164
668
907
89
818
823
165
658
920
128
793
788
799
142
658
914
83
831
815
813
137
677
919
90
830
821
142
679
930
93
837
833
164
669
921
89
833
829
164
665
928
92
837
829
168
661
942
99
843
842
181
662
963
108
856
835
838
161
678
966
107
860
852
841
845
153
693
966
123
844
834
833
152
681
951
103
848
841
153
689
960
105
856
835
168
668
960
104
857
854
175
680
952
98
855
851
180
672
973
131
843
830
831
173
658
963
109
855
844
839
166
674
940
96
844
839
833
162
672
932
93
839
825
829
159
670
923
81
843
838
165
674
957
101
856
853
924
33
891
194
698
920
68
853
926
33
893
222
672
940
75
865
932
34
899
228
671
940
70
871
871
193
678
1011
144
867
852
858
183
676
990
117
874
29
845
839
841
117
725
930
88
843
837
844
143
701
952
99
853
837
165
673
973
107
867
25
842
185
658
971
118
854
842
178
665
943
90
853
838
179
660
940
107
833
843
180
664
963
116
848
852
844
169
676
951
103
849
848
181
668
981
124
857
839
844
175
669
957
112
845
840
169
672
982
107
875
31
844
167
678
951
98
854
844
160
685
936
76
861
845
183
663
960
119
842
845
176
669
972
120
853
840
847
156
692
967
103
865
848
847
175
673
974
109
865
26
839
845
166
680
959
97
863
840
840
155
685
940
86
854
26
829
833
148
685
950
94
856
837
164
674
961
109
853
846
160
687
968
122
846
840
838
165
674
958
104
854
833
832
167
665
955
112
843
838
153
686
968
104
865
842
847
175
673
965
124
841
834
843
131
713
944
103
841
846
178
669
971
113
859
849
850
176
675
961
113
849
852
186
667
960
117
844
837
843
149
695
942
98
844
853
186
668
988
122
866
855
848
156
692
975
107
868
24
844
850
157
694
962
96
867
853
178
676
956
106
850
838
174
665
938
102
836
836
827
134
693
920
89
832
833
177
657
940
107
833
826
824
151
674
928
94
834
829
162
667
942
100
843
822
155
668
946
92
854
25
829
156
673
945
104
842
824
153
672
938
117
822
804
811
147
664
938
120
819
808
151
658
884
90
795
775
762
752
751
125
627
833
70
763
142
621
839
73
767
156
612
853
92
762
745
130
615
722
784
55
730
121
609
809
65
745
144
601
867
91
776
787
122
665
880
76
805
789
779
141
638
879
86
794
784
133
651
875
102
773
762
765
24
742
737
115
623
78
545
881
165
717
117
601
704
687
118
569
713
62
651
70
582
648
31
617
41
576
625
19
606
37
569
613
24
590
18
573
602
585
25
561
597
581
34
547
597
581
31
550
589
18
572
26
546
583
571
20
551
579
568
561
577
566
564
563
563
558
558
561
559
578
565
566
565
43
522
591
36
556
543
555
548
541
548
542
541
539
538
538
536
538
536
535
529
530
22
508
540
527
526
528
22
507
539
16
523
521
520
16
504
530
518
521
520
519
525
519
517
519
518
518
515
517
518
517
521
517
507
528
519
516
513
514
513
516
513
512
513
511
513
509
514
509
507
505
504
512
507
503
504
504
502
502
497
499
498
499
496
504
507
501
500
504
500
500
504
503
506
500
501
504
505
508
505
504
505
500
501
501
500
499
498
498
494
497
494
492
493
492
491
495
495
491
495
488
490
493
488
487
490
490
490
487
490
489
487
486
485
487
490
487
485
493
488
487
483
487
489
486
489
491
484
486
485
485
487
485
481
481
484
483
485
481
477
483
479
483
481
480
481
479
480
478
478
478
476
477
477
470
474
473
472
475
484
481
478
482
487
489
492
491
492
489
486
490
492
500
504
505
500
508
508
512
514
520
521
525
524
523
525
521
511
509
533
553
563
569
18
551
541
539
542
551
543
555
557
551
542
543
549
555
557
550
541
548
569
572
581
572
556
545
548
557
556
555
562
19
543
544
548
557
561
555
554
551
572
574
614
607
591
579
571
596
587
593
578
563
552
552
588
581
585
607
603
590
590
633
617
623
20
603
36
568
663
39
624
666
710
796
45
752
111
642
25
618
627
27
601
651
28
624
623
617
606
654
648
637
663
53
610
619
666
40
626
665
46
619
61
559
727
73
655
649
655
44
612
615
609
642
641
641
637
18
620
614
616
643
31
612
614
614
654
659
26
633
92
542
700
102
598
636
29
608
645
42
604
610
612
604
646
660
77
583
957
128
829
72
757
739
728
735
69
666
798
63
736
722
724
89
635
815
63
753
753
119
635
816
75
742
762
47
715
825
48
777
767
758
46
713
95
619
872
107
765
747
736
725
726
716
97
620
807
76
732
728
731
732
109
624
826
76
750
754
755
124
632
830
78
753
763
762
117
646
828
70
758
763
759
120
640
826
76
750
757
753
126
628
839
90
750
759
746
99
647
744
825
65
761
751
754
746
743
103
640
843
81
763
750
747
109
638
856
89
768
764
753
114
640
872
97
775
768
756
748
756
748
108
640
745
816
53
763
750
106
644
843
72
772
764
119
645
850
78
772
758
749
742
750
749
739
732
750
757
770
768
761
760
113
648
850
75
776
777
766
758
105
654
750
836
76
761
754
745
733
727
717
728
54
674
59
616
760
103
658
667
699
680
56
625
761
102
660
680
31
649
43
607
727
69
659
32
627
732
66
666
49
618
811
140
671
692
57
635
777
88
689
65
625
847
143
704
58
647
809
121
689
738
90
648
784
109
675
47
629
907
144
763
23
741
742
730
99
631
821
80
742
747
117
630
830
67
763
748
752
89
664
812
49
764
757
86
671
824
69
755
763
51
713
58
656
853
95
759
769
122
648
853
84
770
761
765
110
656
852
83
770
766
764
124
640
857
89
768
750
760
116
645
861
85
776
770
771
121
651
866
81
785
768
780
782
124
659
862
87
775
783
783
110
673
855
79
776
766
772
121
652
851
80
772
760
767
117
650
853
82
771
757
758
82
676
799
780
30
750
751
106
646
741
816
65
751
757
111
647
846
81
766
755
756
107
649
711
833
84
750
744
750
762
121
641
841
76
766
765
86
680
780
811
48
764
762
117
646
845
82
764
752
758
113
645
833
78
756
745
750
108
643
844
83
762
760
758
115
643
832
72
760
755
113
643
838
77
762
756
754
107
647
853
84
769
764
768
123
645
861
85
776
766
765
126
640
868
85
783
767
767
763
116
647
855
89
766
761
761
99
662
841
73
769
763
760
748
113
635
820
67
753
758
747
113
634
827
80
747
747
742
103
639
819
70
749
738
742
115
627
825
75
750
739
746
112
634
828
72
756
739
733
115
619
757
778
46
732
741
108
634
804
69
736
735
718
728
99
630
776
55
721
717
708
707
702
36
666
68
599
682
58
625
623
660
651
37
615
650
645
43
603
700
74
626
625
27
598
640
29
612
22
590
639
31
608
36
573
642
29
614
27
587
640
36
604
25
580
626
20
607
21
586
620
608
592
627
621
620
616
613
25
588
668
35
634
638
634
648
635
696
52
645
46
599
687
34
653
50
604
747
104
643
44
600
693
27
667
47
621
669
31
639
660
652
675
25
651
39
612
691
43
649
631
689
48
641
49
593
708
63
645
61
584
699
74
625
640
24
617
652
21
632
46
586
648
35
614
41
573
649
33
617
27
590
636
639
632
636
643
641
646
643
44
600
657
33
625
42
583
657
38
619
632
643
637
624
662
659
40
619
672
24
649
26
624
711
73
639
34
605
701
50
651
32
619
698
52
647
50
597
721
72
649
26
624
884
147
738
25
713
716
25
692
751
30
722
76
647
641
800
69
731
93
639
753
735
721
98
623
818
79
740
22
718
718
714
85
629
769
65
705
83
622
772
62
710
704
705
83
623
764
41
723
107
617
805
58
748
748
39
709
777
764
115
650
836
72
765
755
115
641
819
60
760
748
738
111
628
813
55
758
25
734
735
73
662
793
53
741
724
711
97
615
763
34
729
712
710
84
627
650
843
150
694
695
65
630
744
34
710
87
624
782
54
728
86
643
712
782
47
736
113
623
804
62
743
107
636
812
71
741
739
107
633
824
89
736
721
732
111
621
820
80
740
724
737
82
656
793
60
734
729
95
635
796
66
731
731
110
621
812
88
725
727
728
86
642
779
60
719
727
86
641
813
75
739
731
731
73
659
784
47
737
729
96
634
818
79
739
730
731
61
670
785
50
735
727
95
632
815
72
743
731
96
636
819
65
754
745
739
98
641
810
63
747
739
101
639
805
60
746
733
36
698
757
742
736
102
634
797
55
743
117
626
817
77
740
741
120
622
813
72
741
743
99
645
800
50
751
750
106
645
792
63
730
732
103
629
800
69
732
730
106
625
811
74
737
732
109
623
820
65
755
738
733
86
648
799
60
740
728
720
100
621
795
64
732
112
620
794
56
739
123
616
834
85
750
743
117
627
822
77
745
734
739
102
638
800
61
740
733
98
636
817
68
750
747
84
663
811
61
750
747
104
643
834
84
751
746
741
91
650
798
54
744
730
728
113
616
809
73
736
128
609
818
77
741
749
125
624
833
94
739
737
728
116
613
745
758
34
725
101
625
784
61
724
117
607
811
73
738
734
108
627
801
55
747
107
640
803
59
745
123
622
837
84
754
745
63
682
771
778
30
748
121
628
829
73
757
749
741
74
668
787
40
747
130
617
823
73
750
745
121
624
806
71
736
740
91
649
792
64
729
721
103
619
800
56
745
103
642
808
77
731
719
98
621
801
70
732
727
89
638
791
63
728
22
706
729
31
699
801
52
750
127
623
812
66
746
736
732
725
719
56
664
671
795
73
722
715
715
99
617
779
64
715
66
650
712
760
45
716
108
609
800
57
744
133
611
819
74
745
744
116
628
799
71
729
725
94
632
827
65
762
115
648
841
78
764
745
736
108
628
827
64
763
755
119
636
848
74
775
22
753
127
627
827
74
753
106
648
773
782
48
734
738
116
622
749
799
50
750
104
646
808
65
744
737
111
626
803
64
740
732
110
623
813
74
739
735
110
626
824
70
754
750
119
631
842
88
754
748
121
627
822
73
750
739
92
647
815
60
756
134
622
825
70
755
745
116
629
720
790
50
740
130
611
779
760
29
732
110
622
814
66
749
124
625
849
84
766
766
94
673
828
69
759
125
634
847
95
753
744
733
90
643
808
61
747
99
649
817
56
761
139
623
854
95
760
750
127
624
818
65
754
748
134
614
820
80
740
129
611
832
85
747
740
107
633
808
64
744
745
112
633
816
71
745
739
120
619
811
73
739
734
101
634
808
68
741
129
612
824
76
749
737
736
92
644
796
55
742
740
91
649
805
60
745
740
94
647
816
69
747
740
108
632
808
71
737
736
123
614
816
76
740
93
648
801
51
751
136
616
831
77
754
750
118
632
820
66
754
130
625
804
63
742
741
126
615
842
85
758
755
99
657
825
68
757
750
111
639
822
66
756
160
597
830
80
750
745
123
623
828
71
757
140
618
838
89
750
758
128
630
826
88
738
753
761
751
751
112
640
741
795
55
741
740
115
625
805
68
738
116
622
801
59
743
139
604
814
84
730
730
93
637
804
71
734
112
622
822
65
757
751
123
629
812
68
744
133
612
839
81
759
24
736
724
113
611
809
72
737
720
708
105
603
779
52
727
708
109
600
773
56
718
126
592
788
66
722
106
617
798
75
724
708
57
651
690
759
51
709
128
582
671
707
772
134
639
782
60
722
103
620
686
793
71
723
718
707
104
603
770
60
710
115
596
781
73
708
693
88
605
772
62
710
105
606
750
42
708
113
596
776
71
706
706
62
644
763
45
719
80
640
695
761
30
731
131
601
781
65
717
127
590
794
73
722
705
86
619
782
61
721
117
605
750
741
22
720
724
713
713
87
627
787
57
730
710
88
623
771
45
727
124
603
779
63
716
102
615
789
69
720
713
75
639
777
57
721
705
99
606
786
68
718
703
89
614
769
59
711
116
596
762
57
706
123
583
778
69
709
702
112
590
782
73
709
100
610
765
44
721
128
594
788
65
723
721
108
613
790
73
717
114
603
803
74
730
718
101
618
806
66
741
134
607
813
74
740
736
97
639
817
71
746
739
82
658
813
57
756
146
611
828
83
746
748
56
692
785
47
738
117
622
801
55
746
134
612
818
79
739
736
112
625
804
65
739
731
100
631
808
69
740
724
103
621
798
60
739
134
606
805
79
727
122
605
809
79
730
718
96
622
795
61
734
132
603
804
66
739
89
650
801
66
735
737
102
635
810
66
744
728
112
617
808
68
741
133
608
811
65
747
746
95
651
784
54
731
729
130
600
804
70
735
139
596
820
72
748
745
34
711
771
41
731
720
719
102
618
720
748
152
597
785
70
715
121
595
815
82
733
141
593
796
91
706
724
117
608
788
88
700
709
72
638
649
752
47
706
123
583
783
80
703
57
646
28
619
669
31
639
624
644
20
625
608
638
630
26
605
659
646
645
652
666
35
631
726
73
653
64
589
840
132
709
43
667
325
343
1031
362
669
673
25
649
666
648
48
601
752
102
651
69
583
743
94
649
72
577
714
72
643
63
581
702
73
629
55
575
841
86
756
750
126
625
808
71
737
735
120
616
808
71
738
733
113
620
799
62
738
129
609
811
69
742
731
725
98
628
781
65
717
123
595
784
60
724
708
97
612
759
52
708
692
67
625
755
32
724
121
604
797
73
725
730
95
635
801
63
739
118
621
808
55
754
142
613
845
79
767
752
741
121
620
819
97
723
722
709
708
704
84
620
780
64
717
79
638
682
776
61
715
703
83
620
661
685
56
630
51
580
641
26
615
27
588
645
629
18
612
662
677
33
645
709
32
678
74
605
749
81
668
677
36
642
664
29
635
641
654
658
657
668
676
685
695
680
31
650
833
113
721
96
625
869
82
787
37
750
126
624
793
56
738
736
742
742
751
72
680
803
51
753
137
617
855
86
769
26
744
735
114
621
787
48
740
738
111
627
798
71
728
116
612
809
73
736
738
77
662
776
41
735
118
618
827
68
759
740
745
96
649
798
51
748
738
113
626
814
65
749
127
622
832
70
762
760
108
653
816
48
768
760
103
658
847
76
771
763
135
629
850
93
758
758
62
697
821
49
772
107
666
857
80
777
759
759
740
782
768
141
628
847
93
755
758
124
635
829
73
756
129
628
845
89
757
761
764
759
753
125
629
820
68
753
750
90
660
819
55
764
133
632
848
73
776
776
133
644
854
63
792
784
117
667
878
74
805
795
121
675
885
82
804
798
110
688
885
63
823
813
165
648
893
100
793
783
90
694
838
49
790
787
116
671
877
95
783
766
763
131
633
857
86
771
769
110
659
856
65
791
780
138
642
852
83
769
773
123
650
854
77
777
780
136
644
868
94
775
781
155
626
798
801
43
759
113
647
849
67
783
135
648
884
84
801
797
135
663
887
83
804
794
159
636
881
91
791
789
141
648
883
95
789
793
135
659
885
83
803
794
150
645
893
93
800
791
153
639
890
107
784
780
783
130
653
874
86
789
793
118
676
882
85
798
801
158
644
889
92
798
794
153
642
884
119
766
771
761
140
622
853
79
774
138
637
855
76
780
770
122
649
858
72
787
785
121
664
863
66
797
782
771
106
666
842
61
781
788
112
676
851
69
782
32
750
757
134
624
809
52
758
142
617
863
83
780
154
626
886
82
805
800
104
696
856
51
805
802
142
661
880
77
804
791
784
114
670
867
71
796
786
779
86
694
849
63
787
169
618
862
93
769
154
616
850
79
772
154
618
878
87
792
786
128
658
874
83
791
132
660
776
823
47
776
151
626
866
95
771
766
126
641
835
62
774
774
126
648
857
83
774
137
638
862
81
782
767
136
631
842
78
765
764
128
636
854
61
793
164
630
879
89
791
787
141
646
878
77
802
793
160
634
891
107
785
777
143
634
850
88
763
758
142
617
840
85
756
128
629
838
66
773
148
625
872
85
787
782
136
646
867
77
790
149
641
872
82
790
773
757
123
635
847
88
759
753
124
630
847
69
779
150
629
863
87
776
772
138
635
869
78
791
160
632
890
94
796
787
138
649
864
75
789
790
134
656
867
79
788
768
121
647
869
78
791
164
627
885
95
790
776
122
655
858
77
781
767
133
634
842
81
762
749
744
107
637
807
74
734
136
598
798
85
714
724
104
620
811
72
740
126
614
845
74
772
154
619
864
88
776
763
758
130
629
848
78
770
152
619
842
82
761
749
733
109
624
821
69
752
138
615
849
71
779
129
650
878
78
801
138
663
912
93
820
814
148
666
904
66
839
852
27
826
165
661
844
62
783
148
635
873
77
796
778
131
647
865
107
758
760
121
639
839
62
778
153
625
856
86
771
769
103
667
846
57
789
150
639
851
53
799
796
142
655
844
58
786
148
638
883
862
35
827
193
634
851
96
756
759
768
50
719
906
73
833
814
98
716
894
69
826
807
119
688
693
850
85
766
759
119
641
865
75
790
145
645
911
87
824
23
801
125
677
896
77
820
806
146
661
891
97
795
775
128
648
851
81
771
158
613
844
84
760
108
653
834
59
776
145
632
877
82
795
783
112
672
865
79
787
786
773
129
644
842
93
750
750
130
621
830
64
766
151
615
853
91
762
756
140
617
840
81
760
137
623
867
92
776
778
121
657
850
66
784
804
154
651
846
59
788
776
115
662
847
68
779
155
625
869
90
779
777
127
650
853
85
768
758
752
87
666
815
42
773
135
638
848
78
771
761
119
643
847
68
779
156
623
865
85
780
765
126
640
771
513
259
353
875
25
850
84
767
131
636
855
81
774
778
122
656
864
75
790
835
178
658
851
57
794
833
180
653
862
865
103
762
94
669
865
75
790
164
626
888
101
788
782
126
656
867
31
836
84
753
104
650
854
65
789
837
101
737
745
785
22
764
133
631
862
94
768
155
614
841
76
766
138
629
860
93
767
146
621
854
62
792
171
622
854
87
768
127
641
741
821
65
756
142
615
779
22
758
23
735
123
613
836
87
750
121
630
851
70
781
151
631
886
112
775
777
767
129
638
835
75
761
144
618
835
95
741
740
735
42
694
761
22
740
24
716
765
745
123
623
820
88
732
735
129
607
782
63
719
207
513
842
134
708
707
22
686
735
729
741
747
145
602
849
70
779
778
52
726
814
803
785
125
660
876
67
810
161
649
888
94
795
781
24
758
117
641
850
84
767
142
625
843
77
767
146
622
852
77
775
145
631
862
96
767
770
90
681
843
67
777
144
634
879
94
786
156
630
880
97
784
153
631
865
83
782
782
126
656
856
60
796
154
643
876
88
789
791
131
660
873
84
789
157
632
893
104
790
789
149
640
849
82
768
796
112
685
829
866
48
818
83
736
831
880
115
766
120
646
867
91
776
140
636
873
870
128
742
833
173
661
814
44
770
140
631
849
75
775
765
111
655
848
74
775
135
640
871
97
774
23
751
771
115
657
846
77
770
146
624
845
73
773
132
641
842
66
777
143
634
875
85
791
791
61
731
827
34
794
134
660
870
73
797
796
106
690
868
64
804
156
649
908
102
806
806
117
690
864
64
800
159
642
901
88
813
831
134
697
886
884
43
841
32
810
826
176
650
862
81
782
778
141
637
848
87
761
767
111
657
829
60
769
124
646
858
848
28
821
166
655
830
44
786
791
155
637
871
86
785
776
94
682
825
44
781
151
630
874
63
811
825
183
642
833
67
767
143
625
812
52
760
750
121
630
828
67
761
125
637
841
70
771
135
637
851
79
772
149
624
887
118
769
784
122
662
858
75
784
153
631
889
39
850
26
825
189
636
844
65
779
146
634
860
88
773
772
136
637
845
70
776
147
629
864
858
31
827
192
635
858
108
750
123
628
848
76
773
141
632
866
82
784
143
641
880
56
825
817
803
162
642
785
22
763
761
124
637
860
66
794
117
678
865
868
30
838
194
645
927
167
761
849
36
814
167
647
833
824
210
614
834
869
64
805
25
781
154
627
855
84
772
769
104
666
824
48
776
139
637
878
88
791
155
636
878
79
799
155
645
874
91
783
147
636
721
842
70
773
156
618
879
83
797
134
664
875
79
796
164
632
916
111
805
801
139
663
875
866
26
840
180
661
866
61
805
151
655
906
884
52
833
192
641
856
863
33
830
189
642
921
97
825
822
167
655
935
157
778
801
137
664
902
99
804
795
143
653
836
61
776
142
634
864
77
787
151
636
883
86
798
852
213
640
862
72
790
771
778
91
688
857
72
786
154
632
915
115
800
814
161
654
874
69
805
165
641
874
86
788
783
120
663
864
66
798
796
95
702
842
47
796
164
633
901
104
798
872
232
640
870
78
792
149
644
911
25
886
114
773
120
653
911
71
841
55
786
124
663
897
94
803
166
638
908
114
795
843
198
645
855
66
789
156
633
877
48
830
823
180
643
866
83
783
146
637
867
83
784
780
126
655
860
68
792
156
637
885
31
855
27
828
178
650
859
864
115
749
95
654
786
816
48
768
129
640
834
66
769
127
643
858
84
775
140
635
888
98
791
156
635
867
79
789
154
635
902
96
807
820
168
653
885
81
805
812
81
732
863
56
808
143
665
929
97
833
893
226
667
954
112
843
88
755
782
117
665
883
89
795
153
643
893
48
845
83
763
101
663
892
53
839
84
756
115
642
858
78
780
152
628
880
86
795
157
639
898
101
798
859
203
656
867
59
809
173
636
900
102
798
854
836
151
685
852
863
31
832
176
656
849
64
786
153
633
886
92
794
170
625
902
102
801
789
143
646
880
89
792
165
628
894
49
845
83
763
128
636
874
83
791
778
137
642
851
69
783
148
635
877
45
833
76
757
96
661
870
853
96
757
92
666
847
52
796
149
648
883
39
845
824
68
756
87
670
850
71
780
137
643
872
867
106
761
101
661
875
863
40
823
175
649
903
150
753
812
165
648
880
112
769
802
142
661
839
831
809
157
653
873
67
806
28
779
143
636
874
91
783
156
627
846
90
757
758
120
639
853
62
791
168
624
891
99
793
789
131
658
864
73
792
159
633
867
84
783
773
130
643
866
81
785
147
638
880
38
843
47
796
69
728
875
54
822
806
158
649
837
65
773
136
637
884
96
789
155
634
896
96
800
835
170
666
872
90
782
786
139
647
860
79
781
146
635
875
100
775
138
637
882
101
782
146
636
880
862
31
831
182
649
872
81
791
773
843
206
638
847
848
38
811
157
654
846
847
25
823
147
676
848
857
95
762
62
701
886
57
830
823
163
660
876
25
852
34
819
171
648
840
58
783
811
174
638
863
102
761
757
116
641
847
81
767
135
632
878
87
792
172
621
895
93
802
793
94
700
873
62
811
166
646
904
886
115
771
114
658
899
26
874
99
775
90
685
898
95
804
159
646
917
97
821
800
135
666
890
76
815
170
645
900
82
818
808
136
673
884
48
837
825
177
649
860
69
791
164
627
853
94
760
766
138
628
869
93
776
140
637
889
90
800
168
633
904
896
43
853
215
639
888
884
49
836
81
756
121
636
875
92
784
153
632
857
67
791
163
628
899
101
798
153
646
904
101
804
787
147
641
870
86
784
783
138
646
875
61
815
186
630
888
98
791
788
149
639
870
77
793
155
639
908
114
794
858
184
674
873
67
806
173
634
906
97
810
803
143
661
895
86
809
797
140
658
898
88
811
174
637
902
94
808
791
136
655
886
81
806
170
636
877
81
797
791
152
640
875
80
795
160
636
886
92
795
127
669
862
88
774
780
130
651
870
70
800
157
644
899
102
798
792
138
655
875
43
832
185
647
885
75
811
795
154
642
869
89
780
768
136
632
875
87
789
145
644
903
94
810
177
633
909
90
819
811
147
664
901
84
818
802
800
24
776
809
22
787
144
644
888
93
796
170
627
890
91
799
167
633
895
89
806
868
211
657
865
79
787
771
773
840
894
49
846
152
695
962
95
868
36
832
172
660
945
123
822
814
157
657
900
83
818
26
792
803
83
721
858
58
801
150
652
916
106
811
24
788
145
643
885
87
799
165
635
890
84
807
799
118
681
875
69
806
804
137
667
892
81
812
803
139
664
874
72
802
786
144
642
868
77
791
160
632
851
68
783
26
757
119
639
848
75
774
151
623
862
87
775
778
114
664
845
59
787
157
630
873
94
779
29
750
754
119
636
826
77
749
117
632
859
82
777
152
625
871
88
784
143
641
866
77
790
150
640
888
95
794
788
137
651
848
60
789
159
630
871
84
787
797
92
706
858
56
802
164
639
886
88
798
779
789
790
780
802
130
673
843
49
795
157
639
874
104
770
771
120
652
854
62
793
141
653
866
76
790
143
647
879
75
804
792
137
656
871
90
781
765
759
57
703
829
833
195
638
872
78
794
780
145
635
849
69
781
148
633
849
54
795
827
190
637
842
853
104
749
102
647
852
846
99
748
40
708
828
34
794
141
654
865
40
826
832
194
638
861
62
799
173
627
873
63
810
814
184
631
832
75
757
143
615
830
82
748
751
83
669
814
50
764
131
634
848
827
807
152
656
828
824
25
799
156
644
803
30
773
141
633
861
90
771
144
627
853
78
776
157
619
842
47
796
174
623
848
79
770
141
629
861
88
773
130
644
853
845
30
816
184
632
838
837
818
170
648
835
843
33
811
117
695
882
66
817
192
625
852
848
39
809
141
669
860
26
834
210
625
848
33
816
40
776
140
637
826
806
170
637
888
40
848
96
753
112
642
861
51
810
186
624
865
30
836
90
747
57
690
861
858
99
760
760
875
116
759
119
641
873
82
791
161
630
865
95
770
763
124
640
846
842
94
749
76
673
854
853
96
758
772
860
30
831
188
643
869
60
809
165
645
903
81
823
808
166
643
882
79
804
177
628
915
96
820
152
668
917
120
798
818
161
657
945
92
853
842
164
679
933
109
825
32
793
799
58
742
812
33
780
146
634
886
90
796
780
133
648
868
80
788
152
636
884
92
793
170
624
902
88
814
157
658
898
83
815
818
161
657
877
91
787
791
125
667
868
81
787
153
634
883
82
802
167
636
887
115
773
781
132
649
875
93
783
152
631
903
101
803
173
630
900
36
865
105
760
106
655
898
56
842
67
776
131
645
877
84
794
159
636
871
78
794
156
638
875
92
784
787
123
664
874
89
785
140
646
871
77
794
157
638
891
105
786
784
149
635
848
72
777
156
621
845
87
758
761
123
639
860
79
782
151
631
883
86
798
784
145
640
892
98
795
169
627
883
86
797
158
640
856
80
776
147
630
858
98
760
761
121
640
858
78
780
151
630
874
85
789
159
630
876
71
805
169
637
893
101
792
820
187
634
867
71
797
161
636
882
89
794
785
133
652
870
90
781
168
613
866
93
773
121
653
848
67
782
127
655
874
83
791
165
627
900
93
808
795
153
643
858
89
769
752
757
80
678
820
47
773
110
664
831
61
770
132
638
858
66
792
145
648
869
60
809
791
128
663
877
70
808
145
663
878
71
808
174
635
919
109
811
806
135
672
890
86
805
170
636
904
92
813
791
149
642
867
77
790
155
635
866
76
790
778
105
673
847
58
790
153
637
885
91
794
776
757
108
649
839
82
758
145
613
842
78
764
139
626
853
74
780
163
617
881
90
792
792
87
706
833
39
795
150
646
902
106
797
804
154
651
891
81
810
849
191
658
870
71
800
165
635
896
103
794
792
123
669
863
87
777
781
65
716
809
31
779
127
652
841
63
779
151
628
848
73
776
152
624
864
80
785
152
633
888
97
791
116
675
894
103
792
153
639
915
111
804
803
861
185
676
858
68
790
149
641
890
96
794
775
146
630
871
96
776
148
628
880
88
793
160
634
897
82
816
869
185
684
863
42
821
169
653
909
27
882
99
784
135
649
895
85
811
177
635
893
85
809
804
90
715
871
877
42
836
185
652
862
73
789
102
688
866
87
779
150
630
885
97
789
171
618
889
99
791
169
622
892
88
805
161
644
892
76
816
807
121
686
886
83
804
160
644
893
88
805
785
796
803
791
799
127
673
878
87
791
786
123
664
882
77
805
159
647
883
78
805
797
121
677
886
78
808
796
149
648
869
96
773
772
125
647
780
804
187
618
855
70
785
153
632
882
48
835
48
788
60
728
920
146
775
145
630
879
79
801
796
79
718
876
68
809
144
666
920
100
820
176
645
941
31
911
129
782
122
660
929
121
809
791
791
166
626
863
81
783
135
648
856
82
775
768
101
668
822
42
780
122
658
854
61
794
166
629
901
99
802
791
152
640
907
96
812
183
629
918
112
807
798
161
637
901
96
806
184
622
888
100
789
791
142
649
855
89
767
768
120
649
892
43
850
200
651
883
71
813
184
629
898
88
811
796
139
658
908
100
808
162
647
930
52
879
96
784
110
674
905
48
857
835
828
167
661
903
67
836
833
177
656
878
52
827
810
160
651
833
52
781
155
627
839
74
766
757
120
638
834
50
785
151
634
842
92
751
750
133
618
849
74
776
146
630
878
71
808
178
630
920
108
813
800
130
670
894
99
796
163
634
909
116
793
799
138
661
885
26
859
33
827
166
661
851
70
782
152
630
863
83
780
776
106
671
854
73
782
144
638
871
92
779
761
132
630
834
85
750
125
625
833
74
759
127
633
826
83
743
737
113
624
813
66
747
109
639
811
59
753
138
616
834
61
774
136
638
884
91
794
775
133
642
868
78
790
150
640
874
78
796
169
628
883
95
789
776
117
659
881
92
789
141
648
891
100
791
147
645
896
88
808
845
157
689
851
44
808
158
650
890
87
803
791
122
669
866
41
825
178
647
871
72
799
800
73
728
922
80
843
210
634
882
72
811
156
656
897
90
808
809
111
699
850
856
93
763
75
689
856
56
801
147
654
899
108
791
794
132
663
854
75
780
773
116
657
862
77
786
137
649
888
86
803
171
633
902
94
809
23
786
128
659
886
84
802
152
651
890
71
819
811
145
667
884
70
815
158
657
910
93
818
802
141
662
887
76
811
169
643
910
103
807
794
152
643
903
40
863
32
831
182
649
836
54
783
150
633
855
80
775
151
625
873
95
778
166
612
843
73
771
153
618
803
785
164
622
855
74
781
147
634
879
86
794
797
140
658
862
58
804
163
642
909
99
810
798
146
653
894
73
822
800
117
684
882
68
814
162
653
894
71
824
810
146
664
896
91
806
156
651
881
83
799
789
145
644
883
92
792
169
624
875
65
811
167
644
934
101
834
27
808
155
653
882
71
812
181
632
887
77
810
167
644
889
77
813
797
111
687
859
57
802
149
654
896
885
112
773
785
136
649
867
77
791
153
639
875
94
781
150
632
845
79
767
757
126
631
813
57
757
136
622
855
84
771
153
619
869
85
784
122
662
851
71
781
158
623
880
87
794
789
70
719
829
49
780
129
651
894
97
798
163
636
887
84
804
169
636
908
99
809
798
122
677
881
74
808
159
649
871
65
806
149
657
900
83
817
805
792
117
676
828
54
774
762
124
639
836
57
780
126
654
847
64
784
147
637
865
75
790
783
114
669
844
52
793
128
666
853
62
791
138
654
879
90
789
143
647
898
89
809
174
636
904
96
808
793
124
670
862
66
797
144
654
886
54
833
838
28
811
152
659
807
33
775
132
643
856
79
777
143
635
891
100
792
156
637
889
87
802
174
629
892
89
803
794
143
652
886
79
808
168
641
901
94
808
799
135
665
905
91
814
178
637
916
59
857
68
789
137
652
879
82
798
790
134
656
865
69
797
160
637
876
127
750
761
127
635
787
783
32
751
764
759
140
620
867
83
785
160
625
859
85
774
123
651
823
57
766
161
606
865
88
777
159
619
879
90
790
783
130
653
895
90
806
138
668
803
834
51
784
767
127
641
885
80
806
163
644
914
112
802
806
157
650
910
38
872
116
756
125
632
852
87
766
771
22
750
800
791
74
717
838
42
797
107
691
869
78
791
140
652
897
85
812
172
641
924
105
820
809
145
665
899
87
813
166
647
922
101
822
184
639
899
72
828
809
142
667
911
77
834
194
641
938
103
835
827
167
661
916
102
815
24
791
791
49
742
897
41
857
185
672
929
83
847
39
808
816
98
718
870
73
797
142
656
910
95
815
168
648
925
58
868
856
207
650
884
65
820
24
796
103
694
883
52
832
190
642
875
24
851
82
769
122
648
876
85
792
150
643
893
104
789
789
136
654
863
72
791
146
645
869
86
783
24
759
770
72
698
829
39
791
100
691
875
62
813
162
651
913
93
820
804
801
93
709
862
858
24
834
171
664
867
59
809
155
654
914
39
875
856
216
641
868
71
797
152
646
880
858
24
834
167
668
861
59
803
126
677
884
79
806
154
652
900
98
802
788
775
120
655
875
73
803
129
674
895
97
799
859
195
665
875
861
29
832
166
666
867
75
792
812
809
138
671
825
42
783
150
634
863
89
775
154
621
855
90
766
149
617
859
88
772
155
617
859
79
780
158
622
857
91
767
758
743
106
637
835
77
759
135
625
832
65
767
156
611
877
89
788
162
627
895
91
805
165
641
891
101
791
791
781
135
646
846
69
777
162
616
850
98
752
760
104
657
832
48
784
102
683
854
56
799
150
649
906
91
815
879
232
648
889
87
802
170
633
909
104
805
793
146
648
904
90
815
171
644
913
82
832
875
93
783
24
759
904
52
852
96
756
77
680
882
75
808
151
657
861
62
799
790
132
658
878
75
804
176
628
869
79
791
775
760
39
722
791
780
115
666
866
854
842
136
707
846
57
790
788
851
125
726
811
29
783
122
661
856
34
822
188
635
877
77
801
173
629
877
77
801
793
143
651
878
80
799
165
635
876
79
798
802
81
722
851
44
807
149
659
906
882
863
135
728
868
38
830
828
122
706
904
906
33
874
207
667
866
54
812
802
156
647
879
82
797
151
647
891
80
811
169
643
904
100
805
787
114
674
895
87
809
152
657
903
91
812
806
140
667
881
70
812
171
641
890
92
799
783
145
639
849
68
782
152
630
876
75
802
163
640
893
27
867
36
831
78
753
103
651
868
85
784
791
124
667
864
71
793
162
632
864
105
759
768
763
46
718
794
23
772
66
706
833
43
790
137
653
877
73
804
128
677
875
68
808
173
635
895
105
791
28
763
776
78
699
841
820
167
653
860
73
788
810
146
664
874
858
839
140
700
849
59
791
773
771
146
625
830
69
762
137
625
877
95
783
124
659
888
97
791
879
217
663
931
101
831
813
111
702
881
62
820
178
643
902
100
803
783
767
68
700
798
51
748
117
631
850
86
765
56
709
843
46
798
68
731
868
868
92
776
117
660
914
99
815
209
606
868
91
777
761
765
750
110
640
826
80
747
125
622
813
76
737
117
620
811
75
736
131
605
814
85
729
731
71
660
789
46
744
88
656
796
48
749
142
607
787
41
746
25
721
102
620
799
69
731
120
611
790
57
733
117
616
793
73
721
718
114
605
800
65
736
124
612
827
67
760
143
618
836
84
753
748
118
630
819
72
747
126
621
828
72
756
132
625
863
88
775
777
77
700
855
71
785
138
647
891
98
794
790
117
673
866
70
796
140
657
888
87
802
796
125
672
858
67
791
785
74
712
830
48
782
126
656
893
101
793
784
787
33
754
158
597
938
184
755
109
647
829
56
773
108
666
872
84
788
140
648
916
112
804
801
104
698
881
76
806
796
116
680
910
88
822
159
664
929
99
830
825
824
836
838
163
676
950
117
833
823
128
696
912
97
815
813
802
143
660
874
89
785
23
762
751
751
756
112
645
805
52
754
119
636
866
107
760
772
789
798
779
116
663
903
103
800
137
664
875
75
800
812
125
687
878
80
799
817
97
720
874
79
795
791
789
63
726
818
52
767
773
128
646
834
62
773
757
90
667
834
59
776
139
638
877
106
772
774
121
653
856
93
764
765
74
691
813
45
768
94
675
841
50
792
141
652
877
91
786
774
109
665
843
68
776
145
631
855
81
774
24
751
750
120
631
833
69
765
130
635
833
68
766
767
134
633
846
61
786
144
642
896
85
812
802
107
696
874
72
802
153
650
891
108
784
785
781
127
655
870
86
784
142
642
888
96
793
784
133
652
857
88
769
761
767
90
677
820
805
173
633
889
89
800
797
154
644
885
115
770
27
744
740
738
732
108
625
792
61
732
121
611
803
68
735
123
613
809
75
734
113
622
833
84
750
126
625
814
60
754
148
607
824
83
741
92
649
652
206
447
1023
257
767
757
766
750
792
25
767
135
633
784
99
685
70
616
835
90
746
739
721
127
595
751
736
127
610
754
40
715
124
592
768
59
709
120
590
784
76
708
705
707
47
660
735
34
702
108
594
763
56
707
115
592
748
68
680
87
594
754
59
695
107
589
758
56
702
689
105
585
749
60
689
64
625
628
633
40
594
593
593
595
608
600
601
605
608
608
596
608
615
622
19
603
621
623
642
639
93
547
683
66
617
54
564
672
39
634
50
585
834
127
708
701
66
635
746
26
720
105
615
802
65
737
116
622
830
74
756
129
628
861
77
784
778
770
789
772
113
659
844
67
777
780
97
683
818
37
782
778
104
674
852
80
773
774
768
804
22
783
100
683
877
79
799
134
665
910
103
808
803
155
649
861
83
779
781
112
669
873
80
793
797
143
655
883
80
804
24
781
133
648
877
106
772
761
91
670
687
848
82
766
95
672
830
55
775
153
622
878
98
781
774
128
646
877
91
786
775
121
654
871
85
786
795
134
661
871
77
794
784
144
640
880
95
786
783
105
679
871
74
797
791
124
668
874
72
802
789
778
133
645
875
82
793
781
117
664
877
72
806
802
113
689
886
75
812
28
784
129
655
913
94
820
807
112
695
880
72
809
32
777
786
112
674
888
86
802
145
658
924
106
819
823
81
743
872
69
803
807
800
797
125
673
903
74
829
54
775
841
164
678
910
108
802
801
149
652
913
105
808
806
156
650
889
77
812
794
793
152
642
877
87
791
777
768
772
26
746
830
812
92
720
871
60
811
814
161
654
909
110
799
796
140
657
887
102
786
793
40
754
852
23
829
162
668
930
119
811
802
795
149
647
910
101
809
800
146
654
919
90
830
808
149
659
926
103
824
26
798
143
656
921
99
823
816
26
790
99
691
886
88
799
790
788
151
637
873
96
777
772
145
628
862
96
766
765
138
628
850
88
763
756
131
626
829
76
753
756
104
653
833
64
770
144
627
868
88
780
778
150
628
880
97
784
788
154
634
886
89
798
804
77
727
887
65
823
182
641
947
124
824
803
813
156
657
902
101
802
799
796
108
689
852
49
803
791
136
655
879
88
792
154
639
898
82
816
813
127
687
899
92
808
791
796
148
649
892
90
802
811
96
716
862
56
807
811
156
656
870
64
806
809
80
729
839
43
797
794
129
665
875
84
791
794
104
690
890
64
826
188
639
924
99
826
807
800
93
708
896
63
833
814
814
125
689
864
64
800
782
129
653
899
102
798
151
647
922
100
823
815
104
711
922
79
844
840
108
733
911
58
853
831
155
676
950
106
844
831
174
657
922
88
835
842
181
661
917
95
823
816
25
791
813
106
708
882
49
833
174
659
937
109
828
811
816
160
656
934
103
832
812
810
148
663
922
123
800
24
777
791
87
705
884
78
807
157
650
939
97
842
837
143
695
932
82
851
839
174
666
955
107
848
833
166
667
958
108
850
833
835
64
772
878
57
822
823
820
127
694
897
78
820
25
795
792
138
655
953
92
861
849
119
731
947
95
853
850
189
662
965
134
832
833
815
152
663
927
91
837
822
169
653
934
98
836
831
169
662
952
105
847
847
183
665
957
116
841
833
822
163
659
928
108
821
806
804
162
642
868
89
779
24
755
761
779
791
803
123
681
876
57
819
809
147
662
913
89
824
816
159
657
924
103
822
810
797
146
652
900
96
805
791
149
643
717
861
74
787
167
620
906
106
800
801
131
671
880
90
791
807
163
644
904
107
797
797
155
643
932
114
819
162
657
939
91
848
861
200
661
968
109
860
856
202
655
983
125
858
856
200
656
974
128
847
840
833
829
129
700
928
93
836
827
807
150
657
911
97
815
820
148
672
939
102
838
824
819
96
723
900
77
823
171
652
930
102
828
822
829
56
773
875
53
822
163
660
961
109
853
833
170
664
966
118
849
831
157
674
944
100
845
196
649
947
88
859
840
169
671
867
890
52
839
171
669
944
107
837
831
171
660
931
87
845
849
181
668
952
100
852
834
181
654
936
80
857
840
183
658
948
101
847
23
825
176
649
945
110
835
824
165
659
937
107
831
833
179
655
966
123
844
833
834
181
654
959
123
837
833
841
164
677
955
121
834
837
176
662
961
129
833
831
826
149
677
935
98
838
841
186
655
968
129
839
842
828
176
652
936
101
836
832
174
658
938
104
835
832
174
658
949
112
837
831
834
143
692
939
112
828
836
839
190
650
911
85
826
831
148
683
916
92
825
826
169
657
923
105
818
822
171
651
942
105
838
838
172
666
951
96
856
843
837
179
659
930
88
843
830
176
654
935
93
842
824
177
647
915
76
839
825
188
637
914
69
846
827
165
662
938
92
847
837
171
666
941
98
844
37
808
810
152
659
918
88
831
827
167
660
947
107
841
829
171
658
952
107
845
835
174
662
951
109
842
831
831
139
692
928
94
835
843
177
666
964
120
845
838
836
162
675
937
107
831
833
179
654
940
108
833
830
181
649
923
98
826
822
175
647
921
105
817
827
178
649
942
113
829
826
835
163
673
944
107
838
836
182
655
941
100
841
832
828
158
670
920
84
837
827
179
648
918
89
830
822
173
649
937
109
828
823
824
152
672
933
100
833
841
181
661
963
127
837
835
833
168
666
906
78
828
835
186
650
935
101
834
831
179
652
941
120
821
818
820
134
686
903
86
817
804
135
670
888
81
808
166
642
902
90
812
807
162
645
907
92
815
810
162
649
919
98
822
807
162
646
925
103
822
806
816
103
714
873
59
815
813
826
93
734
886
63
824
833
165
668
937
113
824
821
821
162
659
920
101
820
827
179
648
925
102
824
825
159
666
921
103
819
818
810
101
709
875
63
812
813
167
646
915
97
818
816
166
651
916
105
811
799
155
644
908
104
804
806
161
645
913
100
813
809
137
672
897
81
816
809
120
689
903
79
824
809
155
655
919
101
819
805
159
647
911
91
820
824
146
678
904
80
824
811
160
651
902
89
814
813
155
659
914
105
809
811
152
660
908
86
822
819
169
650
924
101
824
829
177
652
924
102
823
837
193
645
926
98
829
818
812
147
666
884
68
817
811
163
649
914
93
821
833
152
681
938
105
834
817
165
652
921
115
807
800
798
159
639
880
91
790
788
138
650
859
85
775
778
127
651
860
71
789
153
636
868
72
796
161
636
914
95
819
819
148
671
920
112
809
814
169
645
916
116
801
795
151
644
888
89
800
785
775
137
638
872
88
784
121
663
905
85
820
171
650
965
153
813
813
163
651
951
117
834
822
162
660
916
115
802
806
161
646
905
92
814
155
659
934
93
842
833
122
712
923
48
875
50
825
811
826
100
726
939
75
864
857
170
687
930
103
827
814
810
154
656
949
107
842
832
163
669
949
108
841
833
837
89
748
889
63
827
832
26
806
114
693
888
64
825
154
671
922
90
833
171
663
958
112
847
831
169
662
959
144
816
817
149
669
921
113
809
801
798
849
852
47
806
109
697
927
71
856
851
161
690
911
81
830
819
814
32
783
871
38
833
154
680
930
100
830
832
105
727
908
66
842
155
688
963
108
856
33
824
838
152
687
950
101
849
849
184
666
960
108
853
849
835
827
141
686
944
89
856
845
169
677
936
111
825
817
159
659
936
103
833
823
159
665
957
118
839
847
831
156
675
945
105
840
833
836
166
671
945
104
841
829
823
145
678
951
106
845
835
834
131
704
954
105
849
834
820
175
645
879
70
809
796
162
635
889
93
796
791
137
655
900
100
801
802
152
650
904
94
810
816
165
652
937
100
838
835
192
644
891
69
823
821
182
639
925
88
838
822
815
159
656
927
89
839
828
174
654
897
81
817
816
185
632
888
82
806
29
778
783
142
641
916
105
811
162
649
997
138
859
851
180
672
985
150
835
835
842
157
686
975
108
868
856
854
183
672
962
98
865
28
837
177
661
957
85
872
871
197
674
951
81
870
881
135
747
997
979
56
924
88
837
833
161
673
967
114
854
844
146
698
957
936
40
896
217
680
939
53
887
26
861
186
676
968
94
875
880
200
681
977
86
891
29
863
845
177
669
964
109
856
24
832
821
831
135
696
888
92
796
807
153
655
938
94
845
175
670
955
113
842
26
817
822
162
661
952
105
847
31
817
841
134
708
941
89
852
38
815
859
175
685
947
95
852
840
27
814
797
813
90
723
884
59
826
167
659
990
120
870
35
836
843
146
698
952
124
829
809
827
154
673
901
102
800
812
166
647
929
113
817
823
150
674
959
143
816
818
161
657
958
118
840
827
156
671
960
99
862
841
843
80
764
938
101
837
849
172
678
984
120
865
25
840
851
163
688
942
77
865
844
164
680
998
117
881
31
851
871
198
673
995
134
861
850
186
664
942
87
856
835
836
164
673
940
99
841
839
144
696
958
92
866
852
177
676
963
73
891
869
183
686
975
132
843
849
148
702
951
82
869
867
176
691
951
92
859
854
166
689
980
102
879
867
158
709
833
894
53
841
152
690
935
87
848
842
168
675
929
108
822
809
819
71
748
881
49
833
142
692
930
98
833
833
828
86
742
913
74
840
154
686
959
97
863
848
165
684
971
81
891
41
851
835
143
693
952
88
865
30
835
843
94
750
940
103
838
846
857
127
731
934
64
871
875
857
184
673
921
73
849
890
113
777
958
53
905
888
164
725
969
92
878
872
32
840
846
180
666
919
142
778
795
31
765
770
766
132
634
827
71
756
752
130
623
800
53
748
731
119
612
779
53
726
133
593
780
56
725
117
608
780
32
749
162
587
824
82
742
745
87
658
833
60
773
154
620
875
87
789
790
164
626
880
97
784
771
764
127
637
860
84
776
139
638
853
68
786
166
620
866
85
781
767
755
136
620
750
784
54
730
719
115
604
730
69
661
70
592
672
39
634
35
600
636
622
19
603
621
612
26
586
623
24
599
590
606
601
40
562
625
27
599
25
575
613
596
594
605
594
584
600
592
17
576
604
590
21
570
596
588
577
592
584
24
561
603
19
584
17
568
586
579
569
574
572
566
570
566
571
568
560
562
560
36
525
580
22
558
556
560
559
557
558
32
527
570
18
553
548
548
546
545
540
525
548
538
533
532
530
529
527
20
507
538
16
522
520
518
21
498
527
513
512
510
500
520
509
509
509
510
508
510
505
507
504
503
504
503
506
508
507
511
505
505
506
506
507
499
511
508
506
506
510
511
510
498
513
503
503
501
500
503
501
501
501
505
500
500
499
499
494
495
496
497
497
494
494
495
493
496
493
490
493
494
491
486
488
499
496
494
495
494
500
495
491
493
494
497
493
496
491
496
495
488
491
490
488
492
492
489
489
489
484
487
483
485
483
483
482
486
482
483
480
480
486
478
484
482
482
485
483
480
481
479
478
484
480
479
477
476
479
483
479
478
477
478
475
479
481
479
479
475
477
480
485
481
482
484
494
499
493
490
500
503
504
507
507
516
508
507
517
519
532
533
524
521
530
597
584
594
595
40
556
563
578
588
593
40
554
547
543
553
561
567
573
580
19
561
561
562
19
544
549
554
559
567
558
549
548
631
629
649
35
614
598
33
565
584
645
33
612
650
48
603
591
586
664
674
62
613
637
47
591
591
596
647
640
641
627
31
597
617
654
649
680
686
72
614
627
27
601
625
649
24
626
673
43
630
18
613
602
658
656
941
86
855
103
752
21
732
723
734
733
108
625
770
22
749
732
727
104
624
804
71
733
734
727
63
665
727
767
54
714
734
731
96
635
837
76
762
750
743
746
750
112
638
720
840
77
764
22
743
737
721
32
690
65
625
670
54
617
654
679
680
702
39
663
661
653
671
24
648
654
30
624
618
684
665
23
642
758
108
651
34
617
735
92
644
20
624
1013
172
842
45
798
793
800
792
103
690
878
78
800
792
791
143
649
887
90
797
793
781
790
785
794
783
776
787
797
124
674
880
66
815
801
801
791
804
799
138
662
884
80
805
795
797
791
797
797
793
787
780
779
774
108
666
849
70
780
781
781
779
136
644
755
815
29
787
783
136
647
876
94
783
769
758
754
750
751
97
655
864
71
793
783
783
778
779
778
771
779
123
656
887
89
798
780
785
794
787
785
792
791
130
662
875
77
798
799
791
788
790
792
134
659
832
833
33
801
787
784
783
114
669
861
77
784
783
780
128
652
849
73
777
773
763
128
635
839
110
730
740
755
756
26
731
737
786
71
715
739
67
672
832
135
697
728
22
707
45
662
878
186
693
737
30
708
737
740
749
54
695
764
57
708
72
636
813
83
730
104
627
992
166
826
30
796
785
783
777
775
774
780
772
760
103
658
862
78
784
785
145
640
858
58
801
788
149
639
889
98
792
791
788
145
643
900
97
803
798
790
791
142
650
885
95
791
794
145
650
911
98
813
811
66
745
820
809
796
782
136
646
786
841
48
794
158
636
892
87
806
800
792
795
122
674
779
867
73
794
791
790
117
673
779
862
67
796
23
774
770
772
753
753
772
131
641
831
73
758
777
103
674
867
72
795
792
791
793
800
154
647
883
91
793
777
120
657
885
83
803
799
155
645
886
90
797
799
785
149
636
893
89
805
802
811
122
690
828
874
57
817
814
817
809
798
143
656
891
76
816
803
159
645
904
102
802
800
801
158
644
897
89
808
806
807
795
796
791
136
655
889
77
813
806
794
789
120
669
749
862
69
793
795
151
645
821
71
751
72
680
57
623
947
147
801
785
777
783
139
644
875
93
783
786
786
142
644
881
87
794
791
136
655
892
87
805
792
790
134
656
773
850
62
788
782
771
112
659
850
66
785
776
130
646
76
571
790
214
576
866
401
465
845
181
665
45
620
151
469
3999
3999
3999

