28-07-2022 - 9:20 - Correr
Dina Gallardo
Intervalos entre latido y latido
812
791
773
789
797
791
791
803
810
830
844
853
864
874
882
898
897
885
881
888
892
871
878
893
899
893
875
867
883
898
882
882
891
874
856
879
890
880
891
903
912
895
890
903
908
28
880
875
882
877
864
869
875
878
873
890
903
26
878
880
881
883
25
859
879
879
888
899
894
34
861
871
880
870
875
887
894
24
871
873
885
899
897
26
871
883
892
876
882
888
900
883
876
890
879
872
867
872
863
840
852
858
858
842
860
875
852
865
879
885
871
883
878
871
871
878
863
851
871
875
871
858
869
876
874
873
886
886
866
873
886
879
865
867
878
883
875
36
840
30
811
806
814
823
851
867
857
853
857
860
838
850
860
859
837
853
865
872
859
879
883
870
874
884
882
867
877
883
874
862
867
878
863
892
906
906
890
32
859
860
878
886
891
873
52
821
832
848
861
858
860
849
25
825
839
856
857
871
863
881
904
926
931
949
945
936
942
947
940
934
926
906
917
924
935
932
935
921
911
905
893
888
30
858
848
859
873
875
870
854
848
864
863
849
850
864
870
848
856
874
881
869
858
852
858
862
848
832
842
851
846
854
862
870
851
862
868
873
859
851
866
874
863
870
872
879
870
875
869
851
851
864
856
840
841
856
862
850
844
863
873
853
846
861
864
37
827
830
834
822
833
840
825
811
822
844
837
831
846
864
858
845
866
875
864
877
889
879
875
882
899
903
881
885
887
885
894
907
912
900
909
916
25
892
916
918
26
893
902
907
885
882
881
875
859
868
884
877
867
882
889
871
871
869
865
846
858
877
878
864
877
889
891
25
867
875
874
851
847
857
870
861
851
869
865
27
838
35
804
803
820
842
865
893
26
868
900
924
30
895
906
906
890
72
819
815
804
795
33
763
34
730
741
24
718
738
233
506
875
132
743
26
718
729
723
714
31
684
675
660
655
640
646
649
657
663
666
690
693
717
744
726
723
724
708
705
714
710
709
717
707
717
723
723
730
735
740
737
738
737
723
732
744
759
751
740
744
754
755
743
745
747
749
753
750
765
756
742
723
718
735
733
739
750
748
746
739
732
732
733
730
731
736
742
747
745
741
745
740
745
753
760
742
43
699
25
674
658
653
666
651
648
653
642
645
637
633
630
629
627
630
630
625
623
618
615
615
617
615
609
610
603
601
605
599
604
601
602
595
593
586
586
587
587
590
582
582
580
579
579
578
576
572
570
566
565
567
566
566
563
560
557
554
552
550
552
547
546
541
541
541
539
535
531
528
527
524
524
519
516
516
515
513
511
514
514
512
510
512
513
516
517
515
516
513
515
514
517
515
515
514
514
516
511
513
511
512
512
511
510
510
505
507
503
499
500
495
495
494
489
490
488
482
485
481
477
479
476
473
472
470
467
465
467
464
463
460
461
458
458
457
455
456
457
452
451
454
452
448
451
452
445
445
448
449
445
444
448
445
445
446
446
443
443
444
444
443
446
445
444
444
445
445
445
446
445
447
449
446
446
447
446
447
444
450
444
445
446
446
444
444
445
444
442
442
444
445
438
444
444
443
441
445
445
446
445
445
445
445
446
444
443
446
444
444
440
444
443
441
444
440
442
438
441
440
437
435
440
437
434
433
433
429
434
433
425
432
431
427
426
431
430
424
426
428
428
425
428
429
437
440
444
441
445
450
451
451
457
467
467
466
473
483
484
485
482
491
497
492
498
506
503
497
498
501
500
493
493
501
525
541
546
546
562
595
637
642
27
615
32
583
21
562
556
548
551
556
569
572
568
567
580
589
19
571
568
580
582
568
562
579
601
642
678
62
617
22
595
26
570
569
575
587
609
625
616
30
586
579
594
626
651
634
621
625
639
647
660
656
668
662
662
659
654
649
644
644
644
643
632
625
612
611
607
607
613
648
644
650
675
697
694
688
695
693
695
701
712
753
774
35
740
43
697
28
669
657
641
631
641
647
667
672
659
656
670
683
715
748
760
754
25
730
43
688
690
702
736
784
794
36
759
43
717
33
685
686
702
719
751
768
780
26
754
30
725
27
699
708
720
726
734
727
714
24
691
691
709
731
729
743
749
739
24
715
21
695
320
375
932
193
740
55
685
679
664
666
673
687
708
725
735
727
711
695
692
708
731
756
777
783
779
777
756
742
730
728
748
765
776
765
26
740
32
708
690
686
704
714
745
780
770
23
748
23
725
736
742
760
782
782
789
777
27
751
737
734
736
740
746
742
734
727
728
719
707
688
691
699
703
716
770
805
788
22
766
751
740
723
721
712
709
694
689
701
722
750
776
803
22
781
789
787
798
796
801
791
784
779
766
759
752
754
759
762
769
764
748
733
733
737
733
728
715
710
712
717
739
766
760
754
737
749
758
778
814
825
814
794
31
764
763
769
784
811
836
821
811
800
789
330
459
995
183
812
37
776
34
742
731
21
711
729
740
748
754
767
778
779
769
22
748
761
759
772
763
758
762
764
767
753
760
763
771
772
763
776
782
804
793
800
811
815
796
800
805
788
784
795
811
813
821
821
804
27
778
757
762
755
750
742
727
735
759
774
801
829
851
850
844
847
843
835
833
838
840
841
850
847
847
840
30
811
819
820
820
25
796
806
812
811
792
800
803
795
783
793
801
794
793
813
823
820
808
809
829
844
837
836
853
856
834
845
844
856
32
824
833
833
839
821
833
845
30
816
823
834
830
820
829
833
826
836
825
805
817
832
821
821
827
32
795
788
796
802
801
822
847
28
819
826
810
795
22
773
763
777
791
790
808
818
799
788
800
806
787
805
818
813
822
825
822
803
796
804
811
37
774
786
777
771
753
777
805
801
780
762
766
787
811
848
893
917
906
909
891
56
836
838
834
850
838
839
851
872
875
853
41
813
797
796
799
791
23
768
782
782
778
787
789
789
792
792
796
785
810
810
792
797
796
806
32
775
791
804
793
799
809
812
802
821
817
24
793
805
815
29
786
799
792
32
761
29
733
747
738
724
744
756
766
791
801
808
24
784
788
30
758
771
800
809
791
774
793
777
761
787
787
766
780
785
768
23
745
739
745
736
756
783
781
813
806
857
862
865
855
836
824
810
795
776
788
800
824
849
829
24
805
829
819
30
790
822
810
793
792
789
772
810
799
794
824
833
829
828
24
804
815
819
797
818
819
804
833
834
842
41
802
824
823
804
834
843
31
813
829
838
838
831
849
849
26
823
848
859
852
838
34
805
818
801
42
760
25
736
763
763
797
840
848
858
33
825
852
846
842
843
838
34
805
816
818
810
796
811
800
804
832
844
846
852
836
37
799
814
817
29
788
802
782
801
809
839
841
40
802
805
809
802
803
798
25
773
776
793
811
833
840
857
44
814
840
844
36
809
840
860
28
833
847
848
833
817
836
27
810
789
802
813
812
31
782
811
807
27
781
785
803
796
794
825
833
845
846
834
819
25
795
804
805
26
780
796
813
808
826
840
846
37
810
833
31
802
824
833
833
853
842
822
841
829
821
825
823
821
805
798
22
777
758
773
779
760
773
791
779
788
805
806
791
817
828
828
830
824
808
789
802
809
26
784
812
820
23
797
810
834
841
872
878
46
833
854
844
31
814
835
818
26
792
811
821
833
831
830
37
793
809
811
24
788
807
830
835
838
855
854
24
830
41
790
798
794
775
781
780
766
806
817
814
845
839
833
844
823
827
840
28
813
822
828
829
32
797
813
830
817
818
834
839
23
817
821
825
31
795
800
805
801
789
813
809
815
24
791
772
790
803
35
768
777
790
807
816
808
809
789
805
786
791
800
828
45
783
794
813
800
812
813
27
787
786
792
779
809
794
799
817
835
844
846
847
835
837
27
811
820
805
804
827
820
817
857
878
875
859
875
866
26
841
865
877
893
26
867
888
884
24
861
859
849
829
811
796
786
807
828
847
851
865
34
831
840
44
797
31
767
776
780
808
840
865
851
865
850
851
846
31
816
825
831
839
837
844
27
818
835
838
824
844
856
855
842
848
835
832
828
832
826
838
23
816
828
847
849
25
825
848
869
880
877
869
880
867
851
853
26
828
839
833
816
830
834
25
810
823
830
816
823
837
858
854
29
825
827
834
830
23
807
31
776
776
775
763
776
784
794
790
799
815
825
814
832
836
829
852
863
852
836
844
830
839
840
826
810
789
790
778
793
801
808
815
805
806
828
845
855
871
877
876
884
885
880
44
837
838
835
838
841
865
25
841
847
873
872
26
846
851
853
850
838
861
875
26
849
862
866
30
836
849
854
861
870
864
855
24
831
816
800
32
768
770
777
790
796
24
773
775
780
791
808
832
851
853
833
832
32
800
813
828
831
833
820
844
871
892
870
888
897
34
864
879
880
30
851
860
853
841
834
847
853
847
867
869
866
871
857
854
843
831
851
867
886
891
891
884
57
828
39
789
801
799
810
830
860
877
904
920
900
884
889
880
873
892
877
30
848
878
879
864
48
816
839
25
815
834
837
856
849
844
840
826
28
798
807
797
790
22
768
784
811
805
801
798
785
25
760
768
781
760
785
786
784
811
835
836
25
812
837
828
808
805
820
851
843
24
819
817
818
827
836
821
833
841
845
834
827
814
806
793
784
777
766
21
746
754
761
785
809
819
827
829
818
805
793
774
774
757
766
771
776
773
773
791
791
801
816
817
26
791
792
799
793
794
797
801
788
783
768
778
775
760
777
796
809
835
846
848
842
34
808
797
794
800
801
807
797
795
803
792
799
812
818
843
854
848
830
851
858
30
829
833
838
834
825
828
28
800
784
792
783
801
819
817
29
789
32
757
769
769
757
788
807
793
828
862
870
851
869
875
34
842
852
865
845
874
876
875
859
875
879
27
853
865
29
837
31
806
825
846
869
882
895
890
884
885
871
24
847
843
844
846
844
825
842
849
843
839
35
804
820
810
809
834
851
833
856
869
871
861
863
843
845
840
819
829
832
813
816
811
831
839
849
27
823
839
835
31
805
785
779
793
811
834
854
856
871
880
874
862
875
874
868
881
883
879
47
832
834
848
854
860
870
863
863
856
844
832
35
797
805
805
808
810
801
794
793
33
761
765
760
752
25
728
745
744
742
772
789
791
807
821
828
832
845
836
23
814
834
847
23
825
845
851
835
854
851
33
818
831
833
831
816
841
843
847
30
818
827
828
28
800
829
826
817
823
833
27
807
811
828
830
828
849
841
27
815
833
824
30
794
814
820
814
833
826
827
851
862
49
814
831
29
802
25
778
795
788
774
791
799
807
814
838
846
834
853
863
847
858
852
856
36
821
810
834
846
860
55
806
808
811
799
22
778
812
819
814
823
826
821
812
821
817
799
826
829
817
819
824
30
794
779
794
810
39
771
800
803
814
23
792
784
810
807
796
819
835
820
842
854
849
32
818
831
827
807
806
817
820
812
840
840
30
811
847
846
36
811
830
831
813
821
828
26
803
785
792
795
787
803
805
793
816
830
27
803
812
808
791
776
799
800
48
753
750
756
767
751
740
748
780
786
801
829
818
819
836
826
826
845
837
820
843
844
828
834
854
833
843
855
848
853
857
863
840
860
864
871
866
872
26
846
838
820
828
818
828
27
801
30
772
780
798
828
855
848
860
872
884
885
909
915
922
912
922
924
920
909
898
892
881
871
874
869
885
870
864
871
853
851
851
23
828
825
831
830
816
831
835
838
847
855
835
856
858
854
861
868
850
29
822
828
817
812
831
843
827
819
838
831
817
834
827
27
801
798
26
773
26
748
764
769
783
762
752
747
763
778
778
801
816
842
821
841
858
844
840
840
835
840
843
846
33
814
816
819
825
803
805
827
834
821
829
844
842
859
864
841
849
852
830
836
832
824
850
856
33
824
835
862
864
871
29
842
827
850
849
33
817
837
855
835
836
844
838
829
852
871
870
873
879
860
868
870
848
859
868
881
44
838
33
806
830
839
855
836
854
860
861
871
892
899
890
905
910
903
887
894
900
888
877
885
887
29
858
875
882
860
869
871
857
857
867
872
850
847
846
860
868
26
843
821
35
787
798
793
807
823
821
854
886
890
895
906
910
38
872
873
882
891
897
890
875
42
833
853
856
834
847
846
855
867
871
864
884
882
28
855
868
872
851
862
870
849
860
854
28
826
841
840
33
808
28
780
791
791
817
835
864
877
868
865
874
869
848
861
855
858
859
875
886
872
891
895
882
861
856
844
839
843
825
816
830
843
843
838
836
23
814
812
817
823
812
822
839
832
854
866
868
859
867
866
850
859
850
841
856
843
849
860
860
878
856
848
859
862
26
836
841
844
840
824
834
836
823
830
816
826
841
852
847
877
891
896
894
889
891
28
863
877
863
845
858
862
842
856
864
851
851
843
841
850
30
821
807
836
832
812
805
796
25
772
783
27
756
775
793
802
799
840
869
850
877
892
37
856
877
874
28
846
871
870
847
855
866
877
875
872
24
848
854
863
856
840
847
857
850
865
875
862
33
830
825
819
833
840
819
827
828
824
34
790
803
797
816
820
805
823
845
846
871
854
843
846
844
847
852
848
849
849
23
826
833
835
24
812
825
846
857
879
885
880
884
32
852
60
793
801
805
831
857
871
873
908
931
944
945
27
918
914
904
31
874
885
867
864
846
849
849
864
883
897
31
866
37
830
820
835
849
872
869
868
29
839
843
836
820
819
824
837
847
846
843
833
814
793
782
768
753
21
733
23
711
734
718
720
742
746
749
767
772
786
790
797
818
830
828
832
841
846
856
858
849
862
851
845
841
839
818
842
844
853
848
855
846
855
848
849
857
847
829
833
31
803
803
811
810
803
800
800
815
816
800
786
780
793
811
813
799
820
848
863
878
866
867
863
851
847
833
815
834
850
842
865
879
863
855
881
909
914
924
925
907
894
896
899
903
888
870
876
858
848
859
877
897
893
872
866
870
865
872
880
26
855
862
859
852
24
829
835
844
838
856
860
872
31
841
846
857
854
834
863
852
832
825
835
844
859
26
834
40
795
810
826
838
864
874
883
893
891
877
865
853
859
863
855
865
883
903
905
904
882
879
875
876
873
862
28
834
835
831
824
815
805
812
821
833
832
822
837
826
830
821
819
816
798
28
770
760
759
767
768
759
783
799
803
22
782
775
767
775
774
766
785
793
792
796
22
775
774
768
762
776
794
803
794
37
758
750
740
734
742
757
765
750
756
750
760
775
798
800
809
807
795
24
772
769
767
764
771
779
777
788
786
785
789
802
791
799
807
813
810
812
800
796
785
28
757
752
754
743
734
719
719
726
731
727
734
715
727
713
710
713
720
721
708
719
726
737
732
736
753
750
738
754
780
789
797
810
792
799
822
805
822
839
861
868
873
874
855
837
821
833
841
833
857
887
908
888
901
897
895
879
30
850
870
883
890
877
897
917
916
910
41
869
873
873
872
877
887
913
916
52
865
860
847
23
824
817
811
826
837
847
828
833
832
825
822
816
804
793
780
776
768
26
742
748
743
765
776
791
796
797
789
781
779
759
28
732
741
740
748
739
751
772
791
813
833
845
851
833
814
807
813
815
814
824
823
819
24
795
790
779
772
774
782
792
796
30
767
760
760
756
756
764
773
786
800
787
791
803
813
822
809
811
795
787
778
773
753
750
751
755
770
780
766
776
763
762
750
744
739
747
754
759
766
774
774
773
23
750
33
718
715
715
723
740
761
774
766
754
769
788
784
791
794
796
795
793
782
768
750
42
709
693
691
686
697
712
735
748
766
771
789
23
766
775
778
772
770
769
761
766
770
759
749
745
29
716
708
713
723
727
744
740
722
25
698
707
696
693
695
705
713
742
743
747
759
745
736
728
708
24
684
686
670
666
671
689
699
718
723
738
732
23
710
716
717
718
722
21
702
715
721
744
748
29
719
727
754
794
805
811
811
805
793
27
767
758
756
750
743
748
750
741
735
24
712
719
707
704
699
30
669
670
669
680
692
706
689
708
704
708
714
718
710
708
689
692
703
727
738
743
731
721
27
695
685
691
697
706
717
733
748
755
29
726
707
708
721
728
744
754
759
763
39
725
726
734
745
759
766
770
761
750
757
762
765
762
767
754
41
714
709
694
697
30
668
20
649
649
656
655
666
671
676
687
694
692
692
703
693
676
671
686
703
720
730
729
732
757
750
762
776
760
771
38
733
729
728
744
744
756
763
755
751
749
738
735
729
713
699
717
717
23
695
695
708
736
750
764
771
768
774
794
26
769
779
792
807
818
815
816
808
807
800
790
33
757
759
751
738
740
764
781
775
792
793
793
778
772
36
736
739
744
766
781
794
780
769
763
766
771
771
775
773
767
756
26
731
746
754
746
755
759
768
770
753
752
747
748
748
755
22
734
749
756
774
785
782
774
23
752
765
770
779
789
802
803
796
795
51
744
759
774
777
781
768
780
775
809
790
785
812
842
875
885
886
886
877
869
881
880
875
862
859
49
810
789
793
808
826
846
859
26
834
29
806
811
812
822
854
875
40
836
845
850
863
875
881
43
839
839
861
873
898
900
889
48
842
846
829
822
826
821
822
813
27
787
793
808
795
812
818
43
775
795
827
839
873
894
886
893
877
875
877
33
845
866
846
846
843
831
850
833
825
833
38
796
776
772
780
815
852
870
859
837
850
856
863
859
874
881
888
883
903
896
898
885
910
894
902
882
894
890
892
880
25
856
45
811
807
799
806
796
802
804
813
813
799
788
780
34
746
752
760
788
791
793
779
760
36
725
722
24
698
25
674
669
673
687
713
738
764
753
791
817
817
844
858
859
865
870
901
916
921
45
877
887
875
25
850
838
833
846
840
888
904
938
938
28
911
889
30
859
854
862
884
902
904
29
875
861
25
836
38
799
796
788
780
775
773
768
750
755
749
744
744
750
749
737
736
724
26
698
682
678
686
683
693
697
697
702
700
700
714
732
753
803
800
797
791
812
25
787
784
800
791
48
743
732
40
693
691
23
669
21
649
648
635
638
632
632
630
631
625
639
637
643
663
663
669
695
715
738
754
29
725
732
24
708
23
686
687
683
162
522
812
131
681
21
661
653
650
650
654
661
663
666
669
677
677
680
692
688
696
693
690
702
689
703
693
682
24
659
661
652
663
663
684
699
715
735
740
735
746
759
754
21
734
722
719
727
739
737
750
761
742
737
740
748
751
758
757
755
744
750
750
747
748
745
734
738
738
719
714
714
708
695
702
710
713
706
707
720
717
21
696
691
709
712
730
759
767
768
768
763
766
766
764
752
750
777
795
809
819
824
812
25
787
778
770
772
784
801
793
783
23
760
766
755
751
754
744
749
748
752
746
739
743
744
738
734
736
740
731
730
742
749
746
741
748
751
738
730
730
718
731
754
762
785
799
795
804
801
795
782
785
783
781
771
772
776
789
804
795
791
780
772
771
774
770
758
755
758
761
748
744
750
759
797
820
815
820
805
817
816
809
30
779
783
774
760
770
769
760
759
775
764
770
777
773
772
791
793
785
780
780
765
748
728
722
705
708
731
748
758
772
773
781
799
806
788
775
789
802
809
806
824
818
798
789
792
22
771
35
736
744
747
755
769
781
795
832
831
830
836
829
826
827
812
23
789
774
780
773
772
769
761
742
724
716
720
721
725
730
748
749
759
769
776
770
766
754
757
753
748
739
742
747
749
736
750
743
756
740
725
712
203
510
891
190
702
719
722
751
765
763
777
780
771
774
771
772
780
784
774
25
750
750
744
738
737
747
754
767
772
772
782
24
758
763
754
22
732
738
21
717
712
696
284
412
135
277
678
683
680
689
676
666
657
667
670
678
686
672
657
658
20
638
638
640
639
644
663
703
762
808
827
836
847
869
867
859
893
917
920
908
916
914
25
889
893
893
903
909
914
33
881
859
867
56
811
795
787
787
806
802
818
832
827
849
862
842
850
860
842
28
815
826
824
823
818
824
830
832
842
846
845
834
853
854
24
831
809
795
788
784
780
790
813
861
867
856
845
833
820
24
796
799
800
827
855
862
36
827
821
836
841
833
852
875
857
861
855
850
838
849
854
856
883
888
874
861
878
883
864
857
883
905
904
924
904
927
941
942
963
961
38
923
931
935
926
38
889
902
890
31
860
867
867
35
833
838
833
844
857
876
870
848
24
824
824
33
791
789
779
786
769
767
755
748
757
768
765
33
732
743
760
35
726
710
702
719
738
776
817
855
900
918
936
932
914
905
36
869
852
29
824
830
886
916
930
921
924
36
888
894
882
865
850
839
822
836
859
869
866
884
873
875
866
859
849
836
26
811
819
824
842
849
851
876
903
895
889
891
874
862
862
859
848
855
858
859
851
869
893
901
912
46
866
873
875
857
864
853
29
825
827
842
849
887
913
900
889
913
924
28
896
878
902
911
25
886
900
907
899
877
900
913
27
886
889
881
871
873
851
95
756
769
26
744
747
750
769
783
512
272
525
525
269
257
765
765
781
788
773
785
793
773
791
792
792
792
782
793
803
806
818
839
854
850
851
844
25
820
805
805
797
819
843
843
857
868
847
845
836
831
810
805
801
796
782
768
770
753
746
734
731
733
748
747
743
746
763
774
771
767
771
785
780
764
762
755
746
739
741
740
747
760
22
739
755
752
757
750
732
306
426
103
324
758
764
774
781
782
785
787
774
764
760
760
768
771
787
783
796
802
790
794
778
786
800
805
806
792
772
762
745
732
736
750
757
754
765
781
776
780
786
782
773
789
786
767
760
763
761
751
751
758
759
769
796
803
795
791
782
769
771
775
778
770
776
775
763
769
774
777
774
776
764
755
759
755
748
745
752
758
758
758
762
750
745
748
755
750
741
736
732
731
743
737
743
747
765
783
800
818
525
294
524
793
791
776
33
743
766
758
753
759
775
22
754
764
774
763
760
769
771
760
774
786
775
784
805
827
812
827
834
844
843
835
833
834
817
804
811
817
822
822
825
822
809
815
812
794
783
783
805
805
789
792
807
813
814
802
793
791
789
777
778
792
787
776
772
777
774
767
773
794
782
764
774
778
777
763
777
788
791
775
790
797
804
801
791
785
785
789
778
783
793
776
760
766
763
759
769
767
761
772
767
768
768
25
743
747
756
755
33
723
743
747
753
768
759
756
769
22
748
756
746
36
710
21
690
711
697
690
711
20
692
712
710
27
684
720
713
721
740
722
721
738
764
754
745
746
735
727
707
705
706
700
693
695
693
699
705
704
704
713
727
743
736
737
725
719
733
730
771
806
809
837
828
843
852
861
858
864
843
833
36
797
29
769
26
743
738
727
735
726
727
739
726
761
810
851
836
835
817
804
789
790
798
791
778
777
22
755
30
726
730
27
703
692
700
708
724
750
25
725
720
718
733
748
789
830
836
861
864
872
876
892
883
867
866
853
27
827
810
820
830
827
849
869
25
844
54
790
796
39
758
764
750
740
785
786
29
757
738
736
23
714
723
729
68
662
259
403
392
112
281
441
733
727
738
732
718
719
715
722
745
770
778
783
774
774
764
774
786
774
789
789
794
835
842
25
817
804
831
842
867
857
858
841
821
39
782
784
798
820
845
860
855
848
828
32
796
783
775
777
778
775
760
762
769
794
821
809
833
841
827
29
798
801
798
779
758
25
734
765
773
798
827
827
837
834
840
26
815
805
26
780
768
781
840
874
866
850
829
823
816
855
864
869
875
30
845
843
835
835
831
832
818
812
812
828
833
24
810
827
838
857
875
859
887
886
878
890
905
891
30
862
858
860
864
860
869
894
918
910
911
35
876
898
881
24
858
863
849
849
863
883
876
894
882
863
855
840
30
811
818
806
796
794
784
800
784
778
777
770
773
782
775
806
827
839
818
798
786
769
758
776
784
822
863
884
908
916
923
47
877
874
858
840
839
830
833
816
799
817
816
812
792
792
796
791
786
782
782
777
766
755
755
762
785
800
795
787
798
809
814
802
33
770
767
755
756
750
744
743
753
789
819
827
832
859
874
868
46
822
834
840
853
847
843
831
824
815
796
805
825
840
843
862
861
855
841
832
26
806
25
782
765
766
768
784
783
775
796
850
846
843
843
826
826
804
815
822
826
823
811
810
799
27
773
785
804
830
848
864
881
890
875
882
24
859
855
845
831
820
820
822
24
798
801
809
811
804
814
822
839
858
864
855
843
37
807
791
799
819
831
839
863
870
876
876
875
883
896
897
916
921
932
911
906
887
875
891
874
879
895
875
886
899
35
864
867
870
852
856
845
823
830
828
818
819
816
816
806
811
814
810
806
820
828
833
842
840
834
858
893
915
29
886
901
893
883
866
875
873
871
888
901
28
873
867
864
855
856
33
823
827
836
851
860
868
865
853
833
38
796
789
789
790
797
821
839
842
832
829
26
803
803
820
813
799
813
813
822
823
825
817
824
827
827
830
853
845
854
883
880
900
909
917
894
901
902
905
906
888
892
887
868
864
866
871
859
869
874
870
884
881
34
848
834
826
826
825
820
826
23
803
791
37
754
741
725
745
756
771
776
773
761
760
753
779
804
808
813
824
813
818
818
814
814
821
830
818
806
792
812
804
833
832
825
815
811
819
816
810
829
842
834
842
854
878
879
33
847
846
853
855
859
25
834
25
810
811
817
828
844
25
819
829
838
850
837
816
821
810
798
794
786
769
789
817
817
846
862
846
855
855
841
856
857
856
843
835
834
824
816
815
834
858
867
882
908
930
35
895
907
906
900
29
872
875
872
861
838
856
853
841
854
858
854
842
859
857
839
25
815
805
814
23
791
775
765
769
795
810
819
828
844
867
25
843
847
839
828
837
851
852
867
850
866
845
27
819
822
837
842
851
856
854
868
867
24
843
25
819
832
852
862
863
860
862
894
915
939
961
964
963
941
937
944
933
945
925
32
894
900
878
872
849
859
888
913
930
920
43
877
894
884
867
850
871
886
891
875
892
896
893
883
894
896
880
893
887
893
37
857
836
35
802
814
828
836
816
810
829
848
878
887
902
882
877
873
25
848
830
32
798
806
831
863
885
904
917
914
907
894
879
877
37
841
850
844
842
835
843
860
41
819
814
825
842
845
859
862
24
838
28
811
821
836
863
883
909
940
969
980
986
986
983
32
952
952
944
945
940
928
921
899
905
906
901
879
886
886
887
867
877
886
890
875
877
877
38
840
856
871
869
856
866
869
24
846
852
868
890
888
902
909
918
900
932
951
962
958
29
930
28
902
916
920
46
875
882
901
905
916
912
900
34
867
873
854
844
856
879
892
916
921
907
892
874
855
844
844
841
841
833
825
833
836
854
868
857
865
881
879
885
871
36
835
842
858
867
871
867
869
881
875
867
863
873
868
870
873
31
842
859
861
851
860
861
862
845
823
807
823
850
850
875
915
28
887
912
934
958
962
953
59
894
62
833
846
850
857
489
368
31
337
1012
155
858
58
800
904
45
859
859
880
910
913
943
951
939
29
910
888
876
877
904
33
871
863
843
840
846
853
836
854
846
854
865
871
890
880
894
899
899
899
882
901
904
30
874
875
873
874
887
887
869
883
887
884
874
885
880
901
918
919
899
888
885
37
849
24
825
837
828
808
807
824
819
816
835
834
813
824
846
868
33
835
839
834
23
812
803
794
791
834
863
921
934
922
40
882
887
874
852
875
896
889
881
900
923
27
897
912
922
927
906
889
893
883
866
872
884
888
27
862
870
866
24
842
856
857
852
864
882
882
909
916
918
895
896
893
898
876
887
891
900
898
889
32
857
865
875
853
875
892
897
894
916
909
907
908
899
885
897
875
61
814
838
855
880
894
903
893
877
870
850
836
826
813
812
833
850
870
898
893
893
905
900
892
28
865
858
847
28
820
818
816
23
794
802
820
831
827
841
825
835
841
829
822
844
854
855
850
875
887
874
893
911
904
929
912
916
896
884
925
943
920
945
958
37
921
916
900
882
890
890
882
898
906
907
898
906
883
880
892
887
877
896
891
883
863
859
859
850
27
824
830
832
825
847
846
839
838
868
899
929
909
911
900
39
861
860
851
841
836
850
849
839
864
875
876
874
26
848
837
826
810
810
802
806
800
792
810
823
847
873
866
870
884
876
870
857
870
873
882
871
26
845
830
25
805
34
772
23
749
44
705
702
711
724
744
759
784
819
837
841
30
812
823
28
795
40
756
754
754
772
785
795
794
796
802
826
828
833
835
844
867
874
872
868
852
23
830
828
832
817
805
814
810
834
851
834
853
872
860
870
855
847
834
830
832
27
805
803
818
832
840
843
79
765
834
67
768
792
804
834
877
873
875
880
24
856
840
847
873
38
835
836
848
876
883
864
874
879
885
884
910
919
920
950
938
934
924
904
901
894
889
905
903
893
895
886
27
860
870
873
874
874
873
26
847
835
38
798
798
782
771
795
816
808
832
862
288
574
281
294
855
24
831
832
812
328
485
181
304
444
119
325
773
764
774
781
791
817
813
846
855
860
875
859
862
870
24
846
867
857
845
863
859
852
867
868
860
875
30
846
848
857
839
844
854
841
835
24
811
38
774
792
773
760
763
760
782
802
806
807
824
857
840
861
850
298
553
245
308
51
258
610
862
416
446
23
424
855
846
573
274
575
802
178
625
367
259
318
505
206
300
543
849
849
840
844
827
820
820
822
817
821
323
498
168
330
820
827
821
834
846
852
849
874
860
871
875
875
869
883
875
873
889
896
28
868
882
884
879
892
879
891
906
31
875
891
874
873
860
865
851
849
865
870
886
903
30
873
881
865
862
845
844
859
864
850
845
838
24
815
812
822
829
846
856
866
894
911
902
33
869
873
873
867
891
932
912
905
916
908
29
880
859
875
862
867
868
26
842
857
839
817
818
800
795
808
814
813
821
830
836
837
81
757
758
769
768
766
747
749
742
729
736
729
753
759
788
772
781
796
800
817
835
836
830
816
51
765
785
23
762
22
741
759
796
860
889
928
937
934
932
32
901
901
899
892
903
477
426
484
912
905
908
899
65
834
845
28
818
800
791
783
778
777
783
779
780
787
785
765
758
766
791
814
840
863
868
847
24
823
820
812
829
829
821
828
30
798
791
771
774
774
786
776
786
784
769
25
745
731
731
731
728
737
724
730
739
747
771
793
791
789
25
764
744
748
741
748
735
721
740
764
791
827
822
808
837
848
862
858
845
864
865
860
868
878
856
869
871
856
846
824
37
788
795
796
812
799
814
843
849
861
866
860
859
841
821
802
791
772
761
746
733
37
696
697
702
727
770
783
769
776
755
746
764
778
797
778
774
776
771
765
36
729
741
740
755
761
760
762
772
810
807
812
800
811
827
831
39
792
798
826
848
847
24
824
58
766
759
766
780
818
848
855
873
40
833
25
808
824
846
847
840
828
842
36
807
819
825
809
793
773
29
744
751
758
771
781
783
794
804
787
798
833
868
879
865
862
857
837
817
803
789
810
826
824
813
824
814
833
847
871
890
887
881
891
910
920
900
900
31
870
852
832
833
827
875
898
921
933
25
909
39
870
849
841
853
846
880
900
918
926
947
939
27
912
916
927
33
895
925
931
927
912
936
934
936
945
958
935
938
924
39
885
889
888
889
885
906
902
913
901
880
897
873
31
842
860
850
868
876
879
879
879
917
939
921
929
925
40
886
893
897
878
894
880
37
844
832
847
838
833
28
805
817
806
797
784
773
768
757
746
761
756
774
28
746
754
743
763
757
769
786
790
772
767
750
755
753
746
772
805
833
828
820
801
26
776
25
751
744
743
729
731
39
693
734
719
753
795
861
890
911
903
922
928
27
902
889
32
858
875
865
889
31
859
885
901
43
859
61
798
819
853
861
898
900
906
921
916
928
926
940
949
971
32
940
940
933
942
53
890
55
835
833
829
853
890
900
879
54
826
834
874
914
915
929
933
930
916
902
884
868
849
830
811
813
830
847
832
858
844
859
843
825
827
838
823
813
836
850
836
864
870
852
865
36
829
826
24
803
849
895
936
29
908
43
865
876
870
868
885
903
35
869
892
898
38
861
890
891
888
32
857
846
854
31
824
826
825
838
836
833
833
863
870
26
844
23
822
833
29
805
796
814
840
842
829
850
852
853
840
821
811
819
28
792
795
822
857
876
885
922
946
956
934
931
925
904
30
874
871
883
894
904
897
907
916
917
915
914
898
897
893
872
875
855
833
849
24
825
839
855
26
830
834
837
828
808
815
810
814
804
836
853
843
843
867
882
872
898
913
905
918
907
916
28
888
882
864
866
871
898
900
890
888
44
845
854
845
833
835
850
858
28
831
838
834
833
820
830
841
829
817
837
23
815
115
701
965
127
839
25
814
808
822
813
805
826
841
843
842
850
835
819
818
822
814
821
815
810
796
805
801
804
815
807
796
801
793
792
797
798
809
797
795
793
784
785
33
752
749
759
775
790
771
785
779
778
803
814
820
814
853
845
838
832
824
815
809
818
828
844
860
891
931
930
934
918
908
916
941
921
920
919
903
927
957
974
974
958
974
975
968
31
938
950
946
29
918
910
894
896
883
896
916
920
902
919
926
916
932
909
904
910
912
911
935
940
919
931
920
900
916
916
37
879
904
897
875
876
866
885
901
910
920
46
875
898
28
871
886
890
897
888
916
928
936
27
909
36
874
877
905
918
921
906
915
901
902
893
895
885
879
881
882
870
847
858
857
857
861
31
830
827
847
853
34
820
845
841
823
24
799
25
775
784
819
842
831
835
865
50
815
817
848
864
875
868
893
907
930
937
948
949
940
923
930
912
925
927
916
905
895
883
863
28
835
855
848
834
845
853
840
858
866
872
867
868
865
854
858
869
867
888
895
893
905
910
898
886
891
892
32
860
869
872
861
846
847
856
26
831
836
842
856
838
849
864
853
851
854
857
25
833
843
855
865
27
838
856
835
851
840
823
803
813
814
822
843
877
860
874
878
881
872
875
872
874
877
35
843
854
866
875
883
883
875
859
860
859
874
883
903
917
911
908
27
881
870
41
829
819
808
809
808
813
828
842
839
848
850
850
854
859
861
860
27
833
817
799
789
779
774
760
769
778
795
816
814
834
845
853
881
915
934
945
937
43
895
892
25
868
852
853
870
904
922
937
945
927
937
936
943
941
925
932
913
36
877
896
890
894
887
883
883
890
877
868
875
869
874
876
867
875
883
914
906
920
922
926
922
27
896
904
908
904
901
909
895
910
910
900
910
909
40
869
867
858
844
843
851
833
823
801
45
757
755
745
778
799
816
826
837
850
829
850
857
861
843
875
875
876
898
905
892
911
913
889
908
902
881
906
910
886
907
907
888
904
884
924
904
891
909
895
26
869
881
875
888
896
911
895
921
931
912
943
949
33
916
938
914
918
917
27
891
884
898
900
29
872
888
894
877
879
883
874
879
865
49
817
795
812
821
837
854
870
871
862
851
24
827
828
816
833
859
879
886
867
885
898
911
918
920
933
925
910
33
877
873
875
877
875
875
870
871
869
865
844
837
834
827
815
808
806
26
781
39
742
747
755
746
750
747
735
753
769
796
822
834
864
875
885
875
911
920
924
935
929
922
928
946
965
987
971
948
36
912
48
864
886
902
927
942
953
957
955
949
948
31
917
919
918
910
898
889
879
883
25
859
26
833
850
867
879
886
872
28
844
854
865
875
884
872
883
891
893
893
908
929
917
929
934
932
922
913
922
925
913
909
922
925
904
909
906
916
32
885
893
894
883
877
880
874
852
857
853
857
849
870
875
863
871
875
876
871
892
904
887
894
892
26
867
859
867
868
850
853
865
877
870
878
874
853
836
840
830
813
834
851
839
863
876
886
876
884
889
868
872
866
844
850
860
846
831
842
867
876
866
873
867
867
853
867
865
846
848
844
845
826
836
876
888
879
872
882
884
870
873
871
856
865
871
857
835
838
827
32
795
776
801
833
881
895
900
888
900
462
439
434
863
847
24
824
34
790
791
815
826
849
76
773
996
99
897
889
903
910
921
929
948
952
941
941
937
938
931
929
931
927
918
901
881
880
870
857
875
881
869
847
856
852
843
840
841
839
830
829
829
823
818
826
823
830
827
835
829
832
835
853
855
854
842
836
849
856
845
827
830
821
811
822
826
829
833
840
846
845
845
852
842
837
836
827
818
807
794
790
789
791
801
819
805
792
804
819
825
838
858
863
875
884
879
26
854
851
852
865
850
856
856
853
848
867
877
877
881
879
874
860
870
891
875
903
895
891
890
897
901
879
899
890
869
876
882
884
888
907
897
881
886
892
886
875
887
882
865
879
885
893
875
888
902
31
871
874
875
875
860
869
876
865
865
874
880
861
877
880
858
869
881
897
878
894
908
886
876
860
27
833
853
862
874
883
885
865
872
875
861
855
865
873
869
866
875
894
875
882
882
876
854
853
861
871
851
854
864
845
841
864
862
862
853
832
821
811
848
463
385
477
858
854
849
832
811
61
751
119
633
716
37
680
685
721
733
760
777
759
757
749
135
614
865
138
728
21
707
708
702
703
700
699
713
730
730
743
751
749
746
752
746
735
725
728
718
707
697
694
699
696
723
738
769
797
798
820
817
804
803
789
774
775
777
768
770
784
786
779
793
799
786
779
791
800
796
791
774
769
774
777
782
794
805
826
808
44
764
38
727
41
687
671
22
650
648
631
629
614
614
608
602
600
585
585
586
578
578
576
283
293
17
277
564
564
564
560
558
551
551
553
547
546
543
545
542
541
538
537
538
535
528
198
330
725
203
523
522
519
516
517
515
510
514
509
512
509
509
507
508
506
1008
506
503
502
501
500
498
502
499
496
497
494
495
494
490
489
488
486
485
485
481
482
482
478
477
474
473
473
470
467
465
466
462
460
461
458
455
454
455
451
448
449
446
448
444
443
445
441
441
439
443
436
435
438
437
435
434
436
436
431
434
432
434
432
430
432
433
429
430
433
422
430
426
427
428
855
430
425
428
424
426
422
427
426
425
420
419
425
423
420
420
420
423
418
421
422
418
419
419
421
422
416
418
421
417
419
416
420
422
418
419
418
422
420
416
419
423
417
418
419
419
418
417
416
422
417
415
415
418
415
416
412
416
416
414
412
415
416
411
412
414
414
413
413
413
416
411
412
416
416
412
414
417
412
415
414
416
414
417
416
420
416
419
422
426
420
424
423
421
421
422
423
419
421
426
421
421
423
419
423
424
418
420
422
419
419
423
417
419
417
420
416
416
417
417
418
416
420
417
416
416
418
417
414
422
417
416
420
424
421
423
428
431
431
430
437
441
449
453
457
457
467
468
478
114
365
582
97
485
473
480
478
479
471
472
475
491
491
488
489
487
490
494
502
507
514
511
508
513
519
523
528
539
534
520
513
515
522
534
539
537
536
526
522
516
526
546
561
555
567
576
569
555
544
540
545
559
549
535
531
536
541
542
549
546
550
554
563
579
577
564
555
551
571
587
629
664
33
631
615
609
596
582
569
559
582
591
616
640
633
25
609
20
590
582
590
599
634
666
27
640
28
612
24
589
576
563
561
573
597
610
21
590
605
621
643
670
691
37
654
38
616
602
617
647
717
803
63
740
67
673
37
637
23
615
613
658
700
20
680
680
693
690
678
664
655
647
640
640
641
655
664
672
671
667
664
665
650
661
671
673
680
686
686
690
678
670
663
662
201
461
814
182
632
618
606
596
585
591
601
621
630
639
653
661
654
636
631
642
654
666
683
672
679
670
665
661
679
708
704
25
679
674
674
680
687
700
690
685
683
687
689
686
689
689
679
672
664
655
657
671
664
659
653
655
660
653
650
657
660
657
655
656
656
650
647
644
644
231
414
896
198
698
43
656
641
629
633
638
643
638
644
648
646
648
648
655
651
645
653
653
651
643
655
665
668
668
652
641
634
644
652
690
698
685
685
679
671
661
659
665
682
717
708
707
698
701
709
696
684
675
689
715
721
24
698
32
666
662
649
647
666
699
735
789
778
795
807
808
790
787
780
774
760
762
751
750
741
742
754
738
735
732
737
718
721
722
734
727
726
740
727
722
721
733
728
749
758
776
766
782
779
777
765
771
773
777
772
759
763
767
786
811
822
808
818
817
816
799
807
806
809
796
811
821
819
808
821
816
818
798
810
814
812
793
803
801
796
796
806
810
791
796
799
785
785
788
787
785
788
796
791
781
791
799
799
789
810
817
807
812
820
813
791
798
795
782
776
783
779
759
764
759
755
747
753
760
750
752
762
772
763
768
776
768
763
765
761
751
764
771
762
762
770
771
763
764
767
317
451
963
156
808
790
776
768
297
471
1014
186
829
36
793
796
801
809
807
820
819
803
814
811
801
791
796
795
790
779
792
802
790
787
795
793
785
790
797
788
778
490
289
470
750
775
776
794
788
787
785
776
762
26
737
735
751
768
764
789
791
799
807
795
785
789
781
796
801
784
794
793
799
786
778
773
761
763
762
761
768
776
790
792
796
805
805
791
788
789
780
774
779
784
790
785
798
806
810
796
806
808
809
808
826
831
817
810
819
800
791
788
782
765
774
780
770
776
793
789
39
750
21
730
751
734
344
390
44
347
708
718
727
728
721
720
734
740
727
733
732
731
723
726
724
717
730
736
738
736
750
753
745
754
748
732
733
732
721
724
726
728
719
724
727
717
721
722
722
726
727
726
735
739
740
723
738
741
726
717
720
716
717
723
736
737
730
741
753
764
763
761
757
765
757
756
767
782
779
760
760
766
761
762
772
771
769
787
791
792
796
788
768
764
772
777
756
758
763
771
771
781
783
770
767
771
779
768
768
768
752
750
759
765
772
755
752
756
752
745
145
600
889
147
742
747
762
760
762
769
772
755
756
738
24
715
22
693
696
697
686
697
710
156
555
895
139
756
770
787
792
779
795
799
799
782
790
22
768
771
776
783
763
782
793
788
787
798
22
777
767
771
790
775
777
776
762
745
751
754
742
745
753
763
756
765
769
754
749
762
766
750
757
757
754
752
772
773
766
774
773
768
762
767
771
757
771
762
771
759
763
743
750
750
748
739
748
760
759
766
783
787
775
790
791
218
573
977
186
792
800
801
813
24
790
781
791
776
784
773
762
760
757
763
768
766
774
753
748
749
751
756
760
765
775
762
777
772
765
772
781
781
771
780
786
780
766
775
766
754
756
753
751
743
744
748
743
735
724
20
705
703
701
703
706
695
696
694
692
689
680
664
668
672
686
713
739
748
761
780
781
762
771
783
801
812
816
806
818
815
823
820
817
816
808
43
766
322
445
129
316
755
760
56
705
716
47
670
248
423
166
258
661
670
659
654
652
647
651
652
643
237
407
881
235
647
650
81
570
723
91
633
625
366
259
362
626
628
639
203
437
181
257
258
279
271
270
278
283
3458
3999
3999
3999

