27-07-2022 - 14:47 - Correr
Maria Avendaño
Intervalos entre latido y latido
903
923
112
811
867
858
892
920
942
930
943
960
959
942
960
979
956
968
997
975
981
976
960
984
994
991
972
985
1013
35
979
995
1010
1012
996
1019
1024
1000
988
1005
28
978
1007
1011
1016
1002
1012
1002
1006
32
975
990
1000
986
990
1012
999
28
971
970
996
983
968
1002
1001
982
972
967
987
987
971
982
1004
1009
1016
1026
1031
1006
1008
1021
1009
1002
1019
1014
996
984
1003
1017
1000
1004
997
1008
1014
1006
1011
1002
1001
1021
1004
1005
1003
1002
28
975
970
988
996
1005
1008
1016
997
985
994
1005
989
988
1005
1003
989
984
996
979
976
996
1007
994
997
1001
1005
985
971
982
1005
992
979
996
1001
989
992
1007
1002
990
994
985
973
967
993
1000
983
985
989
1005
1000
1011
1014
993
989
991
999
982
975
974
966
958
989
989
970
988
1000
985
971
995
980
958
953
969
989
995
990
982
975
982
980
978
975
953
959
978
979
973
987
994
29
965
973
990
986
966
966
978
979
962
974
984
986
970
51
919
87
833
940
954
948
958
978
966
964
973
987
965
957
958
979
965
980
978
994
973
988
996
1000
982
987
993
1001
995
1000
1013
1025
1039
1031
1030
34
996
996
1018
1019
1006
1024
1032
1012
1003
996
985
972
961
987
996
983
986
1006
999
974
981
990
979
968
986
990
979
989
1006
985
977
992
997
991
966
1000
1005
990
999
1019
1012
31
982
1006
1016
1004
988
992
999
985
991
984
981
957
987
37
951
116
835
950
947
953
983
27
957
959
958
968
985
38
948
963
965
954
955
975
989
986
986
986
987
968
67
902
84
818
811
50
762
55
708
736
29
707
710
746
728
740
733
729
734
725
709
702
702
23
679
686
674
680
685
701
705
712
718
729
741
754
747
764
21
743
749
50
699
697
692
686
687
681
672
666
680
33
648
652
670
655
22
634
657
655
654
19
635
643
655
22
634
630
647
635
638
638
641
632
634
632
642
652
25
628
641
655
20
636
644
648
645
641
643
643
640
641
656
24
632
641
651
641
641
640
640
639
635
636
630
630
626
623
614
614
612
614
608
603
611
609
601
607
605
596
599
598
604
598
599
602
605
594
596
596
595
601
597
586
597
587
583
593
587
579
585
585
580
580
574
575
580
571
569
570
570
569
565
563
564
560
561
561
562
563
557
556
556
556
551
550
549
549
544
541
541
542
539
538
539
538
535
532
534
531
529
527
526
529
526
527
524
525
524
527
519
519
522
520
520
516
517
518
517
517
517
516
516
518
515
515
514
513
515
515
511
510
514
514
509
510
509
509
510
510
509
509
509
509
510
509
507
505
508
507
502
504
502
502
505
503
501
500
500
500
500
498
149
349
645
146
500
494
496
494
490
494
494
493
493
493
492
494
491
492
493
490
491
489
489
496
494
496
501
504
501
506
500
505
504
507
505
508
30
479
509
508
513
509
513
515
514
512
516
523
524
521
520
527
529
533
532
534
537
541
554
548
560
551
557
553
553
556
553
559
567
573
579
595
593
586
601
595
624
627
612
669
684
685
722
821
184
637
752
24
729
61
668
860
103
758
72
686
811
132
679
1123
182
941
66
876
90
787
112
675
801
124
678
794
139
656
676
665
752
68
685
788
111
677
718
703
801
108
694
921
75
847
835
109
727
744
733
833
122
711
860
34
826
95
731
757
743
735
926
52
875
128
747
777
772
47
726
22
704
820
817
96
721
766
779
27
752
759
996
985
979
978
46
933
42
891
976
951
74
878
951
929
54
875
915
916
936
998
980
57
923
922
940
958
83
875
96
780
894
108
786
878
884
900
914
923
961
947
53
895
881
920
905
882
916
933
924
28
897
918
982
38
944
938
960
48
913
43
870
878
915
34
881
89
793
800
25
776
847
28
820
838
857
889
892
27
865
75
791
896
97
799
872
87
785
949
31
918
42
877
37
841
876
883
861
76
785
918
47
872
862
31
832
861
875
875
37
839
76
764
858
841
854
834
857
861
851
829
838
894
915
61
854
80
774
900
881
892
874
868
901
886
32
855
861
885
931
25
907
48
859
860
867
874
875
904
939
958
52
906
911
907
31
877
886
933
934
25
909
920
933
29
904
31
873
874
25
849
104
746
839
855
880
894
876
890
915
908
25
884
868
878
883
870
863
894
880
882
898
897
891
882
47
836
847
854
859
28
832
853
869
25
844
825
838
838
843
848
850
848
842
867
887
25
862
851
874
873
36
837
859
882
878
891
878
878
863
37
826
830
846
864
877
895
36
860
849
853
875
868
26
842
865
880
27
854
832
842
869
878
859
866
903
879
24
856
878
901
885
888
920
48
873
877
882
874
27
847
856
878
871
859
868
881
864
848
881
875
857
900
896
883
883
898
908
35
874
856
876
903
881
889
868
886
875
880
880
894
886
865
880
895
872
866
879
889
28
861
878
885
887
886
886
908
903
887
873
869
853
865
882
861
842
854
874
874
870
887
893
54
839
831
833
833
30
803
803
799
803
24
780
859
40
820
833
843
854
852
871
864
884
900
896
875
896
895
881
903
914
898
888
878
948
65
883
889
30
860
846
855
864
854
855
857
852
858
854
832
823
29
795
792
822
880
43
838
865
25
841
834
832
831
825
833
836
840
906
79
828
928
91
838
880
861
29
833
825
34
791
778
770
768
757
755
760
742
739
733
729
725
738
744
757
754
780
785
860
64
796
806
786
799
888
84
805
823
834
842
843
876
47
830
906
904
910
80
831
838
824
837
866
946
127
819
845
829
838
896
892
897
917
909
52
857
879
34
846
28
819
815
814
809
819
36
783
790
782
799
795
781
783
799
821
807
793
810
807
881
102
780
808
799
804
828
898
77
821
849
863
859
857
846
840
833
827
836
25
812
798
795
796
815
874
56
818
822
892
875
887
46
842
878
874
873
856
27
829
848
849
959
87
873
931
912
38
874
874
926
33
894
73
822
881
51
831
820
806
798
798
814
800
787
791
810
871
73
799
824
899
876
858
880
864
890
26
865
848
851
853
26
828
35
793
789
782
785
803
853
67
787
823
813
825
895
76
819
907
90
817
908
96
812
840
859
925
60
866
860
852
923
900
942
960
953
67
886
885
894
878
874
862
926
75
852
967
77
891
957
29
928
906
918
896
892
950
73
877
900
881
937
913
911
890
887
902
962
92
871
877
918
26
893
67
827
858
846
828
823
880
79
802
827
875
58
817
883
85
799
841
901
34
867
53
814
906
95
811
826
832
957
67
890
881
883
882
893
909
46
864
874
942
108
834
904
889
921
917
67
851
935
63
872
886
887
950
39
911
54
857
917
27
891
70
822
838
839
890
868
873
26
847
859
891
922
927
914
45
869
873
872
916
900
927
934
80
855
851
909
34
875
894
909
909
923
911
913
916
915
899
51
849
926
95
832
858
884
878
892
876
882
890
895
908
916
54
863
931
916
925
27
898
55
844
839
828
839
848
24
825
831
884
863
855
857
858
866
875
43
833
911
31
880
901
900
896
910
918
53
866
922
903
903
901
43
858
868
916
31
886
873
874
856
860
860
844
833
819
53
767
834
23
812
825
840
839
826
875
880
890
903
900
69
831
866
851
895
35
860
878
878
38
841
906
42
865
869
872
878
66
813
814
864
862
873
864
885
887
897
896
894
872
872
896
916
924
918
915
905
35
870
31
839
819
828
868
867
875
882
877
865
31
834
891
75
817
824
819
883
860
47
814
884
878
873
881
896
888
873
880
61
820
892
39
854
49
805
798
800
826
32
795
786
808
832
860
868
905
900
932
940
936
919
74
846
851
845
832
876
87
790
893
27
866
871
55
816
825
825
818
861
75
786
832
29
803
802
831
859
838
24
815
797
22
775
26
750
745
22
723
711
706
21
686
676
679
678
691
692
705
704
712
716
732
733
755
760
758
762
748
745
737
733
720
715
708
709
717
30
688
681
669
678
683
679
666
668
669
675
678
679
689
685
680
674
669
666
667
662
663
650
652
646
640
637
632
628
642
626
652
645
645
646
657
683
706
707
726
731
732
24
709
726
721
720
754
775
772
38
734
753
739
33
707
704
707
691
701
696
679
680
668
666
676
669
25
645
666
659
665
668
711
713
714
769
775
787
816
807
810
801
785
55
731
733
732
725
708
721
730
23
708
710
721
751
757
22
736
767
762
35
728
816
69
747
807
64
743
733
739
719
707
700
750
40
711
696
716
711
712
711
731
728
716
721
718
701
722
716
734
733
790
75
715
827
86
741
833
79
754
777
777
839
60
780
865
844
868
38
830
877
92
786
872
33
839
845
852
862
862
883
879
903
54
849
901
26
875
907
32
875
930
99
832
917
54
864
912
889
898
889
885
875
43
832
898
74
824
900
33
867
868
883
879
873
898
874
908
33
876
45
832
921
79
842
874
924
89
836
920
66
855
939
48
892
46
846
876
917
85
833
929
95
835
921
78
843
921
93
829
922
73
850
911
80
831
915
40
875
877
879
46
834
879
64
816
25
791
777
757
753
746
746
743
734
738
744
743
808
792
38
755
756
737
735
730
718
717
711
711
713
731
745
740
744
732
728
735
728
728
721
716
716
715
719
711
703
694
692
690
689
699
698
704
709
708
698
703
707
716
712
753
44
710
720
725
734
25
710
708
717
727
744
766
774
768
785
835
26
810
39
771
838
59
780
847
91
757
784
766
758
750
750
770
775
775
769
779
780
775
760
773
772
783
786
780
25
755
776
782
791
872
96
777
808
801
801
812
25
787
778
760
750
828
72
756
779
852
840
835
820
825
816
816
833
839
843
833
889
60
830
901
81
820
851
918
58
861
915
916
933
30
904
29
875
869
868
28
841
833
868
911
82
830
914
932
948
26
923
928
906
937
25
913
891
32
860
858
869
886
884
873
932
105
828
875
878
885
32
853
865
877
917
916
914
933
36
898
950
56
894
885
918
46
873
69
804
39
765
751
743
725
718
712
722
706
715
706
708
715
701
709
708
718
727
734
741
789
781
797
813
826
843
47
797
866
861
887
895
77
819
873
77
796
882
50
833
842
854
833
842
833
59
775
802
836
73
764
790
848
80
768
820
33
787
45
742
748
742
751
812
30
782
794
808
813
823
846
850
856
847
852
67
785
865
27
838
835
840
855
842
864
881
871
859
869
876
870
849
865
849
842
838
843
856
872
867
868
876
884
881
882
882
890
884
866
848
862
870
877
913
902
881
63
819
58
762
747
735
22
714
706
709
705
713
724
721
727
730
721
731
735
733
735
735
741
728
741
751
765
771
788
802
32
771
789
841
32
810
37
773
860
852
872
852
890
916
923
916
929
942
945
26
919
916
934
943
948
949
47
902
54
849
918
898
921
933
922
907
898
918
923
916
936
927
935
41
894
915
912
916
923
45
879
918
933
48
886
961
87
875
939
945
42
903
939
70
869
863
949
44
905
913
937
935
952
950
86
865
954
39
915
927
905
36
869
871
55
816
817
812
810
796
784
769
764
752
745
738
729
736
775
22
754
816
820
847
861
883
862
916
25
892
923
59
865
43
822
801
810
801
823
905
902
920
920
35
886
959
49
911
992
61
931
912
925
966
43
923
909
65
844
848
860
837
816
801
27
775
774
22
752
733
723
713
710
709
699
698
695
699
722
752
764
801
801
858
870
31
839
852
857
864
29
835
921
70
852
857
902
60
842
934
27
908
55
853
859
847
942
939
40
899
941
934
951
935
969
63
907
27
880
59
822
814
817
796
783
775
773
772
760
760
753
742
738
735
726
715
710
708
714
718
719
720
727
744
744
791
36
755
800
797
28
769
826
814
828
835
852
867
46
821
895
65
830
883
65
819
910
86
824
850
901
880
38
843
909
895
901
59
842
947
932
914
900
906
64
843
25
818
818
25
793
817
803
877
868
868
882
902
934
952
963
961
945
27
918
942
925
933
79
854
869
859
27
832
851
833
916
902
917
916
47
870
943
927
940
954
52
902
899
954
37
917
45
873
909
899
53
846
858
930
133
798
908
904
903
932
933
928
916
968
970
977
33
945
930
921
919
52
868
878
911
904
915
917
949
963
948
957
962
953
943
953
979
40
939
933
952
945
924
950
953
955
936
958
955
50
905
921
923
955
971
988
1002
987
974
63
911
896
876
36
841
882
924
917
971
981
997
34
963
974
58
917
1004
34
971
984
27
958
985
968
971
982
970
949
947
955
958
959
28
932
946
941
53
889
885
892
939
45
894
43
852
863
855
847
905
890
904
56
849
944
924
916
32
884
940
922
937
925
907
926
935
55
880
970
85
886
950
84
866
961
83
879
927
910
927
922
899
916
928
931
917
932
940
929
916
933
930
929
927
34
893
875
871
881
907
891
30
862
902
97
805
823
818
38
781
781
789
778
852
850
866
900
906
49
857
927
905
53
852
908
69
840
926
26
901
902
947
946
958
955
951
952
951
34
917
922
931
926
930
923
917
928
922
923
46
878
925
916
910
908
929
961
963
957
953
958
962
27
936
939
946
949
930
949
967
968
54
915
906
896
939
957
964
960
938
959
949
952
948
941
928
921
914
933
952
956
958
944
936
933
930
919
921
924
922
916
928
945
961
978
965
949
944
962
944
919
905
897
37
861
845
30
816
809
875
877
915
912
914
924
928
939
924
95
830
831
811
798
790
771
770
751
785
30
755
776
815
844
875
898
915
941
948
928
939
968
958
53
906
902
912
916
901
911
901
879
857
861
869
881
875
887
55
833
885
24
861
857
866
31
835
844
853
865
867
859
45
814
816
866
72
794
796
837
67
771
831
29
802
875
895
904
883
888
891
919
929
925
913
58
855
923
49
875
48
828
836
825
827
28
799
847
837
848
854
51
804
867
862
873
867
50
817
816
827
867
37
830
835
32
804
810
806
793
787
838
78
761
789
786
766
807
790
811
826
842
834
813
855
833
851
848
851
38
813
831
812
820
879
864
869
899
904
910
920
916
919
933
924
938
919
927
924
920
905
51
854
863
866
860
907
70
837
842
832
881
28
853
874
889
889
900
909
898
914
909
895
905
918
923
929
931
916
916
928
53
876
928
905
909
889
873
41
832
881
889
910
945
927
27
901
26
875
886
925
938
971
966
978
43
936
935
936
970
26
945
925
52
873
952
933
945
933
936
935
941
52
889
939
933
937
947
952
951
947
949
952
26
926
43
884
919
68
852
913
893
881
898
899
897
896
922
937
939
927
936
939
936
921
900
931
925
49
877
906
887
47
841
894
881
892
888
896
927
943
941
926
940
953
947
953
936
938
939
953
951
940
945
925
944
927
27
901
915
913
943
952
963
945
922
899
39
861
899
40
859
868
845
835
876
864
880
869
49
820
884
32
853
847
872
886
879
902
932
955
967
32
935
964
958
965
952
947
948
103
845
858
32
826
880
865
852
49
803
817
803
792
791
809
851
850
874
908
915
908
933
943
942
949
936
935
928
935
25
910
903
918
941
963
954
961
947
946
28
918
54
865
909
83
826
886
881
888
901
50
852
875
889
890
882
873
863
863
857
850
848
827
812
808
825
842
869
860
876
28
849
31
819
853
865
858
851
869
879
889
875
884
881
875
890
912
936
957
954
59
895
894
65
829
893
39
855
43
812
860
841
863
867
882
890
25
866
46
820
873
895
920
930
946
944
944
961
953
958
943
932
922
910
890
896
934
978
972
956
60
897
913
912
923
917
912
935
948
955
935
958
965
956
937
951
950
969
948
933
940
946
971
970
986
36
950
951
944
936
938
63
876
926
27
900
76
824
917
897
895
909
912
60
852
899
889
916
905
923
919
905
46
859
914
897
914
916
892
892
78
815
840
877
27
851
863
848
847
841
848
870
886
899
916
928
920
898
40
859
920
28
893
51
842
889
57
833
896
875
877
42
836
889
871
883
896
913
920
926
930
922
934
930
927
940
931
908
886
876
25
852
840
882
34
848
849
870
859
889
905
919
919
937
966
972
983
28
955
963
951
959
952
36
917
61
857
870
860
893
951
982
973
967
951
42
909
926
932
911
937
944
969
994
41
954
35
919
905
889
868
921
908
925
922
40
882
909
72
837
905
84
822
828
826
890
883
909
907
940
945
952
933
927
946
948
950
944
941
931
920
916
899
889
50
839
919
905
943
941
951
963
984
979
962
963
983
957
949
954
954
949
932
937
953
947
43
904
919
925
928
917
903
911
36
875
876
910
889
882
910
921
902
922
928
946
959
972
44
929
34
895
934
26
909
900
900
927
929
919
904
906
883
897
920
898
923
906
910
920
913
54
859
915
81
834
891
876
885
897
873
870
884
881
888
892
905
885
894
922
941
942
933
934
939
930
928
912
36
876
881
899
888
915
919
905
913
47
866
876
887
904
906
883
883
882
876
25
852
849
831
839
859
875
898
913
922
939
956
963
942
952
969
954
39
915
937
916
63
854
856
39
818
813
810
847
827
827
850
869
874
887
891
910
898
915
947
957
963
942
945
29
916
925
945
957
26
931
953
993
1010
1000
59
942
69
874
896
63
833
922
917
948
950
956
940
37
904
968
26
943
941
943
944
937
934
954
938
956
937
926
917
43
875
951
927
924
978
1033
1018
995
74
921
962
947
941
32
910
919
918
945
921
922
929
952
955
954
957
956
934
49
886
919
67
853
901
932
952
957
967
973
33
940
940
923
909
897
881
38
843
893
885
910
945
936
941
932
923
89
834
909
909
902
896
54
842
906
32
875
862
863
870
875
864
882
912
918
927
945
967
983
34
950
948
34
914
40
874
912
26
886
24
863
871
36
835
887
36
852
54
798
813
834
816
837
848
866
888
910
919
924
948
940
932
939
926
924
923
916
923
48
875
884
50
835
838
829
824
826
822
840
821
833
837
845
831
813
817
808
22
787
799
806
810
798
810
35
775
767
766
750
745
749
769
47
723
744
730
745
736
737
741
737
728
728
722
725
724
709
718
718
719
751
737
760
768
790
780
829
59
770
843
60
783
809
806
805
801
790
776
777
767
762
762
746
737
26
711
695
715
710
727
723
737
749
21
728
736
739
733
742
737
742
747
753
750
742
742
735
743
755
767
755
759
805
74
732
756
794
777
756
752
741
738
28
710
714
714
36
679
672
671
664
658
643
648
652
660
665
20
645
673
665
668
673
666
686
684
688
691
699
711
710
21
690
696
732
757
28
729
717
754
33
722
736
748
740
731
732
766
775
777
780
775
803
809
807
817
821
822
833
823
803
32
771
783
825
62
763
815
59
756
830
828
817
807
825
833
833
833
38
796
800
792
796
793
801
809
819
816
818
49
769
841
72
770
784
774
770
820
808
829
841
856
869
861
861
848
41
808
801
843
23
821
849
874
882
874
876
873
43
830
832
832
828
825
830
855
842
844
858
876
888
891
874
32
842
852
857
862
859
851
835
838
859
876
867
875
865
853
55
798
818
830
817
812
822
24
799
824
27
798
820
801
814
820
799
802
798
786
797
791
790
787
802
819
828
829
839
846
852
838
36
803
818
837
861
26
835
838
838
844
856
861
863
866
867
846
854
848
843
849
849
25
825
821
849
865
866
867
871
855
856
841
841
838
850
875
913
903
908
37
871
851
857
853
853
847
852
861
878
873
865
38
827
834
815
800
39
761
808
794
803
823
849
843
836
844
863
34
829
818
830
836
848
829
40
789
849
60
790
844
826
833
844
832
838
63
776
804
785
775
806
27
780
774
791
814
831
850
864
856
850
834
827
826
834
823
821
811
813
803
826
835
858
868
862
860
855
24
832
826
851
840
846
846
828
822
804
801
794
819
834
848
866
856
849
868
864
865
846
840
833
843
857
314
543
223
321
853
844
840
838
866
863
858
24
834
833
826
823
847
837
848
840
841
821
835
869
875
890
31
859
849
842
832
833
827
821
817
805
802
811
835
866
876
881
30
852
854
846
829
839
842
864
873
880
875
867
861
851
845
829
833
833
823
822
858
875
861
861
842
833
29
805
806
815
831
835
844
840
843
841
824
816
810
838
870
869
861
857
849
853
844
852
848
843
841
865
866
853
851
871
897
907
30
877
866
845
833
818
828
831
846
879
870
882
875
866
844
857
868
882
881
890
913
939
930
916
904
888
36
853
848
863
874
873
861
851
26
826
826
833
833
853
850
874
877
883
875
871
857
867
869
875
872
30
842
825
855
24
831
851
869
889
900
896
902
895
882
879
877
867
866
850
870
899
887
886
899
927
923
919
904
35
869
872
873
858
864
889
896
36
860
845
828
833
833
838
847
872
867
879
893
898
892
905
894
898
922
923
926
920
923
924
903
25
878
876
876
885
869
888
903
908
919
925
934
913
898
875
889
872
851
852
869
884
883
873
871
64
807
851
37
814
815
821
838
858
852
853
51
803
800
832
37
795
37
759
759
773
63
710
754
741
750
775
774
775
794
790
789
22
767
769
796
781
794
822
831
849
856
852
866
876
874
875
875
879
874
886
898
882
906
914
901
906
38
869
850
44
806
796
27
770
764
765
761
769
767
768
33
736
740
759
747
764
773
764
769
769
750
750
744
745
738
737
734
739
745
734
718
734
726
719
730
738
739
746
763
766
765
783
816
830
851
867
869
885
31
855
900
895
872
861
64
798
799
38
762
763
761
761
804
26
779
793
805
840
854
872
881
906
907
906
48
859
910
903
53
850
27
824
914
34
880
903
892
892
870
876
915
937
916
945
937
927
57
871
878
860
851
848
903
65
839
910
65
845
928
117
812
850
842
898
70
828
892
68
824
852
844
25
820
904
895
926
932
34
898
889
38
851
859
29
830
828
828
921
923
940
83
858
947
935
45
891
876
882
34
849
841
848
828
906
892
932
940
86
854
880
871
934
78
856
942
64
878
888
964
968
961
986
30
956
950
948
997
984
52
932
25
908
41
867
901
67
835
33
803
796
783
780
778
838
834
867
887
892
47
845
860
867
56
812
795
796
789
791
853
84
769
777
768
765
758
742
766
771
794
777
842
827
848
867
73
795
798
791
782
770
763
759
758
803
22
782
804
50
755
839
54
786
855
68
787
816
877
57
821
888
25
864
45
819
841
844
894
872
25
847
864
846
862
842
43
800
783
780
846
851
875
900
54
847
904
891
875
41
835
906
885
906
912
905
904
905
36
870
875
37
839
913
906
943
984
986
59
927
934
958
62
896
35
862
27
835
843
901
878
898
42
856
861
878
875
891
886
946
962
974
965
55
911
934
911
58
853
861
903
886
919
929
930
919
935
928
55
874
904
880
33
848
853
912
27
886
42
844
854
849
927
904
44
860
850
835
836
23
814
823
872
72
800
866
846
875
43
833
866
51
816
907
887
910
907
892
70
823
827
831
829
887
875
891
43
849
850
915
899
908
44
865
900
893
883
877
32
845
851
909
25
884
32
853
853
914
82
832
905
889
904
889
48
842
897
51
847
844
904
66
839
929
42
888
32
857
863
907
71
837
922
94
828
914
903
908
913
908
71
837
856
843
826
822
833
906
884
33
852
28
825
869
871
896
908
905
900
47
853
867
861
854
31
824
874
866
910
942
958
968
976
993
969
1006
91
916
972
970
63
907
921
26
896
880
39
842
906
896
39
857
909
896
912
933
949
958
985
1002
999
996
988
59
929
959
963
952
996
978
964
976
991
986
1006
1025
1019
1007
1003
1014
38
976
962
970
1002
986
976
1000
32
968
953
935
920
68
852
906
979
973
967
988
978
1025
48
977
962
40
923
976
973
26
948
968
972
982
961
956
996
81
915
919
993
35
958
952
998
985
35
951
978
1004
999
38
961
963
972
969
951
967
969
958
972
984
978
975
977
990
973
952
974
997
32
965
977
994
28
966
980
983
27
957
963
34
929
44
886
866
874
929
917
929
29
900
906
975
68
908
981
965
980
985
34
951
962
968
946
944
955
965
960
969
971
967
965
974
970
985
994
991
980
972
952
944
975
30
945
966
999
985
972
33
940
937
946
953
29
924
931
949
960
965
975
960
940
938
937
942
946
31
915
906
916
904
904
29
875
895
901
903
49
854
923
91
832
897
61
837
896
64
832
837
24
814
818
880
859
59
800
884
868
865
867
874
884
898
905
908
908
909
922
924
942
953
960
976
954
60
894
958
935
953
955
941
71
871
866
866
907
35
873
851
937
941
959
965
948
90
858
879
895
33
863
857
918
905
918
943
954
30
924
910
957
975
989
998
989
27
962
942
52
891
951
76
875
885
960
29
932
931
938
932
958
34
924
914
1005
987
1013
1012
996
52
944
924
33
892
947
934
929
916
952
1003
1017
41
977
973
971
966
958
945
932
912
917
954
36
918
934
963
963
83
881
919
974
954
953
43
910
965
985
975
980
982
984
982
993
67
926
964
957
31
926
959
949
966
973
961
958
949
953
56
897
951
94
857
886
867
911
901
915
89
826
908
92
816
892
34
858
40
819
820
825
855
871
880
881
901
911
983
1011
1004
987
61
927
912
46
866
870
880
29
852
897
885
875
936
30
907
957
990
1010
1002
27
976
63
914
916
25
892
25
867
862
929
29
900
42
859
877
32
846
900
903
918
905
926
54
873
885
904
25
880
34
846
854
844
859
851
830
838
839
834
815
800
801
802
814
816
815
830
857
891
915
926
918
947
955
995
1007
1013
1008
1002
65
938
941
964
982
1001
1009
1007
38
970
982
1003
1005
1017
1048
59
990
1021
1001
1035
1010
1027
1002
995
989
1013
992
49
944
956
957
973
1008
1011
39
973
1010
1028
1006
981
985
978
985
997
997
995
1003
989
1009
999
973
959
978
28
951
934
37
897
934
913
44
870
868
868
26
842
872
877
922
968
967
47
921
908
926
944
955
951
938
925
942
980
985
976
995
986
966
954
947
944
944
952
928
945
969
974
960
949
940
955
947
939
28
912
929
944
931
33
899
909
901
900
913
938
27
911
924
938
949
931
927
925
33
893
876
30
847
857
865
26
839
842
875
880
916
978
982
970
40
931
915
909
896
880
893
924
939
924
931
935
934
28
907
912
929
907
904
909
918
956
27
929
907
912
891
916
922
921
940
930
26
905
890
902
935
944
28
916
902
903
911
911
905
911
922
56
867
945
945
937
945
981
963
973
981
979
32
948
971
966
945
937
965
946
958
956
953
943
941
958
967
26
942
969
990
973
49
925
940
958
981
958
974
1002
985
966
988
997
985
976
979
968
947
965
1000
984
987
1018
32
986
1003
1016
29
988
41
947
946
967
27
941
956
977
998
982
29
953
977
985
1002
42
961
986
982
1000
987
28
959
958
985
30
955
945
978
990
986
1009
33
977
999
1004
994
31
963
32
932
969
955
27
928
919
943
82
861
958
958
975
996
1001
46
956
971
949
951
963
970
963
956
943
944
952
963
949
54
895
951
26
926
931
38
894
896
899
921
919
917
45
873
873
24
849
926
906
924
46
879
915
910
900
912
925
940
928
913
905
935
967
27
941
963
989
988
963
994
1013
1024
1024
32
992
58
934
918
927
27
901
934
988
1013
991
1066
52
1014
53
962
46
917
43
875
25
851
952
972
966
976
27
949
77
873
886
920
907
912
896
911
952
962
973
985
981
76
906
937
921
937
938
944
55
890
968
89
880
947
970
971
976
28
949
935
957
961
982
31
951
953
969
958
55
903
977
92
885
880
858
915
76
839
857
919
911
42
869
912
53
859
916
74
843
916
25
892
920
956
936
936
937
934
41
893
39
855
836
841
832
830
890
30
861
892
914
922
925
946
922
933
991
996
1003
1021
1044
49
996
42
954
942
944
980
983
989
1000
990
976
991
995
985
978
983
989
979
973
1009
1022
1029
41
988
972
1019
1031
1037
62
975
958
1005
69
936
34
903
891
948
29
919
952
940
75
866
883
875
29
846
829
905
74
832
907
904
916
913
912
41
871
941
60
881
931
947
34
914
936
80
856
916
896
919
958
975
963
69
895
876
31
846
853
950
958
974
958
993
967
984
1018
35
984
996
1033
1065
100
965
37
929
949
44
905
969
32
938
949
79
870
916
893
952
958
948
995
1012
1038
1063
1071
1065
1074
32
1042
1052
1047
40
1007
996
978
967
970
1005
1006
994
1047
1041
42
1000
1032
1053
65
989
974
31
944
975
1033
1029
1056
1074
49
1025
1033
1064
31
1033
1019
1051
34
1018
1000
1014
1063
1047
1042
1057
1043
1030
1045
1057
49
1008
1041
47
995
1009
1037
1034
45
989
995
1022
1001
46
956
55
901
27
875
913
959
83
877
974
104
870
873
893
87
807
831
29
803
803
484
320
469
780
773
769
767
765
761
756
770
828
824
836
853
874
915
901
30
872
886
876
882
868
906
75
832
913
90
823
853
911
29
882
880
890
28
863
919
48
872
950
68
882
965
967
962
47
916
991
53
938
937
49
889
940
79
861
942
26
917
958
952
939
948
958
41
917
33
885
871
881
866
911
895
930
936
969
950
948
960
977
965
941
964
51
914
31
883
883
956
83
873
860
890
936
927
957
981
957
966
975
57
919
911
914
937
971
75
897
985
27
958
972
986
979
978
60
919
1025
1013
51
963
968
990
990
28
962
947
976
981
43
938
919
922
930
931
913
928
946
936
962
971
969
48
922
967
89
879
880
874
962
42
921
915
948
935
948
63
885
980
957
958
962
990
1000
988
979
976
984
37
948
962
976
965
975
1000
994
991
36
955
956
931
978
61
918
917
898
931
999
58
941
993
56
937
1040
1014
995
1005
999
36
963
974
1015
49
966
977
1000
1008
36
973
27
946
926
908
920
27
894
948
934
934
979
968
943
989
44
945
980
1003
988
60
928
923
985
78
907
980
995
972
1004
1019
1009
1025
1051
33
1019
1000
993
973
1005
993
998
30
968
960
999
38
961
986
1002
1018
30
989
988
1009
32
978
999
68
931
50
882
927
964
71
893
909
892
949
947
61
886
883
979
28
951
928
954
989
50
940
944
976
39
938
936
994
39
955
58
897
901
968
26
943
945
926
937
959
70
890
908
948
939
945
54
891
945
929
966
38
929
911
975
975
975
965
990
1003
1020
54
967
978
1009
997
999
974
974
969
978
1007
1015
1024
1017
33
985
29
956
947
38
910
904
34
870
29
841
844
853
916
893
920
36
885
938
933
966
975
977
983
968
44
924
991
971
972
961
952
960
979
956
983
992
1000
983
1007
1016
55
962
984
973
968
62
906
884
38
846
856
915
31
884
62
822
843
890
92
799
815
803
848
832
825
41
784
861
28
833
852
61
792
803
809
857
842
835
847
879
930
932
947
985
996
974
973
994
994
79
915
31
884
944
95
849
920
928
958
51
908
76
832
24
808
791
793
868
31
838
882
898
937
965
970
982
992
995
37
958
1012
37
976
996
995
37
958
950
972
40
933
985
978
992
987
988
1006
999
1009
1029
1010
53
958
75
883
24
859
86
774
818
854
877
930
949
929
935
1000
989
62
927
945
963
965
1009
1014
1010
49
962
965
1000
999
991
991
1031
1020
1011
1004
982
996
999
982
36
947
992
999
51
948
936
920
963
966
984
993
981
30
951
38
914
922
972
67
905
901
890
946
956
985
975
78
898
969
956
942
937
58
880
989
970
996
981
981
972
959
60
900
903
940
933
961
978
986
80
907
983
974
999
998
46
952
76
876
861
853
934
953
970
970
34
937
934
959
976
971
972
964
949
953
952
949
971
983
981
1007
61
947
952
36
916
973
42
932
939
42
897
932
925
931
935
28
907
26
881
944
951
986
990
33
957
932
912
901
936
916
939
966
956
975
953
929
916
931
933
90
844
913
890
905
894
54
840
872
858
881
901
891
906
932
26
907
923
947
945
929
921
32
890
935
922
940
936
949
954
30
925
929
943
985
1005
983
989
982
47
936
961
976
976
980
981
28
953
78
875
938
927
945
929
916
935
934
917
967
995
1005
114
892
31
862
54
808
25
784
25
759
24
736
26
710
695
680
668
661
665
675
676
692
698
725
709
733
736
718
732
741
748
744
739
749
756
756
752
757
767
778
789
790
784
795
796
792
853
848
856
54
802
877
34
844
866
887
879
77
803
807
863
878
31
848
891
925
956
946
59
887
928
933
934
943
40
903
919
950
954
72
882
960
952
963
31
933
978
40
939
954
33
921
932
965
975
47
928
967
977
38
939
924
984
974
65
909
1017
1000
991
986
1012
1024
66
959
971
983
191
793
517
277
574
1151
888
264
629
910
902
890
969
91
879
877
975
954
69
885
1002
1002
1003
45
959
33
927
941
966
956
958
999
69
930
1000
990
38
952
941
1001
1006
64
942
992
970
969
1028
1002
1024
1018
99
920
68
852
848
911
938
993
1023
999
991
999
985
985
42
944
975
1031
1041
1029
1013
995
987
1021
1002
1009
1023
1033
29
1004
36
969
964
958
59
899
882
24
859
862
873
875
73
803
783
772
760
753
750
748
754
786
773
786
43
743
747
738
725
725
714
715
716
729
714
727
729
764
768
786
793
816
832
837
840
34
807
811
863
32
832
839
830
829
65
764
824
76
749
765
763
775
26
749
759
811
805
805
812
46
766
828
37
791
791
786
798
789
770
831
37
794
813
41
772
773
766
772
811
27
785
792
794
35
760
741
27
715
711
23
689
685
678
673
670
655
649
645
642
633
628
629
624
614
615
615
611
611
616
616
608
609
612
613
604
612
611
614
603
608
612
602
599
605
605
599
602
597
599
601
595
592
598
590
592
593
590
590
587
591
598
582
593
597
583
592
601
588
589
586
591
588
583
583
584
576
575
575
575
571
571
572
572
565
565
565
564
564
562
567
567
566
563
563
565
565
562
567
564
564
561
562
559
559
552
556
555
551
552
553
549
550
547
544
547
546
542
543
543
540
538
541
539
534
535
535
534
532
531
528
530
522
525
524
522
521
521
517
516
509
514
508
514
509
504
506
503
502
509
498
501
500
500
498
497
497
495
494
495
492
489
490
490
488
492
491
491
491
492
492
490
493
490
490
492
491
488
491
490
489
487
489
487
486
490
486
489
489
488
484
155
329
656
149
507
17
491
490
488
485
486
483
483
482
484
482
483
482
484
482
481
481
482
478
481
480
480
478
477
477
477
476
475
474
477
475
474
474
474
475
476
480
477
485
491
493
495
497
500
507
507
509
508
511
509
511
508
513
511
517
514
518
524
527
533
536
540
547
548
554
562
581
583
597
625
43
583
581
577
576
594
618
625
625
804
83
721
67
655
759
107
653
751
120
632
851
203
649
695
791
108
683
851
160
692
850
161
689
715
792
129
664
717
718
713
726
718
707
735
831
126
705
828
133
695
861
158
704
718
830
119
711
845
141
704
837
130
708
754
748
841
111
731
781
790
869
161
708
765
887
98
789
795
784
781
893
90
803
822
991
973
36
938
117
821
952
139
813
925
913
30
883
870
69
801
1066
78
988
1035
71
964
975
78
897
38
860
958
57
901
109
792
916
90
827
830
939
949
99
850
887
35
853
924
154
771
756
771
25
747
757
788
808
48
760
743
734
743
28
716
697
686
688
691
686
697
727
838
85
754
774
877
89
789
831
850
939
30
910
913
82
831
922
90
833
865
953
70
883
59
825
906
892
53
840
913
903
928
88
841
952
26
926
89
838
923
36
887
54
834
900
891
888
86
803
907
30
878
876
57
819
917
118
800
879
105
774
772
38
734
756
881
34
847
85
763
898
880
88
793
873
99
774
918
54
865
860
884
893
889
84
806
881
39
842
54
789
859
80
780
909
892
897
93
804
876
26
851
871
33
838
848
866
857
843
852
875
902
892
874
857
874
856
845
865
885
875
877
885
879
860
873
876
861
858
876
885
883
874
893
906
31
875
853
873
879
899
875
887
909
910
902
897
893
885
866
887
903
881
859
915
901
27
874
892
898
881
879
893
904
32
873
872
887
891
32
860
866
907
906
882
874
889
885
887
893
908
900
884
897
917
908
892
909
922
918
44
875
908
921
945
38
908
904
958
955
939
28
912
904
937
915
25
891
911
939
44
896
878
886
893
53
840
50
791
796
817
846
874
861
888
923
35
889
882
889
890
883
26
858
864
879
874
872
892
878
863
884
890
887
869
900
884
866
895
904
30
874
26
848
856
859
850
831
841
845
841
859
867
883
879
878
906
892
884
888
26
863
866
880
882
862
865
889
872
868
886
872
894
896
62
835
817
806
804
793
790
40
750
746
741
734
730
727
740
750
734
741
743
759
751
752
775
804
817
800
787
793
800
782
770
758
749
756
757
752
759
793
821
893
74
819
863
28
835
23
813
814
820
803
813
839
842
855
861
874
872
860
865
876
865
866
864
852
866
855
846
869
913
37
876
879
919
56
864
26
838
852
872
870
873
896
932
36
897
905
888
881
882
880
889
893
911
932
50
883
926
935
935
28
907
920
936
931
919
926
947
40
908
915
917
938
55
883
880
899
921
48
874
913
918
897
879
875
907
916
36
881
921
916
42
875
894
31
864
877
873
37
836
880
946
45
901
915
60
855
864
41
823
25
799
792
789
784
785
799
780
795
812
791
795
822
30
793
812
840
935
103
832
868
886
901
956
94
862
877
880
860
847
26
822
820
846
855
872
928
49
879
875
908
905
27
879
84
796

