28-07-2022 - 15:03 - Correr
RITA RAMOS
Intervalos entre latido y latido
745
23
722
718
754
793
789
23
766
783
782
787
798
24
775
792
825
821
31
790
769
793
818
833
837
47
791
772
793
800
821
808
23
785
28
757
773
781
803
28
776
775
787
797
27
770
760
788
799
785
773
783
804
842
833
26
807
34
773
773
784
799
783
770
799
820
824
24
800
789
817
830
831
44
787
775
816
830
37
793
774
785
795
779
29
750
758
780
778
767
761
794
810
791
34
757
762
773
785
802
26
776
762
775
774
771
751
740
764
788
797
23
774
780
804
829
28
801
797
826
856
39
817
797
815
827
810
30
781
782
806
803
22
781
800
830
819
34
786
805
831
839
48
792
795
818
821
38
783
784
806
809
796
795
820
830
31
799
786
818
835
34
802
790
814
812
29
784
765
804
840
829
812
833
839
49
791
776
790
797
23
775
766
785
789
781
762
770
788
782
29
753
749
766
758
747
744
768
781
776
758
745
760
796
785
765
803
828
32
797
778
787
818
819
41
779
769
788
801
784
767
789
800
793
779
779
800
794
782
763
778
798
785
30
755
766
791
798
779
779
798
810
790
779
791
793
25
769
755
792
795
26
770
758
769
782
784
769
776
777
759
745
758
781
795
37
758
750
779
783
23
760
744
766
792
794
780
770
805
819
816
36
780
791
794
791
27
765
757
777
786
773
756
778
791
25
766
752
765
784
787
784
765
770
774
788
767
764
781
796
788
774
790
822
827
36
792
776
799
799
789
27
762
777
795
793
24
769
767
786
791
24
768
748
771
791
807
27
780
780
802
796
28
769
751
765
768
765
750
757
773
766
749
750
777
784
775
758
765
762
743
732
738
754
755
747
759
770
772
22
750
749
766
765
22
743
727
736
734
741
723
722
738
749
734
732
756
764
766
750
747
764
772
771
754
758
767
765
24
742
750
764
772
767
25
743
756
766
781
26
755
747
754
777
776
765
779
798
828
819
805
826
813
793
35
759
778
792
817
37
780
777
801
810
789
784
791
787
791
771
764
791
798
779
768
786
782
23
760
750
750
754
21
734
724
727
761
771
771
753
774
810
819
36
784
774
791
794
780
763
781
796
28
769
758
776
762
22
741
730
25
705
686
22
665
650
641
645
649
644
641
641
642
641
645
649
653
647
641
632
631
630
635
659
670
673
678
695
716
723
722
732
722
708
698
703
705
21
684
681
689
692
693
687
698
708
712
717
724
719
24
696
694
692
680
677
680
683
679
676
674
679
688
677
661
662
650
646
644
653
675
663
653
635
634
625
625
614
616
605
607
600
595
598
584
584
583
575
576
579
568
574
574
567
570
567
560
571
566
558
570
569
556
569
568
563
562
567
569
560
569
567
565
562
564
567
565
555
552
555
556
548
551
547
66
482
607
61
546
77
470
604
62
542
541
532
537
537
530
539
538
541
538
540
540
536
535
538
534
533
526
526
528
527
526
515
515
515
516
507
501
511
509
500
503
506
503
500
499
498
504
499
498
494
498
497
493
493
490
489
490
487
487
488
487
483
483
482
482
478
476
475
478
471
473
471
472
467
472
473
471
471
470
471
471
472
468
467
465
466
468
465
465
468
466
465
464
466
474
465
465
469
468
465
464
466
471
463
463
459
467
459
458
458
460
459
456
457
457
458
452
454
457
458
452
453
458
17
441
472
20
452
455
458
452
452
454
452
451
453
457
452
449
453
452
449
448
448
452
447
444
452
448
447
443
453
446
446
445
446
446
443
444
445
447
441
441
445
440
441
87
355
508
68
441
437
436
438
438
438
435
437
436
435
434
435
436
436
431
436
435
432
431
439
430
28
403
466
35
432
436
435
433
440
437
440
442
449
443
445
446
452
446
446
453
455
453
454
455
462
463
464
469
474
479
475
481
480
483
483
472
481
482
479
476
478
482
490
488
489
492
502
497
499
514
513
507
510
515
526
531
522
521
523
520
521
518
517
519
522
520
513
520
517
507
509
516
522
520
524
528
533
529
533
536
546
547
546
551
578
573
572
568
566
572
567
563
563
565
567
559
558
558
556
562
553
553
552
555
563
571
571
575
583
591
587
588
588
594
604
597
593
593
593
587
588
598
609
629
630
625
627
637
634
624
625
636
641
628
625
632
631
619
610
612
612
609
610
613
618
625
634
625
627
636
645
643
635
637
648
645
640
643
645
639
639
653
662
647
648
660
664
660
651
652
659
649
642
624
621
627
640
650
645
647
656
658
653
652
652
668
676
663
652
660
667
673
659
651
663
672
694
706
696
685
675
23
653
650
23
627
614
612
611
632
664
675
689
674
681
696
705
691
686
693
690
685
683
695
707
702
685
685
687
686
676
671
668
660
653
652
657
661
659
671
703
725
717
22
696
689
29
661
655
653
673
674
676
687
708
722
708
714
735
719
713
730
747
26
721
722
747
749
22
727
738
756
21
736
722
724
748
740
723
740
747
731
724
743
749
21
728
728
750
756
30
727
726
750
758
26
733
728
721
31
691
678
681
675
662
665
673
670
666
680
695
723
724
716
731
739
26
714
723
754
756
32
725
724
739
737
725
728
736
732
738
741
22
719
717
725
738
724
718
735
746
728
721
734
732
713
719
729
746
745
731
743
760
785
778
776
35
742
723
725
735
742
736
761
799
781
36
745
747
752
743
733
739
757
754
738
750
759
741
745
766
764
750
760
776
766
27
740
754
758
748
733
750
752
736
740
758
777
22
756
753
769
755
25
731
729
725
715
702
699
702
701
697
703
714
725
717
722
731
728
722
732
747
737
730
731
731
723
711
714
723
715
712
727
736
731
721
731
723
713
709
714
714
703
709
723
732
719
720
732
742
734
742
751
757
738
729
735
740
727
734
757
775
755
743
749
751
741
730
744
749
732
728
737
743
741
728
738
742
735
717
719
719
722
733
720
714
720
725
728
714
721
734
739
720
718
729
735
721
721
734
731
724
714
725
730
722
712
708
696
678
678
705
701
702
708
708
709
706
708
704
711
708
703
705
695
708
705
711
710
718
731
722
733
736
735
723
727
730
730
726
728
739
732
717
719
706
692
21
672
20
652
652
647
634
628
628
614
633
633
629
643
631
629
640
647
650
650
653
668
677
679
671
659
658
660
646
21
626
628
628
613
613
618
610
606
609
603
619
640
643
654
661
664
663
666
649
641
647
641
634
628
631
625
620
620
619
612
612
613
613
606
612
618
603
600
602
599
594
596
595
588
589
584
584
588
591
583
586
589
590
584
586
581
575
582
582
566
568
574
561
565
569
557
566
574
580
584
578
592
600
590
588
594
596
586
591
596
596
597
598
606
610
610
605
613
610
609
609
613
621
627
626
631
625
613
617
611
605
611
620
628
633
643
651
656
653
657
662
664
650
644
640
634
634
636
634
631
635
636
622
625
630
629
627
634
639
628
627
627
616
622
620
625
623
630
637
637
634
646
637
640
647
634
636
640
640
640
648
653
646
653
664
662
658
663
666
663
669
681
680
673
680
685
674
673
683
672
672
687
686
675
687
685
674
677
682
670
678
682
677
668
677
683
685
682
689
692
685
689
689
685
679
688
672
656
661
647
641
646
647
647
653
666
680
683
686
691
681
674
679
680
673
678
687
695
693
705
718
720
713
720
720
708
695
682
674
662
669
676
683
691
685
688
699
694
692
705
705
695
695
691
682
679
686
692
690
699
697
690
697
701
698
693
702
703
691
683
690
683
683
686
676
681
688
690
683
686
688
685
677
679
681
675
669
682
680
674
674
676
673
668
672
673
670
667
666
670
667
666
669
675
671
669
674
670
663
665
668
663
663
665
655
658
653
645
642
643
649
652
639
648
631
637
638
635
627
630
634
626
634
640
652
648
645
653
650
639
639
642
635
638
645
647
640
645
645
643
650
654
661
666
668
679
693
688
683
680
689
690
693
683
682
684
689
688
675
677
681
691
691
679
673
674
677
674
667
666
667
677
694
706
697
690
690
696
695
687
682
690
689
684
684
690
691
690
683
679
686
690
684
684
680
686
685
672
670
669
672
666
661
669
675
680
680
685
682
670
666
670
667
659
655
650
639
637
640
627
632
636
636
639
650
657
663
665
672
681
682
675
683
686
676
675
679
679
669
670
672
671
664
672
681
686
678
681
683
676
674
668
675
679
678
666
666
663
655
650
651
659
658
655
659
664
660
656
657
659
661
655
657
662
663
661
656
659
661
663
656
658
655
641
634
646
644
642
652
669
683
696
693
699
705
704
686
677
673
671
661
659
663
667
675
668
668
674
658
646
643
643
631
633
639
642
649
649
644
646
646
645
643
645
650
660
665
659
662
666
670
672
676
666
663
669
680
685
682
678
677
684
687
682
677
674
674
677
689
681
674
674
677
689
684
675
676
678
681
678
673
666
676
679
700
705
689
679
684
684
679
668
665
670
666
661
653
653
653
647
645
642
634
625
622
620
609
599
597
614
618
647
675
695
721
30
692
689
23
667
23
645
629
622
629
617
608
601
602
594
582
590
588
582
584
591
611
618
619
628
636
635
641
638
628
625
617
614
611
614
615
610
607
603
590
586
587
582
577
577
577
580
579
576
579
583
583
586
588
586
580
585
571
568
567
563
563
563
560
547
556
546
546
547
543
544
549
553
556
561
569
587
605
603
599
597
593
591
587
583
582
583
583
579
582
569
565
564
564
566
564
566
567
575
579
582
586
591
593
596
596
593
591
583
591
18
573
586
577
569
557
559
557
550
545
547
546
541
544
546
549
549
556
563
567
573
578
585
589
589
583
584
590
590
594
589
591
592
599
604
610
623
646
653
654
656
665
668
654
656
659
654
650
656
658
661
673
677
680
695
701
698
707
710
707
703
25
678
677
672
679
668
674
686
675
689
685
676
677
680
663
663
664
656
658
669
669
676
684
691
684
687
701
683
691
698
694
685
691
692
683
685
692
696
685
690
699
695
688
698
699
691
686
703
697
684
682
692
696
690
684
694
685
672
674
681
679
668
664
664
664
674
672
672
683
682
675
668
662
664
660
650
652
373
279
367
638
646
654
671
685
688
689
707
720
726
714
712
713
702
691
677
693
688
670
657
652
644
646
641
639
636
626
620
610
603
601
599
607
615
627
641
657
688
703
710
707
695
702
703
698
700
708
707
700
706
713
703
699
715
715
713
707
712
718
719
724
728
734
731
729
739
22
717
702
689
685
687
670
678
685
693
696
705
710
715
722
736
747
735
735
735
729
716
722
717
718
713
719
714
719
714
716
716
713
717
704
701
702
694
681
672
666
649
636
625
624
620
622
616
619
617
614
611
610
614
617
616
619
621
620
625
632
637
638
644
653
663
662
661
662
664
651
647
652
648
645
637
635
641
643
636
632
618
617
608
601
594
596
596
593
605
606
615
627
644
666
678
675
683
691
679
674
23
652
645
639
18
621
627
629
621
621
632
635
649
665
687
689
699
705
710
695
25
670
665
19
646
632
618
618
616
612
610
628
667
698
693
698
700
27
673
684
24
661
660
652
641
628
616
613
610
606
601
601
592
586
586
591
579
583
586
587
588
588
582
577
580
586
590
603
616
610
623
618
622
622
635
643
648
650
649
659
665
664
652
653
661
656
646
653
659
658
644
647
651
665
651
635
633
622
618
618
625
638
643
641
643
651
660
674
684
684
684
699
704
694
708
707
700
682
675
664
661
19
642
651
644
646
653
670
670
669
689
693
684
704
723
729
746
774
768
773
760
754
762
763
749
759
780
786
770
772
775
26
750
762
764
746
748
769
762
751
762
749
738
750
749
756
744
732
743
732
723
720
717
726
735
753
753
770
775
762
754
770
764
755
762
763
750
756
772
761
752
768
776
764
767
773
768
757
752
756
751
24
728
736
741
743
731
749
760
763
752
764
777
767
750
761
761
747
739
747
741
737
735
745
740
733
732
742
741
746
738
743
749
760
743
750
749
740
724
730
736
740
736
742
746
740
750
747
25
722
727
728
718
716
20
697
693
699
702
695
695
704
704
697
700
704
718
744
732
735
753
759
746
739
737
736
720
717
725
735
733
728
738
752
742
728
724
723
717
708
710
722
727
725
736
744
738
729
739
747
749
736
740
752
760
758
780
804
799
791
770
757
754
748
738
750
760
764
758
787
786
29
757
751
753
744
741
730
723
726
719
718
720
724
716
708
719
727
728
723
717
701
694
700
699
698
697
707
718
725
717
723
744
756
751
741
748
742
727
721
728
727
716
711
716
730
732
721
729
739
745
736
729
739
744
733
721
722
737
725
715
700
707
700
692
687
668
658
21
638
627
623
610
597
595
592
589
591
588
594
604
609
610
611
613
609
612
613
615
615
620
614
608
600
599
585
586
586
586
588
594
594
604
614
614
617
611
603
602
606
592
593
596
599
601
613
622
622
625
643
655
647
646
648
644
643
649
652
645
644
647
655
655
676
681
667
686
672
666
657
639
636
634
625
621
609
105
505
682
84
598
597
581
588
586
585
576
579
582
575
573
578
580
576
572
579
585
583
582
586
586
586
585
585
587
590
592
602
608
608
609
20
589
582
570
565
555
550
545
549
556
561
562
569
578
578
574
583
585
580
590
592
590
584
595
595
589
592
583
585
583
585
576
584
589
593
592
604
609
609
613
623
626
626
620
621
621
608
608
614
619
627
632
634
639
659
677
683
677
678
679
672
670
666
680
689
688
686
692
694
681
676
681
685
675
671
678
686
686
675
676
690
681
668
666
670
672
669
663
668
667
660
642
641
644
653
666
673
679
697
693
686
693
689
691
695
678
674
666
662
668
677
681
680
688
706
703
699
696
701
699
697
692
678
673
675
671
662
661
667
669
671
666
666
676
672
686
692
694
708
690
680
678
673
665
663
666
666
684
685
699
693
690
683
671
663
25
638
644
640
637
638
635
647
655
663
667
677
678
684
678
685
694
691
677
682
681
672
666
670
666
663
668
659
656
666
686
696
701
684
25
659
659
644
627
622
619
615
612
622
633
637
651
664
688
694
690
685
688
685
680
679
677
667
675
670
664
659
647
650
655
661
659
665
667
675
679
709
709
707
700
28
672
666
653
639
624
609
600
600
593
585
590
600
608
625
657
668
700
740
775
772
756
41
716
711
20
692
674
27
648
631
626
625
624
620
630
633
638
647
659
672
692
704
693
707
704
699
24
675
663
658
656
658
651
654
655
656
663
645
632
630
619
603
604
596
592
586
585
585
590
596
613
619
642
658
669
692
732
718
708
29
679
665
656
648
641
632
623
622
617
609
614
610
606
602
608
610
617
630
648
673
697
703
710
702
22
680
671
666
651
20
631
634
634
639
638
631
630
620
621
629
630
626
627
630
642
657
655
670
663
656
666
675
676
678
677
672
675
670
667
671
668
654
645
647
660
652
654
668
686
693
696
704
698
684
674
661
656
22
634
21
614
618
612
607
612
623
627
625
624
631
646
651
669
674
674
672
21
651
655
648
644
652
660
659
666
655
647
648
648
654
667
686
679
688
702
694
695
684
666
656
652
642
653
656
673
670
674
681
679
680
687
696
713
721
730
748
743
729
715
20
695
677
19
658
19
640
636
635
647
670
705
717
728
733
742
734
728
25
704
703
697
692
685
680
666
660
26
634
632
628
629
635
653
648
642
647
654
658
661
664
653
659
668
657
660
666
662
678
700
710
707
701
20
681
25
656
644
629
625
627
630
652
666
677
676
661
668
676
675
677
666
665
666
667
672
666
655
650
648
639
640
649
664
663
650
655
648
649
657
659
659
658
662
676
685
690
681
677
662
652
651
653
657
654
654
649
646
651
658
656
662
684
702
717
721
724
711
22
690
688
715
29
687
672
661
667
672
667
655
653
639
634
642
649
667
683
701
720
723
743
742
745
747
750
755
748
753
22
732
725
709
699
703
711
721
715
713
715
710
704
694
695
692
685
678
678
685
677
676
684
682
691
685
681
671
667
678
678
683
679
679
686
693
691
688
691
701
706
715
722
733
726
725
712
710
705
702
693
690
693
683
673
669
668
667
670
672
674
678
678
675
674
682
685
685
676
673
680
679
679
676
679
689
686
678
671
667
661
646
632
616
614
610
604
589
585
585
586
585
585
593
601
614
628
637
637
653
663
673
670
670
673
678
668
651
650
657
661
660
661
671
677
668
668
670
680
684
685
683
693
696
690
680
680
686
688
681
679
679
675
667
666
668
677
687
682
683
689
693
682
678
677
680
682
675
681
687
692
685
681
684
688
691
688
686
687
689
683
24
660
657
660
660
659
666
672
695
711
720
731
727
721
712
715
711
700
699
695
703
689
692
686
688
681
672
676
686
680
678
680
688
708
708
701
709
710
711
702
701
708
712
714
701
697
695
692
682
69
613
704
45
660
662
663
662
668
678
682
683
682
682
680
674
668
666
667
666
668
666
668
677
673
668
666
665
673
670
669
668
671
677
676
673
676
675
675
677
668
672
671
685
684
676
661
650
647
642
648
645
647
645
653
659
657
654
651
654
657
662
659
654
655
653
654
648
655
654
660
656
668
657
657
657
657
653
656
666
668
665
663
659
663
657
651
643
19
625
622
615
616
624
631
637
653
671
695
714
706
705
709
703
688
674
667
663
657
660
662
663
661
676
695
704
22
682
672
672
673
666
666
684
693
688
677
666
664
662
666
683
681
672
663
662
651
648
649
651
642
641
648
643
651
661
664
657
651
648
643
649
655
665
680
676
668
681
693
694
690
695
690
698
692
679
667
662
667
666
666
649
652
662
660
674
672
678
677
677
681
679
669
663
654
647
643
654
667
696
706
706
708
699
697
701
700
688
695
678
668
670
669
679
686
685
692
684
688
672
666
658
658
662
660
661
666
683
698
699
707
717
726
718
710
103
608
789
113
676
659
644
642
625
630
623
613
612
600
595
599
596
596
600
609
622
623
641
654
643
649
655
715
714
713
43
671
671
676
666
652
642
646
644
645
637
632
630
626
628
640
651
649
643
359
284
348
615
606
593
594
591
588
586
583
587
583
586
594
598
609
616
613
610
607
608
608
610
610
615
627
644
646
663
661
655
649
653
672
683
691
676
685
703
719
29
691
686
695
692
674
683
689
705
711
703
691
704
713
696
682
689
700
699
701
719
703
26
677
660
663
666
657
650
664
667
679
687
685
684
699
694
683
697
681
23
658
664
660
644
656
666
679
691
705
691
688
682
19
663
665
669
676
687
29
659
656
663
665
666
658
649
664
668
699
715
709
695
693
681
670
656
640
638
637
646
663
694
704
700
730
741
764
766
750
23
728
27
702
27
675
28
648
640
623
606
607
610
619
638
657
659
699
700
696
690
696
701
714
729
731
717
716
719
710
699
691
691
681
673
685
692
718
721
20
702
705
711
721
736
717
714
705
687
676
687
700
719
714
722
708
707
710
722
728
730
735
732
750
747
22
725
708
702
687
684
690
697
688
705
713
724
709
706
698
688
696
679
663
650
646
643
651
652
648
638
633
646
664
679
690
697
694
683
673
673
673
681
682
687
695
679
685
688
694
687
678
682
691
359
332
359
675
678
675
681
700
720
725
733
714
704
708
712
716
712
706
708
696
695
692
683
687
695
696
687
695
696
710
708
691
679
674
671
657
647
640
633
642
649
655
663
679
670
673
675
674
671
671
664
665
670
671
662
669
673
687
685
684
686
690
698
693
678
671
658
647
644
642
640
646
645
653
647
652
662
667
680
685
695
707
723
721
715
718
703
700
704
710
700
699
701
706
699
682
388
294
361
638
632
18
615
611
606
595
601
589
595
607
610
611
634
643
657
687
714
710
707
731
730
721
727
708
715
698
21
677
675
686
696
707
731
725
727
735
741
721
20
702
685
681
691
695
693
687
704
701
700
722
715
720
732
724
726
22
704
693
27
667
30
638
628
620
21
599
594
600
597
592
590
597
584
589
597
606
618
637
664
679
680
687
692
688
675
680
698
718
705
697
708
707
692
681
678
700
27
673
23
651
638
642
629
614
617
611
613
623
632
642
648
656
661
650
639
633
627
622
615
603
600
624
617
625
631
638
650
655
654
654
674
659
646
635
625
619
614
621
631
639
661
663
664
659
657
664
658
668
674
681
21
661
656
647
641
631
624
619
617
624
618
631
656
675
714
798
791
785
31
754
749
738
724
708
700
693
689
693
700
698
701
691
703
708
707
716
734
743
731
726
25
702
695
684
682
664
655
662
668
679
704
729
730
737
28
709
706
717
713
725
716
705
688
26
663
646
640
633
621
626
633
642
657
680
687
718
750
756
781
775
767
747
745
737
720
27
693
698
701
698
710
729
716
727
741
750
759
35
725
708
693
35
658
646
26
621
21
600
593
592
588
580
577
573
593
593
625
632
651
681
689
714
724
732
741
734
28
707
23
684
690
20
671
656
653
667
683
702
712
695
688
681
689
708
704
722
734
730
720
727
731
729
21
708
711
713
708
694
24
670
675
660
656
665
677
690
701
706
695
21
674
668
672
681
670
690
699
702
696
680
676
665
663
664
683
696
717
24
694
676
676
700
701
713
722
725
729
26
704
710
693
694
701
704
710
24
686
692
692
699
704
700
705
718
714
701
711
715
714
704
697
708
714
711
710
721
745
740
776
781
773
23
751
22
730
23
707
719
721
721
709
724
726
739
26
714
24
691
682
683
695
697
704
724
733
714
697
686
671
671
670
671
666
666
666
664
21
643
649
649
655
660
682
689
708
24
685
683
689
698
699
695
690
677
670
665
24
641
649
644
654
658
660
651
663
679
707
717
726
720
719
704
686
689
677
674
31
644
643
653
657
664
670
692
704
715
710
694
698
681
674
670
668
679
680
678
690
692
695
694
705
695
690
675
678
674
681
676
671
684
686
678
689
674
673
673
669
667
659
666
666
665
663
659
665
665
666
665
663
661
655
658
662
663
658
649
658
658
660
652
663
668
685
673
670
681
696
703
710
22
689
692
687
680
672
662
650
653
653
658
675
703
720
722
727
725
717
725
722
724
723
24
700
690
22
668
662
671
678
697
711
716
702
721
731
713
736
744
747
23
725
719
719
713
708
25
684
28
657
654
20
635
625
609
608
595
605
608
601
616
621
623
626
630
625
627
635
656
687
685
694
717
20
697
693
702
698
702
712
754
770
759
28
732
729
729
23
706
35
671
660
643
634
18
616
614
614
597
609
614
618
619
625
646
660
662
683
695
702
708
693
703
704
706
697
693
709
723
705
708
712
713
702
696
685
667
654
641
627
623
27
596
594
593
592
580
575
578
582
604
628
673
678
697
702
31
671
33
639
646
633
644
652
658
648
650
666
706
723
721
712
697
700
692
704
711
751
772
22
750
756
29
728
25
703
31
672
672
668
674
675
671
683
692
706
704
691
697
702
724
722
726
738
142
597
906
157
750
22
729
25
704
21
683
676
676
665
663
648
632
625
618
610
604
594
590
584
583
573
580
571
570
580
583
592
619
610
633
625
624
621
623
619
619
612
609
602
129
474
715
124
592
578
580
577
571
569
568
575
570
572
569
568
565
566
563
562
565
574
583
581
583
589
587
585
588
588
177
412
759
178
582
584
581
575
575
586
592
593
593
600
599
602
604
602
594
592
585
584
577
574
588
591
597
604
625
634
644
678
716
759
750
764
773
783
36
747
747
728
28
700
689
693
677
682
686
671
680
700
710
706
711
700
683
677
664
665
678
699
700
695
717
733
759
793
41
753
34
719
723
711
696
689
21
668
663
650
22
629
619
620
624
633
653
660
663
706
747
768
768
801
785
780
772
29
743
740
23
718
704
702
22
680
678
687
680
664
648
656
645
660
647
644
653
654
665
680
689
706
695
704
720
724
731
735
715
732
728
710
697
708
711
729
738
744
769
755
744
738
723
719
711
723
725
22
704
689
698
694
694
700
722
743
755
757
748
28
720
702
689
27
663
661
667
680
694
700
707
715
712
709
709
712
705
700
691
685
694
715
734
736
24
713
710
718
732
734
743
739
724
20
705
702
700
684
672
656
642
628
613
607
610
599
605
621
631
635
669
711
748
761
764
44
721
720
721
718
22
696
691
23
668
664
647
648
636
642
642
664
672
695
719
762
807
790
28
762
767
754
771
776
780
780
784
773
779
39
741
738
739
746
753
764
753
24
730
27
703
689
676
667
681
698
702
697
699
691
686
685
674
662
672
693
717
717
726
745
747
761
754
27
728
740
749
744
729
716
23
694
690
694
702
700
725
751
766
755
739
732
742
735
726
719
712
715
703
694
20
674
673
682
691
708
726
740
733
734
731
718
716
703
690
685
691
710
708
706
715
731
749
740
728
34
695
690
27
664
662
670
680
688
703
709
697
709
712
699
695
706
712
718
20
699
692
690
675
691
687
698
728
750
762
40
722
723
739
733
729
25
705
695
685
25
661
660
661
666
663
684
688
707
750
777
766
765
766
777
784
769
43
727
727
733
737
23
714
730
743
726
745
743
730
711
739
744
750
734
720
714
38
677
675
664
658
663
674
672
666
659
671
677
683
686
671
672
666
678
688
711
720
741
752
757
758
740
23
717
699
32
667
667
669
666
666
661
652
648
648
655
670
686
705
733
739
740
724
41
684
690
683
696
701
708
707
699
705
703
684
697
693
698
691
712
718
745
739
733
726
711
701
31
670
665
672
692
724
763
787
774
774
770
30
740
721
721
708
694
698
695
34
662
665
656
657
662
668
670
689
712
729
734
731
734
738
734
729
724
706
689
693
707
720
730
717
710
714
726
732
729
712
712
721
734
739
740
733
715
26
690
684
680
679
697
696
680
688
701
711
728
734
726
720
707
697
20
677
679
688
694
707
723
720
719
716
713
22
692
699
702
694
696
694
680
677
680
678
679
681
681
676
701
703
717
729
731
731
718
29
690
675
684
681
701
721
742
751
747
738
726
715
23
693
677
665
672
666
671
674
681
692
691
689
684
677
664
666
671
677
685
697
711
721
730
718
726
711
706
701
706
712
716
714
709
723
726
735
742
753
759
775
781
22
759
750
731
743
746
747
747
756
774
774
756
749
749
737
731
725
24
702
684
692
691
685
707
726
748
743
763
787
798
789
35
754
738
747
744
749
747
731
715
724
738
762
773
785
779
22
757
39
719
712
714
720
727
750
29
721
732
749
751
748
737
723
21
703
692
681
664
679
681
687
700
709
719
720
708
726
728
757
750
768
756
21
736
24
712
719
721
722
710
728
741
750
750
24
726
741
736
744
732
23
709
26
684
671
675
669
672
675
691
708
729
733
725
707
731
729
745
737
34
703
717
723
743
750
768
24
745
725
707
721
708
701
711
704
694
709
713
733
747
746
755
745
751
759
39
721
713
708
724
729
739
740
22
718
732
733
741
741
743
726
708
26
682
664
653
637
629
622
614
608
603
596
592
586
578
587
585
584
584
583
616
634
693
680
664
711
730
770
783
779
24
755
35
721
734
719
37
683
673
668
24
645
632
645
655
644
655
665
664
680
691
694
705
705
708
708
692
687
695
690
683
674
683
689
677
678
674
670
659
642
652
638
662
660
664
700
729
720
33
687
693
683
666
651
649
643
647
662
666
650
660
662
666
663
665
686
697
693
702
721
727
714
722
726
714
707
21
686
679
666
671
21
651
653
666
668
669
679
695
682
692
723
734
745
732
742
759
764
767
29
738
729
735
745
740
740
749
743
736
727
748
750
734
735
750
736
725
24
702
708
705
708
718
742
732
24
708
696
708
719
719
706
702
714
717
706
715
718
724
708
717
724
726
743
774
760
763
773
23
751
770
767
752
762
774
786
791
812
24
788
782
791
801
24
777
787
784
24
760
742
742
726
717
736
756
771
761
758
772
795
24
772
771
803
790
43
747
753
745
730
730
745
754
739
42
697
702
683
692
704
703
716
718
707
718
737
736
743
750
738
737
750
764
23
742
746
759
747
738
750
755
780
795
35
761
772
767
28
740
737
733
731
712
708
721
737
733
722
717
726
743
25
718
724
739
23
716
720
738
733
749
754
750
752
770
791
29
763
801
810
801
31
771
753
767
21
747
739
744
725
728
751
748
779
780
781
813
806
27
779
783
774
756
764
772
755
742
759
773
765
786
808
789
34
755
746
748
736
732
757
771
791
802
29
773
770
767
759
750
766
789
789
25
764
757
740
730
23
708
26
683
678
695
704
708
697
24
674
666
663
656
646
668
681
707
710
705
718
712
703
700
714
730
732
736
765
759
21
739
748
743
753
736
741
748
741
727
737
760
21
740
764
784
30
754
758
763
22
741
22
720
728
729
749
752
753
764
773
781
768
749
751
739
730
741
723
714
729
727
760
795
782
777
759
756
21
736
718
703
692
699
714
709
703
725
736
727
718
712
709
705
694
40
655
654
643
630
641
643
654
647
660
671
675
700
714
711
727
754
743
728
732
729
724
734
741
721
733
747
749
738
757
771
764
39
726
725
732
736
730
751
766
765
35
730
735
25
710
694
688
695
682
678
693
706
708
709
731
721
703
720
732
716
725
738
732
743
745
731
721
728
727
724
724
710
709
710
695
707
713
716
713
728
738
35
704
687
688
713
731
763
759
743
113
631
769
71
699
682
21
662
655
656
645
641
641
649
666
678
691
700
701
711
725
740
756
765
761
747
731
727
733
719
714
727
721
733
742
753
744
743
745
23
722
733
25
708
50
658
657
666
662
669
684
689
687
702
711
721
729
745
758
749
26
723
738
740
743
23
721
728
741
729
717
733
733
719
721
717
706
694
682
666
650
19
632
634
626
614
623
627
646
665
677
708
746
750
759
740
31
709
32
678
663
652
646
659
685
718
720
749
774
771
763
761
38
724
726
24
703
22
681
679
700
713
707
709
729
753
771
759
780
787
24
764
762
28
735
36
699
22
678
686
677
695
722
750
771
22
750
750
744
739
743
737
727
717
706
713
711
736
733
731
720
705
703
693
697
706
733
741
743
734
36
699
685
696
683
683
693
690
702
713
711
728
713
740
745
729
741
756
765
773
784
763
43
721
726
718
705
691
708
712
695
713
714
29
686
669
657
642
24
619
624
614
618
624
677
736
786
885
46
840
33
808
838
827
41
787
810
794
778
787
788
30
758
743
22
722
707
729
718
727
751
750
742
767
24
744
730
735
727
720
35
686
677
26
651
652
638
637
644
658
662
682
698
687
699
695
687
690
678
677
668
656
654
652
658
675
682
681
692
687
695
689
702
703
697
699
707
700
707
727
731
724
745
750
746
749
743
724
708
708
708
709
714
728
749
737
756
751
738
739
748
752
744
755
775
776
782
53
730
723
707
712
734
756
769
767
796
22
775
24
751
747
727
26
702
705
704
693
692
687
685
701
735
732
31
701
701
717
738
747
741
758
777
32
746
766
781
791
787
786
33
753
765
777
775
763
781
773
784
819
810
37
774
767
757
749
749
751
731
735
751
789
775
33
743
733
740
733
729
717
717
732
750
740
723
739
746
737
730
732
738
730
739
742
744
727
734
750
757
778
766
754
751
750
754
762
750
730
730
744
746
742
738
734
745
738
738
24
715
699
27
672
670
671
662
30
633
634
630
628
624
618
612
617
621
619
654
710
732
737
747
766
760
33
728
731
728
710
723
723
708
692
716
726
720
740
739
734
717
726
708
704
725
737
723
740
746
742
731
734
735
726
722
727
730
717
723
735
735
733
750
774
762
778
763
763
770
766
24
742
739
764
761
758
752
35
718
710
27
684
690
697
704
705
707
710
24
687
27
661
653
655
24
631
18
614
616
614
605
604
615
614
625
626
631
635
625
617
624
19
605
600
594
590
584
598
604
611
614
631
649
684
687
689
730
739
740
762
745
742
729
726
739
740
736
721
407
315
394
686
33
653
656
19
638
629
18
612
613
612
625
657
690
700
745
799
828
823
859
53
807
807
23
785
25
760
24
737
732
721
718
738
750
758
741
738
742
740
313
427
120
308
723
21
703
57
646
651
643
634
627
632
642
647
660
656
649
677
692
694
700
711
710
727
724
716
725
738
743
749
771
754
748
765
754
754
779
22
757
754
753
748
759
776
762
750
743
757
771
764
758
21
738
739
732
733
737
743
732
744
761
779
762
21
742
754
783
784
794
809
791
775
765
764
753
765
784
791
781
787
24
763
758
755
752
762
773
760
763
758
759
747
744
749
738
741
754
747
749
761
753
749
750
735
726
723
711
703
688
20
668
652
641
25
617
615
603
605
617
645
671
715
729
749
845
855
869
875
74
801
790
777
766
750
740
741
739
757
756
769
789
780
798
805
792
775
780
807
792
30
763
755
746
739
742
21
721
727
23
705
21
684
690
694
705
719
758
791
795
27
769
33
736
740
734
733
720
730
731
721
737
737
717
726
739
750
771
770
772
36
736
756
774
787
789
22
767
784
28
756
26
731
729
748
733
717
717
700
706
706
708
726
729
745
730
738
759
778
808
801
38
763
760
770
783
794
794
786
773
772
775
26
750
26
725
724
742
761
778
793
790
39
751
743
755
756
764
770
761
747
768
779
803
795
42
754
758
777
781
777
763
745
759
764
771
774
765
24
742
750
757
773
30
743
746
738
807
32
775
790
772
778
764
753
43
711
703
690
683
692
704
711
713
702
708
733
760
768
788
27
761
749
755
759
772
791
788
34
754
753
754
749
738
718
718
725
740
763
746
758
763
773
759
24
736
736
736
747
22
725
727
747
752
767
754
736
745
751
754
749
742
750
754
768
768
753
758
756
762
744
734
743
746
763
29
735
744
750
767
23
745
736
753
753
764
753
741
750
763
750
736
755
760
750
735
742
750
755
738
729
725
716
704
705
728
740
761
751
745
766
767
755
746
746
751
758
755
736
745
765
768
761
752
774
784
780
783
783
780
761
749
734
744
749
759
750
732
752
752
763
25
738
745
760
766
26
741
733
746
750
745
737
749
760
757
23
735
727
734
729
728
718
727
743
752
735
741
757
780
767
750
773
791
788
39
749
736
743
739
734
719
720
746
751
743
727
740
748
748
732
750
757
766
759
749
761
758
747
728
734
731
728
713
720
738
763
750
735
745
776
798
794
27
768
758
754
739
748
23
725
722
727
733
731
21
710
723
740
747
735
726
746
747
747
26
721
732
734
736
724
731
738
733
735
721
739
749
754
25
730
743
766
777
773
36
738
755
758
764
750
733
729
777
805
832
829
37
792
784
786
787
768
748
776
778
795
786
776
790
784
776
32
744
755
763
781
783
765
792
799
796
775
765
766
772
23
750
739
742
745
743
734
742
751
760
755
21
735
756
765
788
768
761
797
810
812
24
788
27
761
779
773
767
754
765
772
789
34
756
737
726
725
750
762
776
795
798
34
765
759
32
728
715
719
733
717
30
688
678
671
23
649
637
642
632
622
623
623
620
618
616
618
613
616
614
620
622
623
628
651
661
701
724
716
711
696
680
682
666
652
642
635
637
639
641
646
636
642
654
668
680
697
694
697
708
712
702
702
705
703
703
692
693
711
705
696
708
728
141
587
828
133
695
31
665
647
641
629
623
18
605
594
591
587
583
572
567
571
568
559
554
551
555
553
543
541
544
548
538
537
533
541
541
536
534
531
531
533
541
534
522
527
530
530
536
532
521
519
529
517
523
520
513
510
516
516
521
512
511
509
508
514
511
508
504
504
510
507
507
502
504
500
501
506
503
508
504
507
500
505
506
505
504
500
501
498
494
500
499
83
416
573
145
428
545
56
490
491
487
57
431
535
52
483
489
485
491
485
481
481
481
479
476
482
479
476
474
474
484
477
478
479
475
477
477
482
475
473
473
477
479
474
475
477
475
475
469
474
476
474
469
471
473
476
470
469
469
469
468
472
470
470
466
468
470
468
466
468
465
463
461
466
467
465
462
462
465
464
465
461
461
460
459
461
462
458
456
460
462
458
457
455
456
458
458
450
452
456
457
455
454
455
455
49
406
495
44
451
451
447
456
453
449
452
447
457
450
451
449
446
453
455
455
457
45
412
489
33
456
459
453
453
457
457
457
453
455
458
453
452
457
454
455
458
458
451
455
455
452
453
452
456
451
447
448
449
450
447
448
447
442
446
444
445
444
442
446
447
443
440
443
445
439
442
448
450
445
448
451
108
343
556
89
467
462
463
464
466
469
461
464
466
465
464
468
469
465
468
476
469
472
475
480
481
477
482
489
491
484
489
490
490
485
484
492
487
482
480
490
484
487
493
496
496
497
502
508
516
514
529
540
541
537
539
542
553
544
543
541
545
533
530
533
529
525
522
524
537
548
557
157
401
703
138
565
574
574
570
563
563
565
574
581
579
573
571
570
569
571
576
567
573
580
587
595
595
597
607
601
595
600
597
597
595
209
387
808
220
589
592
591
592
592
590
583
580
586
582
581
590
598
618
628
628
648
638
631
622
626
624
626
625
624
632
656
644
644
657
686
697
23
674
664
661
679
677
714
722
704
33
671
19
653
646
659
672
669
666
653
653
658
669
659
663
665
690
709
721
20
702
684
689
687
671
662
659
672
688
693
678
673
685
697
694
684
677
688
694
683
678
680
691
693
686
676
694
708
723
32
691
684
691
710
715
709
700
712
725
721
708
706
719
778
787
22
765
34
732
24
708
700
712
721
715
705
727
759
756
740
733
751
750
21
730
714
714
733
747
735
717
716
729
740
725
710
714
732
740
736
716
719
741
751
734
720
734
749
731
721
720
736
754
24
731
722
739
768
759
741
741
758
774
772
29
743
747
761
768
28
741
738
757
774
764
752
751
765
752
22
730
736
751
753
736
740
764
765
25
741
744
757
766
21
746
731
743
760
750
25
726
727
746
760
22
739
726
742
757
760
742
747
777
768
753
774
787
775
23
753
754
775
799
797
24
773
756
775
782
789
769
758
769
788
788
29
759
766
774
772
22
751
751
755
762
754
746
756
772
786
774
758
762
765
756
23
734
726
732
738
734
721
721
740
750
736
736
750
777
774
756
759
756
748
736
745
760
767
781
23
758
763
773
757
746
754
757
743
733
738
759
763
771
26
746
742
742
732
716
718
726
735
722
722
737
743
737
729
735
739
737
722
730
755
773
760
748
757
767
764
29
736
732
738
741
722
723
737
732
724
725
735
748
761
744
748
753
738
723
725
734
738
728
724
731
734
720
722
731
730
23
708
702
699
704
708
706
697
700
688
686
693
695
698
705
700
711
719
715
709
707
705
708
717
726
730
717
712
712
712
710
701
711
723
721
719
716
728
732
740
734
723
729
732
729
720
715
724
723
729
719
722
741
735
717
726
733
725
720
708
692
703
23
680
676
20
656
643
639
623
614
624
631
638
646
666
665
659
656
652
638
636
629
619
618
608
618
620
611
605
605
605
604
597
600
603
614
616
621
627
637
650
659
680
678
671
677
687
680
677
686
696
698
689
693
702
705
704
695
691
678
676
676
684
689
688
690
705
711
717
710
718
722
709
694
685
28
658
654
653
649
644
638
638
636
641
647
657
672
690
689
697
711
711
716
703
697
697
700
703
696
699
714
736
730
724
731
748
749
735
743
756
758
749
740
747
748
745
737
731
745
731
724
738
754
22
733
729
737
737
24
713
715
726
718
717
721
733
750
22
729
734
738
732
716
717
725
730
715
722
729
741
747
734
27
708
689
679
666
24
643
645
651
665
671
677
696
699
700
705
717
727
724
729
725
716
728
736
732
718
726
742
749
729
724
732
739
741
747
737
733
725
706
27
679
674
665
649
634
629
638
635
637
647
665
695
704
727
769
808
29
780
759
762
809
26
783
772
773
765
28
738
735
732
722
721
734
755
765
755
756
22
735
722
41
682
671
655
648
638
633
634
636
636
637
638
637
640
650
655
659
648
643
643
640
638
644
653
656
664
679
678
688
691
687
689
696
691
126
565
72
494
130
364
67
297
682
761
424
337
1789
1446
343
1439
3999
3999
3999

