809
806
795
790
800
809
798
788
796
795
779
789
796
24
773
797
795
787
773
789
792
778
796
797
789
770
786
790
776
777
785
785
765
782
784
775
773
785
789
23
766
787
787
783
776
794
791
771
790
791
789
772
791
797
785
799
803
800
795
801
800
786
803
801
31
770
809
815
818
809
817
820
805
798
793
799
782
798
799
796
796
813
811
791
820
818
821
802
814
815
805
813
816
806
22
785
797
802
807
786
805
796
807
792
788
805
802
801
795
811
812
809
799
811
818
818
25
794
816
820
810
803
810
806
800
784
800
791
775
790
792
784
773
789
788
774
773
781
782
764
779
777
762
745
778
772
765
761
776
778
766
784
789
791
779
791
792
790
787
779
790
793
795
787
809
814
797
820
815
807
792
810
812
798
799
804
809
24
785
805
803
791
790
797
803
783
806
811
807
790
803
807
804
791
809
807
800
792
804
806
789
796
803
792
782
792
794
789
780
806
805
786
796
801
804
25
780
802
804
800
22
779
801
800
801
784
802
811
799
789
808
805
791
791
807
813
793
801
824
818
799
804
805
813
795
811
814
817
25
793
810
823
826
808
810
812
816
806
796
810
813
808
791
812
813
812
791
815
809
802
791
817
815
805
793
809
815
812
792
801
817
811
802
810
817
817
24
794
817
818
818
803
820
823
27
796
803
813
809
796
800
804
814
31
783
801
802
810
794
809
819
824
28
797
826
819
814
798
818
820
804
790
814
813
810
23
787
812
822
817
23
794
811
818
819
805
819
815
821
803
816
823
828
815
825
833
817
33
785
788
836
827
829
827
816
819
844
46
799
830
829
826
819
805
835
814
795
809
822
812
796
819
820
820
801
823
818
821
815
832
827
830
823
805
818
821
815
822
819
801
813
812
811
812
801
832
827
829
23
806
823
821
826
828
24
805
820
828
821
814
809
828
822
818
809
821
834
837
834
32
803
831
826
834
830
845
827
805
825
820
813
803
808
814
823
806
810
814
824
829
807
43
764
777
760
23
738
742
723
721
725
718
716
717
703
722
708
708
712
697
714
702
723
724
709
731
725
720
746
741
759
756
759
759
763
771
764
776
771
753
763
764
757
759
763
745
761
754
739
755
762
756
23
734
754
737
22
715
711
726
743
744
754
760
763
768
769
760
769
761
753
754
761
25
737
750
755
757
741
763
747
243
504
851
135
717
729
715
699
688
698
21
677
689
682
669
673
682
677
673
683
678
663
679
667
666
670
21
650
660
663
649
669
19
651
667
660
645
647
641
649
636
655
644
646
638
633
634
634
649
642
645
20
626
636
625
630
637
625
639
19
620
629
617
625
624
622
628
619
627
611
624
625
615
624
611
618
604
606
611
607
614
605
619
605
605
601
606
598
605
601
603
606
604
598
600
599
604
614
19
595
614
607
599
606
591
603
604
597
614
21
593
604
603
605
596
596
595
598
594
592
608
22
586
593
585
588
590
592
601
588
598
585
592
590
588
597
581
588
583
590
588
590
578
592
580
594
594
19
576
599
18
582
596
582
592
590
575
585
590
584
582
595
20
576
584
586
579
596
19
578
580
586
571
587
583
575
581
568
579
584
19
566
579
570
568
580
565
568
575
17
558
573
572
561
566
575
563
573
562
563
567
574
18
556
562
563
561
574
562
560
567
556
560
573
563
553
570
561
566
571
579
570
575
583
599
604
603
603
611
621
621
613
629
631
618
615
626
622
616
622
624
610
616
622
608
609
618
604
608
611
604
599
611
605
597
605
591
588
596
585
583
589
577
582
588
576
586
591
581
592
602
598
586
594
603
594
604
621
613
605
621
610
605
613
609
613
618
616
617
631
625
625
641
658
644
638
648
657
650
656
669
678
27
652
672
722
57
665
670
674
682
673
666
684
682
666
682
681
680
678
707
699
21
679
694
703
22
681
668
685
690
680
672
685
691
697
29
668
679
680
682
666
676
677
26
652
661
673
669
664
683
681
670
696
698
20
678
683
704
698
681
705
718
702
708
730
735
24
712
723
728
24
705
717
721
23
699
693
723
736
31
706
710
740
739
719
750
762
45
718
748
755
33
723
721
738
753
37
717
740
747
747
32
715
743
764
28
737
761
23
739
721
749
26
724
24
700
21
679
747
750
775
39
736
732
756
751
21
731
751
777
834
90
745
796
811
799
47
753
767
753
746
752
736
750
763
781
32
750
778
788
38
750
777
794
778
32
747
770
754
755
776
26
750
770
785
32
753
747
776
766
754
770
762
30
733
747
750
24
727
735
750
732
718
717
727
719
716
743
724
22
703
729
755
739
748
760
760
22
738
765
771
29
743
740
760
764
756
780
776
31
745
776
776
30
746
763
769
40
729
757
770
28
743
750
767
754
21
734
757
772
35
737
768
762
748
751
771
751
750
769
752
27
726
756
768
22
747
751
773
775
25
750
773
780
764
754
771
769
24
746
742
768
749
738
756
771
766
33
734
763
766
750
752
765
749
748
764
754
752
775
759
754
778
767
774
773
24
749
762
769
771
772
35
738
757
772
30
742
730
749
782
784
786
786
817
801
45
757
772
782
765
764
768
761
771
773
770
764
775
779
782
772
771
781
761
761
771
782
782
772
765
780
792
26
766
782
791
787
766
784
788
33
755
791
778
34
744
738
793
801
807
796
35
762
790
794
25
770
783
802
791
25
766
785
792
24
769
795
791
795
791
796
788
25
763
786
781
25
756
790
797
783
806
803
791
805
22
783
798
807
808
800
799
798
26
773
791
801
26
776
810
808
29
780
792
802
811
803
819
805
25
781
803
804
808
821
806
797
822
812
810
790
812
810
809
792
806
807
790
801
813
814
793
812
800
791
811
810
809
810
31
779
804
811
812
810
36
775
798
808
802
783
801
809
29
781
807
812
820
808
808
817
28
789
807
802
806
799
806
806
789
812
807
24
783
791
787
793
810
791
803
795
785
791
779
777
771
776
772
753
750
732
741
728
712
720
25
696
716
711
22
690
711
708
701
707
720
721
713
731
734
723
735
741
747
739
721
214
507
2393
2074
320
403
742
750
742
748
750
751
746
756
753
742
758
763
770
756
773
767
751
768
763
27
737
770
754
745
763
762
755
769
30
739
750
739
737
723
718
733
727
728
749
729
756
22
735
716
735
774
781
794
805
33
773
798
796
778
791
790
789
775
787
795
787
772
789
791
775
786
798
794
777
805
808
791
804
805
28
778
791
797
783
796
798
778
798
801
787
787
795
794
778
785
787
776
803
793
780
791
797
799
802
812
816
797
788
795
798
807
786
771
789
783
789
791
794
789
782
789
809
806
792
811
810
791
812
809
798
823
26
797
827
829
822
814
836
823
835
839
833
25
809
825
827
26
802
816
826
809
22
788
824
815
818
804
829
833
814
834
840
833
822
835
831
814
818
818
814
801
811
822
804
808
803
808
813
814
804
814
813
805
827
820
806
822
825
810
24
787
816
817
803
802
813
824
805
831
827
817
817
827
827
813
830
834
33
802
822
41
781
766
764
747
740
739
728
721
718
722
715
719
719
721
730
729
24
705
708
731
713
730
735
717
708
739
736
750
744
749
770
774
786
777
803
798
813
791
808
815
799
798
811
807
31
777
798
799
780
801
803
791
796
800
792
791
798
797
25
773
790
796
802
782
797
798
802
791
817
830
26
804
820
836
35
802
798
821
802
22
781
796
793
773
799
797
795
22
774
794
803
25
779
806
810
797
785
818
811
24
787
808
816
799
791
42
749
761
755
737
25
712
721
708
695
702
706
702
706
708
711
726
716
733
753
774
759
782
793
791
794
805
798
805
831
826
828
843
845
826
823
804
806
796
787
794
812
796
810
822
809
827
833
828
823
25
798
801
784
778
776
763
752
751
753
761
767
756
753
763
760
785
791
800
796
819
815
810
831
820
806
796
781
763
780
774
765
757
751
750
742
723
730
725
730
740
741
755
751
770
782
785
803
811
802
830
829
811
832
832
827
829
823
814
826
819
826
822
827
815
804
807
819
817
832
841
841
836
848
24
824
843
834
30
805
837
840
824
806
800
826
810
833
835
838
836
835
831
840
842
837
820
826
814
834
822
831
837
832
840
835
847
856
853
846
857
842
828
862
856
846
854
846
857
854
867
861
854
852
855
848
861
865
866
859
874
875
867
852
25
828
830
812
820
800
790
783
772
762
767
763
769
757
757
756
769
771
781
780
784
780
771
783
788
785
803
806
786
803
804
796
799
798
798
801
804
821
847
827
846
830
831
837
847
830
830
23
807
22
786
774
786
23
764
748
747
770
767
760
757
755
763
754
760
754
760
758
751
738
733
744
737
742
733
747
756
740
752
750
749
761
755
756
744
757
759
742
776
774
770
790
770
788
784
791
779
769
775
787
767
767
794
798
824
802
800
803
808
31
778
789
796
797
34
764
789
792
799
28
772
796
809
805
25
781
798
799
814
820
808
790
779
786
792
792
803
818
833
836
833
834
855
846
855
845
840
27
814
824
815
29
787
811
817
795
821
838
843
833
832
33
799
813
826
835
831
821
834
833
814
838
845
861
845
824
832
842
854
845
27
819
830
844
842
845
841
823
841
840
849
855
846
27
820
842
836
816
832
840
24
817
823
840
836
837
821
844
846
836
822
830
831
824
830
843
25
818
839
829
817
840
842
850
859
837
841
851
29
823
848
844
843
839
828
839
833
820
829
838
847
842
832
816
830
861
850
849
863
865
28
837
856
24
833
812
797
804
798
784
787
31
756
759
781
769
765
781
761
783
769
769
762
749
758
752
745
758
750
760
757
759
761
776
781
792
796
807
801
790
796
801
798
794
785
794
801
795
794
779
776
786
773
763
781
778
791
779
804
807
786
796
801
792
791
36
756
769
763
752
752
741
736
742
740
748
22
726
749
745
732
745
22
723
724
723
23
701
714
708
700
710
701
715
704
700
742
735
722
731
712
730
736
739
743
757
751
791
41
750
753
780
771
774
782
793
794
794
50
745
781
822
833
32
802
791
801
784
793
783
786
765
786
776
756
763
22
741
732
735
749
747
754
765
754
771
760
745
763
764
769
752
762
762
745
759
761
22
740
774
775
793
782
770
777
774
770
792
780
774
777
782
789
769
767
775
767
759
757
765
27
738
754
743
729
737
748
30
718
745
731
715
713
730
741
752
751
755
22
734
753
752
750
737
729
725
724
715
703
715
724
724
727
722
718
728
715
735
726
719
730
721
713
715
712
716
713
704
711
710
715
732
724
729
735
21
714
727
716
734
739
747
736
722
735
726
711
731
726
715
740
742
728
725
719
713
722
727
725
739
751
750
757
774
36
738
739
747
31
716
746
749
743
755
760
747
756
758
765
758
760
761
763
762
770
37
734
758
24
735
750
732
752
754
742
764
768
755
770
770
764
761
764
761
27
735
749
750
735
756
764
753
750
773
768
750
766
775
764
765
774
753
771
761
744
754
744
747
760
755
747
765
763
750
767
770
754
763
756
748
732
735
719
703
707
717
736
751
772
784
791
784
779
785
791
802
785
792
789
784
768
778
781
783
778
784
774
756
769
770
22
748
766
766
750
756
750
747
733
739
721
728
728
736
729
739
731
722
727
709
696
711
702
690
708
702
708
720
723
712
123
590
864
153
712
728
716
715
730
732
729
743
751
735
743
732
26
706
707
700
697
692
688
696
709
701
705
714
714
718
711
723
721
736
728
745
748
22
726
743
742
748
729
731
728
23
705
712
708
705
698
708
711
697
714
711
700
708
709
708
703
708
704
693
707
701
698
690
679
669
685
683
681
687
691
715
716
730
726
742
744
749
747
742
735
734
726
742
740
743
733
735
718
713
716
723
726
731
722
730
720
719
723
724
718
712
705
708
700
701
706
708
720
722
725
726
719
724
712
716
719
720
722
718
722
724
726
720
730
730
722
731
732
728
736
744
736
732
737
737
734
741
740
731
741
744
729
739
734
726
729
737
738
730
737
741
735
737
737
734
21
714
725
727
717
723
734
719
738
747
744
738
745
750
747
731
745
21
725
728
729
719
721
724
708
719
717
709
696
714
711
717
708
717
713
708
709
715
714
724
720
727
723
725
720
21
699
699
702
699
699
710
731
753
753
758
757
758
748
738
747
748
744
750
756
750
751
743
729
734
718
713
717
714
704
699
686
675
687
679
683
676
689
697
697
699
704
704
695
711
709
704
708
702
710
705
701
713
726
726
716
716
697
691
685
692
677
678
665
681
698
708
726
739
742
737
732
716
716
708
715
710
707
693
708
700
691
708
708
692
708
714
717
710
731
738
720
738
742
739
744
750
740
723
742
730
722
728
738
728
711
733
727
714
734
726
718
730
726
727
713
729
734
22
712
733
731
712
728
735
715
730
731
720
738
736
719
742
745
728
746
747
735
741
739
738
752
756
740
756
755
758
24
735
754
761
26
736
757
753
747
762
760
755
750
754
750
742
739
732
748
757
759
770
769
759
765
770
750
779
763
41
722
728
740
758
744
733
750
750
24
726
729
731
732
720
740
738
731
726
726
718
713
712
700
698
699
699
688
709
708
694
688
723
713
710
693
712
700
694
704
686
693
699
690
708
708
700
715
703
698
700
726
711
717
711
712
701
717
705
687
698
705
23
682
701
689
684
701
703
702
706
711
722
721
718
728
712
712
703
721
718
705
711
718
708
695
716
713
23
691
717
25
693
680
684
673
686
687
671
695
698
684
713
705
705
714
20
695
703
702
697
693
698
696
700
699
701
687
703
709
710
702
719
726
720
724
735
730
717
732
738
728
720
734
733
729
737
748
745
725
758
754
753
738
755
756
738
736
750
749
729
751
749
751
745
765
764
749
761
766
766
760
778
773
753
771
768
753
759
773
764
760
775
755
737
770
791
799
805
793
798
797
788
795
792
788
784
802
812
801
798
800
801
793
806
805
808
791
814
813
796
807
813
807
804
806
810
800
807
811
798
810
791
783
801
788
777
793
794
23
772
790
789
783
773
28
745
735
749
746
729
741
730
729
720
727
731
727
735
735
377
358
378
739
746
758
750
745
764
755
757
767
766
783
791
809
788
826
24
802
791
794
799
788
798
792
783
779
770
776
770
771
775
798
806
804
817
802
813
823
809
835
824
808
33
776
768
754
750
737
738
728
711
734
733
25
708
715
708
719
429
291
442
719
743
743
735
752
752
763
747
770
780
790
784
808
793
778
784
782
31
752
758
765
757
760
762
782
779
778
791
782
28
754
770
768
753
766
31
736
765
759
763
769
750
767
764
759
752
773
769
758
785
783
25
759
782
779
788
779
785
778
795
801
799
798
783
805
816
800
814
797
811
809
792
818
824
827
827
826
825
811
828
821
811
820
817
797
826
837
30
808
829
840
838
817
817
814
813
823
817
798
804
796
811
833
847
840
823
847
841
829
844
834
831
827
821
844
830
857
877
879
862
843
837
838
831
833
849
828
843
842
844
861
875
865
858
853
833
30
803
806
814
23
791
819
827
841
833
845
846
833
828
833
834
817
827
856
865
40
825
855
878
877
876
866
857
859
842
845
843
827
837
824
806
823
849
853
30
824
817
798
815
828
820
838
843
849
866
861
855
881
880
33
848
862
877
863
853
873
865
852
857
856
855
866
875
880
862
856
866
862
855
851
860
861
851
854
845
844
855
32
824
856
850
848
873
47
826
842
855
847
850
851
847
39
809
824
823
818
830
832
30
802
815
824
841
847
852
844
836
23
814
818
833
817
812
836
835
24
812
824
845
868
866
868
853
835
834
831
29
802
827
811
810
807
806
804
798
787
827
812
843
874
29
845
874
24
850
864
873
31
842
866
874
869
875
42
833
840
839
835
831
817
829
838
835
830
812
815
815
836
826
817
823
836
823
832
821
830
24
806
829
840
848
846
846
837
851
842
837
844
848
834
846
850
841
834
853
858
852
830
842
828
837
846
833
828
835
841
823
846
860
861
855
853
837
831
26
805
827
825
832
821
810
811
827
827
816
862
853
867
873
884
893
886
34
853
860
884
878
870
30
840
829
868
880
872
897
895
889
891
890
878
865
864
27
837
826
828
835
845
24
821
837
832
810
814
814
816
818
817
826
830
831
840
831
827
814
814
821
807
826
833
835
823
811
824
823
809
811
814
802
818
823
818
838
853
834
823
837
848
833
828
830
817
830
811
825
806
821
836
838
846
838
833
820
834
828
821
818
28
791
805
807
817
823
827
823
819
805
818
800
826
833
824
837
851
852
844
857
861
862
864
847
851
863
867
847
860
865
871
855
848
858
846
867
875
856
862
867
869
867
856
858
852
38
814
826
832
837
836
824
817
817
832
830
817
827
846
831
854
856
867
860
879
888
867
850
31
820
837
830
833
835
844
833
822
822
824
828
24
804
822
30
792
801
794
809
827
818
831
842
842
833
839
852
26
827
848
842
843
834
842
845
835
837
836
822
816
827
814
823
828
23
805
826
25
801
821
825
826
823
827
24
803
813
821
827
811
796
817
829
833
826
852
860
865
865
859
875
30
846
840
33
808
817
818
823
813
812
800
800
802
797
817
823
832
861
860
840
865
882
867
867
851
851
846
833
264
569
947
133
814
31
783
791
781
778
759
780
791
788
794
786
810
793
805
811
831
821
833
814
833
837
820
841
838
826
835
846
831
829
832
849
852
865
854
834
840
839
838
845
853
845
24
822
836
839
839
820
835
850
842
839
818
824
833
819
818
826
811
833
845
831
844
23
822
840
848
834
849
863
864
875
882
873
35
838
854
859
869
864
868
851
866
862
26
837
852
858
857
861
843
853
859
25
834
841
833
819
837
852
853
849
844
847
827
851
849
836
844
847
846
830
833
836
834
825
846
829
847
856
871
858
855
833
840
846
841
833
867
870
25
845
871
875
36
839
858
867
879
868
33
835
849
848
851
846
857
844
849
852
836
853
834
837
838
862
853
840
820
811
821
840
861
860
848
834
855
27
828
837
860
841
863
874
886
880
879
25
855
851
857
850
856
859
867
867
876
29
848
861
857
861
857
857
855
866
859
858
859
872
36
836
851
869
866
867
867
865
848
848
32
817
820
822
835
862
866
865
875
42
834
861
864
868
864
867
863
870
886
878
874
881
869
852
861
861
872
875
859
852
871
871
862
857
880
885
889
882
879
875
891
39
853
879
882
40
843
866
874
873
860
868
872
879
860
879
879
31
849
864
882
896
896
875
40
836
863
869
34
835
866
876
889
881
860
875
25
851
875
883
44
840
863
877
870
878
864
29
835
863
871
883
883
883
878
872
864
882
25
858
880
858
880
885
862
879
875
857
873
876
875
38
837
855
866
845
868
874
851
864
870
865
877
868
881
885
862
883
892
877
866
879
862
871
885
870
862
875
875
858
877
882
32
851
865
879
875
870
856
874
855
839
826
832
815
800
780
841
869
880
858
880
858
866
859
845
838
841
856
843
854
857
850
870
869
27
842
856
866
845
867
877
858
878
871
851
860
855
849
852
854
834
836
819
839
839
840
825
842
836
828
830
845
823
818
830
26
804
822
819
810
828
819
805
814
822
809
835
829
824
840
845
833
842
845
833
845
845
837
851
842
838
844
841
26
816
833
832
831
825
837
832
828
848
840
842
833
834
843
853
852
859
847
852
833
832
831
822
810
803
817
808
840
841
845
826
826
811
841
841
823
832
848
849
836
850
845
842
823
833
836
827
843
834
834
848
834
845
846
28
819
834
837
841
844
23
822
836
843
842
838
842
834
829
820
841
843
854
858
853
28
825
842
839
851
830
841
834
843
23
821
835
842
832
839
850
845
827
837
837
824
838
24
815
838
837
833
841
855
25
831
845
836
842
844
868
875
870
869
862
26
837
844
837
817
829
840
844
825
852
862
38
824
844
834
823
841
853
835
856
869
855
878
871
873
880
888
26
862
870
879
875
25
851
873
878
32
847
853
33
820
840
837
828
858
863
854
843
852
852
847
854
863
853
840
863
855
862
863
870
850
871
877
858
857
882
866
857
877
873
30
843
856
869
25
844
851
856
846
839
850
855
839
858
869
31
839
861
855
836
849
863
848
839
857
843
24
820
848
843
829
858
859
27
832
856
863
852
848
858
42
816
814
881
879
900
893
883
893
894
875
890
879
859
882
886
882
882
897
893
890
894
890
32
859
882
881
868
878
875
870
852
868
867
870
863
861
873
873
876
860
875
881
865
875
870
874
873
874
857
868
854
859
24
836
858
846
840
840
840
829
850
847
857
858
872
864
869
872
861
857
871
854
848
861
871
30
841
863
869
863
873
868
865
869
860
851
861
855
846
869
865
36
829
854
851
849
859
857
842
857
846
848
841
856
852
835
851
849
857
849
856
859
855
858
861
841
868
860
25
835
857
864
28
836
847
856
837
862
862
28
834
864
867
845
871
864
31
833
862
865
33
832
838
828
833
837
842
830
835
849
858
843
865
864
841
840
843
861
842
860
856
845
859
852
845
828
843
841
835
852
848
836
852
865
28
837
849
862
29
833
868
867
851
848
863
30
833
850
852
836
846
861
848
837
849
857
842
860
857
860
843
861
862
846
875
870
855
867
867
854
870
875
857
872
867
868
27
841
869
875
865
875
879
861
862
872
866
850
868
863
26
837
863
873
31
842
867
867
846
871
875
861
850
867
866
29
837
858
861
841
860
864
845
869
867
850
861
873
35
838
860
853
836
855
871
852
859
869
862
26
836
855
859
848
860
875
30
846
864
856
843
845
861
865
850
873
875
856
883
870
857
858
867
870
29
841
858
856
837
860
859
848
854
860
862
844
861
867
30
838
861
853
843
855
856
855
845
851
853
24
829
860
856
852
850
864
862
25
838
855
866
25
841
846
854
847
837
856
857
837
858
858
841
861
847
855
854
863
844
845
853
837
840
858
851
834
856
860
24
837
851
857
849
847
855
861
841
854
866
24
842
867
867
844
857
860
840
859
871
855
852
877
30
848
850
862
851
842
855
862
852
869
872
869
861
867
875
855
864
866
858
844
849
859
844
856
847
844
847
862
861
846
861
862
855
869
866
865
852
865
870
854
24
831
856
859
843
862
849
864
875
872
857
863
843
860
850
23
828
840
834
28
807
791
864
846
845
856
859
857
33
824
830
820
834
836
857
841
844
838
833
840
861
866
879
872
869
855
848
26
822
833
841
840
833
23
811
824
821
809
823
837
25
813
822
834
842
855
846
847
834
835
827
842
844
856
856
837
833
24
810
808
825
827
833
814
833
842
824
850
843
824
836
855
27
828
838
859
838
824
849
868
871
34
837
852
849
852
837
820
840
834
837
852
870
876
877
35
843
839
867
866
874
866
863
848
858
856
836
867
867
846
880
857
875
879
880
863
883
871
851
863
874
860
875
885
868
875
894
879
878
902
891
888
901
890
881
889
868
878
876
877
879
860
842
828
841
834
813
828
850
854
835
842
849
847
846
859
854
849
858
851
857
846
841
858
861
852
844
865
869
872
32
840
841
838
857
859
856
860
863
28
836
855
843
826
845
856
28
828
849
875
875
880
38
843
837
852
851
849
856
845
854
859
856
870
880
863
881
892
31
861
875
884
32
853
834
867
899
911
913
918
908
902
885
899
33
866
26
840
847
853
866
857
867
871
874
873
872
867
874
870
857
869
875
26
850
875
887
30
858
891
883
878
862
881
863
874
867
848
857
865
850
858
862
846
851
860
846
865
879
895
873
884
879
867
24
843
866
849
25
825
861
873
897
898
893
25
869
887
884
879
883
886
880
870
875
28
848
875
889
898
887
874
889
881
879
866
850
879
882
895
876
875
867
850
846
837
834
834
839
840
858
873
893
28
865
867
875
880
882
865
850
851
856
851
839
849
843
831
843
853
857
851
858
863
862
865
845
862
871
854
856
858
854
867
866
848
860
864
858
863
854
873
868
25
844
833
865
875
881
886
874
887
897
31
866
898
907
889
24
866
888
883
886
893
877
884
887
890
883
874
883
891
882
870
876
890
880
877
882
885
869
873
867
851
834
852
854
25
830
812
797
796
812
825
814
852
838
843
879
884
893
884
872
896
891
891
898
28
871
895
890
902
31
871
886
880
897
881
892
887
882
873
873
885
893
902
37
865
867
866
873
876
867
29
838
831
851
850
850
859
862
856
843
847
850
844
857
865
857
853
869
852
839
42
798
825
876
899
902
924
920
919
919
30
890
902
900
894
907
900
905
889
886
889
889
879
883
886
874
877
886
883
906
48
858
872
890
27
863
869
881
885
27
859
887
875
866
874
886
876
869
887
878
870
868
868
864
877
889
868
891
890
881
870
860
852
833
827
815
27
788
814
829
856
866
883
867
882
888
887
893
883
869
893
886
902
25
878
870
895
875
876
898
885
885
872
872
28
844
867
866
865
853
845
850
845
839
859
862
865
865
863
863
867
873
854
874
878
875
899
878
882
883
890
879
875
24
852
862
869
860
856
874
881
873
875
874
38
836
843
864
859
859
26
833
862
865
867
880
871
877
860
840
841
833
39
795
819
826
833
839
837
836
819
802
813
808
826
822
807
833
855
37
818
849
869
869
857
871
876
886
875
891
884
864
891
908
914
45
869
894
898
896
899
37
862
871
893
878
26
853
875
870
850
853
860
872
875
27
848
861
870
850
859
29
830
821
826
822
827
838
828
30
798
831
816
822
826
828
822
843
855
850
832
865
852
865
845
30
816
854
832
815
831
817
833
834
836
835
830
817
821
838
859
867
885
886
907
901
879
904
906
920
34
887
886
903
918
27
892
59
833
863
865
857
844
844
823
835
853
851
859
857
866
864
880
877
855
25
830
830
832
44
788
805
828
827
808
810
822
809
789
797
807
810
814
812
800
803
824
836
821
839
849
834
830
39
791
814
797
784
769
765
759
742
744
752
764
800
782
791
826
835
852
50
803
826
882
47
836
851
893
74
820
881
885
38
848
854
832
849
861
55
807
800
840
835
43
793
810
862
56
807
813
849
32
817
833
42
791
823
801
817
802
833
831
866
35
831
886
884
30
855
858
857
865
859
38
822
858
839
881
57
825
848
863
864
28
836
854
855
866
848
872
60
812
873
858
28
830
834
845
28
818
843
852
36
816
842
36
807
828
835
842
824
865
850
833
867
34
833
27
806
832
34
798
802
23
780
789
773
777
781
766
764
773
766
753
764
751
754
753
751
742
749
748
740
757
756
779
784
785
786
777
28
750
751
24
728
739
22
717
722
736
732
738
762
756
763
23
741
773
772
755
782
807
825
819
831
36
795
833
29
804
784
775
755
760
746
747
745
739
740
743
730
750
741
750
746
751
763
764
765
776
755
777
765
779
774
793
25
769
807
22
786
797
779
834
64
771
833
833
23
810
790
851
50
802
832
51
781
839
837
818
829
33
796
814
811
791
803
797
802
798
835
28
808
854
51
804
887
29
858
863
49
814
849
901
46
855
29
827
859
55
804
854
867
854
867
853
42
812
866
35
832
844
857
839
896
25
871
878
867
857
874
880
878
860
867
866
875
871
849
828
825
820
809
842
52
791
801
796
793
782
780
776
771
764
767
767
763
758
761
759
751
768
780
776
755
770
774
769
786
791
787
791
779
784
773
779
762
770
762
765
774
764
760
755
750
750
741
751
742
749
756
748
744
753
768
767
750
771
774
770
758
753
758
29
730
27
704
772
776
770
772
766
753
742
733
737
725
724
718
22
697
706
711
710
721
726
721
752
745
755
769
775
768
754
772
774
776
23
754
771
780
759
783
764
766
787
37
750
756
748
730
752
755
741
751
756
745
751
739
759
766
23
743
759
763
748
772
762
764
778
777
776
788
787
794
781
786
29
757
775
774
787
778
32
746
765
771
775
778
27
751
772
781
785
781
762
774
774
791
780
789
24
765
785
788
792
796
793
31
763
815
818
829
29
800
845
53
793
833
25
809
811
805
834
34
801
799
810
819
812
814
827
837
838
835
46
790
830
862
41
821
847
847
840
820
824
815
838
56
782
824
859
38
821
833
840
850
834
831
858
46
812
823
814
26
789
794
786
778
791
778
758
776
756
771
770
781
763
786
765
776
769
782
770
766
762
803
32
772
805
811
791
807
798
836
25
812
846
44
803
815
831
820
817
844
41
803
861
843
864
51
814
868
857
836
815
834
816
836
854
837
848
31
817
807
859
35
825
817
814
799
804
821
810
821
839
851
835
836
844
28
817
820
834
829
813
829
840
827
826
821
829
812
824
837
847
828
825
844
825
846
839
842
855
855
833
873
861
870
33
837
864
875
866
38
829
846
858
870
32
838
837
857
857
846
842
846
860
32
828
845
855
29
826
850
865
863
868
853
26
827
855
24
832
857
861
882
879
875
27
849
866
865
871
873
869
862
856
849
829
832
816
826
851
860
840
867
886
894
897
890
868
846
838
823
838
851
865
875
875
871
31
840
870
871
872
887
870
867
844
868
862
865
861
24
838
860
871
858
874
885
888
889
35
854
871
876
875
868
876
885
34
852
871
890
897
888
29
860
854
892
902
916
921
910
914
916
903
883
879
872
882
872
870
869
850
855
861
867
868
867
858
851
841
844
844
873
25
848
849
850
840
846
856
862
35
827
850
863
890
43
848
860
858
847
849
850
829
819
839
835
832
832
831
818
804
807
803
25
779
784
814
842
863
857
870
870
863
874
29
845
854
849
835
835
842
25
817
819
834
823
803
820
826
816
815
820
825
815
808
818
812
827
819
820
837
823
836
837
848
837
836
843
831
837
836
836
822
828
821
826
823
803
812
810
813
822
813
822
831
32
799
813
820
813
825
833
818
842
837
827
850
858
835
851
850
857
27
831
861
865
852
847
863
859
846
864
860
849
865
848
833
814
864
853
857
852
872
876
870
863
875
867
867
862
874
862
862
883
878
872
888
882
875
889
888
880
873
893
891
31
861
879
877
855
878
873
870
25
845
863
870
858
872
870
861
861
867
866
849
868
872
860
847
860
873
858
872
880
873
869
872
875
861
875
866
857
869
874
860
871
876
869
27
842
867
875
860
858
876
879
858
864
872
862
875
894
886
879
883
876
894
890
871
877
859
875
866
862
866
864
872
880
871
876
886
868
882
876
877
876
871
859
871
885
877
860
878
880
876
875
866
868
873
876
873
864
865
878
886
884
865
881
885
869
878
881
862
871
883
881
889
890
875
879
872
882
885
24
862
877
873
884
26
859
875
881
869
878
885
873
881
885
875
886
888
885
881
906
904
27
877
38
840
862
895
884
888
880
895
897
890
885
887
876
884
893
885
875
884
888
875
868
869
857
840
859
871
888
882
893
891
900
902
899
878
893
894
906
886
879
883
893
28
865
879
882
875
883
894
897
879
895
899
905
906
899
875
889
891
889
897
899
877
903
919
901
887
894
901
890
893
887
896
894
892
875
878
878
884
862
889
904
890
888
884
902
907
902
904
883
897
890
895
25
871
885
879
860
879
891
868
876
882
876
39
838
858
877
900
911
912
36
876
888
894
902
884
879
887
893
889
888
886
887
890
887
896
899
893
905
902
906
916
913
916
892
906
888
896
897
890
891
869
882
890
893
901
903
882
892
905
900
884
888
897
909
36
874
897
900
904
882
896
895
31
865
891
905
892
878
884
885
884
878
888
876
875
894
890
875
896
893
895
877
883
876
865
873
882
32
850
881
895
879
864
881
860
37
824
829
31
798
828
70
758
786
778
770
755
772
776
764
769
751
784
771
774
767
773
772
782
802
811
820
829
833
845
836
837
840
833
845
824
834
822
806
823
826
815
833
828
833
846
840
836
847
864
42
822
833
852
30
822
816
820
823
818
810
822
834
27
807
803
22
782
787
772
755
756
753
737
751
751
732
749
739
724
738
720
714
717
717
709
723
709
696
714
700
708
709
20
690
714
704
691
708
701
694
706
687
694
697
680
686
689
673
687
685
670
685
673
675
681
673
677
682
670
683
673
663
677
19
659
658
672
661
657
663
649
650
658
643
660
661
650
655
658
645
652
652
637
643
644
652
637
649
650
635
647
644
637
636
645
634
636
647
634
646
651
634
647
648
633
645
628
633
644
628
634
635
626
640
628
627
632
619
632
634
618
629
625
619
626
617
616
624
612
624
629
614
625
626
614
626
626
612
621
617
612
621
607
619
622
608
622
620
609
613
607
608
614
598
606
618
605
612
620
606
616
616
607
622
608
605
614
599
607
613
598
608
614
599
611
613
600
617
618
602
613
611
598
609
605
594
604
602
589
604
601
593
601
602
598
610
614
613
631
626
627
631
659
660
661
23
638
668
661
643
656
650
634
655
637
651
645
633
643
637
639
643
634
651
639
645
648
636
662
648
639
640
648
645
637
664
650
661
667
664
651
672
675
667
657
679
676
666
683
689
681
681
684
681
672
674
677
677
676
680
700
696
696
722
727
710
738
748
38
710
734
750
23
728
712
735
723
21
703
732
732
23
709
719
743
745
31
714
751
753
23
731
744
752
744
724
751
769
29
740
732
764
771
31
740
771
788
31
757
754
803
58
745
784
790
32
758
750
791
772
22
751
33
719
22
698
700
693
688
703
716
731
774
26
749
742
785
791
24
767
791
791
787
791
802
787
827
822
26
796
810
812
31
782
814
811
798
814
815
804
825
836
822
807
809
791
788
795
805
24
782
809
821
29
792
803
795
779
802
795
780
809
800
808
833
35
799
827
827
37
790
817
32
785
778
803
800
31
770
784
28
756
28
729
716
733
756
783
44
739
766
787
794
30
765
787
815
29
786
803
807
30
778
803
807
792
808
818
804
830
833
844
38
807
825
811
805
803
814
815
801
819
829
819
820
833
845
829
845
844
23
822
820
825
819
27
793
811
813
792
805
811
810
798
813
809
30
779
800
806
787
814
810
801
797
794
819
28
791
813
828
816
812
821
821
806
819
818
23
795
816
823
803
824
830
821
814
821
828
26
802
836
828
25
803
825
836
821
830
838
826
816
842
841
820
834
836
829
845
842
833
844
846
23
824
840
833
813
841
837
823
846
854
843
851
859
839
841
857
846
33
813
829
832
37
795
825
840
839
831
850
834
843
854
845
833
845
837
817
835
835
825
837
841
821
833
847
835
828
845
843
826
849
846
833
844
846
827
845
839
821
826
833
818
806
835
832
813
831
833
817
826
832
828
829
844
854
28
827
848
853
28
825
841
852
38
815
840
856
25
831
817
839
842
825
833
841
27
814
827
830
34
796
814
822
806
826
828
821
840
842
851
833
850
841
819
840
837
830
843
840
826
36
790
778
844
837
856
861
850
862
858
853
844
840
839
829
835
836
833
827
846
31
816
816
812
27
785
789
780
772
794
803
808
806
828
831
813
833
839
832
832
842
850
833
848
44
805
801
781
368
413
51
362
768
286
482
220
263
729
743
735
729
744
736
742
732
734
743
739
744
741
472
269
267
14
253
343
1655
1219
436
118
319
43
276
1701
720
982
449
533
555
1029
3999
3999
3999

