28-07-2022 - 9:20 - Correr
Alvaro Collao
Intervalos entre latido y latido
936
946
955
970
58
913
937
941
956
49
907
960
37
924
936
956
40
916
965
48
918
932
934
25
909
921
930
923
906
926
951
57
894
911
916
912
891
912
906
906
902
930
924
914
925
938
935
41
895
959
944
36
909
921
958
934
39
895
929
949
56
894
919
938
38
901
907
939
924
40
884
906
934
925
44
882
944
924
29
896
935
923
905
907
921
925
923
918
946
937
37
900
931
958
50
909
922
935
929
81
849
982
65
918
903
915
908
896
889
910
941
47
895
936
933
928
916
931
938
930
927
937
930
43
888
952
930
32
898
940
921
28
894
901
939
929
915
919
930
29
902
902
911
906
892
899
930
913
912
931
933
927
934
943
930
921
931
933
923
931
943
933
938
954
948
933
943
932
924
936
934
919
915
936
930
921
927
924
921
906
914
917
33
885
943
931
926
908
923
923
910
920
921
921
913
926
928
915
922
925
911
916
923
916
919
937
937
936
938
950
948
928
951
949
30
920
939
935
916
928
937
922
916
932
928
915
931
928
916
916
930
926
919
937
934
917
928
927
919
927
931
43
888
940
916
900
917
920
906
925
925
918
909
917
913
39
874
931
909
43
866
915
903
894
888
901
912
901
918
925
916
926
921
45
877
931
918
912
916
919
915
906
923
926
922
934
941
932
939
937
921
920
928
930
25
906
924
920
42
879
933
913
43
870
929
921
916
909
939
945
928
942
947
928
938
937
929
923
936
940
927
930
933
920
936
938
925
938
950
946
936
951
37
915
918
916
42
874
870
881
905
906
911
916
941
935
916
924
926
912
920
925
921
927
932
943
928
944
949
936
940
946
930
937
939
936
927
32
896
905
924
72
853
886
923
911
909
39
870
50
821
836
835
826
810
800
807
809
31
778
795
788
791
798
783
780
785
793
784
794
805
803
819
822
828
822
823
821
809
816
821
811
815
814
824
825
818
826
828
831
815
806
807
26
782
778
763
746
739
724
708
708
706
703
701
697
685
683
669
670
663
656
662
71
591
110
482
696
708
702
29
674
35
639
59
581
28
553
686
679
55
625
107
518
685
125
561
30
532
680
663
50
614
611
611
602
598
30
569
570
53
517
681
64
617
69
549
629
46
584
585
583
585
583
585
590
587
584
586
592
590
589
591
595
597
591
592
593
595
588
593
588
594
589
590
590
587
583
577
578
575
574
37
538
600
68
532
25
508
517
525
644
74
571
559
557
554
550
550
551
553
541
543
536
543
539
536
539
534
534
535
534
536
531
531
532
530
532
527
528
528
528
527
521
522
524
524
522
519
519
519
518
515
512
500
531
16
515
516
515
515
517
517
518
518
518
518
520
519
518
520
521
515
514
516
520
512
519
511
513
512
516
515
512
510
511
510
506
507
505
503
501
504
500
496
496
499
500
495
492
493
495
491
490
488
488
484
487
483
482
481
483
479
481
477
477
478
476
476
471
475
477
472
468
469
472
469
465
468
470
467
464
467
466
466
461
464
464
461
460
458
461
464
469
458
460
463
464
467
462
465
472
474
471
474
479
483
475
479
484
483
485
485
490
493
492
493
998
484
514
511
511
518
521
518
515
516
521
515
515
521
529
539
540
536
537
541
544
90
455
38
417
463
680
113
568
17
551
548
545
542
557
587
594
586
18
569
566
579
596
594
584
571
578
594
600
595
583
578
594
613
613
603
18
585
591
616
633
638
638
29
610
622
638
642
628
28
601
610
625
622
606
590
591
613
640
647
639
20
620
637
657
666
666
21
645
23
623
639
651
656
644
32
613
629
643
636
624
613
637
643
635
625
642
663
690
690
677
70
607
725
50
676
659
643
635
664
669
669
664
673
656
644
43
601
663
30
633
627
626
618
632
644
626
626
647
662
668
658
659
647
20
627
622
609
612
638
673
682
679
22
658
656
708
742
745
749
48
701
29
672
701
717
722
23
699
694
735
753
743
22
721
741
737
31
706
738
720
23
698
734
719
24
696
728
723
42
681
687
784
804
37
767
42
726
731
732
719
710
718
714
39
676
673
696
718
702
38
664
646
642
660
681
688
681
717
750
750
749
744
760
759
749
22
727
723
742
739
728
731
747
740
728
740
745
738
221
517
1003
213
791
40
752
749
755
744
734
737
751
761
752
753
772
766
750
747
753
165
589
898
153
746
735
729
727
743
752
746
732
738
763
778
779
764
767
783
770
755
763
766
751
746
759
754
736
744
753
744
737
737
753
754
741
733
729
724
713
711
721
711
702
714
728
741
744
740
743
758
753
749
745
757
752
748
754
761
757
748
752
759
752
745
751
761
752
751
763
757
745
754
765
758
751
772
779
766
753
759
776
760
751
755
765
755
746
753
752
741
744
756
750
737
746
748
740
736
747
753
745
750
763
756
751
750
758
754
738
740
758
761
751
750
762
751
743
759
751
740
748
759
751
744
758
760
750
739
747
753
747
744
758
753
749
751
763
755
750
754
765
758
754
761
760
749
750
761
756
750
757
764
753
748
757
746
736
746
747
736
738
750
740
733
738
745
737
733
745
754
751
751
756
767
757
751
760
759
750
749
762
755
749
748
752
742
736
750
746
741
750
758
754
745
747
751
745
732
725
726
738
736
736
750
755
750
758
765
751
746
752
750
744
739
746
744
739
743
754
748
748
762
751
750
763
759
750
765
752
738
724
740
741
737
747
743
754
757
757
754
741
724
718
713
705
693
702
690
698
699
700
703
707
706
722
735
741
738
735
732
727
727
736
731
727
732
721
23
699
690
682
684
698
711
714
727
736
738
736
743
752
740
740
739
728
722
723
729
729
723
714
715
724
715
722
727
736
732
734
745
742
739
745
733
728
726
716
710
727
743
747
734
734
733
726
720
734
745
746
739
733
732
740
722
721
724
727
721
720
733
735
731
735
740
742
743
750
746
748
750
739
22
717
709
703
700
706
721
725
728
740
750
742
744
746
745
730
734
737
731
739
749
746
749
757
756
745
750
750
737
735
732
721
723
728
733
731
740
750
738
739
743
745
735
730
729
734
726
732
741
739
739
740
750
740
740
748
739
738
739
735
726
729
736
736
729
733
741
735
736
743
736
730
733
742
734
737
740
741
738
743
754
744
746
749
739
739
740
729
734
733
729
728
728
733
727
730
733
725
723
728
723
721
722
730
724
727
730
731
727
729
725
722
720
722
724
719
723
727
726
727
734
739
732
731
736
725
721
719
718
708
708
709
711
713
721
729
726
726
728
719
715
713
710
700
691
703
710
725
741
748
739
737
749
749
731
733
735
723
721
714
710
715
708
711
717
730
724
727
735
741
735
739
737
726
727
730
718
718
724
730
722
726
736
736
732
730
738
722
724
717
707
705
718
726
721
719
721
727
722
722
731
726
727
727
725
719
717
712
708
707
703
701
707
715
709
716
719
725
717
713
717
709
704
702
699
696
696
701
705
707
710
717
710
707
714
707
708
708
712
706
708
717
712
709
712
709
696
684
679
687
687
691
701
712
711
722
727
734
725
725
730
722
719
719
721
717
722
729
730
720
723
732
728
732
735
742
733
734
742
738
732
732
732
716
712
718
707
701
704
707
705
710
709
708
715
718
719
725
728
726
728
731
726
725
731
734
728
731
731
734
727
730
729
725
728
733
729
723
713
703
702
708
718
713
718
722
719
713
717
727
725
722
726
734
727
727
728
724
728
730
720
721
725
725
734
747
742
747
750
753
749
750
750
750
748
744
745
726
716
704
710
708
707
708
709
698
688
682
688
694
705
716
718
712
727
727
731
729
721
712
710
703
693
699
703
707
716
722
726
731
734
726
721
715
708
707
707
709
708
708
707
708
700
692
690
699
722
752
760
763
781
793
797
790
779
773
34
739
732
721
718
711
707
703
700
697
696
699
700
702
701
708
708
705
691
684
680
686
687
691
692
698
708
712
722
722
718
723
736
748
746
733
730
736
741
745
739
744
745
743
748
750
755
749
731
715
711
722
723
717
711
710
702
697
702
713
714
725
741
744
753
756
761
767
767
769
753
754
752
748
734
732
736
730
741
752
774
794
790
792
782
776
762
749
735
728
721
716
708
702
705
715
716
727
723
723
723
733
746
752
761
766
753
761
764
764
761
755
749
744
738
731
724
722
716
716
718
710
707
718
712
717
715
729
722
738
737
751
749
757
765
771
770
764
758
744
737
739
744
749
757
756
757
754
755
754
750
745
739
737
721
720
719
732
746
745
739
743
747
760
776
779
777
772
23
750
755
752
760
766
771
769
755
759
761
766
779
788
793
801
802
796
781
768
759
766
765
765
765
756
747
730
730
720
719
726
748
770
768
782
791
799
800
796
25
772
775
765
756
758
765
771
779
762
765
764
757
773
775
780
783
780
779
763
756
737
730
731
739
759
751
768
785
796
801
794
793
788
779
769
750
748
740
735
732
731
730
717
715
714
708
700
695
683
686
696
711
747
785
811
831
842
26
817
29
789
794
790
791
772
759
748
742
748
754
767
772
776
781
773
767
761
755
750
741
734
727
718
710
700
690
688
685
702
722
756
786
795
800
795
799
789
772
760
762
758
748
742
750
753
752
750
743
732
724
713
721
718
717
725
733
726
719
731
743
738
742
756
768
787
785
788
782
780
769
766
762
761
755
754
750
23
728
733
731
727
724
728
738
733
731
733
743
745
742
742
750
761
752
744
747
752
755
752
747
745
750
753
757
756
766
773
778
780
776
773
36
738
738
741
739
748
748
750
742
729
736
735
735
739
755
772
774
769
780
770
769
771
779
779
776
770
755
741
731
728
727
724
727
734
750
763
774
777
777
781
782
782
778
22
756
744
736
740
746
747
750
757
746
752
760
782
805
805
792
793
801
800
799
799
802
801
22
779
787
768
758
753
772
759
761
769
750
751
762
748
750
32
718
719
716
708
704
691
695
713
714
727
735
733
742
741
749
739
720
720
735
724
716
706
705
729
769
757
790
820
829
54
775
782
766
750
736
722
713
699
684
673
673
670
670
670
675
677
683
688
688
707
728
735
725
715
714
727
711
705
694
678
25
654
660
662
668
671
672
687
692
701
695
696
700
698
683
676
685
685
692
702
705
696
686
683
695
684
681
677
688
691
682
686
686
688
688
693
686
693
696
690
694
693
690
686
682
676
678
689
693
705
709
724
731
740
744
738
719
717
703
714
722
720
721
715
712
711
710
720
723
718
737
742
728
711
705
702
708
708
703
708
703
707
705
705
715
713
720
734
728
723
714
700
697
683
670
666
658
649
644
662
656
651
651
652
646
641
638
630
628
629
629
628
628
634
642
644
648
657
666
666
663
668
680
678
676
687
690
695
692
688
687
684
681
676
674
664
652
651
653
654
662
659
643
643
646
648
641
113
529
695
140
556
688
43
646
660
685
697
698
711
729
724
726
719
718
715
715
727
715
715
713
704
703
705
696
706
717
724
714
713
720
715
708
708
704
715
713
718
730
726
734
743
740
731
728
711
710
716
717
716
716
710
706
716
710
709
697
704
707
699
701
694
696
719
730
745
732
741
735
736
734
736
731
732
725
726
719
720
730
721
720
740
749
741
759
760
750
748
750
747
738
729
731
736
741
738
754
749
750
756
747
745
746
742
745
750
750
745
752
744
740
744
740
740
748
746
751
752
748
755
751
745
741
741
733
730
737
734
737
750
754
757
750
751
753
746
746
752
748
750
751
752
752
761
757
750
756
747
738
733
736
732
731
736
730
731
739
737
740
744
746
742
746
743
749
750
748
745
741
738
743
743
734
719
722
715
721
716
723
724
731
742
750
748
740
29
711
132
580
780
81
699
718
717
717
716
715
727
728
723
715
707
700
684
677
668
666
672
685
687
687
687
689
682
685
679
692
687
685
685
689
692
691
692
682
687
689
675
672
666
658
653
649
649
649
645
650
661
670
674
682
685
689
678
663
665
664
667
665
672
666
672
356
317
343
666
661
652
653
651
654
652
645
646
641
647
649
653
658
661
668
673
674
94
581
774
108
666
667
658
657
657
660
657
653
661
670
678
677
685
710
730
737
743
726
725
708
692
685
687
690
698
699
709
723
736
738
748
763
760
752
757
771
756
750
753
744
746
752
749
740
744
746
734
744
761
783
779
769
765
764
25
740
740
750
759
767
776
763
754
739
744
739
729
737
750
756
743
745
734
723
718
726
728
732
725
730
733
732
734
739
747
749
757
746
742
759
776
787
26
761
764
762
21
741
741
753
752
744
744
750
750
754
756
764
752
754
774
761
747
750
762
758
755
736
737
727
733
738
768
766
772
785
782
806
804
804
795
792
788
773
758
756
743
734
726
721
720
742
749
802
871
41
830
869
854
838
30
808
797
800
796
803
797
790
787
787
771
768
766
761
780
788
801
789
785
800
795
794
782
767
762
754
771
763
772
762
763
771
768
765
784
776
779
776
761
748
740
744
741
26
715
705
722
727
735
748
754
756
756
749
23
726
727
715
724
724
733
734
742
744
748
745
738
733
730
734
737
733
21
712
719
735
746
752
757
757
765
783
796
812
817
29
788
788
791
791
791
772
773
784
793
795
806
798
24
775
774
779
773
775
789
792
775
783
795
804
811
823
817
61
756
763
755
740
739
742
737
740
739
732
730
729
725
724
717
709
707
724
735
737
765
788
796
791
792
783
777
765
751
740
738
739
739
739
740
747
751
749
765
768
760
767
756
746
751
742
726
722
732
737
744
744
740
741
733
722
728
730
732
735
740
739
738
741
741
747
748
750
742
740
742
742
741
748
756
741
744
750
748
740
745
749
743
726
708
703
690
21
669
669
664
676
671
690
708
722
727
750
770
767
783
774
780
783
782
766
185
581
929
204
726
714
726
731
742
742
751
776
790
795
797
804
805
823
815
829
843
823
825
809
812
819
820
822
804
807
812
817
813
811
816
822
812
814
824
820
813
798
805
812
819
819
31
789
791
793
790
787
787
778
775
774
777
774
767
753
763
771
785
787
816
849
835
848
849
32
818
811
829
827
831
826
35
791
791
791
788
791
793
787
788
783
776
763
764
776
777
788
795
812
796
804
815
821
823
817
809
27
783
773
775
771
771
768
756
762
760
780
791
803
796
821
833
837
840
852
849
833
826
820
817
815
813
807
805
804
35
770
781
770
771
781
799
812
830
842
838
831
831
836
823
819
822
800
24
777
766
772
791
795
805
802
807
811
800
24
777
29
748
748
738
742
748
753
793
817
823
823
861
879
884
869
863
853
25
828
829
824
825
826
827
831
820
800
804
807
809
804
794
791
29
762
750
754
748
743
765
786
808
828
842
828
823
821
32
789
771
776
770
776
775
760
765
774
765
782
792
806
816
821
824
821
822
813
803
793
778
769
756
29
728
733
734
736
740
757
740
772
796
807
833
26
808
831
832
844
23
822
819
812
803
809
803
786
770
769
763
768
779
783
811
828
23
805
787
791
790
786
792
793
793
813
808
814
814
815
819
827
847
854
846
841
836
830
815
798
40
759
769
753
757
761
756
762
755
760
759
772
889
892
920
921
910
924
928
916
898
879
33
847
840
819
806
792
772
756
766
773
799
826
853
862
878
871
30
841
858
848
838
836
829
815
806
794
788
772
780
768
761
756
773
764
781
799
836
855
857
865
854
25
830
831
814
803
802
789
781
31
750
761
762
782
803
819
818
813
29
785
806
805
30
775
791
790
22
768
783
783
791
781
763
792
791
793
34
759
772
774
776
779
787
791
795
796
783
762
765
756
757
759
769
773
774
769
750
761
773
772
776
771
763
760
752
746
737
731
720
713
714
709
730
744
738
767
766
791
797
805
800
800
790
32
758
771
763
768
762
763
754
764
791
803
816
24
792
803
799
804
806
822
829
830
833
832
831
823
806
798
30
769
789
777
771
779
786
773
786
795
809
823
829
25
805
820
819
817
807
35
773
791
791
799
803
799
791
802
802
810
810
813
815
810
799
778
792
787
767
770
776
784
796
803
809
809
25
784
808
791
23
768
756
774
785
809
835
846
856
870
873
873
865
863
849
831
819
805
785
32
753
761
750
750
755
761
756
769
772
797
814
836
847
853
35
818
34
785
768
767
771
783
792
799
800
806
33
774
793
789
799
802
808
805
811
802
788
791
783
786
765
769
764
766
771
777
777
772
769
766
763
22
742
749
749
754
759
764
772
773
778
778
22
756
755
750
63
687
810
66
745
751
755
755
759
751
747
743
732
736
733
737
743
748
743
753
754
758
739
752
750
21
730
750
768
785
793
778
807
28
780
794
797
797
802
811
799
803
794
785
776
765
31
735
750
747
751
770
782
770
782
796
802
810
796
788
789
789
787
786
783
778
28
750
771
764
749
764
766
788
799
810
826
822
840
30
811
824
35
789
800
803
800
800
799
798
797
779
766
776
779
795
797
811
823
807
832
836
837
838
834
829
817
804
23
781
768
773
778
781
785
787
795
28
767
795
791
794
796
793
794
787
778
764
751
774
777
780
783
790
794
793
795
798
799
803
801
792
780
790
787
787
783
785
23
763
774
771
788
801
815
829
808
813
827
833
826
829
25
804
830
834
840
841
827
837
38
799
825
826
834
835
834
24
811
817
819
828
34
794
807
814
829
833
856
861
864
868
871
865
856
861
855
851
847
842
828
820
801
791
781
779
764
764
767
774
777
791
788
784
804
813
829
830
834
836
833
825
817
806
788
791
780
23
757
762
752
23
730
730
740
749
773
794
823
839
851
847
840
837
23
815
816
806
806
811
808
792
788
791
801
803
802
814
816
821
25
797
822
27
795
29
767
751
768
782
805
831
838
846
831
825
822
24
798
23
776
795
801
836
840
866
887
31
856
32
825
819
863
858
873
895
896
898
905
901
891
890
887
877
46
832
820
834
833
843
869
874
888
886
880
869
852
836
820
807
795
786
28
758
780
799
810
825
39
787
815
805
809
821
828
836
835
821
824
41
783
807
817
814
813
816
819
813
801
795
791
783
773
773
775
782
781
770
791
806
809
802
839
851
867
872
860
34
827
830
812
830
839
836
827
836
830
811
826
820
823
822
800
799
806
816
813
834
833
838
839
864
844
841
853
863
853
852
860
864
852
855
847
834
837
835
843
838
835
840
26
815
824
821
814
26
788
797
789
801
28
774
798
814
831
846
850
863
847
841
24
818
820
818
820
830
828
848
851
863
865
853
838
822
813
824
811
816
843
23
821
841
875
892
900
29
872
902
900
898
889
870
884
43
842
845
845
837
833
823
845
849
861
840
866
873
875
868
882
876
885
887
55
833
40
794
799
792
783
779
775
755
754
750
756
752
738
737
744
743
747
751
744
745
741
751
758
766
771
767
772
767
773
772
766
757
750
761
761
766
749
752
749
749
746
746
746
733
725
742
743
741
728
740
745
746
736
735
748
752
738
729
734
737
743
736
3999
3999
3999
3999
3999
3999
3999
3999
3999
3999
3999
3999
3999
3999
3999
3999
3999
3999
3999
3999
3999
3999
3999
3999
3999
3999
3999
3999
3999
3999
3999
3821
717
714
722
732
733
743
750
754
751
747
736
737
725
718
723
712
717
708
703
705
701
702
700
696
693
692
698
698
699
700
698
697
696
693
692
694
695
698
699
696
685
676
685
695
704
709
742
749
757
763
779
764
766
759
750
758
749
742
753
750
756
764
761
750
756
759
752
762
766
755
764
780
781
773
786
780
771
33
739
739
731
727
719
711
710
695
697
691
689
683
680
692
696
692
691
700
706
708
704
698
692
689
677
677
679
677
678
673
671
666
662
659
658
664
664
675
683
697
699
725
721
744
758
763
791
787
781
772
759
750
737
743
733
724
712
716
717
714
723
721
716
722
732
726
732
738
740
740
741
23
719
730
730
718
734
733
728
733
727
718
735
747
737
747
747
745
730
741
741
729
730
739
739
740
734
732
727
723
713
708
713
711
708
694
692
699
700
704
693
695
697
697
699
686
687
685
674
673
680
678
679
667
670
668
674
675
677
671
665
669
676
673
681
688
691
680
680
682
679
676
681
678
683
699
700
725
744
751
758
756
755
745
738
24
714
723
723
726
729
725
713
717
725
732
721
729
742
750
747
745
750
758
768
767
762
755
749
732
734
740
742
743
746
738
724
726
738
745
754
754
736
736
734
733
733
733
727
731
716
725
725
714
720
717
720
702
710
711
722
723
719
731
746
744
755
758
755
772
772
768
779
769
778
759
761
756
753
735
730
721
734
742
781
819
823
854
835
851
27
824
834
823
23
801
809
799
788
790
795
31
765
791
791
802
805
803
803
789
772
768
761
751
748
741
734
730
719
703
709
700
706
710
712
713
723
720
725
724
719
711
714
710
721
719
742
762
762
766
786
794
785
794
786
787
776
784
767
748
750
752
765
766
764
750
772
759
762
778
768
754
746
778
787
791
794
789
803
793
786
796
776
789
791
791
805
816
819
825
23
803
830
808
818
797
807
790
791
787
773
786
800
813
834
851
867
844
850
848
23
825
838
839
818
823
830
826
809
828
836
845
844
840
855
871
875
884
874
859
850
847
837
818
830
835
838
847
834
841
24
818
821
39
782
798
796
779
767
768
756
784
796
808
808
815
830
840
848
830
842
824
808
804
26
779
778
789
821
850
859
873
879
889
884
875
869
27
842
858
33
826
833
837
863
861
874
890
890
886
866
846
837
816
802
812
812
828
846
857
844
879
882
874
30
844
879
878
880
39
842
830
814
796
786
789
790
814
841
843
858
901
33
868
883
890
36
855
885
896
931
920
923
901
893
917
950
84
866
911
917
908
892
932
920
25
896
916
922
29
894
896
899
877
857
864
36
828
23
805
795
796
820
853
866
34
833
816
824
815
851
898
891
33
858
858
893
878
859
890
58
833
869
890
895
874
885
894
899
899
878
36
843
846
853
865
842
884
894
909
907
918
901
893
892
899
885
30
856
862
853
833
832
836
861
869
846
865
867
864
36
828
849
845
842
26
816
822
844
848
829
875
907
38
870
896
895
878
861
844
833
818
805
826
839
833
850
875
892
875
866
873
46
827
27
800
796
788
786
813
874
875
898
908
910
894
919
27
893
902
889
40
849
878
877
916
912
915
909
911
912
898
888
33
856
875
861
35
826
826
836
860
880
915
45
870
881
871
859
844
28
817
805
791
778
768
756
756
771
777
776
806
835
881
62
820
844
841
834
823
816
814
793
789
794
815
870
859
876
877
859
877
876
873
852
23
830
846
847
861
895
892
905
906
888
897
889
878
870
864
31
833
819
821
833
833
27
806
815
818
819
826
841
853
870
862
858
857
842
833
818
806
814
816
796
803
795
783
777
764
757
754
770
809
822
819
807
837
866
883
917
40
878
888
889
880
876
857
25
833
860
853
909
80
829
886
933
59
874
873
896
885
25
861
856
868
870
880
881
877
883
885
883
887
886
875
38
838
847
856
863
852
27
826
819
809
800
802
810
882
886
892
875
906
887
889
26
864
865
32
833
840
28
813
816
832
842
24
819
818
800
801
800
788
795
798
861
853
876
901
879
896
29
868
857
852
838
42
797
824
803
829
854
848
865
874
925
919
906
929
925
904
35
869
856
838
829
819
803
35
768
794
798
812
833
851
858
867
851
836
823
851
862
860
857
838
862
862
27
835
853
858
863
25
838
847
851
867
878
926
916
923
28
896
880
905
895
35
860
898
934
927
906
920
898
931
39
893
919
902
39
863
845
866
862
850
873
880
889
887
24
864
884
895
876
885
874
856
872
866
873
864
841
848
839
837
829
25
804
820
821
825
26
799
842
851
844
848
890
890
885
900
903
38
865
886
891
28
864
892
904
882
916
926
918
35
884
902
916
926
926
935
932
44
889
912
917
44
874
890
899
917
932
937
925
917
921
41
880
911
912
26
887
38
849
886
896
896
884
904
42
863
854
874
859
915
34
881
902
879
914
914
914
914
919
916
46
871
852
842
826
805
25
780
788
799
863
870
906
927
940
38
902
900
908
916
907
25
882
903
923
942
48
895
920
898
891
885
873
872
864
867
862
861
863
844
844
831
834
25
810
809
809
798
781
773
778
777
793
810
835
829
852
908
46
862
922
61
862
875
895
908
936
86
851
886
896
887
887
898
896
887
891
878
880
875
873
858
846
833
31
803
787
769
784
804
783
896
894
893
920
897
911
909
28
882
860
884
886
897
901
901
897
29
869
869
876
874
32
842
829
821
807
23
785
789
804
839
891
887
889
900
889
948
109
839
945
920
922
931
926
905
916
42
875
898
900
884
862
888
891
40
852
840
824
810
800
804
827
895
883
51
833
923
902
39
863
872
865
857
845
835
834
826
833
820
830
817
808
840
850
26
824
836
840
825
841
849
843
826
839
854
852
852
860
851
835
825
807
798
800
798
806
809
818
831
813
821
895
916
927
940
955
934
952
933
930
919
43
876
900
885
32
854
838
831
819
806
796
788
787
792
822
881
62
820
906
34
873
898
931
57
875
896
883
876
857
836
849
849
837
865
897
889
872
874
875
921
44
878
900
894
888
868
857
844
837
832
831
839
844
829
838
828
841
837
829
824
862
866
893
899
940
27
913
922
30
893
874
24
850
842
34
809
801
827
23
804
817
888
55
833
819
859
862
859
856
850
836
837
826
856
848
894
30
864
926
78
849
912
892
37
855
848
831
818
802
786
800
799
871
886
902
949
966
970
955
961
944
926
922
913
35
878
917
923
953
34
919
946
952
948
38
910
942
948
944
939
923
917
905
886
881
861
891
893
907
906
894
897
897
893
888
876
866
889
904
911
941
40
901
920
901
31
870
891
34
858
843
858
843
866
882
927
33
895
902
883
906
893
874
870
864
845
831
853
872
918
46
873
880
899
896
896
34
862
879
886
894
907
910
901
889
24
866
25
841
832
819
841
857
865
850
875
922
28
895
917
921
929
932
925
29
897
898
907
914
914
916
916
915
901
889
873
855
883
888
922
913
891
911
900
34
866
883
33
851
875
883
873
30
843
873
890
873
888
891
887
35
853
859
842
833
819
808
30
778
762
818
39
780
784
792
801
794
25
770
790
808
818
836
844
38
807
827
844
841
846
842
23
820
819
827
833
843
860
875
882
882
870
890
888
892
887
880
29
852
879
884
891
894
895
31
865
872
874
877
879
887
883
888
875
862
874
876
854
875
881
902
897
896
881
866
859
860
863
868
865
33
832
868
867
875
856
875
857
844
871
860
872
865
847
849
859
870
854
872
879
873
875
865
857
845
30
816
829
824
821
819
812
812
807
803
819
810
799
796
789
785
798
826
830
824
834
857
866
852
858
883
914
904
908
891
920
922
914
26
889
918
25
894
877
887
895
886
901
900
905
896
887
883
877
868
867
857
847
842
829
810
797
23
775
791
816
820
868
875
875
901
907
925
904
907
911
903
888
878
892
891
885
882
864
884
869
867
874
866
39
828
836
854
853
881
890
900
912
26
886
900
905
898
887
889
882
873
40
833
844
848
854
862
873
879
874
871
860
879
876
883
884
878
876
873
859
858
860
850
837
819
833
829
841
858
896
889
898
877
886
883
881
862
855
845
844
835
836
833
837
842
847
843
835
826
819
830
839
849
855
862
867
845
867
855
865
855
30
826
852
896
890
877
906
900
28
872
891
891
899
894
891
885
907
915
914
909
898
893
898
26
873
876
884
919
47
873
897
889
897
911
903
905
884
894
896
26
871
886
887
891
889
875
869
888
884
880
862
877
874
872
875
853
875
876
875
887
897
896
902
898
889
892
30
862
871
869
877
879
884
893
27
867
878
863
852
866
875
884
884
30
854
881
881
863
873
867
866
863
856
24
832
857
865
25
840
862
867
848
867
875
29
846
861
858
861
874
871
871
25
846
874
873
871
871
865
869
851
874
877
889
890
24
867
895
901
909
903
901
882
889
25
864
879
884
901
916
916
41
875
913
889
26
863
900
898
909
919
37
883
875
868
873
872
875
877
869
26
843
858
855
849
30
820
835
841
845
849
852
851
829
838
31
808
826
827
840
843
824
811
823
834
836
823
842
850
855
860
848
852
836
37
800
804
797
796
790
794
805
819
823
824
837
844
834
855
872
882
887
24
863
857
848
26
823
832
818
828
835
844
850
857
24
833
841
847
851
845
833
844
851
26
825
34
791
33
758
792
786
768
772
771
758
752
744
729
742
747
754
770
770
784
774
813
819
813
30
783
797
809
828
844
854
866
874
876
860
851
860
28
833
831
833
834
835
835
819
845
848
26
822
836
848
829
856
842
848
854
840
839
848
843
844
863
854
870
869
875
34
841
857
851
846
838
862
865
879
898
876
903
914
26
888
905
906
38
868
883
885
29
857
871
871
28
843
867
882
890
53
838
867
877
867
874
873
857
849
854
847
842
854
861
842
867
854
848
859
871
863
872
860
843
34
810
794
802
791
796
796
798
809
831
831
846
845
31
814
836
828
31
797
783
780
771
806
864
66
799
897
886
28
859
870
862
866
31
836
850
843
822
824
829
836
826
815
822
823
812
797
37
761
756
766
21
746
757
773
780
785
775
789
788
803
796
795
799
805
807
791
805
798
29
769
782
790
799
26
774
762
786
788
788
788
783
780
763
759
755
759
767
763
759
763
766
758
755
757
778
780
789
792
798
819
35
785
781
806
825
830
840
28
813
801
799
786
791
793
793
794
793
797
798
798
801
805
40
766
787
774
773
763
756
753
26
728
755
754
735
757
741
754
758
761
760
763
747
757
765
768
22
746
772
35
738
759
759
765
770
781
37
744
760
766
775
793
774
794
799
801
782
23
759
781
781
782
789
789
791
794
793
784
780
779
28
751
753
773
781
791
796
801
788
784
788
24
765
768
784
803
829
848
863
871
848
898
885
876
854
858
855
843
847
852
865
32
833
843
866
851
879
897
891
887
865
878
867
47
821
847
848
834
24
811
820
823
834
844
825
867
874
882
899
903
907
918
909
913
37
876
889
872
873
35
838
862
869
880
894
900
905
900
901
37
864
910
907
919
927
923
923
922
25
898
26
872
30
842
35
808
819
816
28
789
793
785
790
806
812
827
851
865
907
919
910
929
922
27
896
916
910
907
894
879
865
844
862
862
879
896
916
931
933
935
931
926
926
922
33
890
39
851
849
861
875
898
901
919
915
901
890
898
28
870
894
889
876
876
890
896
875
889
887
897
891
889
887
877
869
885
883
875
877
904
913
911
911
893
902
888
878
888
890
883
30
854
885
886
891
28
863
27
837
829
828
823
836
845
862
861
872
891
903
908
912
902
897
40
857
875
877
857
875
881
889
888
875
883
865
875
885
898
899
907
899
884
32
853
862
37
825
820
819
832
819
862
875
877
880
858
849
843
834
822
819
822
825
820
833
838
26
813
838
864
871
887
891
892
25
868
896
909
908
907
905
906
31
876
901
901
899
896
895
884
873
888
894
897
916
921
913
893
899
893
876
886
888
893
900
904
911
908
27
882
871
878
858
859
868
857
864
876
863
860
867
886
890
895
906
892
892
875
886
875
870
888
898
896
898
885
898
911
905
900
892
890
877
895
893
899
27
872
886
882
861
878
889
877
888
891
888
875
896
897
908
897
880
894
880
28
853
875
875
883
895
914
927
926
931
918
901
887
893
893
895
891
875
896
891
883
897
899
898
875
896
892
24
868
877
47
831
811
800
833
850
856
868
876
873
28
845
856
861
867
865
871
875
878
883
870
24
847
863
861
871
874
875
885
33
853
895
892
898
897
887
891
899
903
901
898
897
893
26
868
874
875
862
856
866
872
850
875
879
877
857
876
882
885
877
872
866
871
871
878
883
883
867
872
872
868
862
875
876
892
888
889
30
860
875
874
24
850
871
871
867
865
875
878
28
851
875
869
848
871
862
853
882
883
26
857
886
881
863
879
875
871
885
882
872
890
24
867
887
877
884
889
868
882
884
28
857
876
876
878
858
838
856
844
853
838
859
871
881
860
881
877
871
884
871
877
889
875
870
864
857
874
869
876
895
900
901
909
906
900
884
863
869
875
883
886
895
879
891
897
884
26
859
851
852
844
831
846
852
867
844
859
862
852
31
821
831
832
832
845
859
857
857
24
834
824
828
845
848
858
860
867
861
865
854
848
840
828
823
828
835
827
845
856
860
868
874
865
872
875
873
859
25
835
826
820
817
811
26
785
812
809
818
819
820
825
816
817
808
818
821
821
821
862
32
830
866
30
836
829
857
854
857
857
852
846
841
830
819
816
807
800
801
809
809
812
822
821
826
27
799
27
773
778
788
804
819
845
835
851
872
858
870
878
859
874
889
895
884
884
897
899
895
906
30
876
909
916
921
928
921
951
969
959
936
931
925
914
916
909
913
911
907
38
869
883
889
877
36
842
879
884
875
861
885
888
881
890
871
893
891
26
865
889
890
871
903
892
874
907
903
883
906
903
897
896
25
872
884
875
26
850
868
877
870
884
868
852
23
830
827
886
33
854
910
917
920
29
892
919
899
896
26
871
883
863
882
891
900
903
900
901
896
896
41
856
887
888
889
886
887
886
871
879
878
867
851
25
827
837
30
808
840
852
880
903
907
918
917
903
896
883
29
855
874
879
894
897
899
904
30
874
878
895
903
903
892
879
36
844
863
24
840
842
827
811
800
808
827
835
824
835
820
836
845
854
852
855
865
868
872
873
870
848
876
882
888
886
864
858
873
28
845
870
855
875
884
897
904
907
28
879
897
902
903
900
900
897
44
853
878
870
851
843
845
847
825
852
838
865
885
902
908
910
897
897
892
872
883
27
857
880
882
882
876
862
864
858
842
861
864
870
884
894
890
873
884
865
868
869
872
862
842
859
858
870
877
865
858
875
878
887
882
883
883
867
852
855
25
830
851
844
839
865
882
906
918
909
889
899
40
859
867
35
833
834
816
838
856
879
895
875
878
889
889
870
880
872
885
28
858
892
902
913
917
916
902
880
888
886
29
858
878
878
856
882
895
29
867
868
860
875
862
860
850
842
25
817
835
837
830
820
827
818
835
843
853
862
864
24
840
867
873
853
882
882
884
892
893
890
884
32
853
861
844
855
857
877
894
900
900
888
28
861
880
32
849
874
882
865
857
859
839
839
842
32
811
809
811
805
823
808
825
843
850
859
848
827
848
845
844
832
834
847
859
862
26
836
854
864
879
888
900
907
913
916
903
893
878
880
878
32
847
870
879
896
904
915
891
907
894
890
901
897
876
888
894
892
877
886
895
900
895
887
867
886
880
862
886
896
899
881
897
885
26
859
34
826
807
814
808
808
814
809
821
820
840
843
835
866
874
857
893
910
916
931
917
911
907
887
889
883
29
855
870
871
886
31
855
874
887
31
856
855
850
858
856
868
881
893
26
867
894
893
25
869
24
845
867
848
851
870
875
38
838
831
838
831
854
867
883
896
889
902
916
909
908
887
893
894
894
29
865
878
878
877
859
880
890
896
906
922
918
32
887
51
836
844
838
30
809
835
874
923
70
854
907
896
887
873
880
887
896
881
893
907
902
901
26
876
889
891
894
895
873
893
892
898
906
911
891
913
914
917
910
904
903
896
887
881
880
864
868
871
875
865
868
863
850
867
876
878
875
875
24
851
857
854
846
846
847
846
852
850
43
807
820
25
795
800
788
798
813
808
834
844
857
871
880
888
887
886
868
853
865
864
862
862
865
862
845
840
856
841
862
862
868
862
849
870
854
853
880
882
24
859
857
859
838
817
818
819
824
831
834
833
830
814
821
826
807
831
835
836
856
875
886
875
901
906
906
883
895
893
881
871
869
872
868
866
865
844
852
851
855
839
843
855
873
874
857
877
883
869
871
873
873
863
845
853
857
856
860
857
852
860
873
872
876
860
859
864
848
848
854
848
838
844
860
869
871
876
868
852
861
853
848
853
868
883
876
27
850
862
853
845
854
867
869
872
880
886
900
894
897
899
30
870
878
890
888
898
884
32
853
865
862
851
854
863
870
860
872
876
863
879
888
883
880
860
868
867
857
865
872
879
862
80
782
815
44
772
789
772
25
748
758
755
750
745
730
738
737
720
718
715
707
692
691
684
688
696
693
691
706
735
751
770
790
797
807
803
793
791
777
762
761
752
748
740
739
736
746
753
766
759
770
789
789
792
785
45
741
749
734
718
712
714
718
724
730
718
702
689
683
673
673
675
671
667
667
657
644
629
626
632
631
623
613
609
600
598
595
592
586
579
577
39
538
608
38
570
563
19
545
26
520
615
57
558
556
24
533
577
20
557
557
554
556
553
553
556
553
551
62
490
509
662
95
567
17
551
546
549
547
545
548
542
545
544
541
542
537
538
541
541
541
534
535
532
531
525
529
525
528
523
525
523
520
519
520
518
518
517
517
516
516
511
516
513
511
511
510
512
510
509
506
506
506
502
502
505
502
502
496
498
499
497
494
498
494
495
493
495
490
491
491
493
491
492
486
489
485
485
483
488
484
484
482
484
481
479
477
481
479
477
478
476
477
476
474
470
472
471
469
471
474
468
465
467
467
464
462
466
465
463
464
459
460
459
461
459
458
460
458
455
455
457
457
455
454
453
453
454
449
449
454
450
450
445
448
448
450
444
446
449
445
445
444
445
441
444
439
442
443
440
436
444
441
439
439
433
439
438
436
434
437
438
434
438
432
434
434
431
429
436
430
433
432
430
432
433
427
427
436
429
432
429
428
430
428
429
426
429
428
429
424
427
423
430
425
426
422
428
429
427
421
427
428
427
427
424
427
431
435
429
430
432
438
430
435
440
433
435
437
439
436
436
440
443
449
445
55
390
499
906
443
463
459
459
458
459
463
463
459
461
464
472
470
471
473
483
482
478
481
491
491
491
485
485
489
495
493
491
492
504
499
496
493
494
506
507
505
501
498
501
502
498
495
496
509
508
506
504
505
512
513
511
510
510
514
524
531
530
521
518
518
530
533
532
531
525
526
536
546
548
546
538
535
543
548
549
549
542
544
555
555
559
548
546
558
557
555
543
539
542
554
552
550
547
558
565
566
560
554
558
565
572
574
568
556
558
567
572
576
569
555
555
567
573
581
584
585
578
572
576
588
597
598
592
18
575
573
576
577
581
577
580
587
596
598
598
584
588
595
595
583
578
584
585
586
581
581
591
590
594
589
599
605
608
604
591
591
598
597
599
594
597
595
596
585
588
593
593
591
587
591
598
596
591
586
595
596
595
589
600
602
598
588
586
593
607
611
607
614
626
630
625
625
636
626
619
608
602
618
643
657
659
664
21
643
631
643
641
637
631
646
645
637
637
647
637
628
630
634
630
625
626
632
632
627
627
633
637
634
627
629
645
647
648
638
642
645
644
637
646
652
658
647
641
655
658
663
658
649
646
656
657
658
653
654
667
668
668
658
664
672
670
665
654
657
661
659
648
651
658
658
650
651
662
666
661
659
668
676
676
671
669
677
671
658
655
663
666
659
654
665
667
661
659
670
674
667
662
674
674
669
660
661
667
660
657
659
666
661
657
662
671
670
669
675
684
674
670
677
681
678
670
671
684
695
694
691
682
690
692
686
675
677
684
687
682
670
673
686
693
697
694
688
695
692
682
677
681
671
668
675
686
682
677
683
688
681
672
678
687
683
676
681
687
684
678
676
685
686
678
671
680
685
682
679
690
702
704
700
701
705
704
695
692
698
696
694
689
697
699
691
695
709
704
705
716
712
708
718
717
709
706
714
704
699
712
713
707
707
716
707
702
710
710
703
700
711
703
695
698
698
687
677
672
678
683
677
678
684
693
694
693
692
702
705
699
693
693
704
718
716
710
700
693
699
704
724
733
738
727
708
702
698
706
712
708
700
705
700
693
693
685
677
669
666
678
683
681
692
691
689
698
700
693
690
698
25
673
665
679
678
673
669
665
665
665
666
663
662
664
662
654
648
638
640
641
644
647
662
661
666
675
681
677
669
674
679
676
672
672
679
679
677
681
692
690
690
698
705
701
699
713
707
700
706
705
689
692
700
695
687
692
695
690
693
708
709
703
711
716
703
694
697
703
699
693
697
707
700
698
709
704
706
710
700
701
702
700
693
682
676
676
680
675
676
682
680
681
689
695
688
685
691
689
685
683
693
695
691
695
705
702
700
712
710
702
704
708
708
701
698
697
684
676
683
690
719
734
720
713
721
729
735
731
712
706
702
701
701
696
693
702
700
694
693
696
689
686
688
687
685
677
677
682
677
673
674
679
683
680
679
682
686
675
671
671
670
668
672
672
668
666
675
670
667
670
681
680
677
678
680
685
680
678
683
682
678
677
682
679
666
660
660
666
675
681
679
678
681
688
683
680
683
680
676
674
676
671
671
678
665
658
657
655
651
646
650
651
651
653
646
650
650
651
651
655
649
647
645
655
651
647
641
653
651
645
644
638
635
626
624
632
633
639
633
635
633
630
633
637
639
639
641
644
651
658
658
657
663
664
662
664
666
667
663
662
664
671
673
666
665
666
674
680
676
677
681
688
689
684
683
686
685
680
680
689
690
684
683
685
688
683
680
679
684
684
681
680
687
693
689
687
684
686
684
679
677
681
680
674
672
679
682
678
677
678
682
676
678
680
689
683
682
686
695
688
684
689
691
682
686
689
684
680
682
687
677
674
676
676
677
685
681
683
686
679
686
690
680
671
665
658
668
673
674
675
672
665
663
669
666
668
667
668
677
689
692
702
709
708
708
719
726
723
719
713
702
700
693
691
694
691
692
695
703
701
705
718
723
726
719
708
707
704
696
691
688
687
690
695
698
709
717
717
704
695
693
695
687
687
693
691
695
703
705
705
708
717
716
720
702
696
698
700
702
691
688
688
685
684
700
716
715
708
704
708
700
689
681
671
663
657
663
666
668
658
646
659
661
657
654
656
648
642
644
648
648
633
627
270
358
75
283
639
2810
3999
2992
1007
3999
3999
3999

