707
707
700
699
703
695
690
692
696
696
704
703
704
710
718
721
732
22
710
714
714
709
703
696
697
708
701
690
678
666
654
644
637
630
628
631
633
631
637
645
644
641
645
645
643
630
621
617
618
625
628
632
636
644
650
657
656
663
668
675
681
678
683
699
700
695
687
685
691
689
685
682
691
701
701
692
695
702
699
689
687
690
686
686
686
688
696
689
688
684
680
687
681
678
681
693
694
702
705
717
719
720
709
706
714
717
708
693
681
697
699
689
687
679
683
686
685
685
693
703
710
704
703
717
714
724
723
712
727
737
730
717
702
709
706
713
705
709
716
730
721
720
738
736
729
720
714
711
708
693
688
684
693
687
689
694
715
717
716
716
732
726
711
711
708
710
701
689
682
683
682
679
674
683
692
694
695
702
724
720
716
724
725
722
716
704
723
723
724
716
714
728
723
712
709
717
716
720
714
721
734
741
732
742
753
754
741
741
751
755
762
21
742
745
756
750
735
726
730
727
712
708
691
699
681
673
658
643
636
637
643
643
652
655
673
680
699
691
708
711
721
721
716
728
741
744
749
735
749
743
737
722
714
713
721
707
712
701
721
720
730
712
712
718
720
724
712
709
717
708
693
694
708
695
687
672
659
667
681
672
675
700
700
705
719
725
731
737
743
736
749
749
756
752
762
759
769
758
749
757
763
775
777
765
764
773
772
762
763
756
758
764
763
753
738
736
749
750
753
742
729
741
739
741
731
721
728
732
722
715
712
719
721
713
702
701
706
711
711
708
706
716
713
709
708
711
713
714
705
699
703
701
697
690
692
694
690
682
676
672
661
647
645
634
655
659
651
644
635
629
626
630
639
640
641
638
644
651
654
660
666
663
671
690
711
721
735
743
737
736
742
731
724
719
726
722
727
721
717
726
731
727
715
710
713
716
711
705
698
697
698
699
701
697
708
719
713
706
704
705
714
708
699
702
708
716
712
706
702
703
707
699
699
699
715
712
708
708
716
718
707
703
703
699
701
695
691
695
685
677
674
677
686
679
679
678
681
680
672
673
682
674
670
673
679
684
690
692
685
670
672
665
664
657
643
641
634
635
635
638
638
643
653
660
662
669
669
690
689
688
684
686
679
679
683
685
683
688
687
684
675
667
660
646
636
625
623
613
611
610
611
611
619
620
625
632
634
623
629
625
624
626
634
637
647
653
657
660
661
25
636
639
628
20
608
606
602
589
585
585
592
591
591
591
592
594
597
602
611
615
605
596
600
592
587
590
580
576
579
569
570
573
570
570
570
568
564
564
559
562
555
554
558
550
550
551
547
546
548
542
546
541
542
544
541
540
542
540
539
540
537
536
541
537
539
541
536
537
540
538
537
539
535
536
539
534
536
536
532
534
536
533
535
532
533
534
528
528
530
524
525
526
520
522
522
517
518
519
514
516
517
510
513
514
507
509
509
504
507
509
508
507
508
515
511
513
516
516
517
515
516
520
518
517
523
518
513
522
520
517
515
513
516
512
513
512
509
513
509
505
512
508
506
507
503
500
502
501
500
500
500
507
501
497
497
503
500
494
497
495
496
489
499
497
490
496
497
490
495
493
490
489
494
496
488
491
496
489
496
495
492
498
496
493
497
497
493
500
500
499
500
500
499
500
502
497
500
503
499
502
502
497
502
500
500
500
500
500
500
504
500
499
503
500
498
498
500
501
499
501
498
500
502
497
502
500
495
500
498
494
498
496
495
493
494
496
490
496
494
489
492
495
491
489
486
492
490
485
493
492
485
491
492
487
490
491
491
489
497
497
494
498
502
512
513
514
516
512
510
513
515
515
516
523
528
525
524
534
543
544
543
551
551
550
551
551
554
550
547
549
544
539
540
539
538
532
530
533
541
549
170
380
729
168
562
550
549
550
551
550
555
569
573
576
600
617
617
618
631
636
622
628
614
609
616
604
603
606
598
599
602
598
593
603
610
613
612
610
622
622
617
619
629
625
625
630
638
637
629
631
627
618
609
596
590
585
574
18
557
559
561
557
552
555
552
550
564
567
565
566
582
589
586
587
607
605
605
615
624
619
614
624
625
620
636
640
633
646
643
639
629
619
627
632
641
653
678
697
701
690
678
665
660
656
20
637
632
620
604
589
578
570
565
559
560
560
559
559
558
555
549
548
545
550
547
559
578
592
592
605
638
652
652
673
692
698
682
695
684
676
695
699
703
698
702
700
690
686
670
658
664
669
666
666
658
647
636
625
613
604
609
618
630
635
636
626
626
624
619
617
619
623
629
642
649
659
642
636
652
648
633
629
625
619
614
615
628
630
635
640
652
661
655
649
647
646
652
661
659
656
648
643
632
622
609
606
607
615
624
621
618
632
632
632
629
636
642
655
651
653
658
669
669
666
669
673
671
666
653
657
656
649
638
646
644
648
638
629
617
613
597
596
600
603
611
629
665
688
690
708
711
708
704
712
722
720
714
726
737
737
720
708
705
692
680
678
684
681
684
691
708
707
702
686
681
678
679
671
673
674
673
669
662
662
657
646
638
629
624
617
617
613
612
615
611
631
632
635
627
626
626
618
613
615
611
604
599
596
593
588
583
582
580
591
606
607
617
637
653
659
656
667
666
655
638
629
650
635
19
617
617
608
603
595
591
594
602
612
618
632
643
660
668
667
671
671
668
675
678
682
690
686
675
669
671
667
653
656
655
648
643
635
632
643
643
644
648
659
664
656
649
651
652
644
634
635
643
639
633
629
639
637
641
637
647
656
658
662
656
676
674
675
666
659
657
649
638
630
622
609
613
602
590
584
579
577
573
575
571
572
578
582
581
588
604
618
620
621
618
613
615
625
624
619
615
610
609
617
615
612
611
607
606
605
612
618
626
639
651
672
688
694
708
719
716
717
705
708
705
697
691
688
684
681
680
673
667
656
639
633
627
626
633
628
628
628
629
626
625
625
630
626
625
631
639
639
636
634
640
646
643
633
624
614
623
620
605
608
614
606
595
599
608
608
610
603
597
599
595
599
607
622
633
640
648
654
661
645
658
673
678
675
689
699
701
697
688
683
667
19
649
650
648
641
640
638
642
657
670
672
682
684
696
707
705
704
711
719
701
702
709
716
704
693
692
692
678
671
668
669
663
659
645
646
653
655
663
676
683
699
707
702
711
711
714
704
23
681
670
21
650
648
642
641
653
665
670
694
714
730
750
758
748
765
762
748
733
720
715
711
707
689
684
667
654
647
635
630
625
623
616
611
610
613
617
625
633
653
663
668
661
668
671
666
682
677
671
667
662
661
649
645
635
631
628
635
641
643
653
663
672
672
687
686
686
688
671
662
650
641
630
625
616
613
612
612
624
636
644
651
655
647
637
659
665
25
640
633
629
623
620
617
618
617
615
613
624
632
642
657
661
666
684
678
674
673
665
662
663
662
660
667
668
678
676
665
72
593
709
64
646
642
637
631
630
637
634
632
635
632
629
624
618
615
609
606
603
606
599
600
603
611
615
624
626
629
635
641
640
629
625
620
615
616
611
613
613
616
612
618
614
612
622
619
627
631
630
635
643
650
654
654
651
648
644
637
632
631
627
624
622
625
630
626
618
623
614
609
606
599
599
591
591
593
590
585
585
588
595
614
630
638
658
675
686
679
672
665
654
641
639
641
643
653
661
666
667
674
683
675
667
656
646
636
636
634
630
625
622
619
618
617
619
631
629
636
647
644
641
641
634
620
604
600
592
585
582
580
583
591
604
629
656
675
697
711
715
731
736
735
728
713
708
701
690
677
666
657
654
651
643
638
628
624
617
613
611
607
603
600
601
609
613
618
633
639
632
627
628
625
620
624
626
640
643
649
659
671
676
675
674
677
693
688
679
671
681
679
677
679
690
695
695
697
697
688
708
706
700
695
699
698
693
688
681
680
682
675
674
681
687
691
694
693
700
699
701
708
704
702
707
699
704
708
699
700
695
703
700
702
698
706
707
713
717
724
729
731
728
721
723
713
700
696
684
669
666
659
657
652
667
670
669
656
681
669
664
661
665
660
659
666
664
653
648
648
641
639
633
633
628
625
622
613
613
604
603
606
609
613
622
627
643
649
658
661
661
664
653
649
642
637
633
644
645
647
652
653
658
667
670
671
679
681
691
699
690
678
668
656
651
646
641
643
651
652
670
688
702
699
694
675
688
686
668
661
655
644
633
623
618
617
613
609
613
610
618
622
628
654
672
695
707
717
710
703
701
21
680
26
655
646
634
625
620
610
611
608
609
603
601
603
607
607
615
615
625
630
632
636
644
649
647
652
663
666
673
672
669
662
653
642
634
625
620
619
617
619
624
629
641
639
627
628
626
620
623
626
627
619
623
628
640
644
642
646
644
652
649
639
636
639
643
639
637
632
624
618
620
625
619
619
609
603
607
612
614
625
635
653
684
708
725
726
738
743
735
720
703
694
692
682
678
667
666
665
660
674
689
690
687
692
703
704
707
697
681
688
676
673
672
674
680
680
677
684
685
689
701
708
704
702
707
709
697
702
701
696
689
691
696
687
677
675
678
669
668
667
660
660
665
675
683
693
690
687
687
703
707
700
681
673
670
658
645
641
633
641
651
657
663
690
693
694
686
684
676
678
672
669
653
650
647
655
647
654
662
666
674
673
674
676
676
674
666
666
664
654
647
647
643
636
632
635
643
644
647
646
651
647
632
625
621
625
620
619
628
638
639
646
645
655
655
656
652
652
649
647
656
648
639
640
645
645
648
654
656
669
682
686
693
693
699
696
687
687
694
683
677
677
677
683
686
675
675
676
672
666
671
671
668
661
655
651
644
645
642
647
654
659
664
672
678
671
673
669
658
654
643
643
650
647
641
629
620
612
609
600
594
601
615
625
625
640
655
659
664
668
667
670
669
682
693
701
705
694
692
696
20
676
671
676
671
665
662
654
646
637
625
617
606
596
587
587
585
595
611
633
644
644
635
635
637
653
662
679
686
686
691
681
672
661
645
638
639
644
650
658
663
666
665
669
665
655
657
659
658
660
655
666
664
663
656
658
663
661
659
666
667
666
664
664
669
666
666
669
673
678
666
661
670
661
653
646
644
646
652
654
653
658
652
651
642
641
644
638
637
643
645
653
666
669
671
664
657
658
661
647
636
641
646
645
656
664
666
665
670
669
675
666
664
660
666
669
678
680
678
672
669
674
673
671
665
659
648
642
640
633
630
640
641
642
640
648
657
664
675
679
690
701
694
695
678
666
656
659
649
633
630
628
627
634
645
654
659
659
666
671
673
673
670
661
666
664
673
675
674
680
684
667
656
647
633
623
610
601
595
589
581
577
571
573
578
581
581
591
605
623
645
672
703
706
708
713
730
733
719
701
682
25
658
648
647
641
634
628
628
625
625
623
616
622
617
617
613
610
610
608
601
604
600
600
606
609
617
613
615
622
621
628
629
635
626
652
671
676
682
687
684
670
668
666
666
666
667
662
648
648
652
650
654
659
651
652
646
633
638
654
661
675
681
695
695
698
699
702
685
679
670
668
657
657
648
638
630
626
617
613
609
611
619
625
631
644
668
684
694
690
681
687
679
673
670
669
665
677
675
678
675
689
704
700
696
678
666
661
643
633
629
631
629
635
626
630
626
620
619
625
629
638
651
670
684
677
681
690
686
691
677
666
667
669
671
670
665
667
672
672
666
664
666
666
666
658
646
636
633
627
614
606
598
592
587
586
589
600
614
636
671
680
686
681
695
689
695
688
681
673
677
674
674
669
680
693
695
685
675
667
656
651
641
630
625
620
611
597
591
585
580
580
581
582
588
588
592
593
602
603
621
613
613
606
607
607
613
624
629
642
661
672
678
683
689
676
680
678
666
655
640
629
613
628
620
616
614
612
612
615
611
609
604
606
604
610
617
619
616
615
611
602
602
596
590
593
593
595
598
609
601
603
624
647
665
681
668
664
659
651
634
632
618
610
598
588
581
577
573
567
564
567
568
581
587
595
609
630
646
658
664
685
701
697
690
692
682
665
650
644
652
645
647
637
626
622
624
619
624
625
641
665
679
672
693
695
711
715
719
708
708
25
683
671
669
664
658
661
660
665
679
678
667
663
665
666
655
651
649
658
659
658
664
677
685
682
686
676
683
678
672
666
667
651
640
635
637
634
651
642
641
634
654
664
652
638
629
621
612
606
615
622
635
650
668
676
692
686
679
689
692
679
673
661
653
649
643
635
630
623
613
611
612
620
628
639
653
669
666
675
686
686
674
686
684
669
658
656
644
632
625
620
616
604
599
600
608
614
624
642
653
661
665
676
685
686
684
687
678
672
673
659
649
632
625
618
604
600
600
598
596
593
588
587
602
606
625
641
666
672
682
690
678
674
679
666
661
654
654
654
649
652
648
640
631
625
614
607
605
598
601
609
619
627
630
649
670
680
688
683
682
681
672
667
656
656
651
645
643
632
625
620
611
601
594
589
584
579
583
583
579
576
571
567
572
583
609
633
658
679
682
685
684
681
676
668
660
657
669
664
664
665
662
653
639
635
630
623
629
633
640
647
659
670
684
692
691
690
688
693
23
671
24
648
647
630
618
614
614
614
618
623
638
645
648
664
671
675
675
671
685
21
665
664
656
650
638
626
619
615
610
608
614
608
615
628
640
657
668
677
679
666
657
649
641
19
623
611
601
594
591
584
580
573
577
583
594
615
641
664
671
678
690
707
698
686
686
690
692
689
679
666
656
645
634
627
616
610
611
614
625
636
650
664
668
679
675
673
681
685
677
671
672
667
663
660
695
709
699
699
691
693
685
682
690
693
714
730
750
756
744
734
729
21
709
697
694
687
684
24
661
23
638
632
624
622
627
636
637
648
646
650
642
645
638
636
626
628
639
659
673
694
715
727
740
751
752
736
719
703
25
678
663
654
655
651
651
651
659
673
676
674
676
679
673
668
668
668
673
676
667
668
657
648
633
627
628
624
613
614
624
624
627
619
628
629
630
626
623
629
635
641
648
644
650
655
655
652
647
643
635
620
611
605
599
590
584
585
598
617
626
626
647
663
659
647
638
622
614
605
597
601
611
629
654
692
719
734
757
760
767
759
754
757
755
748
22
726
708
694
678
660
645
631
619
608
602
604
603
600
613
625
627
654
673
694
694
709
705
701
697
696
689
674
667
663
657
652
644
642
668
697
700
700
681
670
667
666
665
667
667
662
656
651
654
654
653
639
635
638
641
650
653
657
659
651
644
637
624
615
604
594
596
595
595
608
610
612
614
606
618
627
649
668
679
691
682
683
671
670
664
663
652
667
672
669
672
670
666
671
677
678
674
680
688
691
687
696
699
688
677
666
659
654
19
636
633
628
626
641
654
668
684
697
692
704
708
714
708
695
689
680
675
664
652
644
639
644
649
651
651
668
673
677
677
673
670
671
674
666
663
647
639
633
631
626
620
622
624
623
620
621
617
613
616
615
612
610
620
635
648
684
707
713
725
715
703
692
688
672
657
647
641
634
633
636
647
659
666
670
659
658
665
665
670
680
697
704
715
728
735
730
23
708
696
681
664
658
656
663
666
665
664
665
653
653
645
639
631
623
615
605
600
595
594
597
599
598
607
622
629
644
643
645
659
666
671
661
658
669
655
648
637
639
635
631
625
631
616
625
610
608
611
608
610
607
609
610
610
610
605
605
603
598
593
591
584
579
575
575
575
577
583
582
582
586
589
592
586
592
596
606
599
596
598
590
586
583
17
567
577
573
562
570
578
593
609
632
663
691
707
704
725
723
722
734
726
723
725
706
703
699
689
676
675
674
683
680
683
691
699
708
708
705
714
707
694
704
706
691
683
38
646
638
19
620
616
609
593
593
591
583
587
583
583
584
581
589
586
592
599
598
601
604
603
600
602
604
604
609
613
612
621
614
613
617
613
613
624
626
625
621
622
629
622
615
612
604
596
599
597
599
594
592
590
585
581
578
580
581
578
580
580
580
581
584
587
581
580
575
569
562
568
562
568
575
594
615
26
589
602
610
617
621
617
619
622
624
615
610
603
598
597
596
595
588
590
591
595
592
590
592
595
594
591
593
590
580
584
579
577
577
574
576
580
584
586
583
585
582
574
571
576
570
578
583
577
580
583
590
602
603
606
615
610
609
607
597
588
584
581
573
569
568
565
564
567
579
583
574
579
583
580
584
582
581
584
578
582
586
590
599
609
623
635
646
651
658
662
656
652
646
637
625
619
615
611
604
598
607
615
612
611
614
621
622
625
624
629
635
634
639
648
653
652
645
635
629
631
635
628
621
615
614
610
609
610
622
625
631
635
655
656
669
676
680
674
679
673
673
669
664
660
665
658
656
648
640
632
629
635
633
631
630
622
625
621
607
610
609
611
614
606
601
597
595
604
606
605
606
612
625
631
651
659
663
681
685
690
684
690
690
687
697
699
693
690
687
680
687
679
675
676
692
690
692
696
701
698
693
691
686
673
669
667
664
665
667
666
673
672
671
662
651
645
645
649
651
644
645
628
618
604
594
593
585
579
580
587
587
595
593
612
627
633
649
671
685
677
668
654
637
625
617
603
600
592
595
593
587
596
591
596
600
605
614
627
634
636
657
647
650
665
667
660
666
672
667
660
660
664
660
646
646
649
646
656
649
664
676
681
680
693
697
686
674
671
672
660
645
652
644
637
633
642
643
635
631
642
645
639
641
646
636
625
631
625
630
622
615
615
603
598
589
596
593
582
583
593
596
603
591
590
593
595
599
592
591
591
587
585
601
603
606
608
605
600
594
591
586
579
571
568
572
563
564
568
568
570
570
565
571
570
568
567
564
574
581
583
586
593
595
601
599
599
596
593
593
590
592
600
595
596
599
596
600
603
599
594
595
587
585
582
577
572
571
570
567
571
575
579
581
584
591
594
593
601
605
612
612
613
605
607
618
609
607
605
600
599
603
600
595
598
593
595
593
584
583
586
580
582
579
577
580
581
583
593
601
610
621
617
622
625
624
624
626
631
630
625
611
609
599
593
587
580
579
578
575
577
578
576
579
579
580
578
583
583
589
590
589
583
583
582
577
571
562
559
559
552
547
541
543
540
535
535
533
536
541
552
565
590
609
632
658
669
665
672
659
643
651
657
655
670
671
667
674
670
665
674
667
668
674
676
662
661
656
651
648
651
646
632
624
621
614
604
603
612
608
610
607
618
623
629
629
642
651
643
640
626
625
613
612
613
620
623
633
640
666
673
674
689
684
673
658
644
629
622
607
604
601
612
624
633
638
638
645
647
646
639
630
627
625
624
627
637
656
672
678
682
699
695
686
677
676
667
656
649
651
645
637
640
639
637
642
648
662
660
664
674
671
664
666
663
659
660
659
648
631
620
614
627
632
635
647
669
677
684
705
706
704
696
694
676
667
666
654
649
646
638
637
645
647
646
646
654
662
658
657
661
657
648
630
616
612
612
621
624
640
657
655
650
645
648
647
643
658
671
678
692
719
719
709
707
694
679
672
26
647
639
630
18
613
608
601
600
592
595
592
586
595
593
598
594
603
606
611
614
623
613
607
608
606
610
615
611
607
612
617
622
610
619
621
625
616
625
631
634
643
647
650
644
632
628
615
616
611
599
601
603
597
589
594
594
596
596
593
594
591
585
592
587
590
581
583
581
592
590
3999
3999
3999
3999
3999
3999
3999
3999
3999
3999
3999
3999
3999
3999
3999
3999
3999
3999
3999
3999
3999
3999
3999
3999
3999
3999
3999
400
525
524
524
525
521
518
513
512
511
519
524
525
528
528
527
536
528
530
533
530
533
538
541
545
551
563
569
583
581
578
581
574
573
569
565
560
558
554
557
557
549
553
554
557
564
565
562
571
571
569
564
563
560
552
550
550
548
546
552
563
557
563
563
569
567
571
568
565
561
558
553
553
553
546
547
546
548
551
554
563
568
564
577
573
577
587
588
589
601
604
599
597
597
591
583
570
579
569
564
557
554
553
548
541
544
544
542
543
543
542
545
543
551
555
553
553
551
550
540
543
534
534
541
539
541
549
546
553
559
563
569
576
576
582
588
587
590
582
583
592
588
583
591
584
585
586
579
586
584
579
583
574
573
575
575
568
573
577
572
573
577
576
571
577
571
567
569
561
564
558
560
562
560
556
563
556
564
557
554
561
573
561
559
558
562
564
566
565
567
567
573
573
579
584
585
583
583
579
571
565
565
562
562
551
552
552
548
554
551
552
547
555
552
560
556
555
560
565
565
572
580
584
584
583
593
587
594
597
592
604
604
610
616
615
616
616
612
604
603
601
600
606
611
626
627
642
650
649
642
638
626
621
619
620
624
629
640
642
650
649
658
657
648
641
645
648
645
644
641
637
628
622
619
606
606
607
600
606
602
598
593
595
597
604
607
613
620
622
625
625
619
624
625
629
639
644
639
644
647
638
632
639
630
623
616
615
615
615
604
594
584
576
570
571
574
587
603
620
640
646
654
650
662
649
647
648
646
652
654
653
656
655
663
663
659
659
660
661
659
663
669
682
681
686
686
22
665
663
650
644
642
648
657
662
666
684
682
687
690
672
663
662
655
646
641
636
631
631
627
622
619
613
617
622
633
655
666
678
688
692
689
684
680
681
679
691
683
681
20
662
646
631
618
610
609
608
609
603
607
607
622
627
635
638
652
651
651
653
661
655
664
662
649
635
629
617
603
594
609
615
611
614
612
616
617
615
612
612
620
634
662
687
700
700
695
690
683
680
683
685
679
663
656
649
644
642
648
658
661
659
661
655
646
636
631
630
625
616
611
606
616
629
639
651
657
657
653
648
650
654
650
650
659
655
653
658
660
663
653
645
653
640
634
625
621
616
611
600
595
589
591
595
600
600
611
615
625
649
661
665
670
691
688
688
684
671
665
665
665
665
652
657
661
653
646
640
633
633
626
631
639
636
637
653
663
666
663
653
651
656
654
647
640
639
631
640
646
647
665
689
691
694
708
717
717
714
709
705
715
706
698
693
694
694
683
666
650
645
639
640
645
645
647
644
648
659
660
655
654
655
651
651
646
642
646
645
660
669
677
667
666
657
643
633
625
619
620
620
618
619
625
630
627
630
627
640
642
636
638
635
641
648
656
655
651
642
646
642
639
631
633
627
625
625
630
636
636
645
647
646
651
656
656
651
653
657
639
635
631
629
622
612
606
620
627
639
644
656
655
656
651
651
645
665
673
679
673
680
687
685
681
696
693
697
32
665
652
641
635
629
631
651
680
714
725
747
751
741
726
721
717
720
720
709
695
684
675
667
658
661
659
668
673
683
711
723
731
731
728
720
722
708
706
704
697
688
682
670
676
665
653
644
644
638
630
624
620
615
620
629
631
651
673
686
687
692
694
701
700
696
688
681
684
678
663
656
669
667
668
670
668
666
658
645
643
634
638
637
644
646
645
656
658
660
669
686
705
708
713
711
701
700
692
690
685
680
673
674
679
670
656
641
642
632
645
636
623
627
619
615
617
608
610
624
627
642
648
659
674
691
696
696
690
690
680
19
662
651
647
641
637
625
616
613
613
618
618
639
642
646
640
650
649
642
638
636
641
638
638
648
648
648
648
644
650
651
652
651
645
652
670
672
670
665
680
687
682
674
672
678
673
662
677
673
665
657
661
658
653
647
643
656
663
665
666
668
674
678
679
670
666
662
648
645
638
638
641
642
651
654
659
679
681
678
670
666
658
651
642
636
629
629
622
629
631
628
632
655
662
652
653
659
655
648
642
633
623
619
617
623
626
635
634
640
641
640
630
626
623
623
631
631
634
646
649
652
647
647
644
638
636
638
635
628
628
625
620
614
617
623
619
615
610
606
601
597
594
595
596
597
597
601
597
602
599
594
595
592
594
599
600
602
614
627
645
636
640
640
635
632
625
622
624
619
615
610
608
606
611
608
605
603
597
595
595
601
611
607
608
623
631
631
627
618
618
613
614
631
639
643
646
650
655
653
651
653
649
649
646
635
628
619
632
664
666
674
689
695
695
683
673
659
651
638
631
629
641
658
679
678
665
663
661
662
662
669
661
680
694
693
688
678
669
665
655
642
639
634
628
621
617
611
608
606
607
604
602
600
601
599
602
598
599
599
605
620
626
637
645
647
646
639
644
644
641
637
631
627
620
617
622
617
610
609
603
598
592
587
582
582
590
590
606
609
614
616
629
638
645
638
631
625
617
609
603
604
604
625
641
645
642
648
643
642
639
632
631
626
635
647
651
661
673
685
681
694
701
706
718
724
733
758
754
759
750
754
756
747
730
750
751
751
741
740
745
749
733
729
725
732
730
716
726
732
736
717
719
715
710
727
712
704
696
692
687
673
672
672
676
675
679
674
686
678
670
662
654
650
659
652
648
644
645
646
648
653
651
645
643
643
643
641
641
651
650
649
643
637
625
620
628
642
653
653
661
668
668
662
659
658
673
678
685
682
679
673
666
649
641
629
620
616
612
619
615
616
628
644
664
685
697
699
703
703
708
730
735
742
750
750
755
776
775
755
22
734
719
716
704
695
692
702
690
683
677
672
663
652
649
668
655
647
641
634
630
636
643
647
642
637
632
629
639
642
653
659
683
701
721
735
748
754
761
748
752
744
732
24
709
708
708
704
710
705
700
708
713
718
710
718
714
717
702
692
703
685
672
670
665
665
659
665
683
676
659
652
647
646
647
665
679
692
690
700
697
694
687
682
687
685
683
680
677
671
668
664
666
660
652
652
653
655
658
664
662
667
675
677
666
664
661
654
651
649
649
655
655
652
650
643
630
625
612
608
607
598
602
612
613
621
628
648
663
675
705
709
721
723
723
725
718
708
694
676
672
673
683
694
705
709
716
707
702
694
684
678
666
652
646
639
633
627
630
630
638
636
633
632
633
635
645
653
658
657
657
682
675
666
654
640
632
633
625
629
632
646
652
666
684
700
710
713
719
710
724
714
708
693
680
674
666
659
649
653
658
665
666
684
697
710
707
708
701
701
686
683
688
695
694
693
682
670
666
675
671
666
662
657
651
661
664
667
668
664
649
639
632
632
625
622
615
616
618
619
625
634
645
659
669
662
654
646
641
640
645
644
657
659
665
654
655
654
658
661
657
648
654
652
658
646
642
654
673
695
713
728
733
746
751
734
730
736
747
747
747
749
748
744
725
721
24
698
684
679
663
653
657
666
658
661
663
670
679
676
681
692
691
698
695
692
695
693
698
694
680
665
662
666
648
650
648
662
671
679
700
718
744
759
774
774
767
756
23
734
739
729
720
719
717
721
723
717
707
712
705
20
685
668
661
655
644
640
650
654
655
654
668
691
695
698
691
696
692
690
675
662
647
631
626
628
626
632
633
651
673
681
677
681
669
660
657
656
653
656
662
664
667
670
665
663
655
19
637
633
629
627
626
645
655
683
708
725
748
750
742
745
725
715
712
705
707
706
699
688
676
666
658
657
659
655
655
655
652
649
652
658
662
665
679
676
675
664
654
640
638
630
624
623
613
610
597
592
585
587
578
579
578
596
604
620
638
654
662
686
684
693
688
684
21
664
651
637
18
620
613
604
598
602
594
596
612
629
641
650
661
21
640
642
655
678
688
705
708
696
682
669
655
21
635
628
617
613
611
623
619
642
657
674
679
701
720
731
29
703
695
680
670
665
665
671
666
677
677
675
663
656
647
637
635
638
20
619
608
617
611
614
615
622
625
630
641
662
682
702
708
729
724
714
706
708
710
719
723
719
712
708
702
691
712
724
716
731
743
725
707
721
724
708
709
704
29
675
661
665
667
676
701
701
719
742
760
771
757
756
787
791
35
757
24
734
722
722
710
699
21
678
674
675
674
671
667
661
664
660
674
695
699
711
728
716
21
696
692
691
677
666
652
648
668
651
652
668
672
678
680
689
721
738
736
751
745
739
732
719
728
718
721
723
728
714
704
697
696
30
666
659
652
648
647
645
652
639
638
627
619
617
626
647
654
661
669
676
682
690
679
680
678
678
678
681
673
669
668
653
641
631
22
610
606
597
592
598
612
623
653
695
714
735
729
720
725
743
761
757
763
765
774
770
756
748
740
725
715
21
695
686
683
666
653
644
644
636
630
632
642
636
632
644
655
670
684
674
664
662
656
654
665
675
687
711
728
749
753
754
746
738
23
715
699
689
681
677
689
700
705
696
700
698
687
678
665
660
665
675
684
692
708
719
725
711
710
708
703
704
702
715
711
717
718
713
714
708
715
704
701
696
711
724
726
728
733
734
732
723
716
713
708
702
697
692
689
679
694
703
708
723
727
733
730
725
711
704
698
697
686
691
688
689
693
691
689
692
694
693
689
686
689
693
694
685
683
680
678
664
664
659
661
672
667
675
668
664
663
656
643
636
630
622
606
606
595
592
582
583
587
597
608
626
631
650
661
670
702
695
686
690
687
678
674
664
666
667
663
673
677
668
662
658
654
645
635
623
621
610
603
600
602
604
610
621
624
627
645
652
663
669
671
673
668
670
661
667
657
651
641
630
127
504
724
133
592
590
584
581
584
593
610
600
628
642
654
658
661
22
639
636
626
618
618
621
639
639
659
664
680
674
676
714
772
788
787
786
774
757
755
755
748
741
736
731
742
738
738
736
724
708
701
21
680
683
697
691
700
704
711
718
710
696
700
700
695
710
719
711
724
734
732
736
729
721
705
24
681
670
656
658
647
652
640
649
658
664
681
701
697
717
739
755
754
748
761
28
734
27
707
688
676
666
658
650
661
655
647
67
581
711
72
640
631
631
631
635
623
619
609
604
602
605
610
632
651
676
665
686
746
752
752
741
761
750
747
730
713
706
696
697
686
681
683
683
695
695
705
702
712
720
727
726
22
704
692
690
689
684
681
678
674
680
698
718
732
754
756
756
748
745
738
733
719
706
700
691
692
688
692
692
699
720
709
720
734
727
714
707
709
710
709
718
725
714
727
730
736
729
727
739
728
709
698
708
703
21
682
666
650
636
625
619
616
607
614
626
630
645
653
657
662
666
678
694
703
732
752
761
751
753
751
755
22
734
724
705
698
20
679
670
666
662
660
681
693
698
704
723
720
706
28
678
677
683
690
691
691
693
689
687
682
689
681
685
687
672
672
666
677
688
697
693
699
705
712
703
708
713
717
710
708
709
713
715
717
717
723
732
725
714
710
699
692
677
679
692
690
698
723
728
728
714
706
713
707
691
23
668
25
644
649
632
628
623
624
626
659
687
712
728
745
750
756
740
725
719
711
703
705
701
692
694
685
686
694
701
701
686
683
691
700
694
691
709
716
705
697
703
702
699
689
691
691
692
680
685
683
666
655
647
643
634
627
642
667
678
696
734
743
749
763
760
760
744
732
727
724
708
710
708
703
686
672
664
662
663
690
722
759
791
779
796
812
798
784
798
778
33
745
66
679
680
25
656
29
627
624
24
600
601
595
589
590
590
586
592
594
588
600
598
602
601
604
598
597
596
604
614
617
618
625
626
622
612
602
618
621
626
626
634
648
669
654
661
666
654
648
648
19
629
622
610
596
592
583
578
577
570
562
561
564
553
549
547
544
544
540
546
540
540
544
545
549
559
556
559
567
577
586
595
606
624
612
620
629
628
629
627
627
623
611
607
606
615
619
623
627
644
656
674
676
703
714
709
708
716
707
701
704
704
703
690
685
673
659
661
659
663
658
655
666
670
665
669
681
678
683
690
699
701
702
715
718
708
724
719
709
696
22
674
662
660
649
660
664
664
670
665
678
685
685
705
704
704
715
729
726
731
753
745
731
743
736
720
729
736
724
728
729
721
739
740
24
717
718
712
706
697
687
687
700
707
720
723
741
743
735
744
755
741
758
798
810
38
773
789
783
765
764
771
758
23
736
737
738
727
28
700
689
692
700
698
690
680
667
652
22
631
616
609
18
591
582
578
571
568
569
576
583
588
597
601
614
623
632
648
672
673
678
661
650
636
625
614
605
601
593
590
584
578
573
566
565
567
576
573
581
582
578
577
574
575
575
573
570
564
558
557
551
551
543
541
544
548
554
568
580
587
582
586
593
597
598
596
592
594
593
592
583
577
577
574
572
568
565
567
575
583
583
595
601
610
620
645
656
664
660
661
657
646
641
19
622
609
592
583
576
569
564
562
565
573
583
603
598
602
610
603
602
603
606
605
593
591
584
582
579
579
577
578
583
579
581
587
586
603
614
606
624
628
631
641
639
640
631
624
621
609
604
605
603
597
602
606
607
617
619
638
643
644
645
638
629
625
619
610
605
608
607
609
620
625
630
629
628
621
615
609
602
602
606
608
606
614
614
639
655
669
674
698
700
701
701
693
674
671
672
673
684
672
677
682
689
700
705
711
723
727
722
723
734
719
713
708
21
687
21
666
26
640
633
643
659
669
673
691
699
689
683
695
694
686
681
694
694
710
724
729
709
699
682
23
660
648
632
623
620
604
594
584
583
583
587
592
590
590
591
589
584
583
578
570
574
574
568
575
581
581
581
589
591
583
589
582
588
594
595
594
595
601
598
595
591
587
586
582
587
583
576
578
578
572
567
568
561
557
553
550
544
554
555
556
554
559
567
575
580
589
610
607
625
638
651
653
663
660
659
646
646
639
634
636
627
628
622
622
615
611
604
592
577
593
582
568
552
549
551
540
536
535
527
529
524
523
523
523
522
521
524
522
529
529
523
521
522
524
532
526
532
539
540
546
552
560
562
573
578
576
580
583
582
586
597
606
619
626
626
639
649
640
638
630
627
626
616
610
615
616
612
604
601
608
606
609
625
626
632
643
648
654
659
661
657
643
639
627
621
605
597
589
590
598
598
594
600
611
622
622
614
620
621
624
616
616
622
631
639
649
659
666
680
675
677
690
696
707
20
687
702
705
706
712
706
708
700
689
697
694
703
726
708
696
30
666
656
643
629
634
638
637
644
657
660
666
677
690
680
678
675
666
656
24
633
633
645
659
685
681
696
715
735
726
722
720
731
739
719
727
748
743
740
758
771
774
30
744
745
764
762
23
740
738
762
776
37
740
721
735
734
721
727
750
739
727
734
746
740
721
714
719
732
24
709
716
728
714
704
708
719
723
713
711
718
705
697
700
716
726
710
708
716
733
724
724
734
749
749
732
734
747
26
721
714
717
722
723
706
708
720
714
705
704
718
722
713
718
730
718
708
703
717
716
708
704
724
735
23
713
723
722
712
703
20
683
674
706
708
23
685
667
651
634
623
627
633
640
655
686
707
731
738
731
738
741
742
743
732
740
735
727
743
759
759
768
754
764
768
776
771
25
747
738
742
732
722
715
711
710
700
698
706
711
709
711
724
733
730
721
719
726
727
726
719
727
732
717
23
695
695
692
683
672
666
669
674
678
677
681
692
693
694
685
679
687
685
675
681
692
705
719
718
727
748
744
742
735
733
739
733
718
710
715
709
698
696
693
696
695
686
689
694
703
693
697
692
686
678
670
668
670
668
662
686
691
696
698
710
716
710
708
714
717
716
708
699
708
708
22
687
678
681
685
670
667
669
677
677
672
676
682
689
691
682
686
690
693
681
682
697
698
701
691
692
702
696
688
679
677
666
656
649
646
650
653
655
651
664
666
668
663
661
670
670
665
667
681
681
680
678
688
685
678
673
671
663
647
638
627
636
662
651
637
631
621
615
624
634
644
657
667
681
717
712
711
702
702
715
722
730
733
731
719
722
724
711
706
701
701
692
690
689
689
688
690
682
684
674
678
673
675
678
674
667
660
657
648
645
651
645
647
643
638
638
637
629
629
633
643
642
648
649
665
671
680
675
686
700
705
708
713
718
730
737
736
729
734
743
742
734
725
732
736
736
722
713
712
697
688
681
686
688
673
671
679
679
675
671
674
679
675
676
671
679
680
683
681
690
685
673
670
664
662
652
644
642
648
645
658
664
675
691
694
686
684
694
698
692
687
684
685
677
674
678
680
679
680
688
700
704
691
672
662
682
689
686
686
679
684
689
697
689
697
696
702
704
697
700
703
703
707
698
706
720
723
724
722
29
693
21
673
33
640
640
25
616
600
607
599
606
605
607
616
625
625
630
626
622
619
612
611
20
592
584
583
576
571
565
571
575
579
582
583
594
587
581
585
578
581
579
575
574
574
581
577
583
582
598
594
596
590
596
593
591
588
590
588
589
589
590
596
594
600
592
599
599
602
597
596
593
593
587
583
584
589
581
574
572
566
571
565
569
562
563
560
567
557
565
562
562
559
564
561
567
562
571
567
570
567
572
564
572
567
565
559
560
561
555
557
556
550
554
545
544
543
545
539
541
541
542
539
541
534
536
534
532
530
531
533
529
536
532
534
533
538
532
535
534
536
529
536
532
533
536
536
536
535
539
535
540
539
541
539
543
536
536
534
530
527
529
529
524
525
519
528
518
520
519
519
512
515
516
511
518
514
520
516
522
514
524
515
518
520
520
514
516
516
515
518
517
518
515
520
513
522
516
516
514
514
509
508
507
509
510
506
516
509
514
513
510
506
508
509
505
505
500
508
502
503
501
502
502
503
510
503
505
508
509
502
501
501
500
500
497
508
501
500
503
503
498
499
497
494
499
498
502
504
505
500
505
505
509
508
508
513
513
511
508
511
517
522
516
510
511
515
518
515
516
519
527
527
529
538
542
544
555
557
555
550
557
558
551
548
553
552
551
552
557
564
566
564
572
576
577
576
585
589
584
583
593
596
597
591
603
605
604
592
584
578
574
562
558
556
555
550
552
560
561
555
562
572
567
563
574
581
582
579
595
593
594
594
608
616
604
617
617
606
599
609
601
586
582
597
583
570
564
556
548
544
540
541
553
562
574
580
585
588
610
627
642
646
636
636
655
661
658
647
649
653
21
632
631
627
626
617
612
609
626
636
664
678
674
672
657
665
679
696
712
21
692
692
683
673
700
701
710
706
690
697
692
685
705
708
696
698
720
719
718
708
724
721
21
701
683
673
674
665
653
649
661
655
646
652
658
652
643
654
669
677
665
680
681
672
658
656
658
649
640
642
656
665
661
664
672
674
670
682
686
674
684
694
682
671
683
703
687
674
661
671
666
666
665
673
676
662
657
667
681
675
673
699
693
691
695
703
703
702
724
717
702
708
713
708
20
688
692
708
708
699
717
714
708
710
717
701
690
701
703
688
687
712
717
708
700
712
715
706
700
716
726
721
711
708
695
28
668
654
639
627
22
606
592
578
570
568
564
570
580
583
614
641
670
690
691
675
681
669
21
649
639
630
622
626
630
627
631
654
659
668
665
678
681
703
703
725
742
732
730
715
723
732
718
709
698
24
675
666
675
700
713
713
710
704
718
722
721
25
697
683
678
667
652
644
650
640
637
641
658
667
655
669
679
684
679
666
664
669
679
678
664
674
694
690
686
693
722
737
730
718
708
729
727
707
706
711
707
694
693
710
705
700
718
735
735
717
708
719
724
720
703
690
686
674
664
659
660
659
659
657
666
664
653
641
630
621
614
607
605
617
616
616
615
616
629
625
629
626
633
646
649
648
653
663
668
666
657
653
655
656
644
646
652
654
646
643
631
622
619
618
616
612
604
598
605
621
632
626
647
666
663
659
668
682
676
666
663
21
642
652
24
629
633
628
26
603
598
593
592
597
602
599
614
631
648
666
676
686
690
688
678
662
655
644
635
627
617
608
602
598
594
589
582
579
579
586
592
601
613
628
643
645
649
650
647
643
641
644
646
646
639
627
622
622
620
628
631
629
637
649
656
653
648
642
647
650
656
661
660
654
655
656
649
657
669
692
699
698
685
25
660
26
634
632
19
614
610
603
595
591
587
592
588
585
585
581
585
581
146
435
144
291
532
230
302
1723
1309
415
20
395
114
282
3999
3999

