28-07-2022 - 15:03 - Correr
ISABEL BASAEZ
Intervalos entre latido y latido
748
770
762
23
740
750
741
25
717
21
696
690
699
720
727
732
733
725
724
726
739
740
32
709
708
693
705
730
735
730
719
706
712
720
727
719
732
740
745
733
744
760
770
32
739
762
787
799
49
750
770
775
768
763
786
802
28
774
768
779
782
770
752
766
777
757
756
775
772
758
749
768
762
755
743
763
760
763
759
769
776
762
764
773
776
26
751
761
767
772
22
750
767
767
755
753
763
763
750
757
766
754
748
759
765
753
753
761
770
26
744
758
767
755
752
771
768
750
756
754
758
759
755
736
741
735
729
712
696
682
675
679
705
725
727
726
725
724
725
731
792
780
767
759
768
765
748
752
764
771
757
755
757
760
756
747
738
739
743
734
728
741
736
731
735
743
741
722
729
736
734
736
722
725
735
731
725
718
737
741
737
719
733
735
730
723
734
746
743
729
738
745
748
22
726
727
727
754
742
730
726
719
731
722
723
712
724
725
736
725
734
738
730
736
755
766
772
770
758
775
770
764
745
753
767
778
773
752
738
750
755
756
747
752
759
757
753
743
752
754
751
750
752
28
725
733
750
757
757
741
755
755
24
732
723
721
734
725
719
708
711
725
728
728
722
745
731
731
733
755
757
755
749
758
758
746
748
753
761
755
756
747
745
728
734
736
725
722
728
740
738
722
726
732
726
720
709
706
712
713
708
703
714
717
714
706
707
728
741
734
728
724
737
743
726
714
715
719
714
702
705
711
714
706
701
713
721
718
705
717
728
731
22
709
701
724
724
718
720
735
732
719
724
733
729
712
714
725
726
719
706
711
721
719
709
711
716
717
707
706
714
708
704
705
721
738
725
728
738
746
732
733
735
729
721
723
729
731
721
718
726
717
700
705
717
725
723
736
745
746
733
745
745
731
723
724
730
718
719
733
730
723
736
734
733
733
742
738
726
728
735
746
750
748
748
753
758
744
751
753
756
743
737
749
747
732
725
733
732
735
730
742
746
744
739
750
750
751
21
731
732
736
731
743
736
746
759
764
24
741
745
753
755
748
746
749
740
728
736
738
24
715
716
717
727
739
732
719
707
710
702
688
703
721
724
744
739
733
725
710
700
30
670
663
659
659
644
648
647
635
629
634
636
627
625
631
633
636
640
636
635
636
639
643
20
624
621
627
617
612
603
592
592
596
602
595
603
615
624
628
626
625
631
637
624
615
623
617
610
608
610
619
620
615
606
606
605
607
605
604
603
612
617
623
623
615
609
602
606
610
613
624
633
628
626
620
624
621
616
608
603
600
590
578
574
570
565
572
564
574
564
569
572
571
561
565
564
558
563
556
553
549
544
546
541
540
528
531
528
529
521
521
520
521
521
522
516
513
515
508
511
509
508
500
501
500
501
500
497
499
498
498
494
496
499
497
500
499
499
500
495
495
497
495
496
495
497
494
496
494
495
501
496
495
502
497
497
499
498
497
500
497
497
500
497
497
497
496
493
494
489
487
493
489
491
487
490
486
491
485
487
489
491
491
490
486
484
486
488
487
486
485
483
481
478
480
478
478
476
478
478
477
478
475
478
475
478
470
471
474
475
475
472
470
474
470
468
470
467
472
472
469
469
469
471
468
468
469
464
464
469
467
464
466
460
463
464
466
465
460
459
462
460
463
457
458
458
458
456
457
459
459
457
458
457
457
457
457
456
456
457
451
456
455
450
453
457
455
454
451
450
453
454
447
451
449
451
450
447
452
449
445
448
450
450
447
445
446
451
449
446
445
449
446
446
444
447
449
447
447
447
449
446
448
449
446
445
441
441
444
443
440
448
444
441
441
444
447
440
439
439
446
442
439
442
440
445
439
436
437
440
442
443
437
438
442
447
451
442
444
450
449
446
448
448
446
447
442
448
448
444
448
446
446
444
448
453
451
452
451
454
460
468
482
482
485
478
481
483
486
483
484
480
483
484
486
489
487
492
484
485
489
496
498
492
493
494
497
494
493
489
488
493
494
492
491
494
507
515
514
513
509
505
499
495
494
493
514
526
523
522
521
524
534
545
539
533
530
530
532
523
519
511
507
508
510
504
506
504
509
520
525
524
527
531
541
543
540
551
604
592
594
583
18
566
551
541
538
545
566
576
577
572
566
581
592
584
576
566
577
583
579
573
567
563
555
556
559
549
540
534
531
531
532
539
551
570
576
567
575
578
613
609
597
588
583
594
603
596
580
568
555
550
545
551
570
572
574
592
596
589
589
606
607
601
596
591
604
607
603
598
593
597
614
617
612
608
616
634
630
622
614
625
627
626
615
608
619
628
624
618
614
613
635
629
631
619
622
632
646
640
627
616
625
632
624
621
627
635
634
625
620
621
628
621
616
617
625
626
619
620
628
627
623
625
622
628
626
618
613
609
606
605
606
605
632
658
640
629
622
626
629
620
623
626
618
623
635
641
627
630
646
647
636
644
644
630
633
649
645
632
639
651
644
630
629
639
632
628
623
626
635
633
624
625
635
636
628
626
626
636
633
626
625
634
637
630
634
639
642
639
633
636
649
649
639
630
636
647
651
650
646
664
664
654
665
674
667
656
666
665
652
651
656
653
646
642
653
655
650
652
662
667
656
655
664
666
665
652
653
659
658
652
643
649
658
657
645
646
648
670
697
684
683
668
671
683
674
660
666
684
687
683
677
688
691
690
26
665
669
683
682
674
668
675
677
671
654
651
656
657
647
653
660
667
653
655
668
666
658
659
668
667
658
670
666
653
664
666
655
658
661
655
646
667
666
656
656
665
670
659
655
661
664
663
654
664
670
667
657
661
666
663
651
652
661
666
660
659
670
666
661
659
671
679
666
669
681
680
667
675
687
21
666
671
688
687
673
676
684
686
674
690
694
22
672
675
684
689
684
667
678
683
673
667
674
682
682
667
21
647
644
652
649
650
644
636
628
622
616
619
627
641
644
651
643
651
678
691
680
699
716
708
22
686
699
710
708
25
684
691
711
708
702
684
696
697
687
685
699
692
680
695
690
681
694
694
688
680
679
696
692
673
689
695
690
682
688
695
683
677
692
685
23
663
662
47
615
720
67
654
645
652
665
670
661
666
678
669
694
28
666
657
648
642
643
642
636
631
622
616
614
618
622
618
618
616
608
616
624
629
650
665
657
675
679
692
679
677
685
691
700
699
687
682
673
664
648
650
21
630
626
627
627
640
649
652
649
666
683
695
699
705
707
694
684
666
673
662
651
651
643
652
645
634
625
628
630
634
639
641
641
646
636
636
641
645
652
651
649
653
663
671
671
661
680
678
676
680
671
668
666
676
662
650
650
647
656
657
666
673
681
680
703
717
718
719
750
766
793
797
33
765
758
21
738
27
711
700
701
703
718
707
727
727
713
702
697
687
687
677
664
660
664
654
672
670
661
662
668
670
678
694
701
700
682
676
684
684
690
693
691
690
672
670
675
690
718
724
727
729
718
704
727
728
711
701
707
700
703
703
708
705
696
21
675
673
670
672
680
678
684
674
679
685
682
684
674
662
665
668
666
655
651
660
663
661
673
678
668
671
680
687
693
694
704
705
701
27
674
676
679
677
682
685
681
681
684
677
667
667
22
646
649
645
647
648
641
322
320
318
640
644
648
645
649
657
660
659
673
672
673
23
651
655
668
680
689
697
686
690
693
703
692
696
708
703
700
699
689
676
675
674
680
679
672
676
680
682
691
691
692
685
686
22
664
668
678
686
695
702
706
701
697
689
21
669
671
672
679
686
701
713
701
695
697
700
698
697
695
677
686
681
686
708
714
733
723
712
712
725
724
711
710
712
705
710
715
723
728
729
725
708
35
674
676
676
692
710
700
706
725
724
719
717
709
21
689
689
685
384
302
375
681
680
676
685
681
685
403
283
392
665
666
664
681
692
728
743
729
746
742
738
762
747
33
714
728
726
746
745
734
731
720
714
705
28
677
685
674
672
666
671
680
689
692
688
675
668
680
683
688
696
706
711
726
730
731
725
718
702
706
710
712
712
695
697
705
692
691
723
721
709
725
734
735
720
713
722
727
726
715
708
691
679
681
682
678
665
662
662
665
660
671
668
668
675
688
703
711
727
735
725
732
728
726
31
696
682
682
677
667
673
680
724
735
738
741
742
756
745
742
727
717
719
728
745
736
741
738
737
736
22
715
702
24
679
685
689
709
716
708
715
708
710
20
691
683
691
696
688
685
698
701
694
704
703
702
699
690
687
671
669
666
672
672
665
660
658
665
668
679
691
704
709
714
709
699
688
22
666
21
646
647
646
650
635
627
624
636
655
657
671
682
685
698
708
725
730
732
728
719
722
724
714
46
669
691
682
678
662
650
659
693
701
704
701
697
681
680
674
674
673
685
686
699
705
700
699
21
678
677
680
694
703
731
727
722
708
708
709
702
717
723
709
716
721
722
741
747
750
28
722
714
722
720
763
764
753
748
21
727
708
692
689
698
712
724
733
735
735
726
724
718
725
24
702
695
712
711
701
703
700
687
678
683
696
700
701
736
751
766
757
752
738
736
721
733
746
730
743
746
739
732
725
706
716
725
727
717
711
726
709
712
709
704
703
708
712
715
711
695
685
690
679
689
682
677
683
675
684
681
693
703
698
706
701
696
694
711
721
712
716
707
698
686
672
675
685
692
697
692
692
680
678
667
659
659
641
632
636
641
648
669
707
729
743
739
740
774
781
761
755
779
771
771
786
29
757
749
737
25
712
710
716
711
700
693
696
722
705
704
703
711
709
708
708
703
701
693
21
673
678
689
703
702
705
719
724
723
717
715
709
701
691
687
680
666
666
656
657
666
673
668
680
679
687
693
699
694
701
708
720
728
723
713
711
712
712
722
726
720
702
702
705
707
696
697
699
703
701
704
28
676
676
665
667
667
694
688
688
703
724
733
744
735
726
718
719
728
731
722
723
733
729
744
29
715
27
689
687
690
681
695
682
680
21
660
691
707
707
693
706
715
727
747
736
735
718
110
609
803
108
696
686
688
692
697
704
701
694
697
59
638
756
65
692
697
698
707
711
701
725
728
728
713
724
714
725
740
731
717
719
727
741
735
728
723
719
714
721
718
704
714
709
715
725
712
726
739
741
740
730
741
741
736
741
726
711
712
700
701
708
712
721
722
720
737
727
730
738
727
717
717
710
710
698
696
708
725
746
754
743
754
752
750
747
768
767
748
770
761
764
757
740
745
742
733
733
737
737
737
729
731
770
35
736
721
713
720
709
701
690
695
705
717
734
726
721
740
756
757
760
752
754
746
729
728
719
718
714
699
715
724
722
714
722
743
734
731
744
739
733
733
731
725
723
715
715
697
694
691
695
691
703
707
730
722
742
744
744
730
744
741
745
728
731
738
748
750
740
732
728
729
21
708
694
697
703
709
728
738
744
742
737
728
733
725
728
730
712
720
706
699
697
711
717
722
718
729
722
732
729
734
730
714
712
20
693
692
687
679
683
691
695
695
682
691
676
662
682
693
696
698
693
701
703
705
703
706
720
719
709
723
726
718
740
726
720
720
707
701
683
675
680
681
707
730
725
753
754
750
760
743
754
755
748
750
745
752
744
737
728
723
723
712
717
717
729
732
743
730
731
737
733
727
746
737
742
723
730
718
709
703
686
684
697
705
708
706
700
711
711
717
725
713
695
703
702
715
719
708
717
718
727
722
719
711
708
698
685
691
700
710
713
710
719
730
715
712
707
701
696
683
689
676
683
696
697
735
724
730
740
751
740
742
23
720
710
715
720
720
741
745
743
750
21
730
731
732
724
716
711
696
681
674
676
683
683
727
30
698
703
700
706
701
701
691
686
684
690
685
674
679
703
705
695
724
727
718
732
736
722
753
757
757
767
790
780
785
775
758
766
764
755
756
737
750
771
759
743
743
765
753
756
737
747
752
747
739
746
735
718
27
691
698
701
694
716
729
733
735
724
731
728
725
732
739
731
718
711
306
405
92
314
720
717
715
705
26
679
681
679
665
671
674
677
685
679
686
686
697
711
725
723
743
745
738
752
760
750
737
743
741
733
725
736
23
713
733
733
745
740
734
27
707
712
715
717
711
701
691
684
667
652
637
638
643
653
691
777
773
843
873
31
842
842
854
848
832
823
826
823
808
801
796
787
766
748
729
731
728
734
729
727
24
704
712
712
705
698
693
686
692
689
683
672
659
659
676
681
684
707
714
721
729
741
730
749
761
760
777
757
749
760
754
769
760
757
740
750
751
742
737
747
745
745
726
26
701
699
688
682
669
667
684
686
691
695
708
717
718
711
719
717
719
715
718
727
725
21
705
719
727
719
729
717
706
698
683
690
695
690
679
685
686
678
676
678
686
687
683
684
666
675
685
690
695
713
713
711
704
701
54
647
726
47
679
682
671
674
682
698
718
724
731
733
720
731
716
724
730
739
733
730
742
732
727
707
692
686
676
685
698
697
708
721
747
748
743
734
743
740
727
722
708
700
689
697
708
712
710
728
725
716
703
717
724
748
749
734
738
747
742
738
760
758
762
744
755
751
749
754
750
743
747
752
757
750
747
751
753
749
750
746
729
743
741
744
744
746
735
716
721
724
725
727
720
705
695
693
710
703
695
700
696
685
687
706
706
717
725
737
732
732
739
730
724
713
40
674
672
659
641
630
624
646
662
684
721
762
787
819
812
844
32
813
802
811
821
802
26
777
762
760
746
25
721
730
732
744
736
747
757
761
743
767
755
751
755
763
755
748
755
758
750
740
753
746
740
745
747
745
737
729
717
701
22
680
672
145
528
832
148
684
697
720
21
700
718
736
747
769
749
785
791
777
25
752
754
750
738
745
726
742
748
758
750
765
30
736
755
755
26
730
734
746
757
751
752
754
750
754
756
21
736
750
748
747
746
752
750
745
739
739
720
746
755
772
770
753
767
767
755
741
746
751
750
749
742
24
718
716
728
727
726
721
715
726
731
733
729
715
705
714
715
726
735
741
745
745
730
730
739
753
762
789
784
777
39
738
742
748
757
763
754
737
730
717
702
706
715
726
726
726
724
745
773
779
778
776
26
750
750
738
737
25
712
708
710
734
738
754
746
758
761
759
764
750
733
724
743
748
750
741
765
762
757
766
754
771
766
780
29
752
764
776
768
751
21
731
714
716
727
720
740
750
751
756
741
740
741
738
740
736
722
728
727
718
706
720
725
730
739
746
733
749
752
737
723
726
719
711
706
716
716
704
696
20
676
675
683
686
687
674
688
707
719
724
729
726
719
725
739
730
725
726
729
738
730
714
729
736
731
719
737
734
731
740
744
746
742
734
741
738
734
716
711
723
733
739
750
743
733
735
733
733
723
735
737
741
735
758
750
749
742
759
761
756
766
762
748
762
750
750
757
756
753
755
749
737
738
722
24
699
706
706
709
717
718
726
746
746
747
761
750
21
729
710
719
715
714
724
715
720
730
732
722
717
709
704
700
687
692
705
712
731
747
737
741
763
758
754
750
755
765
759
29
731
725
712
707
706
688
688
704
708
727
733
744
748
780
794
798
804
33
772
774
772
756
753
23
731
22
710
721
722
733
738
729
23
706
699
700
707
713
710
713
718
704
724
737
732
737
743
757
770
786
802
799
785
25
760
28
733
735
736
732
734
727
722
740
724
738
751
754
756
747
762
775
763
761
753
750
24
726
727
728
737
736
743
727
747
766
770
752
738
747
744
735
745
750
739
731
724
713
714
729
729
745
740
745
746
738
736
735
727
710
706
711
729
723
463
260
458
1446
724
722
746
728
759
746
764
778
27
751
742
762
768
308
461
152
310
761
22
740
726
715
729
744
742
267
475
222
254
719
716
708
717
705
700
704
692
704
717
723
721
719
730
725
745
737
734
751
734
719
708
708
706
708
718
720
720
727
730
718
708
725
726
730
738
723
733
740
750
745
746
747
750
746
733
734
719
722
747
747
746
750
730
764
767
753
744
753
751
746
740
740
727
723
718
715
725
722
717
728
735
754
762
764
761
775
775
30
745
739
760
750
765
773
763
795
805
792
780
780
774
773
774
772
764
25
739
748
759
771
781
799
23
777
791
794
34
761
766
761
770
773
762
758
748
28
720
724
742
754
762
762
761
745
758
747
751
759
761
753
737
760
751
749
759
763
759
759
754
747
27
720
728
738
727
732
745
731
730
729
725
732
23
709
716
719
753
757
751
752
760
750
733
723
711
699
708
722
744
758
786
803
817
798
785
799
811
23
789
796
806
801
798
778
781
783
782
25
758
770
786
800
798
811
794
786
778
776
781
772
758
739
758
756
756
759
758
749
22
727
750
753
750
32
718
734
728
35
694
702
712
28
685
674
662
665
655
650
656
642
631
626
626
617
618
621
617
601
597
585
583
584
599
607
631
639
648
643
629
620
619
623
624
619
636
636
32
605
603
596
588
582
571
573
566
561
559
556
560
561
569
564
568
572
570
569
570
565
563
568
594
600
603
616
625
626
642
645
639
644
650
640
656
666
694
689
688
690
700
702
691
707
705
714
725
715
700
691
688
673
672
671
685
704
25
680
700
715
705
704
695
717
718
713
696
700
716
734
742
23
719
738
751
735
773
786
783
762
774
773
32
742
756
760
770
752
739
753
841
49
793
785
769
778
758
770
791
782
29
753
741
761
758
756
742
762
799
806
791
818
810
811
811
821
811
798
804
804
24
781
767
752
38
715
709
718
761
771
776
785
777
780
791
806
788
791
818
822
824
806
805
820
828
817
24
793
794
794
791
791
789
794
785
797
814
24
791
786
804
783
793
774
27
747
745
742
25
717
725
761
760
755
24
732
727
748
752
762
769
759
769
787
780
806
804
801
796
781
782
791
773
754
759
765
757
775
798
807
808
804
796
817
823
811
817
827
825
822
818
816
803
805
826
837
843
844
833
820
844
845
823
809
836
842
840
835
827
821
802
804
819
813
800
794
815
825
816
23
793
790
783
764
57
708
704
689
673
656
652
635
632
631
640
641
636
627
640
652
660
664
678
682
665
654
657
672
672
670
661
683
714
704
711
705
723
734
720
725
764
752
750
746
742
728
741
750
749
34
715
722
728
731
717
713
700
690
703
692
679
691
695
709
704
714
728
710
721
717
702
693
679
689
683
682
679
688
685
673
695
715
702
717
21
697
689
688
687
688
674
679
666
678
694
695
697
708
718
715
711
708
704
691
676
660
658
678
682
689
699
709
708
716
703
703
688
688
685
694
695
712
725
724
729
722
713
719
708
706
718
708
726
730
716
727
733
31
702
709
704
711
714
711
711
722
722
714
709
709
708
696
682
683
686
697
697
686
694
691
689
696
689
685
688
678
666
675
686
684
332
353
36
317
657
640
628
629
627
631
637
651
640
661
649
643
645
632
642
640
637
644
647
651
654
654
656
651
174
478
792
168
625
637
636
637
638
653
647
644
664
669
676
670
678
22
656
665
667
668
661
657
664
665
656
648
647
635
639
637
637
657
663
659
651
644
644
649
650
652
640
625
624
614
607
601
599
603
625
636
650
646
661
670
21
650
634
631
627
625
622
618
615
612
610
624
634
634
634
645
644
640
633
642
646
653
652
648
644
637
630
624
621
619
619
628
632
634
634
645
651
658
645
645
642
629
622
625
618
613
613
623
628
630
631
633
624
619
620
616
613
608
132
476
213
264
451
591
580
573
571
572
571
573
591
614
648
736
725
51
674
664
702
711
722
29
694
712
729
733
714
705
702
24
678
696
709
696
703
689
695
688
696
687
678
708
704
704
700
698
703
695
683
689
697
697
696
685
680
676
669
679
679
674
689
699
21
678
701
690
694
688
673
669
673
697
705
696
24
672
686
691
691
685
681
669
673
681
676
680
672
679
695
681
680
671
669
662
663
655
648
646
651
647
644
648
647
654
653
646
653
663
657
657
663
658
651
665
657
657
647
651
644
677
691
675
682
686
680
683
673
677
673
668
663
675
665
653
657
644
634
651
650
654
659
658
655
662
680
690
675
684
671
666
662
662
655
643
637
641
363
278
350
618
629
643
645
641
664
659
658
650
637
627
625
629
636
647
653
637
20
618
623
627
639
652
650
646
631
627
616
610
594
591
592
596
638
657
652
646
639
637
650
655
687
690
691
705
686
685
668
663
650
640
651
661
25
636
641
634
639
646
642
640
625
630
625
624
615
608
600
23
577
584
587
589
586
611
642
666
675
695
687
21
666
663
664
664
683
679
665
656
652
640
625
615
606
603
595
592
605
605
610
593
584
578
578
578
568
557
558
564
559
559
557
567
562
558
565
569
565
564
564
564
557
565
573
583
588
595
610
627
632
19
614
606
602
615
621
629
626
632
623
625
621
605
604
614
614
621
626
652
649
24
626
626
618
625
20
606
610
603
613
631
625
632
648
653
648
655
667
657
676
705
713
30
684
675
702
691
722
712
728
726
24
703
703
723
709
722
750
22
728
26
703
685
672
688
710
718
710
730
720
721
737
737
723
731
752
758
746
791
793
33
761
792
776
766
795
810
23
788
25
763
777
778
27
751
775
792
773
766
23
744
737
723
730
732
714
727
743
733
744
767
789
776
23
754
740
740
726
730
714
711
694
25
669
680
687
685
692
724
716
722
717
737
724
731
712
40
673
665
680
694
691
691
694
706
705
707
723
729
731
732
737
731
722
725
743
743
723
729
743
750
733
736
754
750
738
768
758
743
751
744
741
724
729
718
710
714
735
726
717
728
748
733
727
733
727
721
728
737
736
726
718
718
713
705
698
708
698
717
719
23
696
705
703
684
681
684
678
680
21
660
650
644
646
648
659
649
680
20
660
650
643
666
658
664
683
698
689
701
725
712
712
745
750
730
752
761
21
741
737
754
776
757
791
28
764
786
803
795
26
770
763
34
730
726
742
755
763
767
747
792
784
770
813
810
831
855
30
825
805
816
823
37
786
797
793
39
755
790
784
37
747
775
794
799
783
820
33
788
804
799
25
775
780
768
792
30
763
31
733
731
33
699
705
698
696
713
719
713
718
711
694
681
698
710
720
726
732
723
754
757
756
743
768
753
742
747
770
782
767
788
32
756
21
736
737
734
730
712
698
686
687
687
694
677
681
692
266
426
172
255
685
694
692
718
725
753
785
768
784
805
25
781
779
803
30
774
31
744
749
28
721
733
717
737
750
731
760
753
737
737
743
745
751
737
737
736
750
753
764
752
29
724
740
742
725
707
363
344
370
696
692
694
696
709
712
737
756
770
786
791
774
791
791
41
750
735
747
757
756
740
735
732
21
711
741
730
761
755
772
776
755
758
749
750
732
731
724
725
728
24
704
690
672
666
671
667
676
669
679
676
664
655
650
661
673
664
668
676
719
723
732
727
745
744
760
802
810
811
797
23
775
29
747
738
22
716
717
741
750
730
769
24
746
750
751
739
21
718
710
705
696
708
699
708
709
707
704
709
708
730
740
741
743
739
26
714
708
705
687
677
689
700
706
690
680
701
732
732
737
759
781
35
746
758
745
752
756
763
777
765
776
797
26
772
789
782
774
780
22
758
766
765
769
769
800
28
773
771
755
738
734
741
726
731
740
744
755
751
744
750
736
731
724
22
702
704
696
689
708
736
744
756
747
746
737
731
720
703
699
708
727
722
743
736
753
22
732
732
719
724
728
723
730
745
22
723
735
729
744
742
737
729
712
699
690
677
676
681
683
707
759
769
775
768
803
810
833
28
806
791
794
794
780
794
777
765
773
762
28
735
22
713
702
705
704
731
731
761
771
26
746
35
711
696
679
678
708
726
767
762
790
791
24
767
764
782
805
815
28
788
787
790
22
768
769
768
769
752
734
25
710
711
712
732
737
741
724
742
763
775
762
750
781
785
800
52
749
41
708
698
25
673
666
664
673
675
672
683
675
678
677
668
669
674
662
657
652
647
670
26
645
636
637
624
628
625
641
649
648
643
636
632
620
611
613
611
610
607
608
615
625
615
610
608
604
608
615
621
629
635
633
637
639
640
637
638
632
628
626
617
611
613
609
613
615
618
611
628
617
619
606
615
599
600
603
601
603
602
601
616
631
655
664
691
701
693
689
695
678
683
690
674
682
697
712
700
706
709
716
721
716
708
22
687
691
698
705
698
709
716
745
734
757
752
747
28
719
718
719
717
721
25
697
709
724
727
716
734
734
737
723
732
79
654
791
88
704
23
681
717
38
680
663
668
669
688
704
688
692
726
732
750
770
796
806
31
776
817
804
812
34
779
808
804
801
789
772
783
765
756
749
24
725
736
730
733
747
731
741
734
742
740
755
742
727
756
742
741
753
758
746
771
755
810
803
836
815
814
31
784
798
845
32
813
30
784
28
756
764
802
799
784
771
786
819
24
795
811
811
840
848
861
839
838
42
797
791
794
779
770
771
756
750
733
746
750
732
760
778
795
778
773
22
751
755
747
754
743
732
724
708
704
703
708
731
738
732
726
738
21
717
704
693
691
717
727
730
735
758
772
783
763
776
779
777
761
774
22
752
737
731
722
720
742
751
778
765
759
765
756
26
731
742
756
763
768
786
791
792
795
792
23
770
791
783
783
780
772
768
787
785
765
768
760
752
24
729
748
738
724
747
742
743
735
724
23
701
699
693
685
675
668
668
666
684
319
366
42
324
682
680
683
699
696
724
728
721
723
720
756
781
774
769
770
750
776
777
793
846
864
848
904
31
873
871
855
876
27
849
855
833
811
24
787
782
786
784
803
805
35
771
777
782
772
776
763
29
735
726
736
750
764
773
758
763
774
785
783
763
783
791
791
771
776
769
752
744
732
22
710
719
715
730
718
733
736
456
280
457
745
741
741
21
720
22
699
698
691
688
698
685
683
699
708
704
696
691
33
659
667
688
715
723
725
735
741
746
750
755
770
769
754
773
782
770
775
789
784
783
793
784
767
29
738
754
755
26
730
758
768
788
784
765
791
802
817
811
31
781
783
796
790
205
585
922
158
765
763
764
27
738
756
749
762
782
800
781
803
820
843
37
807
28
779
800
791
778
797
805
791
787
29
758
757
473
285
469
759
756
760
750
737
718
719
722
721
730
715
737
742
740
26
714
708
706
701
719
736
738
735
772
777
780
797
801
801
785
797
798
794
775
786
787
779
758
769
767
768
751
752
757
760
22
739
756
767
756
766
478
288
467
726
37
690
688
671
668
657
666
676
676
663
673
665
672
665
19
646
656
659
275
384
103
282
636
654
650
662
660
667
658
685
695
23
673
675
666
21
646
649
634
647
652
645
665
693
702
692
702
703
24
679
676
694
690
686
706
701
720
736
250
486
929
235
694
701
713
700
710
723
731
728
727
738
748
738
728
751
755
741
744
751
748
22
726
736
748
750
735
727
741
733
26
708
704
718
708
713
727
728
734
746
750
757
759
749
744
759
762
746
758
766
750
765
754
771
759
753
25
729
740
736
719
735
747
741
763
774
758
769
780
780
767
785
785
782
798
799
783
803
800
787
783
783
763
772
784
777
772
788
773
772
779
779
761
776
772
753
740
756
755
743
753
743
735
733
752
753
734
752
755
757
750
762
779
760
779
778
760
762
768
758
745
748
752
734
740
740
732
717
725
727
728
712
727
155
573
862
166
696
714
717
716
725
713
722
733
716
726
29
698
712
700
697
34
664
664
663
679
675
689
701
704
708
715
713
707
21
686
688
684
699
686
682
716
747
745
258
487
194
293
777
774
781
761
778
791
35
757
767
788
781
25
757
749
770
768
781
768
756
776
813
798
804
836
820
800
808
794
774
807
834
24
811
811
791
781
782
764
769
792
29
764
772
781
777
762
23
740
200
540
916
426
490
962
238
725
733
758
749
778
787
785
421
364
437
814
34
780
793
779
766
774
757
754
757
749
751
759
27
733
726
726
726
708
711
716
720
720
758
742
750
763
760
21
740
750
738
721
721
739
736
763
22
742
729
734
736
26
710
720
702
691
699
708
20
689
750
750
744
756
759
21
739
750
750
733
761
766
752
743
752
777
784
768
765
769
756
755
772
773
762
787
785
764
772
770
768
786
787
794
799
35
765
778
772
756
161
596
859
141
719
731
752
788
771
779
784
764
760
767
753
735
733
747
740
339
401
107
294
779
51
728
711
729
739
754
771
754
765
768
754
771
763
764
764
769
770
766
784
777
781
762
772
793
792
27
766
784
769
27
742
738
757
770
752
769
787
24
764
779
797
788
792
789
770
781
794
37
758
777
784
768
789
795
791
780
195
585
958
207
752
756
746
750
744
725
733
743
21
722
729
731
719
713
728
709
706
717
723
717
725
105
621
865
124
741
725
715
708
700
689
685
679
667
652
639
628
1282
628
655
652
671
681
685
698
708
696
695
714
729
725
762
774
755
791
793
786
774
761
760
27
734
736
729
724
722
753
748
753
773
778
781
35
746
760
769
766
762
755
766
771
31
740
741
764
762
747
741
749
761
742
754
761
235
527
165
362
569
703
698
684
673
676
693
684
708
718
727
720
757
745
738
743
758
742
747
733
718
727
726
722
744
738
756
755
751
24
727
740
744
752
765
775
758
760
756
21
736
743
731
749
23
726
709
717
733
771
779
764
794
782
27
755
766
748
761
767
24
744
747
745
745
746
33
713
729
720
709
20
690
691
712
733
727
756
771
757
777
787
767
751
769
760
740
730
730
726
711
23
689
697
713
741
744
764
765
758
755
767
760
765
768
790
798
23
776
783
787
767
785
780
775
758
775
764
752
766
762
749
752
740
743
740
726
719
721
719
713
717
720
713
706
706
710
704
702
712
713
708
708
711
709
703
693
702
707
704
690
697
691
677
682
673
673
679
695
708
721
720
718
720
703
716
709
703
685
671
672
681
685
688
690
697
691
704
709
711
713
744
737
732
734
749
744
739
767
752
21
732
758
781
22
759
791
788
796
24
773
798
789
798
808
790
810
802
801
40
762
773
33
741
727
720
719
735
744
740
750
769
766
30
737
327
410
98
312
695
682
22
661
663
660
658
663
687
708
725
715
711
716
714
712
744
760
780
763
743
728
711
698
698
697
709
711
710
692
687
685
684
701
710
700
723
728
722
742
727
708
694
702
711
719
707
694
702
703
685
30
656
656
644
645
666
675
702
716
747
728
743
790
791
23
768
780
768
809
790
808
829
813
816
818
23
796
28
769
791
803
27
777
765
786
783
26
757
770
777
36
741
750
751
748
788
816
26
791
805
817
344
474
159
315
767
757
755
739
757
768
29
740
760
762
24
738
738
760
763
28
735
737
740
722
714
717
718
710
722
731
742
756
737
24
713
720
706
699
734
721
734
754
750
732
765
756
739
755
788
778
770
764
764
762
36
727
743
732
746
742
739
751
771
796
805
74
732
803
75
728
737
722
717
735
731
741
732
747
750
736
729
736
726
717
730
739
26
713
708
720
721
708
710
717
710
697
705
704
712
730
761
784
29
755
782
767
28
739
21
719
750
741
757
740
728
756
763
26
738
750
763
759
791
775
813
816
45
772
779
792
30
763
753
760
24
737
754
755
742
741
754
749
732
725
733
733
25
708
723
745
734
762
772
760
764
763
773
27
747
767
767
762
776
772
33
739
743
745
742
749
26
723
719
737
754
773
777
772
759
763
765
783
767
755
788
28
760
762
753
759
264
496
246
250
731
746
733
725
741
763
788
775
774
31
743
731
714
710
701
24
677
681
697
702
714
720
721
763
768
789
809
791
809
833
818
802
835
833
832
828
806
802
817
47
770
768
21
747
758
757
753
761
780
772
759
781
763
783
769
751
750
744
271
473
222
251
730
730
743
741
22
719
23
696
688
682
666
662
656
29
627
619
625
639
670
694
732
739
784
819
813
831
835
830
446
384
425
774
764
785
36
750
784
791
787
776
775
26
750
771
768
750
782
790
23
767
785
796
792
822
821
822
821
808
24
784
782
762
787
843
887
35
853
872
30
842
848
827
39
788
791
791
791
795
785
24
761
766
765
758
771
782
793
798
803
785
781
799
779
787
796
780
788
791
23
769
767
773
776
767
766
787
785
782
775
778
781
772
22
750
766
768
765
753
750
758
756
747
758
769
775
764
748
762
766
762
758
765
760
757
778
772
751
769
764
21
744
763
767
758
746
760
759
743
750
761
750
743
750
741
724
717
724
736
740
730
744
753
748
734
745
735
727
731
745
412
333
78
255
846
132
714
731
22
710
712
709
694
695
708
700
686
671
665
687
690
682
712
738
747
764
758
773
774
775
761
768
776
766
753
22
732
748
752
742
736
748
752
755
748
758
750
748
742
738
745
737
730
729
736
745
736
740
744
746
746
736
741
744
743
748
735
735
740
742
743
734
23
712
724
727
725
727
717
724
732
729
725
729
728
728
720
717
730
731
731
726
721
726
733
735
730
721
716
722
726
737
731
747
753
768
758
748
759
745
731
718
729
727
711
700
701
684
678
674
669
670
671
666
656
655
653
653
658
661
681
696
716
723
747
776
787
781
787
803
806
811
806
24
782
778
768
763
759
741
733
751
750
744
751
761
765
757
760
742
742
747
747
737
740
738
731
743
758
768
764
760
757
757
757
771
773
775
766
756
756
762
766
763
761
759
755
746
749
756
764
761
763
767
759
746
750
755
750
742
745
741
734
724
724
736
732
737
732
732
721
716
733
730
730
732
741
740
21
719
741
743
735
747
750
740
735
734
736
736
718
709
730
746
737
729
711
711
719
718
709
707
718
717
715
711
717
731
727
712
714
723
719
715
720
725
723
719
724
739
736
738
735
738
729
709
724
737
729
724
20
705
698
702
701
697
691
699
700
696
693
695
706
697
695
692
705
701
699
693
695
700
697
687
688
697
691
688
685
699
694
694
691
692
706
707
706
707
714
716
719
706
714
710
708
701
707
709
711
703
708
708
710
702
706
712
712
706
702
706
696
691
674
680
223
458
866
220
646
643
632
625
617
618
625
623
625
618
622
634
636
634
634
630
626
621
616
620
630
645
645
635
653
660
661
677
696
695
716
699
734
744
747
30
718
726
711
697
702
686
684
666
666
21
645
648
20
628
620
612
626
622
617
622
299
323
32
291
621
613
616
609
607
602
605
598
593
585
586
583
583
584
580
578
577
571
572
146
427
706
143
563
557
558
554
553
548
549
541
541
540
542
543
541
529
531
534
540
540
286
254
275
534
530
533
529
523
525
524
522
520
518
521
516
515
243
273
751
240
512
513
509
508
508
513
509
500
505
504
506
509
503
503
497
501
496
497
498
494
80
415
572
79
493
493
495
495
240
255
725
232
494
493
493
488
491
490
491
492
488
489
486
487
490
485
486
482
486
483
483
484
482
485
480
490
485
171
314
645
161
484
477
478
482
481
475
478
478
479
480
477
478
481
480
200
280
675
198
478
477
477
482
477
477
476
480
480
476
475
474
472
475
472
470
475
471
471
466
467
463
463
464
462
463
465
462
461
457
459
465
460
458
458
456
462
458
458
456
456
458
458
458
454
458
462
459
456
455
458
458
455
450
453
456
456
451
450
455
452
452
450
456
450
448
448
448
451
450
446
449
446
446
449
446
450
442
448
449
448
447
442
447
448
443
443
442
445
445
441
441
444
443
438
442
443
444
439
446
443
439
445
444
443
437
447
443
442
442
445
442
442
447
447
448
445
451
447
451
454
453
450
448
454
455
462
458
461
463
468
471
475
474
475
472
468
470
473
475
472
474
481
486
482
482
486
484
480
481
482
478
472
474
475
474
467
473
475
475
477
481
486
490
487
491
494
493
490
482
482
484
482
481
479
475
478
480
473
475
478
481
110
372
600
109
491
493
490
495
494
498
503
506
505
115
391
632
116
516
515
519
527
535
537
542
562
567
563
583
583
567
570
583
568
559
565
611
624
624
610
605
609
615
611
596
602
616
614
603
586
575
572
563
551
543
539
541
547
545
538
536
542
562
599
609
614
610
612
647
654
647
635
649
655
643
631
639
645
628
634
651
648
637
636
659
663
649
20
629
627
665
685
669
661
24
637
632
638
653
659
21
638
633
643
676
699
685
679
25
655
639
639
652
639
631
647
683
709
701
695
20
675
668
662
684
727
739
721
716
24
693
26
667
665
676
670
23
648
651
671
721
713
716
715
29
687
670
688
692
25
667
685
685
681
19
663
678
679
668
661
674
687
686
677
669
685
686
20
666
671
688
688
670
692
701
24
677
681
690
684
675
693
710
701
682
684
696
692
27
666
678
690
689
680
689
706
701
23
678
672
667
698
24
675
661
643
628
614
608
603
608
620
633
643
640
659
666
676
661
663
708
691
676
674
694
695
20
675
677
689
689
676
687
696
685
679
701
708
30
679
698
705
27
678
681
701
705
20
685
685
703
690
681
709
719
713
701
726
727
709
708
718
715
699
708
718
703
699
721
723
28
696
701
709
703
692
703
712
24
689
679
692
687
677
676
694
710
710
701
711
727
726
22
704
733
733
732
738
759
21
739
734
748
23
726
708
733
742
27
716
718
738
736
26
711
720
740
736
23
713
732
728
725
20
705
714
727
727
708
715
729
731
715
732
732
720
719
735
739
725
715
718
740
743
727
709
704
709
694
698
701
691
707
701
693
707
708
690
700
717
721
706
715
720
714
708
718
717
701
710
714
713
698
715
714
701
694
707
708
698
708
715
708
701
718
722
705
719
723
707
715
722
713
700
714
722
21
702
712
718
712
696
711
703
20
683
677
676
705
689
679
674
669
657
653
648
658
673
683
678
694
712
716
708
717
733
733
723
729
741
22
719
712
723
728
725
711
727
732
24
709
716
722
730
715
724
727
713
722
726
717
714
732
727
713
731
727
715
717
723
722
712
722
723
709
708
714
711
723
728
726
721
729
719
715
732
731
722
730
733
715
728
737
721
733
734
716
732
738
740
724
735
735
728
719
728
720
707
719
717
701
691
677
671
682
143
540
815
150
665
648
646
632
632
630
637
656
685
706
708
708
707
694
679
679
674
661
671
669
666
667
654
659
647
638
645
640
654
653
675
694
697
703
687
693
692
676
687
687
686
691
692
678
665
670
670
668
661
669
683
718
707
708
694
686
670
671
677
673
700
715
724
727
750
748
731
738
754
735
21
714
730
738
731
21
710
724
731
736
32
704
712
728
736
730
22
709
717
732
726
709
745
744
27
718
730
747
742
726
742
744
740
720
755
765
750
742
772
774
42
732
725
738
28
711
711
711
716
359
358
13
346
702
708
696
709
723
721
708
276
432
140
293
739
726
714
707
700
20
680
679
679
666
669
679
673
673
682
713
711
742
735
756
752
743
733
722
21
702
716
700
722
732
738
769
753
750
772
767
749
768
751
738
760
757
742
748
764
758
740
750
746
730
748
745
728
712
723
717
717
730
740
747
737
729
712
699
121
578
774
92
682
690
711
717
105
613
822
129
694
684
693
709
715
708
709
702
686
695
700
710
712
697
685
700
716
780
766
763
769
57
713
26
688
758
93
666
168
499
833
171
662
666
659
657
662
119
543
285
259
312
60
253
1047
728
319
331
45
286
952
2964
1697
1268
1438
844
595
613
3999
3313
686
372
314
384
46
339
2333
3999
3999
3999

