800
791
801
804
803
794
795
803
801
800
796
805
807
808
798
792
802
804
801
801
801
801
805
790
799
806
806
803
795
803
806
803
798
790
795
795
794
791
789
788
784
791
794
791
789
789
789
792
796
781
784
788
793
791
775
786
786
780
785
782
781
790
788
779
771
768
767
759
761
763
763
770
762
760
766
767
766
762
766
767
771
767
762
767
772
766
765
765
770
770
772
776
782
787
785
777
789
786
781
778
788
791
798
794
783
790
807
23
784
24
761
752
790
788
795
805
810
812
812
813
807
801
798
797
792
797
791
792
792
794
805
801
807
802
798
798
789
788
784
780
781
781
781
778
775
782
778
774
775
788
788
786
783
787
791
791
791
789
788
792
791
791
793
795
796
799
796
796
794
800
802
792
794
802
800
798
802
803
803
799
795
794
792
789
781
778
781
775
770
768
763
763
761
762
762
763
768
767
773
770
777
785
782
782
785
788
792
796
792
792
791
791
783
782
781
781
777
777
774
774
781
776
772
778
773
769
770
769
778
776
774
770
780
781
780
781
780
777
778
782
789
789
793
796
792
793
790
796
794
795
787
788
787
789
790
793
792
789
789
793
800
797
794
794
791
794
788
784
777
774
776
779
787
788
788
781
773
782
792
800
801
805
805
811
804
803
806
809
809
806
814
812
805
803
808
810
807
809
806
810
811
803
791
790
783
781
769
770
772
777
775
774
774
788
791
782
786
791
791
789
784
787
786
783
783
778
778
780
782
779
777
783
783
781
780
775
782
782
781
780
791
792
792
792
797
797
797
801
798
802
806
807
802
799
798
799
802
801
800
805
804
806
807
805
805
804
805
809
806
797
800
804
798
805
799
809
808
806
803
804
803
798
795
794
792
785
784
789
791
792
796
793
791
790
796
789
791
786
784
779
773
778
786
781
780
781
786
787
784
777
787
785
786
779
780
777
761
763
758
746
31
715
708
706
707
704
700
692
699
710
699
704
702
687
685
689
684
674
666
674
702
722
732
741
742
731
728
734
741
745
730
737
736
722
705
716
720
725
721
722
726
728
721
722
725
724
715
716
21
695
23
673
665
652
646
635
637
630
625
623
615
621
615
614
609
615
613
615
606
609
602
600
601
599
603
599
598
597
596
592
592
595
591
595
591
587
592
586
584
587
583
583
578
578
578
583
575
579
570
568
570
567
567
562
560
563
561
556
558
558
551
542
549
550
543
541
538
541
540
537
536
540
537
534
531
533
531
532
526
530
534
527
524
524
531
529
526
522
523
529
526
525
519
522
529
524
516
523
525
522
522
518
521
523
521
516
519
523
526
529
520
522
524
526
526
522
522
526
526
524
528
534
535
533
528
535
538
536
528
529
536
533
532
529
527
534
532
530
529
533
534
535
528
530
539
540
539
530
533
537
533
528
526
530
530
525
524
529
524
525
518
519
523
520
510
516
514
517
516
518
512
511
516
514
507
509
514
512
504
510
513
515
520
507
518
513
523
521
522
518
518
528
530
523
515
519
522
515
515
521
514
510
511
516
516
16
501
506
509
506
504
502
507
509
500
500
505
506
498
500
504
504
503
505
507
511
513
517
519
516
520
520
532
529
526
534
538
541
543
546
549
559
547
554
563
562
563
559
563
563
563
566
563
565
569
573
573
565
574
576
583
576
580
580
587
592
596
594
590
588
583
578
584
598
604
602
600
602
615
603
610
613
612
601
603
605
607
595
600
606
616
608
607
615
622
618
613
618
625
624
621
623
630
627
618
604
599
601
606
603
608
617
627
633
625
631
643
643
638
638
655
651
645
643
655
657
650
648
655
661
653
643
653
670
666
663
666
672
656
655
661
661
20
641
630
619
624
629
645
650
647
652
670
676
690
686
678
695
704
708
700
690
691
704
704
689
686
688
697
679
679
686
691
685
677
684
698
690
684
685
694
698
686
684
687
688
692
686
687
702
706
696
696
702
716
706
701
712
719
720
705
706
707
711
704
701
703
706
718
701
704
709
718
720
703
701
708
703
687
706
704
693
688
694
693
684
691
698
707
705
709
704
697
696
685
675
685
681
687
670
677
680
690
684
681
693
698
695
693
706
710
713
717
710
707
716
719
710
701
711
718
707
710
721
743
727
723
730
736
732
733
740
741
746
742
747
757
743
734
737
739
735
730
731
733
741
737
739
742
746
752
748
753
758
758
754
762
765
765
756
761
764
763
756
759
763
757
745
753
757
752
744
746
749
749
745
750
757
761
754
751
762
767
763
764
767
767
756
751
751
753
749
753
752
752
754
752
752
754
755
754
749
752
756
749
735
736
740
740
732
739
743
750
738
743
750
750
742
746
749
749
746
739
746
745
742
737
740
749
754
759
750
747
753
750
752
752
760
765
766
751
753
759
755
751
748
754
761
762
756
759
768
766
760
761
767
764
761
767
760
767
763
759
758
765
774
768
761
761
776
776
773
764
759
772
774
767
770
788
785
784
775
777
779
782
772
764
771
766
771
762
764
762
758
758
758
749
750
744
752
747
747
750
750
751
746
745
748
731
728
733
730
720
716
728
729
734
730
735
744
752
751
749
754
766
762
752
754
766
761
759
762
769
774
774
768
773
774
773
770
773
778
775
770
771
782
781
774
774
773
768
760
752
750
741
731
733
730
723
713
731
730
732
725
731
738
734
718
701
697
703
711
714
722
725
738
743
747
751
751
746
738
738
747
747
739
737
730
752
752
757
754
746
744
747
749
745
738
732
736
735
744
743
745
742
743
747
748
739
725
721
726
727
729
742
735
736
737
741
732
734
721
710
706
708
708
713
716
708
711
713
723
719
718
731
729
726
732
727
732
726
727
731
724
723
722
718
708
714
720
725
726
737
729
726
729
722
720
719
724
711
709
706
697
694
688
684
683
691
687
681
669
660
658
663
671
672
682
697
696
702
705
709
713
721
710
710
708
715
718
724
732
740
735
731
734
734
725
736
750
745
739
738
721
725
728
726
725
720
735
727
725
721
724
720
710
709
710
710
709
699
706
709
708
708
718
719
715
720
727
728
730
726
726
721
716
709
709
703
691
692
690
691
698
689
692
694
704
708
710
708
710
712
715
722
709
710
717
715
711
711
710
714
710
732
724
728
724
717
716
708
710
710
704
705
713
730
726
731
726
737
743
735
739
744
742
732
724
729
732
733
732
737
736
718
721
725
722
729
735
726
738
739
728
740
740
744
743
739
730
738
728
711
716
711
720
712
702
706
710
716
708
708
712
725
725
736
748
755
751
760
754
752
752
760
756
751
758
760
760
755
754
753
752
733
715
718
728
731
744
739
741
749
743
753
742
735
733
736
742
744
739
742
750
755
755
752
757
764
757
753
756
759
753
31
723
716
718
720
707
711
725
728
728
723
742
744
738
731
737
734
720
720
733
738
735
728
730
737
730
723
725
728
737
733
724
733
740
732
735
737
738
719
722
738
742
738
744
734
723
727
728
734
730
716
719
727
724
736
738
725
727
735
743
747
740
734
740
741
738
726
22
705
693
720
723
724
732
726
726
736
734
721
715
726
732
743
745
750
753
751
750
742
724
720
725
727
730
717
716
716
715
714
711
704
708
707
688
683
682
680
675
678
679
689
689
695
696
701
721
715
718
712
701
700
705
705
701
694
699
709
710
716
719
717
723
723
724
718
719
706
710
704
700
697
701
703
703
705
708
704
697
703
707
708
710
706
706
709
712
714
707
709
715
729
725
716
719
722
717
725
731
727
721
714
714
717
723
708
709
705
703
704
708
706
699
694
704
696
689
691
696
700
698
709
708
704
703
696
691
688
690
690
684
689
699
704
713
714
711
708
703
698
704
709
718
723
726
723
712
704
697
696
697
701
697
698
698
685
686
689
691
687
693
703
711
720
736
736
723
720
718
716
708
708
708
714
715
708
711
717
708
718
722
722
725
737
736
734
734
721
721
723
21
703
702
693
702
697
698
698
703
702
697
680
686
679
671
673
678
684
688
690
690
699
701
706
701
709
713
712
719
712
703
708
703
696
689
689
682
680
681
690
702
705
712
704
710
717
706
715
724
734
728
725
717
718
720
722
732
723
720
730
733
717
722
729
727
735
728
719
710
713
711
716
708
699
699
692
682
673
662
681
702
703
698
697
699
705
702
24
678
666
676
681
694
706
724
739
736
753
755
749
737
750
742
743
744
733
732
726
712
711
716
716
717
719
728
732
736
745
738
738
743
739
728
719
718
725
719
712
709
720
724
724
720
734
727
725
724
730
739
740
746
741
732
717
724
734
730
725
721
718
716
704
705
719
724
711
718
728
729
719
712
720
715
705
708
716
714
711
714
714
730
737
741
738
742
747
756
751
757
744
742
745
737
729
732
732
738
730
730
729
725
715
721
735
729
732
719
733
737
732
735
725
720
716
713
713
712
710
703
694
698
699
703
707
697
697
696
684
688
685
685
691
701
713
717
730
722
714
727
731
732
729
732
731
720
719
727
725
725
729
721
719
729
725
716
705
706
708
708
707
696
683
685
700
706
714
717
724
716
720
717
719
713
706
697
693
700
706
712
715
721
729
727
727
720
729
729
725
723
725
722
722
720
718
712
712
714
720
721
724
719
727
731
726
723
730
738
732
729
737
733
730
735
736
735
735
727
728
723
719
712
702
705
707
704
703
701
705
710
719
723
717
721
733
734
736
732
733
719
732
730
725
725
727
730
728
729
723
720
715
720
719
725
721
721
716
725
720
718
718
725
724
729
726
732
728
723
727
728
728
723
731
726
727
727
735
732
731
729
725
733
723
724
729
725
730
735
735
744
740
739
742
731
735
737
727
719
713
701
703
704
708
707
708
708
716
716
718
723
721
718
720
721
729
727
727
721
720
718
705
710
709
708
705
698
701
695
684
689
684
683
685
692
696
682
689
679
679
670
671
671
667
678
683
696
699
707
706
709
710
709
707
706
702
708
707
714
714
713
718
721
720
716
717
716
712
722
715
714
714
708
715
708
701
700
702
706
709
709
702
701
708
710
710
708
712
723
728
729
726
723
736
729
720
703
694
694
684
682
680
672
659
659
651
652
655
660
669
678
677
678
683
683
684
21
664
671
668
672
675
677
669
666
657
656
657
660
662
667
664
671
665
669
679
673
670
665
655
654
654
657
658
663
661
660
661
655
650
647
649
650
657
656
652
655
662
657
655
651
645
641
645
650
655
649
659
654
664
659
660
662
665
667
678
673
669
678
679
687
672
671
676
688
693
689
695
697
686
671
671
665
668
670
680
672
677
685
687
684
684
688
692
694
689
692
675
669
670
673
682
674
665
661
666
664
672
669
671
672
678
676
664
671
668
662
659
658
658
657
659
662
662
666
667
670
662
662
23
639
635
631
626
624
623
622
622
623
614
614
611
616
626
636
647
646
651
651
653
650
647
644
649
655
661
660
659
658
661
670
676
671
669
667
678
679
676
674
676
676
681
671
678
674
679
681
689
685
679
684
691
686
682
688
685
683
674
675
671
677
679
690
675
679
678
690
687
693
697
692
681
680
684
693
698
694
690
692
699
702
700
692
683
689
690
689
679
688
682
681
683
670
674
666
663
673
660
667
669
683
688
692
699
687
687
693
697
701
691
686
689
705
707
708
717
704
704
706
708
710
716
716
712
696
698
693
696
701
701
709
702
699
698
702
698
689
692
688
698
701
708
693
698
695
697
702
708
700
704
704
702
696
689
693
699
698
699
697
22
676
681
681
684
688
697
690
689
687
699
703
687
699
702
693
690
687
687
698
693
691
699
696
679
678
683
691
690
687
682
678
680
681
690
701
696
696
698
706
702
694
686
692
682
678
691
695
701
697
698
702
689
682
683
687
690
688
687
697
701
704
699
692
691
696
699
697
698
701
706
714
24
691
696
694
690
689
699
694
694
693
706
708
698
701
712
714
710
704
688
685
681
688
698
701
693
695
692
690
689
689
690
687
698
696
691
689
704
697
701
703
710
722
714
716
719
711
708
703
707
697
698
704
702
709
708
692
693
697
699
707
700
698
695
697
702
704
704
704
703
708
709
716
716
711
714
716
723
722
711
714
717
723
718
710
709
712
709
715
712
714
715
714
712
696
690
687
694
697
699
700
703
704
703
705
699
699
706
706
704
705
707
708
706
712
723
721
716
707
701
699
700
700
692
700
709
709
703
703
705
711
709
708
708
708
709
707
695
700
698
705
704
708
710
704
694
686
680
689
687
695
689
685
695
706
703
707
697
694
697
704
707
699
693
698
707
714
703
704
695
689
682
693
693
703
702
702
699
695
695
692
693
691
690
693
698
702
704
704
697
689
686
688
690
697
714
710
713
705
701
703
705
712
709
710
710
707
696
697
689
691
684
679
688
686
691
699
700
707
708
706
699
684
697
697
697
690
692
688
704
700
708
711
708
711
705
704
703
705
708
723
729
725
730
724
710
706
707
712
717
723
723
723
23
700
698
697
716
712
709
711
715
727
748
743
732
717
713
711
716
715
716
707
706
712
724
721
716
715
714
727
711
703
710
711
710
26
685
680
671
670
666
669
665
656
654
658
662
673
674
682
673
682
693
705
705
696
705
709
711
717
721
727
732
722
713
708
711
714
719
719
717
708
719
715
713
706
708
709
711
700
708
708
708
708
705
713
715
718
709
704
718
718
724
716
725
725
724
720
724
732
731
730
739
741
747
744
744
746
740
733
727
734
733
732
734
740
735
731
727
721
716
23
694
687
685
688
693
689
707
710
717
707
711
718
725
727
722
718
725
724
727
728
736
746
750
746
747
755
747
746
742
741
722
27
696
684
677
687
689
696
702
702
707
702
709
714
716
715
721
726
716
715
720
718
708
711
720
726
728
725
719
730
737
735
732
735
738
736
728
21
708
23
685
692
709
725
730
733
725
732
727
708
702
698
690
692
689
688
697
706
708
713
721
728
726
737
735
733
722
716
723
725
735
728
731
735
725
719
730
737
733
730
729
727
726
716
716
720
718
719
717
726
730
724
729
730
726
719
719
716
717
712
707
692
20
673
679
21
659
661
663
663
656
654
662
666
671
683
694
704
708
713
711
702
703
695
694
688
688
677
673
676
671
673
675
674
673
680
678
692
686
683
674
661
660
665
671
682
685
685
684
691
696
702
700
701
700
697
694
682
684
688
693
696
702
708
716
721
726
747
745
746
742
743
745
742
735
734
718
706
706
706
704
698
713
713
725
719
728
736
745
737
730
732
735
739
743
744
732
720
724
721
722
711
724
721
732
732
719
726
725
719
721
724
725
718
723
730
725
725
715
716
718
721
711
723
724
727
730
720
716
720
725
728
730
720
714
722
724
729
731
725
732
739
734
734
729
725
728
730
722
718
719
713
715
717
714
712
706
20
686
701
692
693
687
686
683
693
690
689
699
695
698
700
701
689
686
677
678
677
684
692
697
693
683
695
687
696
681
696
697
703
704
691
692
695
693
693
685
680
683
697
705
709
703
708
709
716
720
718
707
708
701
710
704
702
704
696
684
678
692
702
714
713
721
719
726
736
735
744
742
749
750
750
750
737
737
738
730
728
739
743
738
733
725
714
725
723
720
716
721
722
713
715
720
719
714
721
728
734
740
740
735
735
718
732
737
744
745
745
736
741
739
738
735
732
725
720
708
698
692
693
691
695
693
691
698
706
708
712
717
725
721
726
725
721
712
704
697
697
698
696
691
688
694
697
698
703
705
707
707
699
698
698
702
690
676
705
711
713
714
722
729
728
731
26
705
708
709
715
717
724
728
737
741
746
741
738
719
722
725
723
723
712
709
709
691
697
693
694
696
694
697
698
24
675
681
674
673
686
692
703
705
703
712
717
724
729
724
715
718
724
722
722
716
724
724
722
721
722
721
713
707
708
716
718
722
723
722
711
713
709
701
704
708
709
707
713
713
720
724
718
722
712
712
710
708
699
694
694
700
703
700
705
708
717
720
723
724
722
708
701
697
698
703
702
701
699
694
696
700
685
687
690
697
702
714
724
719
719
718
713
708
705
704
687
691
697
702
707
709
692
681
680
688
691
703
702
23
680
668
676
682
701
719
725
727
750
753
750
736
740
739
748
747
751
741
727
724
732
730
726
733
724
722
732
731
731
733
746
752
753
749
750
754
755
751
742
748
742
741
731
723
720
730
728
718
722
725
728
720
728
732
733
719
721
727
724
733
726
731
717
709
712
711
709
700
702
708
703
701
700
705
709
710
709
712
717
721
714
713
722
715
707
709
709
693
693
695
697
694
702
702
697
689
692
692
696
703
701
696
703
706
702
699
700
700
700
689
685
690
695
696
695
701
708
715
717
712
717
719
723
719
710
705
712
702
708
703
709
705
710
703
698
707
698
691
695
698
700
695
707
701
699
697
687
686
678
19
660
660
657
656
650
653
649
650
662
663
654
646
652
659
667
668
678
675
680
675
661
655
655
655
661
665
675
688
708
716
725
729
741
744
745
730
741
742
747
740
747
747
740
733
720
706
696
693
698
705
709
713
714
709
702
716
715
710
710
714
708
713
719
720
716
718
715
717
710
693
678
676
680
691
702
716
717
720
721
718
721
714
708
710
704
706
704
702
700
689
687
682
675
673
670
669
671
669
678
677
679
666
679
665
680
685
691
686
679
681
672
669
671
673
680
679
678
671
681
686
692
698
689
679
679
689
692
702
697
696
703
706
699
686
668
656
666
680
690
704
714
726
733
733
726
735
741
739
732
737
743
748
737
741
748
754
743
755
774
47
728
774
34
741
755
762
25
737
745
733
730
740
730
726
717
711
696
702
709
711
719
710
720
737
737
727
737
751
751
743
742
744
746
734
719
729
731
721
715
716
717
713
710
702
711
709
711
706
712
716
718
709
715
716
718
716
707
691
695
697
698
699
693
699
707
717
724
716
724
727
711
717
726
727
718
715
720
723
727
714
719
729
733
731
736
746
748
743
749
759
758
750
750
756
750
740
736
743
741
741
728
732
734
734
738
739
737
731
735
739
735
729
729
714
722
32
691
703
700
699
696
696
685
683
678
678
681
684
689
687
686
684
681
675
679
683
689
695
697
703
705
687
696
699
697
710
696
699
693
690
706
724
719
708
711
725
726
722
718
723
734
730
735
735
734
736
726
708
698
701
709
713
710
712
715
734
731
730
732
742
745
740
750
754
753
750
745
748
751
24
728
721
725
724
724
725
721
720
732
731
734
739
732
722
716
731
731
726
719
726
727
709
714
723
725
726
727
719
719
722
720
721
720
716
726
729
733
722
724
734
736
742
734
741
742
741
734
733
743
738
727
737
733
714
712
726
726
722
715
715
723
721
715
715
727
725
724
720
731
732
21
711
723
719
718
716
714
698
691
691
688
685
681
677
672
679
687
683
689
697
702
702
706
700
713
717
712
708
721
720
727
731
723
727
739
737
740
728
716
711
735
745
740
733
732
727
717
713
709
704
697
689
686
682
682
669
676
678
675
679
684
697
710
718
720
724
730
733
733
735
734
731
737
722
722
724
727
728
721
723
721
721
714
721
715
716
710
708
711
708
710
708
709
708
710
702
701
706
697
697
701
702
697
700
703
705
708
699
701
708
705
712
718
723
730
734
732
720
725
727
732
731
723
726
725
720
725
719
705
708
709
710
710
712
715
710
716
721
716
716
708
696
700
708
711
715
715
713
705
708
703
699
699
691
693
693
684
690
691
694
692
686
684
687
691
689
684
690
696
702
703
702
694
700
700
703
703
710
705
702
695
684
684
687
691
689
687
690
685
687
682
686
681
672
665
659
662
665
674
686
691
688
691
703
705
708
704
699
700
707
698
692
681
676
673
688
694
694
702
713
725
728
723
721
724
730
731
734
735
731
713
713
701
693
698
691
689
681
675
683
666
669
669
664
654
653
652
648
645
637
633
624
619
620
618
609
610
611
612
616
610
615
604
614
612
615
615
615
606
610
610
609
615
609
614
613
611
615
609
612
617
618
614
616
610
617
615
609
618
613
616
615
623
619
616
619
617
612
618
615
616
608
616
617
607
615
615
612
614
611
614
611
613
614
610
615
614
612
618
614
615
617
613
618
618
616
615
612
617
617
611
615
623
616
619
620
3999
3999
3999
3999
3999
3999
3999
3999
3999
3999
3999
3999
3999
3999
3999
3999
3999
3999
3999
3999
3999
3999
2452
643
638
636
640
643
649
652
653
650
638
626
628
624
617
616
622
625
613
618
621
622
607
610
610
614
611
617
622
617
622
627
630
636
632
644
640
643
647
647
646
641
635
641
635
627
630
637
641
633
636
635
633
636
641
644
648
652
661
663
658
649
655
650
650
646
655
655
646
650
654
655
652
643
640
626
622
614
605
604
612
620
617
623
631
629
627
616
609
612
614
619
620
624
628
630
635
640
648
648
644
645
639
642
638
628
630
636
629
631
637
647
638
647
653
649
650
663
662
673
669
674
680
677
673
665
667
665
654
660
664
650
654
662
652
654
659
666
657
659
660
659
649
656
656
642
651
650
649
638
642
647
643
638
640
643
642
648
649
638
646
629
640
642
627
638
639
637
630
634
626
625
622
626
629
623
624
627
621
618
626
628
634
637
633
627
634
632
628
624
620
623
624
618
620
613
620
618
616
610
610
611
609
608
609
600
607
609
599
613
617
623
628
634
630
631
634
629
625
629
635
628
625
634
640
636
639
647
642
637
639
646
643
630
640
645
642
646
648
640
639
632
630
631
628
622
619
623
625
623
619
624
627
630
620
626
630
629
622
615
608
614
613
618
616
617
618
625
620
626
630
640
651
647
652
656
650
657
663
661
655
652
653
651
657
655
659
667
675
673
666
660
680
691
687
686
688
689
686
676
682
680
688
689
691
685
690
694
688
686
697
689
690
704
703
698
688
688
688
687
679
676
671
671
666
662
664
665
654
661
666
668
667
673
683
686
697
709
706
708
702
696
695
702
695
708
716
731
733
737
746
744
737
723
720
726
727
732
722
726
734
733
738
740
726
728
740
743
734
722
722
723
729
727
719
704
703
704
696
688
691
699
695
696
698
693
703
696
685
685
694
694
703
686
689
687
680
688
691
699
701
701
709
706
714
27
688
699
694
683
25
658
652
666
683
693
697
703
706
697
690
687
688
696
702
703
708
715
711
21
691
695
700
698
701
702
705
715
705
709
704
711
714
712
712
717
21
697
694
691
692
700
687
673
679
677
675
669
683
690
690
702
704
21
683
698
702
705
701
706
21
685
691
690
685
680
680
684
688
692
694
699
696
696
692
690
690
689
680
672
22
651
663
661
659
655
649
649
655
656
657
655
662
665
669
674
677
671
680
684
690
684
684
686
695
698
708
722
708
708
710
712
716
722
714
720
709
708
708
711
714
716
717
718
717
706
702
705
707
702
692
673
684
698
702
708
716
720
723
708
710
709
707
693
694
700
706
719
723
714
708
710
718
720
733
727
726
739
742
744
735
720
726
731
731
725
717
713
714
711
718
718
715
720
726
726
718
717
715
717
721
714
715
703
693
690
697
699
691
692
695
695
702
707
700
699
697
688
697
691
686
683
674
675
675
670
677
680
683
685
682
691
682
693
696
694
689
679
672
675
672
674
677
678
680
682
679
677
669
678
685
689
691
682
685
686
690
688
685
692
694
697
701
692
695
696
696
683
688
679
678
674
676
681
691
686
683
680
672
668
673
665
673
679
667
674
680
689
708
706
706
707
697
689
685
695
697
698
702
710
720
723
714
713
719
722
720
718
712
711
708
710
717
715
713
714
717
699
688
692
697
695
714
716
712
710
717
711
702
702
693
698
695
700
701
696
702
702
699
689
685
686
677
660
650
661
673
696
698
704
713
720
717
723
710
705
700
705
706
706
700
705
710
715
716
720
717
713
704
707
705
704
700
693
690
694
696
703
702
709
710
719
720
718
718
717
721
722
720
711
715
713
702
694
694
690
690
695
695
689
697
698
686
688
691
696
702
708
706
702
692
701
707
700
708
696
688
684
673
666
659
659
654
660
673
680
677
684
697
702
694
692
708
716
718
720
717
708
713
712
717
720
723
716
705
704
709
709
719
718
719
721
720
711
708
712
711
710
702
705
717
718
718
718
720
729
723
719
707
708
717
716
716
711
712
701
698
700
688
700
707
715
705
703
712
712
721
726
723
721
725
708
710
711
714
714
717
707
705
704
705
697
698
697
697
696
692
689
688
690
690
681
675
678
680
682
694
706
708
710
709
710
706
694
679
20
660
655
666
678
694
717
738
739
730
723
719
701
702
715
725
736
747
752
758
763
754
750
752
743
739
734
716
714
716
713
713
710
699
700
705
701
703
688
683
685
700
710
721
725
724
736
741
744
748
750
748
733
725
728
733
734
739
740
746
743
737
731
719
715
718
719
706
722
734
743
746
758
23
736
739
750
751
738
739
747
754
753
746
754
757
757
748
752
756
759
761
751
756
761
758
746
755
761
755
745
751
757
762
757
751
760
765
768
770
767
754
754
762
765
766
750
763
768
770
758
758
767
767
759
758
767
765
751
754
763
767
763
750
750
754
21
734
741
754
762
758
754
769
769
770
752
760
765
763
767
751
757
758
750
741
745
744
729
735
739
742
751
752
753
746
734
732
728
721
711
707
691
694
692
687
694
699
707
697
709
707
702
704
703
709
713
726
730
727
722
735
738
738
739
737
731
711
721
730
718
725
720
728
737
719
729
731
733
723
708
701
714
711
704
699
709
717
708
705
705
706
703
700
691
693
700
708
716
725
722
713
718
715
706
720
737
741
750
750
747
746
739
728
726
732
730
729
733
718
726
729
24
705
699
698
703
699
684
695
695
22
673
697
701
704
708
712
719
719
710
693
701
703
708
710
719
724
727
716
726
728
726
717
717
708
696
698
691
22
670
683
681
679
669
672
676
681
694
701
705
704
700
706
721
723
727
727
711
719
716
720
722
710
703
703
712
717
719
718
712
720
729
736
730
745
744
749
745
21
724
722
725
736
734
742
729
732
744
735
751
754
753
741
738
747
738
739
749
752
753
741
750
753
760
748
754
761
765
756
750
766
769
768
761
745
746
747
735
740
726
739
744
740
738
742
731
726
729
735
717
715
715
722
724
725
728
725
734
735
732
734
740
745
749
750
742
752
750
742
743
754
753
743
737
743
746
745
738
742
748
744
735
736
749
747
737
740
749
750
745
744
750
754
756
741
753
765
749
751
748
736
25
711
714
719
715
708
719
723
711
721
725
736
730
743
749
760
772
762
768
774
773
775
780
775
775
768
26
742
736
743
740
745
745
21
724
718
728
733
737
747
736
743
748
756
760
755
754
763
770
771
759
762
767
769
756
759
765
769
758
753
765
759
762
750
754
756
754
742
749
753
750
744
749
753
750
734
733
735
746
734
730
742
750
748
739
743
745
736
35
702
700
697
26
671
673
680
676
682
680
682
684
678
683
697
700
691
693
692
696
694
693
679
675
672
663
673
665
672
664
674
670
667
664
658
664
672
682
673
681
664
651
642
646
659
665
673
692
706
718
718
724
728
714
724
723
21
703
703
704
706
708
695
697
711
723
718
720
734
752
23
730
732
745
751
21
731
737
746
750
24
726
727
743
737
722
727
740
744
735
741
745
732
727
735
748
732
731
733
740
726
717
725
729
718
720
733
748
736
733
741
743
746
25
721
717
719
721
712
712
720
727
732
725
734
742
747
744
750
763
768
24
745
753
763
762
756
765
766
760
749
742
730
712
713
700
685
690
674
688
685
673
677
681
673
675
673
683
676
678
686
702
711
698
698
707
705
696
695
703
709
709
710
704
708
713
726
718
709
708
703
704
701
701
698
698
702
685
691
676
677
677
681
671
685
676
666
677
679
679
674
670
670
663
666
667
666
677
683
696
696
693
702
709
718
712
719
714
714
715
705
696
703
711
720
720
719
723
726
723
728
727
724
706
698
692
693
705
706
704
711
714
727
727
733
725
718
710
719
723
730
734
741
759
753
748
730
721
722
724
724
717
715
729
729
710
706
724
753
757
751
753
766
768
764
765
753
760
766
748
740
749
755
756
752
734
740
747
748
740
737
742
748
750
745
735
749
745
743
747
756
749
740
748
748
742
740
742
748
750
744
741
751
749
751
757
752
745
744
737
746
736
735
741
750
747
744
745
749
743
740
755
753
754
755
759
756
757
753
756
755
758
759
763
765
757
763
762
758
761
761
753
745
743
743
747
751
750
738
734
739
746
751
752
755
753
761
755
755
752
756
750
744
750
747
749
745
751
757
750
754
763
759
756
757
766
761
755
763
769
775
770
771
775
779
771
768
774
775
769
772
803
799
798
791
791
783
778
774
774
770
776
766
768
767
765
761
763
765
770
765
763
767
765
767
763
762
768
770
770
763
761
762
753
754
765
766
769
768
769
773
770
774
777
778
774
772
780
780
777
779
780
775
769
775
767
767
765
771
772
764
755
751
762
761
758
765
774
780
778
774
784
783
780
774
775
783
782
782
774
780
774
773
773
776
773
771
769
770
772
767
767
765
770
771
771
772
771
771
766
765
764
762
761
760
763
758
763
760
761
759
757
764
767
766
769
773
772
768
762
758
759
765
770
764
761
757
754
752
750
752
756
756
756
755
738
738
751
750
754
748
753
752
752
750
753
760
763
768
772
769
791
786
781
786
790
787
790
787
793
796
788
783
770
766
771
772
771
772
778
780
785
781
787
810
816
814
802
799
798
794
793
791
800
809
807
795
791
787
791
791
787
780
780
774
777
768
760
742
738
733
734
728
724
718
717
722
726
729
734
741
750
758
766
766
763
773
774
774
775
773
779
777
758
761
758
758
757
757
762
761
764
777
778
779
782
773
757
755
737
732
728
734
744
742
733
750
757
745
750
747
758
760
758
761
747
750
743
750
738
29
709
719
729
733
726
752
743
749
746
746
764
784
772
773
760
765
764
751
741
21
720
718
708
708
707
704
713
25
689
694
700
701
713
715
734
729
726
724
727
727
25
703
711
733
730
731
749
752
761
33
729
712
719
717
742
763
778
781
769
764
770
761
748
753
759
24
736
737
725
713
710
710
708
701
711
722
728
733
741
747
756
751
746
25
721
734
739
727
751
776
792
806
790
772
778
781
761
756
25
732
743
742
737
744
725
730
736
724
725
736
737
740
742
751
747
735
740
750
748
732
752
752
749
743
748
751
745
732
728
733
727
731
731
718
725
724
732
712
710
716
718
722
706
710
712
721
725
718
718
725
733
731
726
731
735
740
735
734
746
745
750
748
747
755
761
754
760
766
765
757
758
759
760
760
760
764
766
27
740
745
750
751
762
755
740
727
728
725
709
718
733
744
758
749
750
763
767
774
756
751
760
763
753
752
767
770
779
769
780
786
775
791
790
774
774
776
781
767
764
775
772
763
769
776
768
761
762
758
747
744
751
749
748
750
760
761
746
748
755
763
754
747
751
758
756
749
750
751
753
751
744
759
763
755
753
766
757
747
762
761
753
755
758
766
758
762
767
764
756
757
760
755
750
754
753
748
751
760
761
753
762
765
765
762
768
773
771
765
760
762
760
756
755
761
770
763
761
771
770
776
773
778
784
781
778
780
782
784
784
789
795
797
820
805
790
784
763
755
22
734
27
708
707
702
703
708
734
746
759
753
764
773
770
767
774
780
777
775
785
786
784
781
789
789
791
787
782
789
785
776
784
781
778
761
766
769
759
761
768
775
772
773
782
785
776
771
777
785
784
775
771
785
776
765
766
777
776
780
771
780
784
783
771
769
779
776
770
769
779
783
780
776
783
789
784
781
778
788
789
788
777
787
790
791
786
786
791
791
782
785
785
785
784
774
779
782
774
761
763
769
768
769
764
769
773
767
762
764
771
773
767
768
773
776
770
766
772
772
764
760
767
769
768
766
766
768
767
759
755
755
753
749
748
758
761
766
761
757
767
768
753
739
735
28
708
731
750
767
786
794
800
792
805
23
782
782
796
795
798
805
794
801
807
808
795
806
806
803
790
781
792
787
779
773
781
780
787
774
770
781
785
777
768
775
776
772
763
766
771
770
761
766
767
769
761
762
767
768
761
758
763
765
755
750
762
760
762
750
753
758
753
741
743
744
745
749
755
756
755
756
753
748
747
750
747
740
742
751
751
750
744
740
751
750
750
752
752
751
755
747
743
750
746
755
755
755
753
754
757
757
759
762
766
769
766
771
774
777
780
779
778
785
783
786
780
781
786
779
774
768
769
772
768
765
771
772
772
773
776
775
773
769
776
780
783
777
781
786
789
780
787
790
787
774
779
789
786
785
781
768
756
767
763
758
748
753
761
769
772
771
772
782
782
778
777
789
791
780
778
776
777
774
764
750
753
750
736
734
745
743
751
748
750
755
758
756
749
748
746
743
739
738
142
596
863
158
705
696
690
690
685
682
669
666
663
669
665
663
665
670
680
688
691
681
690
695
694
696
701
698
698
695
699
701
685
690
690
689
690
683
682
692
701
701
704
688
688
687
686
676
682
689
691
688
698
708
719
723
721
727
734
739
739
723
726
725
723
718
721
723
731
734
730
726
732
728
725
721
723
724
724
720
717
725
725
722
723
731
731
732
726
733
734
731
736
741
741
737
733
738
733
727
735
731
724
713
720
717
722
720
737
739
747
746
744
751
744
738
724
720
730
726
714
718
724
723
721
726
727
730
731
732
733
741
738
733
733
735
734
733
734
736
739
738
738
746
750
749
749
754
760
753
756
763
763
761
754
757
758
752
754
756
749
744
759
761
756
750
755
767
766
750
756
774
774
770
763
784
776
773
767
777
773
769
772
777
768
766
768
765
762
756
762
772
765
767
763
770
763
757
755
760
754
752
756
758
753
754
757
759
761
766
763
759
762
757
750
750
750
750
746
748
749
747
740
742
745
746
745
746
742
742
738
740
740
734
736
740
741
741
741
745
748
750
749
750
753
753
751
749
755
750
748
753
758
767
764
762
764
764
758
741
721
734
727
30
698
693
680
697
715
721
727
730
733
738
742
752
746
749
749
745
750
744
740
748
758
750
760
758
762
765
761
743
735
736
741
739
747
748
733
728
736
744
750
754
757
759
759
768
771
775
766
778
782
782
774
768
771
772
763
757
762
768
775
756
752
763
773
767
757
765
771
767
773
754
741
752
753
750
742
740
24
716
720
735
738
738
739
746
753
766
767
770
784
782
789
800
259
542
283
260
781
32
750
752
750
30
720
20
701
697
694
675
670
669
670
658
656
658
656
655
658
664
661
664
669
670
668
668
673
672
678
689
690
692
693
700
702
704
698
694
696
694
688
687
689
691
687
685
696
698
694
690
693
696
700
693
686
680
675
666
670
673
669
671
670
674
679
673
665
658
663
668
670
669
670
670
667
668
664
666
667
662
656
655
658
664
655
654
662
665
666
651
640
636
629
634
636
639
650
653
664
677
663
664
668
661
663
649
646
649
651
651
647
646
642
641
635
626
625
615
618
615
611
605
608
603
599
596
595
587
585
583
579
572
571
575
569
567
561
566
568
566
562
559
562
557
556
557
563
561
561
555
557
560
557
555
557
563
560
559
556
557
553
550
550
550
554
551
546
546
552
547
543
542
548
545
541
540
540
543
539
537
538
541
541
537
533
534
537
537
534
534
540
540
537
532
536
540
537
536
536
539
533
532
530
537
530
530
528
537
535
532
527
529
534
29
505
555
28
528
527
531
529
523
517
523
523
523
523
521
519
526
523
520
517
515
520
517
515
513
516
515
512
506
509
516
513
510
508
510
513
510
507
508
512
513
512
508
505
511
511
506
507
506
512
505
505
504
504
505
503
497
500
504
504
500
500
499
502
502
498
498
496
497
500
501
500
498
497
498
498
501
497
496
499
502
501
493
497
499
500
500
500
496
494
502
501
500
498
497
502
498
495
496
500
500
495
494
497
496
496
493
494
494
498
501
498
496
499
500
501
500
498
499
502
501
500
498
496
500
503
497
500
500
513
513
511
512
517
516
521
515
518
525
529
526
528
535
536
540
538
541
544
545
544
541
536
548
545
547
549
551
559
564
568
563
568
569
576
583
587
580
584
593
590
590
592
600
604
602
598
602
605
603
609
595
599
596
586
594
603
603
601
25
577
648
23
625
611
613
613
615
601
607
611
609
602
605
606
613
613
616
622
623
625
617
620
625
627
615
617
627
626
620
622
624
630
630
625
624
630
635
632
630
635
646
649
642
639
644
644
634
628
635
637
636
635
642
649
648
644
644
652
663
663
654
658
669
663
659
663
671
669
660
657
663
661
655
658
666
668
670
665
670
674
671
666
669
679
673
669
670
675
679
670
670
671
676
674
679
672
675
687
683
679
677
681
690
676
682
681
694
684
674
678
684
681
671
670
664
673
683
686
685
691
678
679
683
694
702
704
708
707
706
699
699
697
702
706
713
717
727
724
723
715
699
692
687
682
691
695
695
702
699
703
692
685
689
693
697
700
706
687
688
697
700
709
714
719
705
700
703
704
705
701
694
699
708
706
700
695
705
701
691
691
699
699
696
696
699
714
716
703
719
730
735
724
738
740
731
719
741
745
741
730
734
739
742
735
747
756
755
749
764
766
22
744
741
752
745
728
719
727
732
719
703
708
716
722
714
719
730
729
722
718
725
719
701
702
713
716
706
707
714
717
722
713
709
720
718
714
709
708
709
718
725
724
718
728
733
735
738
727
736
732
735
738
732
740
740
748
745
736
743
743
742
737
733
738
742
743
736
746
745
733
736
745
746
740
738
749
740
736
732
741
737
739
728
733
738
740
729
730
740
730
720
731
735
728
725
727
729
727
720
719
727
721
722
717
715
721
723
724
716
716
726
732
726
719
718
721
723
719
717
724
722
724
716
728
728
726
723
723
730
731
722
718
722
729
722
719
713
721
725
721
708
700
705
696
693
695
704
701
701
707
703
704
691
676
666
667
674
688
702
709
713
713
725
730
720
713
721
728
736
726
725
721
727
732
730
730
730
723
33
691
689
686
676
673
665
661
654
654
653
645
643
638
630
634
638
639
642
649
656
650
126
524
1557
1280
277
309
1450
3999
3999

