717
726
28
699
692
679
695
692
683
30
654
658
671
680
699
739
739
738
733
721
707
726
755
738
771
22
750
747
741
1519
772
748
759
25
734
735
22
713
730
734
757
742
741
750
737
736
777
766
770
770
764
29
735
746
734
738
750
745
1484
801
683
687
696
692
709
710
703
694
690
693
725
734
751
1470
779
691
693
707
725
752
771
753
747
730
735
739
757
22
736
735
731
714
712
720
723
725
717
713
698
20
678
679
703
712
712
701
23
678
662
646
636
645
656
653
678
700
741
730
750
744
748
752
752
760
767
763
767
767
762
753
737
771
757
1545
802
744
27
717
708
715
753
759
767
22
745
755
37
719
708
705
715
745
738
766
1490
790
700
28
672
662
669
701
700
747
734
754
33
722
713
702
693
701
753
770
782
775
1504
799
706
694
695
710
754
765
754
761
755
742
730
719
761
769
779
787
786
1564
833
731
37
695
712
732
23
709
722
740
744
729
751
737
727
732
757
756
760
761
759
764
751
740
723
713
731
32
700
722
726
723
724
32
692
685
668
661
657
647
647
665
689
706
742
745
750
1546
802
745
727
717
734
747
762
750
743
740
747
755
752
751
740
733
746
1500
762
738
724
735
716
725
751
765
770
767
767
759
744
727
736
755
737
749
782
775
777
768
44
725
28
698
691
695
732
774
797
791
800
808
791
24
768
24
744
31
713
757
770
777
775
784
773
767
1537
789
749
756
750
747
728
729
750
763
773
770
759
28
732
712
701
26
675
663
658
1330
664
666
692
707
714
731
725
712
709
703
719
747
736
759
773
761
749
758
755
770
25
746
754
762
750
741
736
746
762
756
770
768
751
767
774
772
769
770
758
758
765
1500
780
721
707
694
688
696
719
745
725
722
720
711
729
746
735
722
706
717
728
753
744
727
721
721
736
757
765
769
27
742
27
715
707
708
741
768
792
783
776
768
22
747
749
759
763
775
764
750
31
719
720
734
754
754
756
744
749
754
763
769
776
1529
809
720
728
748
750
750
734
742
730
761
1560
787
773
757
745
733
763
762
767
757
751
740
30
710
730
746
34
712
709
706
708
694
1359
678
681
698
715
715
716
737
760
773
775
1540
800
741
741
752
746
748
26
722
739
750
737
38
699
695
712
703
693
687
685
681
698
699
704
703
696
691
706
716
711
701
699
700
721
731
721
725
711
703
733
798
795
828
815
831
818
802
27
776
54
722
741
768
1524
791
733
29
704
728
741
740
743
756
766
767
766
758
761
762
758
26
733
723
750
775
796
793
781
789
794
788
789
784
771
753
792
310
483
155
329
806
812
803
793
787
788
782
779
22
757
21
737
748
764
771
777
24
753
747
727
710
735
754
50
705
778
758
745
731
23
708
726
716
724
21
703
26
678
688
709
694
718
750
750
746
752
769
791
803
814
807
792
793
793
1580
837
743
724
731
764
789
796
804
801
787
777
782
785
788
791
781
766
779
775
782
771
29
743
737
732
752
765
751
32
720
39
682
674
664
662
658
666
672
666
663
668
662
645
637
635
624
663
653
663
656
653
652
657
672
681
683
684
698
703
699
686
688
688
683
21
662
650
655
640
633
627
631
623
613
616
611
612
609
605
602
606
603
605
610
599
593
599
596
590
595
589
587
585
589
592
595
588
588
588
593
589
595
596
588
591
589
584
582
587
584
577
586
590
588
596
589
578
585
583
583
578
577
570
571
574
573
577
582
579
583
576
573
579
577
574
573
569
563
563
562
559
560
562
556
557
558
560
552
552
552
552
549
549
543
544
547
545
539
541
539
538
537
535
531
531
529
529
530
528
526
527
525
527
526
526
522
525
522
523
524
524
517
518
515
514
514
515
517
516
515
513
513
510
514
514
512
511
511
511
515
515
514
515
513
511
514
516
514
513
511
510
509
511
511
508
508
504
503
506
504
501
499
497
499
496
493
491
487
486
491
489
485
483
478
480
480
478
477
474
470
470
473
471
470
467
465
467
470
468
466
466
466
465
467
468
467
465
466
467
466
466
471
469
467
468
468
467
471
471
471
469
468
468
466
467
473
469
469
468
467
467
466
467
469
468
465
466
462
466
467
462
462
460
462
467
469
469
478
478
479
481
488
485
486
489
487
490
490
488
498
500
511
505
509
506
513
521
519
511
507
502
510
524
554
585
585
592
590
584
583
585
598
597
587
580
587
599
620
603
587
583
587
605
617
609
599
591
615
638
635
22
614
610
613
616
617
20
597
20
578
581
579
575
569
565
574
576
576
581
598
597
603
614
609
600
589
609
606
604
602
594
597
598
589
575
577
593
612
624
625
618
647
693
737
29
709
40
670
687
718
737
735
57
678
33
646
651
668
659
663
666
660
686
700
691
26
665
20
646
661
1410
734
676
22
655
651
665
21
644
636
630
621
28
593
588
595
610
635
648
653
638
20
619
623
611
604
598
593
593
596
596
588
599
625
649
668
666
668
26
643
644
633
645
669
19
651
651
23
628
616
610
601
601
625
653
668
23
646
639
652
704
753
767
55
713
22
692
22
670
691
717
739
726
715
1465
762
704
687
672
680
680
692
26
666
651
658
685
720
730
751
1511
802
710
699
24
675
26
650
645
666
699
731
740
27
714
696
711
735
768
759
21
738
47
692
36
656
659
668
660
30
631
614
601
592
586
599
616
614
624
611
636
688
713
732
742
796
836
35
802
794
28
766
39
728
26
703
708
748
792
829
826
73
753
23
731
743
766
786
42
744
24
720
26
695
702
730
761
781
763
748
21
727
28
699
702
700
709
692
686
689
724
731
740
737
21
717
23
694
686
678
720
723
731
742
741
34
707
694
710
714
697
692
675
663
658
663
663
662
659
660
644
656
683
698
718
28
691
22
669
658
662
669
665
652
643
20
624
623
627
619
635
658
683
694
691
687
676
669
676
695
705
699
686
672
670
686
693
708
720
22
698
689
35
654
663
686
705
708
700
32
668
29
640
644
667
30
638
642
630
617
612
599
591
585
583
592
609
647
675
711
729
733
750
29
722
32
691
689
1389
724
666
24
643
635
636
639
629
617
1211
596
616
618
635
633
628
616
617
617
619
632
642
647
663
679
682
1368
710
658
648
666
683
701
731
738
29
709
31
679
677
673
676
675
674
702
736
734
718
723
717
700
22
678
680
686
709
712
719
709
27
683
24
659
648
649
666
688
693
697
689
675
668
656
658
649
646
642
637
1307
639
669
684
690
688
695
717
733
763
759
26
734
21
713
723
728
739
770
787
41
746
739
746
753
779
777
781
769
764
26
739
725
1485
759
726
718
708
720
729
764
775
29
746
735
736
757
1503
792
712
694
704
706
1344
699
646
637
632
647
650
655
647
652
654
680
694
701
694
715
703
686
688
694
686
695
696
20
676
661
664
658
663
666
676
666
684
681
685
673
668
668
681
697
717
716
730
711
20
692
723
722
706
710
704
688
697
701
707
713
736
727
709
696
680
667
670
708
708
731
736
752
742
21
722
706
689
701
708
725
731
754
756
746
741
745
747
747
750
730
727
27
700
26
674
671
689
708
728
720
703
693
715
719
736
717
704
718
734
749
763
760
741
22
719
727
736
741
736
733
750
765
1514
820
695
683
698
701
692
700
698
706
716
707
34
673
666
668
679
679
666
662
657
651
645
647
672
660
652
651
665
653
653
665
659
656
658
657
132
525
736
88
649
654
657
160
497
792
131
661
669
676
686
20
667
656
656
653
685
677
678
670
666
657
661
664
664
650
642
635
644
683
731
775
790
796
784
55
729
715
701
687
696
702
714
735
22
713
698
688
677
681
673
669
655
649
649
673
689
689
679
664
664
673
1425
683
742
730
21
709
698
679
670
686
723
757
746
752
778
781
768
764
755
24
731
739
740
753
782
786
23
764
772
768
25
743
727
749
770
1545
804
741
732
732
744
738
751
751
769
778
760
756
765
1528
781
747
727
733
729
727
716
710
709
23
687
687
710
709
703
700
693
677
682
670
670
678
680
669
675
686
685
687
21
666
654
645
650
673
708
763
813
822
819
1632
871
762
29
734
725
24
702
695
709
717
710
706
697
709
749
747
749
733
32
701
694
690
698
705
718
727
760
21
740
748
754
739
724
728
756
755
751
765
749
730
721
730
720
1465
747
719
21
698
688
675
674
683
710
725
731
725
714
711
708
711
714
723
713
720
25
696
26
670
670
672
681
697
714
718
721
708
711
705
709
700
702
693
674
673
674
669
665
665
672
674
20
654
654
670
707
709
1415
722
693
683
682
672
681
671
661
659
665
665
649
637
642
666
690
708
708
703
700
704
723
728
763
760
27
733
716
730
722
730
732
751
740
765
778
766
775
773
23
750
752
777
764
774
754
760
774
791
771
27
744
741
756
1489
760
729
40
690
687
693
692
692
679
679
678
29
650
653
647
664
660
675
685
683
689
682
675
669
1318
670
649
645
20
625
631
624
628
634
648
644
645
635
625
625
629
653
662
679
704
708
706
706
696
681
674
678
694
704
696
683
668
665
665
662
672
718
747
757
27
731
23
708
719
743
767
782
779
772
767
768
776
763
753
768
780
772
758
21
738
718
700
695
695
686
708
731
726
727
727
742
736
738
23
715
730
750
765
763
751
749
754
739
726
739
727
40
687
684
691
702
707
717
728
731
741
734
725
726
719
725
25
701
698
702
714
715
728
732
21
712
714
717
711
20
692
682
697
709
720
730
752
739
747
745
742
34
708
30
678
689
736
28
709
732
733
735
726
724
707
698
692
694
684
681
689
692
698
709
696
691
673
670
661
660
708
752
788
811
816
819
823
824
24
801
798
791
784
790
776
32
745
745
758
772
764
750
34
717
714
721
717
733
722
715
707
1435
732
703
698
682
679
669
670
663
663
658
656
689
692
710
710
712
709
27
683
676
666
667
666
674
685
706
707
698
697
706
690
677
663
666
674
707
719
732
716
706
720
724
733
727
716
719
34
685
681
684
683
717
716
23
694
687
686
690
682
666
669
653
657
663
660
651
652
645
656
677
692
708
717
730
739
741
741
738
720
704
692
677
666
671
677
698
722
747
747
727
708
719
735
735
746
750
27
723
707
689
689
714
722
726
749
763
767
753
757
772
774
782
771
766
755
750
742
738
727
713
712
701
699
705
711
706
708
713
717
725
739
753
760
771
766
762
751
1415
727
688
677
673
670
679
699
692
703
701
706
705
22
683
675
672
696
702
727
734
734
737
747
747
735
721
729
735
752
776
27
750
749
758
36
723
717
726
721
706
704
700
682
670
663
666
674
666
669
671
654
653
646
663
664
671
664
667
653
656
668
683
686
695
712
732
742
750
745
741
741
747
761
772
758
41
718
20
699
699
712
716
708
717
719
724
722
716
721
715
714
709
46
664
679
669
673
672
683
677
694
686
682
671
673
684
702
717
724
743
754
36
719
721
727
728
726
724
724
707
693
701
714
736
744
749
745
758
742
22
720
704
702
23
679
666
666
678
695
715
704
699
706
730
731
738
754
766
776
786
783
776
777
777
784
781
774
770
783
785
788
792
790
788
398
390
382
772
752
738
718
708
21
687
695
710
718
714
730
732
720
715
715
30
686
698
696
703
700
688
689
701
1420
723
698
686
676
670
678
678
682
677
674
693
700
699
698
690
688
677
672
678
702
716
719
710
708
714
721
724
728
746
749
758
768
777
770
30
741
721
719
716
712
704
708
714
722
736
731
722
729
751
756
792
785
28
757
749
751
748
747
738
730
718
711
705
701
707
708
692
680
682
681
688
676
672
675
691
712
726
737
754
773
789
798
806
802
800
792
784
782
778
778
765
752
30
723
708
726
744
744
764
771
765
758
757
774
795
24
771
765
775
761
761
26
735
737
1507
785
723
722
730
754
737
721
723
750
750
755
760
758
758
34
724
31
694
680
678
698
706
731
758
789
795
797
797
812
810
815
809
799
792
791
795
791
799
804
804
1589
825
765
760
759
745
747
734
717
704
716
720
725
732
721
718
711
703
700
689
687
696
708
713
727
746
750
752
770
789
788
784
780
791
794
802
803
800
22
779
30
750
31
719
726
732
718
725
714
715
715
698
693
688
693
707
727
739
740
751
759
768
759
746
736
735
751
759
761
761
21
741
736
744
754
759
741
741
741
739
739
744
739
723
720
731
737
726
719
726
730
721
703
687
674
673
666
670
693
701
721
722
740
751
757
755
748
750
30
720
22
699
693
701
713
719
733
740
725
720
725
728
745
760
759
763
769
778
777
1554
819
736
717
719
732
738
755
24
732
24
708
719
741
771
798
793
799
800
784
775
778
766
23
744
738
740
754
777
794
803
813
803
795
801
802
801
792
778
766
765
774
775
776
782
773
775
772
26
747
747
736
732
735
742
748
754
758
750
746
751
755
758
762
758
749
735
743
750
741
734
741
746
747
752
752
768
769
752
743
733
747
763
760
769
771
763
764
759
759
747
745
726
729
730
733
720
717
717
722
721
716
431
286
435
716
702
700
704
688
700
694
685
678
690
706
721
714
709
705
711
721
730
739
750
741
744
736
719
720
725
721
720
721
716
716
717
722
723
720
730
734
741
749
754
761
762
766
769
772
782
766
757
25
733
744
727
715
707
714
748
753
758
761
762
753
743
728
725
1424
745
680
682
693
704
699
700
717
720
733
739
752
750
756
752
747
742
24
718
707
695
698
699
690
701
695
691
699
706
711
714
712
719
718
719
720
711
707
693
688
682
694
696
703
711
732
742
753
763
756
746
758
761
763
763
759
755
738
23
715
711
704
703
708
711
696
699
708
694
696
705
694
709
711
728
726
739
735
724
717
707
692
683
694
692
706
705
712
718
727
732
746
760
762
766
754
753
738
727
730
724
733
737
744
752
759
764
757
751
760
769
765
773
773
22
751
21
731
718
710
708
704
690
687
688
699
703
709
721
715
719
724
711
725
738
737
726
728
732
729
725
716
714
728
728
733
22
712
708
695
700
707
717
717
723
729
720
711
712
721
729
735
747
749
740
727
733
736
731
737
721
716
721
722
724
722
724
730
732
717
712
716
724
737
735
733
740
745
747
735
731
736
745
750
753
746
736
734
747
755
762
755
763
774
780
789
22
767
766
768
767
763
756
742
742
746
752
752
746
743
735
732
732
720
711
702
700
1405
700
705
712
719
707
707
705
703
687
682
681
684
690
698
712
714
721
714
708
720
723
724
716
710
707
700
687
671
659
666
656
662
702
721
744
765
784
781
776
778
792
800
803
804
804
796
793
34
759
22
738
757
748
750
747
731
21
711
700
707
712
721
726
735
747
740
766
758
758
755
754
22
733
744
730
720
728
741
740
749
753
757
762
754
748
735
725
732
738
741
742
725
708
699
723
771
808
818
823
819
821
29
793
785
764
752
743
730
726
724
724
725
733
745
750
760
764
750
743
732
719
718
704
687
682
683
1373
691
682
689
691
701
701
699
706
709
706
708
717
723
734
735
750
757
757
758
758
765
762
759
760
750
743
22
721
727
730
728
728
718
718
705
697
696
701
702
708
723
727
729
723
381
343
390
736
737
744
743
739
738
22
717
24
694
694
687
682
690
692
689
700
711
713
714
722
722
727
733
737
733
734
732
742
748
752
760
750
751
733
722
706
715
707
710
717
718
727
730
729
740
747
735
738
741
749
747
744
742
733
732
721
735
737
755
758
760
759
758
739
729
711
713
701
699
700
708
719
725
720
725
739
740
740
721
716
715
708
712
702
706
718
722
733
731
738
729
744
728
742
742
746
728
711
721
717
710
696
692
703
709
713
718
725
730
744
749
752
756
745
750
750
754
759
754
743
750
752
763
765
760
756
741
748
748
752
739
742
735
724
722
728
727
726
727
723
711
718
720
722
720
717
709
20
690
695
701
704
717
714
720
721
723
727
711
703
701
713
709
708
701
707
708
709
711
722
727
720
727
738
746
753
748
752
752
748
738
728
734
737
747
749
740
749
749
733
726
727
728
723
730
727
725
716
721
723
714
449
266
454
735
731
734
21
714
715
724
734
745
745
735
736
747
738
737
727
729
732
750
746
740
741
743
735
723
713
708
721
724
729
728
722
711
718
718
716
721
719
712
718
734
758
768
119
650
891
140
752
27
726
720
720
711
711
722
726
723
743
742
756
746
730
716
729
737
731
731
726
733
753
769
776
788
793
25
768
768
766
746
748
28
720
706
717
723
737
736
746
745
752
767
773
768
767
777
780
776
771
771
770
762
767
1525
761
765
761
756
752
733
715
715
713
724
743
748
736
728
739
756
783
795
791
771
759
764
767
763
759
760
750
747
737
719
21
699
682
675
682
726
743
763
770
781
766
769
773
777
766
784
794
794
777
763
767
757
757
759
25
735
29
706
708
705
711
714
730
733
723
727
732
739
748
735
728
737
742
749
754
751
740
754
760
765
750
741
750
747
744
738
730
727
722
714
702
699
708
717
711
718
709
696
696
695
684
675
679
683
698
704
707
707
708
713
718
736
733
736
743
746
747
740
750
747
742
742
722
704
692
690
685
676
671
686
706
718
721
723
744
756
767
780
789
769
758
757
770
767
774
769
771
775
26
750
742
746
757
747
752
755
756
766
765
751
741
750
755
754
761
291
470
187
284
744
725
23
703
697
696
688
686
684
692
703
716
724
717
715
720
732
742
750
740
737
747
749
752
750
747
736
736
740
744
740
740
750
752
758
749
746
750
753
763
765
762
746
757
756
758
745
736
722
724
719
728
735
741
733
723
729
740
748
750
741
728
722
718
727
736
740
730
724
736
738
743
737
735
750
750
736
22
715
714
715
719
713
721
735
742
729
741
752
774
788
778
772
782
799
802
796
791
798
804
786
777
789
798
791
796
791
783
24
760
750
750
753
762
750
746
750
756
765
768
22
747
745
754
761
773
779
764
756
761
769
766
747
26
721
723
730
742
746
730
723
715
731
753
762
763
758
751
758
763
750
744
748
751
759
770
765
755
762
767
751
757
756
474
283
475
747
737
730
735
737
741
735
734
736
742
752
749
738
740
744
755
744
737
748
742
749
754
746
732
727
732
741
745
750
736
731
742
742
747
744
738
747
749
747
750
753
26
728
709
715
1458
734
724
726
723
735
747
754
750
753
752
773
786
784
778
775
780
790
783
794
784
783
780
773
761
751
26
726
713
708
713
720
724
722
732
737
745
752
757
742
741
748
758
758
746
736
750
759
759
772
765
752
745
744
750
752
747
735
738
740
756
764
776
766
753
759
762
762
742
738
479
260
485
741
730
718
708
24
685
76
610
756
62
695
718
725
725
719
732
736
742
747
742
748
759
767
762
746
734
733
744
752
754
744
731
719
717
726
726
725
714
727
741
751
776
781
780
776
787
791
793
790
24
766
773
780
776
764
759
770
768
755
743
750
750
754
735
748
747
747
739
736
50
686
769
77
693
23
670
665
667
681
682
696
699
703
710
730
744
741
750
764
789
791
791
780
783
773
767
780
774
1533
808
725
726
760
810
840
852
866
866
871
865
864
26
839
834
1652
868
785
768
770
766
751
763
752
763
1506
793
714
711
712
718
724
712
721
739
750
774
778
763
751
746
755
758
757
747
739
740
28
712
703
694
704
718
736
754
759
28
732
724
742
776
791
816
818
26
793
46
748
762
769
780
795
789
786
801
808
792
795
819
821
23
798
788
789
792
787
779
782
792
802
794
776
24
753
749
749
767
775
766
747
765
776
790
789
794
793
797
808
807
791
39
752
25
728
721
731
761
756
778
791
779
774
777
776
790
782
786
789
794
800
795
778
780
780
787
791
777
778
788
784
767
781
787
788
773
773
780
786
792
805
793
774
765
755
741
755
770
793
797
786
775
787
793
797
1584
817
768
762
761
766
777
786
768
761
766
765
762
754
756
777
783
29
754
740
746
757
782
772
752
756
769
774
763
772
779
801
796
796
25
771
23
749
754
759
771
771
757
770
795
804
790
790
772
768
24
745
736
737
724
749
769
774
782
55
727
806
25
781
785
797
783
806
804
801
788
779
759
753
753
758
773
766
761
27
734
739
753
766
779
1601
835
766
757
759
765
784
807
808
818
796
798
803
22
781
796
807
808
814
803
791
786
795
813
820
837
828
816
277
539
978
254
725
33
692
684
677
682
687
23
664
660
651
647
652
646
652
641
648
645
656
649
656
641
647
656
681
688
688
676
669
679
673
666
666
666
659
659
664
652
652
645
643
640
670
668
669
671
679
692
694
684
691
693
694
701
698
695
698
698
691
691
683
670
687
704
691
698
712
720
712
724
725
706
694
694
696
687
672
665
675
686
698
705
708
710
706
692
688
701
709
706
699
690
703
710
725
744
726
22
705
21
684
669
677
683
687
677
679
682
709
718
727
721
724
723
734
751
768
750
35
716
729
782
791
27
765
23
743
29
714
24
691
686
716
751
789
797
792
795
805
819
830
26
804
817
813
827
818
806
801
819
828
833
822
825
818
807
30
777
27
751
26
726
722
728
739
781
802
813
821
825
25
801
26
775
771
794
804
816
25
791
22
770
767
760
759
761
743
735
740
765
771
777
761
742
736
745
760
764
771
760
748
750
761
779
789
36
753
739
735
751
1499
796
703
31
673
660
649
646
687
694
700
685
698
788
816
801
814
818
796
24
773
758
759
793
816
811
806
809
823
843
863
846
824
842
847
869
881
867
29
838
849
833
829
29
801
821
809
798
792
809
816
801
41
761
743
733
728
717
712
726
716
23
694
678
682
694
708
733
747
743
725
742
737
736
721
743
743
763
27
736
735
755
774
788
773
754
768
774
790
30
760
755
24
732
726
708
696
686
681
682
678
677
672
672
669
679
668
669
661
669
665
670
667
658
652
658
661
669
659
675
664
670
658
652
655
648
653
651
649
651
664
656
665
658
659
660
665
661
653
658
654
647
652
639
647
645
651
655
658
656
672
663
671
668
671
675
671
656
652
656
652
644
1309
643
666
664
663
673
679
677
667
667
664
662
662
669
655
650
655
666
662
662
651
652
666
659
661
668
20
649
656
644
317
327
3999
3999
1234
652
641
644
82
562
737
106
631
618
618
617
621
625
634
647
642
1265
632
634
630
19
612
601
601
604
612
615
623
628
633
639
22
617
629
628
637
621
625
618
622
656
29
628
625
623
1264
638
626
635
625
613
3999
2144
617
630
650
663
676
687
24
663
671
666
675
666
662
688
697
724
735
729
722
29
693
689
671
658
656
647
642
646
640
645
656
19
637
635
640
652
664
665
651
22
629
616
601
596
591
589
584
599
622
639
650
640
642
636
649
24
625
609
602
589
583
579
577
573
566
564
578
592
619
618
637
662
650
663
681
697
680
674
24
651
638
628
623
625
628
624
619
619
619
613
612
618
645
673
671
656
671
672
704
25
679
669
662
658
365
293
367
667
675
677
666
659
663
657
659
671
676
672
668
681
682
688
677
678
690
27
664
659
650
651
649
640
666
651
649
652
672
663
667
695
708
708
20
689
678
20
659
645
630
637
632
629
641
643
642
637
642
637
645
652
643
643
634
630
634
625
634
628
631
626
628
637
641
638
645
657
669
667
19
649
646
666
653
649
634
643
661
675
674
661
657
663
671
676
671
669
671
675
675
674
662
653
655
663
680
674
680
671
660
673
701
706
693
682
696
685
668
662
676
696
725
749
740
741
759
783
787
24
763
747
747
731
721
712
702
699
689
700
708
719
712
21
691
701
721
743
24
719
26
694
692
719
739
26
713
700
704
704
1438
766
672
690
689
719
711
29
682
676
668
661
667
27
641
629
645
681
721
762
776
22
754
746
754
792
807
789
787
805
810
821
810
1552
847
706
22
684
667
670
688
712
720
726
752
783
811
812
799
790
778
767
761
755
747
748
747
758
55
704
701
697
708
710
714
699
700
697
697
680
690
673
690
699
698
706
693
677
683
691
690
689
1387
698
690
690
683
667
680
690
681
675
707
721
730
1459
752
708
713
24
690
675
691
681
668
666
682
683
698
698
696
22
674
676
685
698
703
700
692
684
27
658
655
656
687
693
713
726
722
729
25
705
701
708
717
728
742
750
770
792
808
813
815
809
800
786
25
761
744
735
731
738
740
738
744
754
743
730
34
696
157
539
846
151
695
693
699
730
751
766
763
760
761
23
738
729
730
745
738
27
711
696
685
689
676
674
662
657
649
674
690
711
711
702
704
21
683
679
197
483
857
187
671
704
724
718
733
746
728
711
712
727
741
732
729
29
701
695
706
720
714
721
714
704
724
722
750
757
767
778
794
791
779
774
777
773
767
761
761
742
739
749
755
757
766
756
395
362
376
784
788
789
776
771
761
752
747
739
745
753
756
750
749
749
750
751
759
757
765
767
782
793
793
782
777
775
774
774
776
768
777
771
762
402
361
396
752
770
776
769
769
760
744
749
755
737
722
710
22
689
700
725
733
745
750
750
747
748
772
780
781
784
770
763
48
715
730
730
22
708
709
695
698
25
673
671
676
665
667
666
702
711
708
711
25
687
673
679
685
697
1377
683
695
694
696
701
707
708
29
680
677
680
677
669
672
691
685
704
700
713
746
758
755
768
779
794
782
774
784
792
805
799
790
780
784
779
780
780
779
793
815
813
803
785
787
777
764
760
763
772
780
789
789
774
31
743
728
710
707
694
705
718
730
730
746
744
751
34
718
712
726
723
720
723
711
708
30
679
681
682
705
708
705
698
686
673
673
694
727
734
755
782
783
785
772
765
39
727
729
726
24
702
711
706
720
726
739
753
754
749
740
733
722
717
723
721
735
733
720
722
716
748
756
763
776
767
38
730
719
725
724
725
722
721
704
700
697
700
713
720
734
738
743
735
745
751
745
765
783
784
791
806
806
822
824
810
790
779
765
21
745
729
726
722
733
733
739
734
733
723
716
716
721
735
741
731
729
735
741
732
729
741
238
504
953
235
719
700
690
269
422
132
291
720
1472
741
732
729
727
742
22
720
719
741
746
748
748
743
726
711
720
738
743
747
743
738
753
760
772
763
758
743
747
749
753
754
737
721
746
31
715
713
708
689
696
697
709
707
699
24
676
673
744
788
804
821
803
792
785
772
22
751
756
759
770
780
797
777
780
796
796
800
798
780
788
802
803
794
791
35
757
748
741
736
743
741
739
756
774
769
766
763
21
743
746
744
750
750
754
21
734
739
729
24
706
708
727
760
756
764
756
738
723
741
744
749
736
749
756
768
786
765
766
766
774
785
779
772
770
781
793
791
774
773
771
779
782
774
769
755
750
749
738
735
741
755
761
767
759
756
775
794
801
784
781
31
750
778
793
861
859
844
866
913
930
914
25
889
43
847
31
816
805
825
833
833
874
860
878
1712
917
796
794
25
770
781
1565
811
755
739
747
766
766
756
777
799
840
862
44
818
820
814
808
792
30
763
23
741
743
742
736
744
749
755
790
827
837
836
829
27
802
29
773
784
802
810
793
801
808
25
784
791
815
819
838
820
827
807
40
768
766
768
783
792
784
802
806
815
816
833
846
866
39
828
848
854
848
836
818
46
773
769
768
757
753
748
1464
725
740
746
729
743
742
767
796
813
811
29
783
781
770
765
751
747
735
21
715
710
705
710
708
720
743
1564
794
771
779
29
750
751
24
728
716
723
742
760
779
784
800
821
832
826
818
799
33
767
769
761
755
754
758
748
765
774
754
767
780
797
1614
838
776
765
24
741
732
36
696
712
718
713
727
745
762
762
777
762
747
754
763
776
786
791
781
24
757
765
769
761
32
730
716
736
743
757
753
762
785
793
798
821
816
804
802
795
814
812
804
789
39
750
747
729
718
713
723
734
753
767
763
774
25
750
746
747
758
763
772
23
750
760
748
746
731
729
739
747
761
765
780
791
789
794
799
791
785
778
780
787
796
805
812
812
813
35
778
757
744
21
723
721
743
771
782
790
807
816
815
812
814
822
815
815
832
830
824
838
840
847
846
835
832
812
23
790
41
749
743
739
722
730
720
718
722
722
727
734
757
781
813
823
808
822
817
800
34
767
764
753
746
750
768
782
801
815
811
814
826
818
811
801
796
800
812
817
819
820
829
845
849
850
855
851
850
840
845
828
829
825
34
791
798
781
787
28
759
751
753
759
772
765
353
412
56
357
691
837
81
757
750
485
265
503
771
787
787
778
34
745
728
730
736
745
752
754
760
778
798
805
816
827
807
795
805
795
781
788
805
798
824
819
826
366
460
113
348
802
801
119
683
873
112
761
247
515
992
226
766
782
811
806
797
797
65
733
849
65
785
782
784
790
783
322
462
167
295
591
944
157
787
792
801
831
860
875
894
882
890
897
897
882
876
41
836
842
833
830
829
818
803
133
670
850
101
750
760
766
782
818
848
838
819
810
851
224
628
1053
766
288
535
809
22
788
508
280
488
732
729
713
708
699
705
701
693
687
688
688
681
687
677
671
682
687
703
708
721
722
736
716
708
697
705
709
721
722
727
742
739
724
727
730
752
765
779
777
800
826
849
867
860
28
833
839
843
845
831
26
805
801
821
839
866
868
856
877
863
865
861
845
35
811
807
831
826
810
46
765
753
749
749
739
740
747
760
772
775
760
764
761
759
766
761
750
733
755
751
763
766
766
22
745
728
714
721
718
738
752
746
742
733
750
772
785
791
37
755
758
760
760
751
754
740
744
741
727
735
748
744
756
749
23
726
746
756
786
771
772
760
771
783
782
803
829
827
811
791
779
775
28
747
22
725
718
729
746
760
763
769
787
819
836
32
805
796
800
1620
838
782
763
750
744
752
779
769
24
746
750
775
794
796
812
820
813
803
789
781
782
803
812
815
805
24
782
791
774
775
773
758
759
766
767
762
782
785
816
820
23
798
790
776
801
845
852
866
876
873
876
856
843
33
810
802
793
786
781
775
774
763
749
750
761
786
791
788
800
814
798
795
777
757
23
734
730
752
761
764
762
754
741
721
707
713
733
744
764
796
817
813
815
30
785
776
777
767
774
791
771
753
738
727
739
731
740
750
752
748
22
726
717
720
715
703
23
680
692
704
730
752
763
784
806
818
838
833
822
806
33
773
780
784
781
772
759
746
736
723
722
749
814
847
867
886
28
859
25
834
31
804
33
772
39
733
22
711
727
761
774
781
799
791
786
23
763
752
757
763
782
803
819
810
816
828
833
831
849
841
844
864
868
845
1645
864
781
768
784
792
791
794
812
835
836
844
849
873
857
857
874
878
878
870
25
845
841
833
24
809
806
830
840
824
818
818
814
819
813
56
758
763
750
739
738
730
735
22
714
708
713
724
734
750
757
747
743
740
772
30
742
731
734
725
24
702
702
730
725
728
733
739
748
1476
781
696
710
729
730
725
729
731
719
701
698
682
675
686
704
727
761
782
790
804
821
833
843
847
839
834
833
825
817
802
821
824
825
822
820
812
50
762
762
751
747
746
741
736
21
715
721
713
714
702
708
715
725
726
722
715
723
725
734
739
758
780
791
791
814
832
832
829
849
849
860
838
835
826
808
30
779
780
768
767
768
757
26
732
712
717
22
696
26
670
775
42
734
727
747
747
764
767
767
762
748
732
37
696
695
682
695
720
716
708
694
703
713
714
720
711
728
721
715
727
727
708
729
745
749
769
786
809
805
803
27
777
769
778
793
805
831
829
859
859
854
862
869
854
26
829
37
792
779
768
769
780
792
812
826
836
48
789
797
799
798
790
788
782
793
792
814
830
821
27
794
779
775
791
837
833
831
39
792
22
771
41
731
715
720
741
770
811
826
854
860
843
884
885
875
869
868
872
875
873
856
861
885
904
899
909
911
897
34
864
842
839
840
828
814
812
27
786
774
768
1549
793
757
764
766
760
1515
794
722
715
700
715
756
788
816
810
804
35
770
782
795
35
761
750
732
25
708
695
21
674
665
664
662
660
666
690
694
696
714
738
732
25
708
710
715
730
21
709
705
735
754
741
734
723
719
714
708
718
744
785
798
802
792
785
23
762
29
734
24
710
715
750
780
783
776
791
808
807
789
815
827
38
789
788
768
22
746
26
720
38
683
666
666
688
713
732
736
761
755
784
812
831
833
823
833
822
25
797
43
755
173
583
908
184
724
713
707
696
26
670
675
666
656
667
686
706
735
748
760
778
789
797
794
799
789
768
762
772
782
776
774
24
750
758
773
791
793
788
776
769
761
749
734
719
734
736
743
748
758
783
796
788
776
775
779
34
745
744
732
722
739
734
725
724
733
750
757
754
764
757
755
23
733
729
717
717
713
715
735
743
733
733
737
32
706
713
746
768
793
801
810
828
833
837
844
841
853
873
853
841
844
852
831
818
826
830
825
835
828
808
791
789
793
802
804
804
1635
838
798
785
770
750
22
729
713
92
621
762
72
690
711
750
785
799
824
813
819
809
44
765
776
785
787
770
785
801
792
35
758
763
767
771
754
744
730
735
738
727
730
743
751
775
786
23
763
755
736
720
714
723
725
719
723
734
749
765
788
792
794
807
802
782
767
751
732
719
710
707
695
698
731
750
766
780
767
769
779
790
797
820
839
840
847
848
861
1731
912
819
815
30
785
765
756
752
756
784
795
818
809
817
802
43
760
745
757
743
755
771
791
793
780
776
756
747
759
762
769
785
791
798
801
1648
860
789
790
789
787
784
778
25
753
769
781
772
783
772
789
791
791
786
786
790
26
764
21
743
733
731
741
745
748
762
769
770
761
51
711
704
717
718
702
704
698
700
724
715
710
693
680
685
704
714
726
734
742
741
728
733
721
716
733
748
763
789
796
24
773
767
764
758
750
739
22
718
721
716
733
746
771
752
738
743
730
738
747
732
731
739
754
752
751
750
760
741
732
715
712
712
725
734
21
714
718
722
717
714
696
695
709
737
760
784
805
788
795
775
774
759
765
753
757
750
482
269
475
716
709
707
715
716
719
727
715
717
717
710
705
729
751
793
811
803
814
812
816
825
815
827
862
866
1698
895
804
789
784
769
762
768
758
739
738
728
730
737
739
750
771
783
776
779
779
781
1544
801
744
730
728
739
28
712
708
21
687
672
673
676
687
701
724
761
792
843
860
863
874
870
885
879
868
872
38
834
33
802
794
797
802
815
38
777
759
746
756
779
157
623
945
179
766
765
750
742
25
717
713
731
750
760
782
787
33
755
21
734
110
625
926
140
787
777
22
755
28
728
739
799
837
833
843
855
859
855
28
827
809
811
820
831
851
864
866
875
867
46
821
804
815
819
830
817
802
806
809
793
809
1642
869
773
765
34
732
721
731
746
767
785
797
797
796
797
794
786
774
787
796
806
787
782
804
875
946
935
932
930
25
906
48
858
25
833
811
40
772
36
736
750
786
808
815
838
836
829
851
856
872
872
864
879
875
867
862
853
833
822
826
828
823
806
802
802
805
799
785
775
794
811
806
806
818
816
803
36
768
755
745
782
35
748
732
26
706
689
686
1397
708
690
696
677
684
706
733
778
809
837
859
863
845
844
879
894
912
906
915
920
935
922
916
892
888
898
875
866
859
25
834
826
833
850
872
875
893
28
866
871
877
896
904
914
890
42
848
24
825
818
823
819
30
789
786
43
743
748
750
758
767
790
803
791
789
794
808
838
1667
854
814
830
845
865
863
843
853
871
886
883
885
874
28
846
832
844
883
26
858
858
859
874
863
33
830
809
53
757
763
1632
794
839
820
818
842
867
895
902
912
909
905
930
937
930
911
890
902
899
896
900
888
30
859
857
883
864
870
875
888
35
854
30
824
806
807
819
871
900
914
914
43
872
40
832
37
795
52
744
743
781
801
797
806
25
781
28
754
757
793
784
763
23
741
32
709
710
721
747
823
830
857
854
851
871
887
894
904
892
881
875
36
840
847
849
872
887
899
879
865
888
915
919
912
904
898
875
871
872
1791
912
879
876
870
24
846
34
812
38
775
45
730
34
697
680
676
725
731
730
716
738
798
813
821
863
892
905
901
27
874
873
881
898
922
937
936
933
37
897
28
869
871
891
907
929
932
32
901
898
915
930
927
924
914
33
881
24
858
35
823
42
781
773
23
750
753
782
799
809
837
847
835
820
827
835
841
857
868
850
830
831
843
837
827
836
858
874
877
867
857
862
1727
884
844
832
818
827
848
863
877
887
885
904
900
33
867
849
833
25
808
25
784
773
30
743
22
721
704
725
743
757
790
847
890
938
981
962
26
937
923
921
942
958
27
931
913
38
875
36
840
822
812
792
788
775
754
797
818
829
824
831
838
868
895
914
930
921
899
892
901
902
903
27
876
870
853
855
1730
923
807
36
772
768
760
770
792
802
847
864
889
897
904
910
908
899
67
832
26
806
34
773
31
742
726
717
712
695
692
683
674
674
676
668
660
665
667
653
661
662
682
688
674
674
689
694
681
670
668
657
649
658
647
662
685
710
738
766
795
793
798
796
819
834
826
810
803
790
772
42
730
724
1333
698
635
629
625
612
607
610
607
601
598
588
596
590
588
583
588
583
583
581
583
579
583
580
583
574
581
576
576
570
568
572
568
567
564
568
566
564
562
567
563
566
561
563
565
565
561
559
562
562
558
556
554
558
553
552
550
545
544
541
537
534
536
532
535
533
530
526
526
522
517
516
511
515
510
511
506
505
500
498
500
498
498
494
492
491
488
489
487
485
481
477
481
479
478
473
471
470
470
468
466
463
460
459
461
463
458
458
456
454
454
451
454
454
450
449
446
448
449
445
442
441
443
445
442
439
437
438
438
435
436
432
433
433
434
430
430
429
429
432
427
426
423
425
425
425
422
420
419
418
417
421
418
418
416
416
414
414
418
412
411
411
410
416
408
408
408
405
412
405
404
405
400
407
404
402
399
404
402
402
397
398
397
396
401
396
394
396
392
397
396
393
390
392
391
396
391
392
389
389
392
391
386
391
388
390
386
388
776
390
387
387
385
385
390
385
384
387
384
387
386
384
384
386
384
387
383
384
384
387
387
385
383
385
384
386
382
385
383
384
384
382
383
383
384
383
764
386
379
383
384
382
381
384
382
384
382
382
382
384
382
387
387
391
389
393
391
395
394
398
397
399
397
399
400
401
401
405
402
406
407
408
411
416
414
417
415
417
417
422
418
421
419
423
424
833
365
469
33
437
428
428
429
433
429
432
433
159
274
571
83
488
42
446
14
432
432
156
277
568
78
490
33
458
18
440
444
445
445
443
447
448
166
282
581
72
509
19
491
29
462
462
467
471
476
472
469
471
479
192
287
614
73
541
529
514
27
488
494
493
488
479
471
469
471
466
468
479
485
486
495
500
506
509
510
503
499
507
515
522
528
521
515
518
527
538
532
520
516
521
521
521
514
509
508
521
527
531
526
521
533
553
567
567
570
24
547
536
541
552
567
574
567
555
18
538
545
559
577
570
565
556
543
535
541
550
559
550
551
556
555
561
546
533
537
541
550
548
538
530
527
534
541
540
550
538
538
543
559
565
568
567
562
589
607
616
637
32
606
598
592
650
760
757
752
739
52
687
93
594
602
203
400
605
772
138
635
30
606
637
645
41
604
593
19
575
571
563
571
591
606
615
601
598
631
678
689
745
48
698
64
634
630
643
668
698
22
676
39
638
31
608
624
639
650
685
751
59
693
25
668
22
647
630
652
657
666
684
48
636
630
614
629
632
648
642
625
636
647
656
29
627
619
608
623
639
650
655
41
614
600
18
583
579
580
589
591
610
595
610
622
654
646
639
669
691
693
689
671
30
642
650
673
680
680
678
672
657
653
669
694
701
693
695
21
674
31
644
646
662
671
683
681
670
21
650
658
667
689
706
688
699
24
675
27
649
643
643
647
653
658
646
647
662
705
720
717
708
1354
685
669
656
678
674
683
673
660
651
636
634
630
635
650
645
651
648
650
647
649
654
656
659
664
649
655
661
671
668
652
648
647
665
676
701
708
711
704
26
679
663
662
677
706
722
706
705
24
681
672
667
685
704
714
715
712
699
24
675
678
685
704
712
722
706
687
671
666
653
19
634
622
613
604
600
622
633
628
630
627
643
647
666
670
680
674
671
666
668
689
713
732
757
750
739
735
725
32
694
697
715
719
750
29
721
723
21
702
698
687
691
699
704
704
700
688
673
677
693
710
722
717
717
700
689
682
689
688
290
398
1006
239
767
60
708
1295
660
636
644
648
653
655
683
715
715
719
710
699
25
674
660
662
686
711
743
746
21
725
21
705
21
684
688
709
1437
695
742
725
726
30
697
685
686
700
714
758
762
752
757
31
727
22
706
690
694
1424
696
728
714
725
708
698
691
694
706
711
724
718
721
709
28
682
29
654
644
630
619
605
628
625
625
633
650
648
671
681
706
708
706
690
682
669
19
651
652
649
641
655
661
696
687
691
698
691
693
675
678
685
707
702
713
715
21
694
685
681
695
694
709
712
720
708
696
682
684
688
698
700
700
699
694
683
685
684
677
673
396
278
389
654
638
627
624
614
606
601
599
600
600
612
615
620
614
624
617
616
618
620
624
625
620
615
173
443
797
173
625
638
633
631
629
638
648
648
661
654
654
668
680
674
677
677
687
695
684
676
660
662
671
687
709
727
719
25
695
687
687
696
705
704
687
677
687
685
673
665
663
671
671
672
657
663
679
686
678
669
682
696
707
732
712
22
691
677
677
675
666
692
697
722
20
703
26
677
668
682
668
678
666
676
662
674
665
1358
657
701
21
680
672
663
655
658
121
537
781
115
666
671
684
679
670
669
681
676
686
674
668
668
681
689
699
707
688
690
684
708
712
715
26
690
689
681
24
657
665
665
673
26
648
650
659
668
673
664
654
643
669
676
670
664
657
694
679
684
683
684
25
660
677
682
668
672
689
671
686
677
688
692
27
666
678
666
657
681
684
22
663
670
674
689
673
656
651
658
656
666
663
653
662
671
667
653
648
661
661
674
673
663
662
661
661
668
651
649
662
665
668
19
650
663
647
667
666
674
660
654
642
649
648
662
668
675
673
674
668
656
655
654
657
666
666
669
19
651
651
642
658
670
662
649
651
656
660
663
664
672
19
654
644
639
641
629
637
640
644
648
632
626
639
645
640
644
648
631
625
629
635
625
632
624
634
623
637
638
632
639
632
627
640
628
622
621
624
628
639
639
641
644
645
643
627
632
623
610
624
624
625
614
620
622
629
629
617
609
618
614
625
621
611
606
597
611
617
625
628
626
638
625
620
630
633
641
631
650
19
631
624
626
631
642
638
631
621
625
630
627
629
632
627
625
625
620
626
625
610
617
620
608
620
613
603
598
614
609
626
628
636
650
639
629
622
628
648
645
647
640
645
639
651
654
663
661
658
665
661
666
662
664
672
662
657
1316
654
662
24
638
625
631
634
638
629
625
628
634
636
634
647
640
642
649
646
638
649
647
644
630
633
638
646
642
628
626
629
630
630
619
627
634
627
640
637
644
633
632
637
633
636
650
658
660
664
668
666
655
638
625
642
641
628
637
643
632
21
612
631
628
615
626
635
628
625
627
624
617
620
609
614
607
604
603
608
600
601
603
603
612
613
611
611
610
614
617
621
626
308
319
312
626
632
630
635
631
628
633
632
373
259
368
534
722
327
396
141
256
260
640
2205
3999
3999
3999

