1081
1070
1084
1099
1082
1060
1090
1091
1073
1056
1093
1068
34
1034
1053
1069
45
1024
1005
1016
1057
1058
1065
34
1032
1057
1066
1050
1031
1056
1068
1064
1040
1072
1080
1054
1066
1086
1092
1090
1085
1107
1105
1092
1075
1089
1086
1088
1070
1062
1088
1083
1084
29
1056
1065
1084
1085
1063
1050
1073
1078
1058
1057
1055
1069
1076
1062
1039
1041
1059
1065
1059
1036
1052
1063
1077
1084
1079
1052
1055
1064
1063
1051
1040
1044
1064
1077
1053
1033
1052
1055
30
1025
1033
1050
1047
1026
1039
1050
1054
1029
1040
1053
1057
1032
1033
1043
1048
44
1005
1007
1030
1036
1026
1000
1020
1021
1016
1011
1032
1045
1024
1027
1057
1067
1046
1069
1065
1045
1060
1059
1044
1037
1018
1047
1051
1028
40
988
974
1009
996
1009
1019
1035
1014
1038
1058
1067
1051
1054
1060
1066
1054
1044
1075
1088
1101
1076
1093
1109
1117
34
1083
1077
1096
1097
1101
1105
1097
1069
1098
1090
1091
1082
1062
1066
1078
1074
1052
1044
1067
1064
1062
1044
1047
1052
1072
1044
1046
1057
1060
1036
1040
1049
1058
1035
1027
1035
1051
1049
1032
1037
1055
1050
37
1013
1027
1040
1037
1036
1024
1045
1049
1033
1047
1050
1029
1017
1030
1033
39
994
29
965
979
1000
985
991
1025
1037
1030
1026
1036
1049
1060
1052
1040
1060
1081
1091
1073
1056
1085
1092
1084
1057
1050
41
1010
1042
1053
1078
1070
1063
1047
1082
1086
1090
1078
1083
1098
1091
1102
1086
1091
1093
1071
1071
1083
1083
1084
1062
1057
1069
1085
1083
1062
1071
1083
1095
1082
1076
1092
1101
1082
1083
1098
1109
1096
1083
1099
1117
1114
1098
1106
1119
1118
1092
1095
1105
34
1071
1067
1080
41
1039
1037
1013
1011
1024
1030
1005
997
977
993
1026
1026
1031
1049
1063
1041
1077
1080
1059
1041
1078
1103
30
1074
1089
1095
36
1059
30
1030
1014
1047
1061
1054
1074
1048
30
1019
1004
998
986
970
976
967
964
958
955
963
956
936
948
945
930
941
940
932
930
943
954
938
932
939
940
972
974
987
997
985
973
973
963
949
957
963
943
942
945
36
909
916
924
917
915
945
955
956
964
974
960
948
954
963
940
937
940
928
29
899
897
898
890
894
889
891
901
878
887
875
889
912
910
922
935
926
914
922
914
911
907
899
879
888
886
870
852
874
868
850
831
841
824
863
867
877
892
901
916
919
916
934
947
959
941
944
962
952
941
958
971
953
948
967
974
27
947
944
952
944
922
932
932
77
855
842
31
812
795
790
776
776
766
756
770
762
764
762
759
771
751
760
749
750
750
756
762
749
760
781
774
770
780
770
772
766
754
753
748
743
735
726
728
721
710
717
704
705
698
696
692
688
692
678
673
670
669
669
660
660
655
659
646
654
647
646
641
646
648
634
638
641
645
633
639
637
631
633
630
633
625
625
628
620
625
624
625
614
618
614
614
612
611
611
607
607
605
603
601
609
600
606
601
605
599
595
596
599
593
592
594
599
591
583
594
593
599
588
596
591
584
591
591
591
586
590
585
589
585
588
588
585
585
583
590
589
583
587
586
583
582
584
586
583
585
582
583
583
579
579
580
583
574
576
576
575
572
573
576
568
565
569
565
567
562
568
565
565
560
565
559
561
557
558
552
558
560
555
551
551
557
549
547
548
550
545
546
544
545
541
544
544
540
539
543
540
543
545
547
543
550
557
560
548
549
555
551
549
557
563
571
578
577
584
592
75
517
670
76
595
595
594
597
593
590
592
602
614
609
609
609
619
624
631
628
631
645
656
650
652
655
663
690
735
776
770
759
753
22
732
712
720
23
698
692
703
722
765
811
805
418
388
1118
274
844
68
777
46
731
718
738
763
791
827
847
852
837
33
805
32
774
25
749
749
768
804
844
849
828
810
809
796
24
773
759
787
794
787
26
762
753
744
730
748
778
782
768
759
784
812
830
822
811
830
855
837
842
881
896
39
858
848
885
874
853
846
888
886
866
856
890
896
32
865
871
914
937
42
896
905
925
904
25
880
926
946
928
914
971
972
953
31
922
948
968
976
953
976
991
967
971
995
62
934
913
41
872
29
843
858
852
869
916
956
27
929
916
938
937
33
905
909
946
956
940
917
900
884
865
842
829
848
875
880
27
854
841
865
868
879
930
968
32
937
936
946
953
932
934
953
954
937
943
978
1000
976
991
1016
1020
34
987
983
990
981
965
982
1009
28
981
991
1007
1005
27
979
987
997
978
970
994
988
973
39
935
927
910
893
875
893
932
942
938
967
970
958
975
963
959
967
974
31
944
954
970
29
942
956
965
943
965
979
992
28
964
960
987
1006
38
969
972
992
1003
28
976
985
1010
1006
997
1033
1044
28
1017
1008
1027
1023
44
980
955
939
33
907
931
974
1002
987
1002
1032
1043
1018
1022
1059
1073
1047
1047
1055
1032
1008
1018
1019
1006
983
996
988
999
993
1031
1043
1019
1023
1045
1049
1025
1041
1050
1033
1022
1034
1057
30
1028
1006
1018
1021
1016
991
1004
1015
1012
996
1028
1037
1014
1031
1043
31
1013
1004
1010
1002
34
969
972
972
960
28
933
911
900
929
951
943
958
967
982
968
972
974
965
982
985
989
980
977
986
990
976
983
995
1005
983
988
998
996
990
1003
1010
1009
1001
990
981
971
948
928
921
934
916
894
875
860
857
846
841
867
875
930
994
1024
1034
1031
1046
44
1003
1035
1060
1041
1058
1066
1041
1057
1076
1090
1094
1092
42
1051
1082
1095
1072
1081
1112
1137
1115
1106
1089
1063
1043
50
994
994
985
971
46
926
946
965
991
984
1033
1052
1041
1066
39
1028
1044
1078
1103
1083
1084
1111
1115
1127
33
1095
1109
1112
1101
1109
1093
1095
1095
1087
1111
1105
1110
1102
1091
41
1051
1069
1062
51
1012
1000
1027
1048
1035
1009
1029
1057
1073
37
1037
1044
1050
1068
1077
29
1048
1075
1093
29
1065
1071
1077
1058
39
1019
44
976
979
980
958
958
36
923
936
984
983
1011
1053
1067
1093
1094
1085
1060
46
1014
1012
1025
1019
1016
1046
1074
1060
39
1022
1029
1023
1010
1004
1018
1039
42
997
1039
1043
1041
1049
1061
1060
39
1022
1046
1063
1040
1047
1067
1053
1027
1066
1062
45
1017
1013
1020
30
991
1007
1004
33
972
991
1017
28
989
1011
1030
1025
1057
1086
1099
1102
1115
1088
1079
1075
1059
1046
1035
1029
1015
995
1036
1024
1067
1066
1092
1097
1083
1064
31
1034
1017
1031
1032
1028
1051
1042
1070
1078
1072
1066
1047
1023
1009
36
974
33
942
918
936
956
994
1025
1004
1010
1020
34
986
987
972
958
942
920
901
909
929
961
1000
1025
1013
1042
1051
30
1022
1046
1069
1070
1049
1027
1043
1059
1067
1068
1061
1071
1077
1062
1105
1086
1104
1125
1132
1116
45
1072
1093
1096
1092
1072
1051
1028
1013
1026
1053
1042
1076
1050
1045
1073
1107
1086
1109
1110
1111
1085
1072
1101
1092
1102
1086
1060
32
1028
48
980
982
988
986
28
958
982
1018
1037
1040
1130
1167
55
1113
42
1071
41
1030
28
1003
986
27
959
947
940
924
927
936
940
962
1012
1066
1075
1106
1125
1128
1118
1094
1083
1068
34
1034
1014
993
989
980
964
979
1012
1045
1076
1051
1062
1094
1080
1091
1083
1067
1048
1039
45
994
996
1015
1032
1072
44
1028
1040
1067
1067
1075
1087
1062
1097
1115
1111
56
1055
1078
1061
1047
1092
1115
1124
1120
1091
1087
1095
1096
1078
1051
1066
1069
34
1035
1047
1068
1075
35
1041
1072
1066
1067
1055
28
1027
1015
1009
1047
1061
1072
1044
1022
1017
1054
1071
1068
1070
30
1040
1057
1054
1075
1100
1125
1124
1103
29
1074
1094
1075
36
1039
1013
1000
1017
997
1009
1026
1034
1055
1077
1055
1060
1076
1100
1098
1123
1118
1100
39
1062
1038
1041
1058
31
1027
1052
1050
1040
41
999
1020
1059
1048
1067
1081
1098
29
1069
1083
1098
1092
1090
1080
56
1024
1028
1008
995
990
1054
1091
1093
1089
1079
1083
1093
1094
1091
38
1054
1077
1102
41
1062
1063
1091
1091
34
1058
1067
1081
1084
1085
1113
1092
1101
1119
1114
1100
29
1072
29
1043
41
1003
988
992
1009
1015
1018
1012
1045
1067
1077
1103
43
1061
1095
1109
1082
1099
1120
1100
1083
1097
1095
48
1048
1051
1059
1041
1025
1047
1083
1064
1080
1090
1092
1084
35
1050
1064
1046
39
1008
1038
1055
1032
1055
1077
1051
1074
1078
1083
1070
34
1037
1030
52
978
982
992
1015
1032
1030
1045
1047
1023
1035
1045
34
1012
1015
31
985
973
952
30
922
908
914
913
937
977
954
1000
1006
993
1032
1054
46
1008
1030
1040
1018
994
1014
1017
1003
1048
1053
54
1000
991
966
953
959
948
936
930
912
27
885
868
852
833
823
817
806
794
785
779
767
762
764
758
750
739
744
734
736
724
723
734
736
735
739
747
753
790
794
800
813
807
791
797
827
830
860
912
924
922
947
974
952
964
963
967
942
958
975
973
1000
1002
982
27
955
958
993
1014
1007
1021
1028
1041
1061
1073
54
1020
43
977
29
949
947
954
956
962
996
1006
1011
1026
1014
43
972
955
949
929
910
890
875
869
910
941
1006
1031
1037
1043
1061
1066
1045
1024
1011
1040
35
1005
1031
1032
1014
1035
1064
1041
1029
1058
44
1014
1027
1046
1046
1041
32
1010
35
976
966
36
930
912
26
886
357
530
1025
164
861
847
840
830
833
823
822
818
825
825
830
833
829
831
820
833
832
831
820
821
802
798
794
791
796
784
771
769
780
790
793
794
798
792
781
778
775
770
770
766
763
779
776
778
801
796
816
819
820
817
819
812
793
23
770
773
755
755
752
770
768
781
788
789
788
1996
743
744
736
748
747
761
757
766
770
762
767
777
765
764
760
757
754
746
749
745
759
757
764
761
764
759
756
752
760
768
768
773
770
769
783
774
770
774
774
767
774
785
795
791
772
778
771
774
770
770
774
782
785
778
772
782
793
808
804
803
829
837
26
812
791
39
753
753
755
748
745
746
768
800
811
820
821
847
857
847
852
889
908
891
921
906
896
888
933
912
924
912
906
901
917
951
939
927
955
967
957
935
925
941
948
322
627
1137
172
965
967
960
940
922
934
956
943
962
944
949
963
976
999
32
967
959
979
960
984
1007
1004
991
1013
1042
39
1004
1025
1036
1032
1031
1035
1036
31
1005
1009
1026
1011
995
1036
1028
1034
1039
1055
1036
38
998
974
959
966
956
964
994
1018
994
1029
1065
1068
1077
1079
1068
1066
1041
1036
1041
1038
30
1008
1012
1025
1026
1024
999
990
992
1001
978
996
1010
1016
1035
1039
1048
1043
1041
1021
998
973
974
979
1016
1039
1031
1051
1047
1035
1011
997
46
951
26
925
931
961
969
980
997
1013
999
1002
1022
1038
1023
1025
1047
1042
1044
1066
1070
1079
1084
1065
1074
1078
1052
1073
1055
1075
1075
1071
1073
1064
1044
1046
1059
1046
1041
1082
1073
1072
1106
1081
1083
1082
1080
1097
1094
1070
1084
1100
32
1068
1084
1095
1081
1088
1084
1103
1093
1092
1078
1096
1086
1061
1078
1090
1068
1084
1089
1078
1105
1087
1062
1060
1074
1064
1041
1049
1042
1041
1031
1034
1023
1010
985
1004
991
993
991
1007
997
1006
1022
1027
1056
39
1017
1032
1023
1017
1037
1041
1040
1021
997
993
995
984
977
999
1019
1033
1035
1014
1008
1001
37
965
34
932
36
897
35
862
844
845
851
872
903
937
977
972
957
954
940
945
937
25
913
893
891
927
949
966
996
1032
1059
1066
1067
41
1027
1043
1041
1032
1030
1035
1039
1056
1066
1068
1072
40
1032
1030
1040
1065
1051
1075
1081
1095
1083
41
1042
1040
1049
1036
1045
1020
1000
981
1013
1033
1059
1060
1083
1081
51
1030
1041
1064
1055
1064
1085
1097
45
1052
1065
1071
1070
1050
1030
1041
1048
1039
1053
1094
1099
1086
1083
1057
45
1013
1017
1018
1037
1079
1100
3999
1327
1109
1107
1089
1073
42
1031
33
998
27
971
950
945
988
1041
1070
1080
1101
1075
1070
1080
31
1049
1047
1045
1054
1052
1052
1033
1035
34
1001
1008
1000
989
965
979
990
993
981
1012
1027
28
1000
1019
1011
1009
993
29
964
983
963
947
944
924
958
1000
1014
1033
1042
1044
32
1013
997
29
968
968
954
936
947
960
975
979
1005
1023
1023
1019
1051
1071
31
1040
1073
1075
1066
1068
1061
1041
1047
1043
1022
996
1040
1077
1074
1095
1102
1091
1076
1071
50
1021
1041
1020
1000
1018
1010
1009
1004
987
996
1005
1008
1013
988
1001
1016
1033
1036
1010
30
981
970
963
992
997
39
958
992
1031
1061
1083
1076
1087
1067
1070
1056
1041
1017
29
988
993
992
1015
1005
1038
1059
1056
1054
1060
1052
1032
1022
1015
995
1011
1027
1020
1010
1016
1005
1010
1009
1015
1007
993
1000
1011
3999
991
1000
1010
1029
1034
1054
1038
1032
1009
38
972
997
986
971
972
1016
1019
1012
1010
1026
1018
1044
1053
1069
1073
1058
41
1018
1026
1024
1019
1027
1065
1083
1097
1094
1097
1074
31
1044
1040
1021
1000
984
988
985
1010
1039
1054
1068
1078
1061
1058
33
1025
1063
1096
1095
1080
30
1051
1032
1028
32
996
998
1009
1016
1029
1018
1003
1012
1010
997
31
966
974
982
979
995
994
34
960
941
965
1000
1023
1031
35
996
1020
1028
1026
1024
1028
1017
1019
1002
1005
1001
1012
1024
998
1023
1037
1047
1046
30
1017
1031
1021
1018
1008
993
995
981
991
995
1000
997
972
997
1003
992
27
965
973
1004
1022
1011
1000
1028
1045
1051
1049
1026
46
981
964
983
986
1019
1051
1063
1095
3999
3999
3999
3999
3999
3999
3999
3999
3999
3999
3999
3999
3999
3999
3999
3999
3999
3999
1481
1032
1046
1064
49
1015
1032
1035
1039
1051
1069
1054
1065
1056
1044
1042
38
1005
1009
985
977
971
956
26
930
949
980
1003
1009
1022
1043
1048
1031
1055
1042
1023
1028
1005
987
34
953
974
977
993
1015
1033
1036
1037
1027
1040
1032
1016
1000
976
953
966
979
993
1005
1003
981
977
987
996
1008
1010
1014
32
982
997
1025
1042
1044
1058
1061
28
1033
1018
1022
1009
985
982
1010
1022
1031
1035
1053
1056
1052
1067
1090
1086
1086
36
1051
1044
1043
46
998
981
29
953
951
31
920
922
948
967
976
962
994
1012
1022
1013
998
1013
1024
1038
1039
1039
1058
1067
1056
1058
1041
1027
1014
1007
1002
988
991
999
998
1014
1014
1049
1032
1040
1051
1064
1046
1051
1035
1040
1052
1072
1054
1059
1041
1046
1053
1040
1019
1011
1003
1016
1017
1032
1051
1041
1032
1032
1018
999
997
1008
1015
1035
1027
1027
1009
1003
1010
999
1033
1056
1065
1074
1081
1073
1066
1045
1026
1017
1003
1024
1031
1041
1028
1032
1042
1037
1028
1007
42
966
942
965
989
994
999
983
1008
1032
1041
1029
1061
1082
1077
1084
1077
1060
33
1027
1036
1031
1016
994
974
992
990
1009
1026
1035
1014
1028
1041
1073
1081
1114
1111
1098
1078
1071
1082
1090
29
1062
29
1034
1090
1097
1109
1113
1138
1129
1128
1136
1132
1111
1100
1073
1048
1057
1042
1071
1082
1090
1119
1125
1124
1113
1088
37
1052
3999
3999
3999
3999
3999
3999
3999
3999
3999
3999
3999
3999
3999
3999
3999
3999
3999
3999
3999
3999
3999
3999
3999
3999
3999
3999
3999
3999
3999
3999
3999
3999
3999
3999
3999
3999
3999
3999
3999
3999
3999
3999
3999
3999
3999
3999
3999
3999
3999
3999
3999
3999
84
980
979
966
983
983
968
31
938
929
947
975
1011
1043
1060
1074
1061
1106
1125
1145
1154
1133
1137
34
1104
1114
1118
1092
1085
1063
40
1024
1007
1010
1003
995
1011
999
978
981
979
1041
1109
1115
1142
1129
1132
1124
1154
1146
1178
1154
1143
1137
1146
37
1109
1124
1129
1134
1121
1106
1093
1100
1095
1091
1082
1087
1076
1057
1040
1021
1021
1052
1058
1040
1065
1074
1058
32
1027
37
990
978
1000
1040
1062
1039
1030
1035
72
963
977
953
949
959
939
38
901
921
940
953
32
921
922
935
942
958
969
966
1000
1012
1027
1013
1028
1036
1026
1039
1048
1060
1078
1087
1089
1077
36
1041
1057
1048
32
1017
1005
989
42
947
945
962
957
977
1007
1020
1020
1048
1047
1041
1034
1030
1007
28
980
995
1028
1041
1041
1048
1069
1070
48
1023
1023
1011
1048
1094
1074
1101
1121
1151
1133
1134
1114
1105
1082
44
1038
1050
1067
1086
1099
1100
1090
1084
1057
1057
1052
1062
40
1023
1007
1054
1083
1094
1096
1109
1108
1108
1090
1086
1102
1111
1117
1107
1116
1124
1126
1125
1101
1146
1140
1132
1130
49
1082
1109
1119
1102
1079
1084
1067
1078
1089
1098
1100
1097
1118
1113
35
1078
1052
1066
1083
1095
1110
1112
1125
1122
1095
1112
1125
32
1094
1111
37
1075
1101
1094
1083
1073
38
1035
1047
1030
1041
1039
1036
1072
1099
1123
1125
1115
1115
1117
1118
1112
1117
70
1047
34
1014
1038
1068
1091
1112
1124
1134
1150
1138
1172
1179
1184
1168
1170
1164
1166
1174
1164
1168
1166
1152
1180
1178
1194
1186
1211
1210
1228
1213
1195
1174
98
1077
1099
1111
1125
1130
1102
47
1055
1109
1125
1135
30
1106
1138
1143
1140
58
1082
1087
1101
1114
1087
1118
1140
30
1111
1089
1117
1113
1118
1142
1145
1137
1111
1126
1143
1134
1131
1107
1114
1141
1124
1130
1154
1140
1130
1150
1162
1144
1127
1132
1132
1117
1130
1109
59
1051
31
1020
1066
64
1002
992
967
1014
1040
1081
1095
1101
1124
1110
1107
1113
1132
1146
1163
1153
1164
1191
1177
1187
1197
1192
33
1159
1181
1186
1158
1189
1175
46
1130
1120
1114
1110
1095
44
1052
1075
1085
1078
32
1046
1027
34
994
1032
1046
1060
1040
1061
1076
1064
1042
1069
1080
1069
1072
1082
1089
1072
1100
1117
1089
1083
1102
1117
1088
1092
1079
69
1010
1041
1076
1087
1101
31
1070
1054
1076
1079
1061
1070
1105
1099
37
1062
1053
1077
1073
1088
1077
1080
1062
1084
1101
1090
1085
1093
1106
1125
49
1076
32
1044
1022
1040
1031
1005
993
969
946
946
969
971
978
1011
996
1015
1034
1068
1097
1106
1102
1092
1086
1100
1119
1099
50
1050
1051
1088
1098
32
1067
1093
1098
45
1054
1071
1082
1078
1082
38
1044
1052
1058
1065
1079
1102
1092
98
995
1051
1025
1040
1056
1053
1032
1037
1041
1024
32
992
987
980
978
969
999
1015
1007
1032
1031
29
1002
1002
992
992
35
957
955
976
957
933
946
944
935
947
955
947
949
937
915
921
934
938
948
960
977
983
979
984
978
970
975
967
952
939
958
936
922
935
939
940
924
943
943
923
928
940
958
974
957
956
955
964
979
980
983
974
964
975
985
960
954
977
979
996
1000
981
986
34
952
30
922
915
970
982
992
1007
1026
1039
41
998
979
32
947
926
958
986
998
1016
1033
1045
1037
52
986
34
952
992
1009
1024
1029
1032
1043
1034
1018
993
34
959
38
922
939
990
1007
1017
1033
1041
1031
1019
1004
985
963
957
27
930
28
902
916
938
958
958
957
964
28
937
947
958
951
930
920
961
1010
1031
1040
1041
1044
1040
1031
1019
39
980
49
932
932
941
31
910
42
869
883
865
889
932
972
996
1020
1030
1034
1036
1041
1025
1007
998
993
1005
997
1017
41
977
40
937
940
931
948
971
981
962
970
955
944
925
951
969
984
1000
1020
1027
1007
987
1012
1025
1026
1041
1039
1059
1039
1046
30
1017
56
962
952
32
920
30
891
889
915
904
882
871
869
870
889
882
868
851
869
868
876
863
875
908
942
954
975
987
992
995
983
975
960
938
35
904
899
923
36
888
899
891
888
33
856
29
827
813
36
778
782
789
46
743
745
725
745
731
738
740
745
793
812
856
890
888
878
880
30
851
26
826
851
866
892
922
928
27
902
939
952
974
988
1001
990
991
990
990
983
968
985
987
997
996
992
986
989
963
33
931
916
907
904
883
875
862
856
857
849
24
826
846
866
877
877
906
897
937
952
960
969
991
981
31
950
55
896
905
890
922
956
976
999
1010
1028
1017
1020
1008
1005
994
1008
47
962
943
28
916
902
26
876
892
901
918
926
936
939
914
901
917
931
939
967
973
954
963
42
922
923
953
976
1000
1009
1031
1041
1049
1040
1041
1040
52
988
28
960
939
921
898
888
886
887
892
875
865
842
841
858
865
889
933
933
959
35
925
940
921
26
896
909
947
978
1025
1052
1059
1064
1039
1044
1036
28
1008
30
979
34
946
924
909
926
907
904
924
931
908
921
916
895
892
884
919
965
1003
1012
1025
1009
991
976
980
30
950
31
919
958
1001
1018
1023
1011
994
976
960
30
931
940
944
928
932
923
913
914
903
886
912
938
946
943
945
938
33
905
31
875
885
901
909
919
937
947
958
964
976
979
969
976
29
948
950
946
939
926
926
946
963
947
966
968
970
974
956
369
587
1098
174
924
927
914
914
918
903
903
897
883
882
866
865
859
870
875
871
885
893
882
887
886
893
889
908
900
911
921
917
920
916
919
906
917
923
915
916
893
904
895
891
881
881
884
872
863
847
853
867
866
881
885
884
885
865
869
863
857
865
874
867
884
894
900
907
898
896
890
885
893
875
896
24
872
866
47
819
828
833
816
811
801
809
819
825
839
862
874
886
915
923
935
933
935
954
978
993
970
993
1019
1040
1022
1042
1044
1038
1012
1035
1022
1015
1055
1062
1040
1071
1071
1065
1091
1082
36
1046
1080
1091
33
1058
1091
1066
1107
1117
35
1082
1109
1116
1115
1101
1129
1115
41
1074
549
526
1305
196
1110
1085
1095
1094
1075
1054
1055
1034
1012
29
984
1003
1014
1018
994
1025
1023
1002
1003
1006
1015
1007
1007
29
979
955
942
926
914
906
912
901
889
877
880
883
896
908
908
932
950
980
992
994
1007
1005
981
970
973
979
978
958
976
975
982
972
954
28
926
914
908
909
922
921
936
928
908
895
879
881
886
899
924
949
958
969
977
992
1007
1005
981
959
950
939
924
926
913
905
921
924
921
960
999
1015
1038
1049
1070
1059
43
1017
1030
53
978
984
1029
1062
1072
1069
1060
1042
1027
1026
1044
1044
1026
1061
1076
1071
1086
1074
1060
36
1024
1036
1039
1040
1030
1010
1023
1044
1061
1081
1113
1154
1145
1120
1134
1151
35
1116
1148
50
1099
1143
1174
1159
1144
1150
1135
45
1091
1101
1102
1085
1080
29
1051
42
1010
1052
1065
1069
1096
1077
1107
1131
30
1102
1107
1119
1098
1082
1084
1077
1083
1118
1103
1114
1119
1100
1079
1108
1083
1091
1115
1092
1110
1115
1104
1128
1117
37
1081
1090
1081
1085
1095
1096
1100
1086
1059
1043
1041
1044
1030
1042
1025
1036
1016
1037
1071
1086
1107
1152
1126
1139
1116
1125
1123
1111
42
1069
1051
1025
1046
31
1016
57
959
958
934
935
934
912
918
924
916
925
909
890
904
903
885
897
917
915
912
939
970
966
958
950
956
951
951
942
927
923
905
887
876
875
876
872
892
878
869
849
834
829
813
793
779
763
752
750
741
734
715
707
703
702
695
689
688
686
678
25
654
675
672
20
652
669
668
651
650
663
646
661
652
647
653
21
632
647
630
640
627
629
629
623
624
621
606
613
615
615
617
615
612
605
613
613
611
599
605
610
607
611
614
617
614
612
610
609
607
610
609
613
612
605
614
617
606
610
603
610
618
617
615
618
613
602
609
605
600
591
593
597
590
594
600
595
600
604
611
612
620
618
615
625
616
616
611
622
625
620
624
623
627
627
631
629
635
639
650
658
663
110
553
819
78
741
732
721
738
750
739
740
733
737
738
750
774
800
794
785
797
813
795
788
786
811
837
829
824
859
864
852
921
924
912
957
953
37
916
916
964
35
930
63
868
851
898
879
887
939
984
992
427
565
1112
88
1024
27
997
985
999
37
962
1021
1041
37
1004
1052
38
1015
33
983
1025
44
981
1053
1059
1074
1054
490
565
1150
170
981
52
929
906
925
364
562
1127
119
1009
27
983
1023
1016
1049
1051
29
1023
1062
1062
1060
58
1002
981
977
1003
1056
32
1025
1084
1094
1103
50
1053
1057
1060
40
1021
1080
1083
42
1041
1110
34
1076
1108
1101
1094
41
1054
1093
1083
1108
48
1061
41
1020
1078
1080
1053
1041
1025
64
961
974
1012
1058
1076
1082
1085
1072
1049
37
1013
989
982
1012
1033
1075
1107
1114
1123
1109
1107
1092
50
1043
1049
1090
1106
1108
1130
1131
1125
1137
1141
1157
1154
1134
36
1098
1081
49
1032
30
1002
1033
1051
1056
29
1028
1074
1091
1092
50
1043
1032
1041
48
993
43
950
984
989
996
1048
1042
1038
1076
1050
1050
1082
1055
1070
1094
1093
1122
37
1085
1078
1089
1068
29
1040
1058
1037
1018
1009
1033
1032
1018
1020
1064
1083
1089
1081
1104
1098
37
1062
1079
1106
1129
1137
1144
41
1104
1104
1105
1087
1094
1084
1065
1077
48
1029
1043
1065
1082
1075
1068
1072
1080
36
1044
31
1014
1032
1036
1017
1028
1042
1051
1039
1017
1021
33
989
994
1019
1059
1070
1055
1089
1108
1106
1083
1063
1053
63
991
982
1023
1022
1041
1087
1089
1097
1089
1066
1104
1134
1144
1137
34
1104
40
1064
1082
1056
1060
1099
1076
1122
1112
1088
34
1055
1039
1088
1078
1081
1072
1103
43
1060
1095
1125
1129
1127
1108
1109
1108
1093
1066
1053
1028
1009
997
1012
1020
1046
1045
1041
1076
1064
1088
1106
1120
1106
1092
1105
1077
1059
1067
1072
1078
1101
1109
1089
1087
37
1051
1064
1077
1077
1063
1074
1082
1066
1066
1071
1048
39
1010
1054
1069
1072
1052
1087
1088
1096
1103
1082
1055
30
1025
36
990
1006
990
1004
1020
1026
1054
1093
1103
1087
1086
1091
1085
1082
1056
1066
1070
1066
1063
1058
1042
1071
1053
1052
1085
1123
1139
1113
1127
1127
1123
1107
1101
1111
1100
1141
1151
1141
1130
1123
1132
1150
1162
1163
1133
1150
1138
1139
1134
1112
54
1058
1102
1080
1090
1068
1072
1072
1084
29
1056
42
1014
1013
1028
1046
1045
1047
1066
1083
1091
1083
1090
1096
1086
1085
1096
1083
1088
1099
1089
1068
1083
1076
1083
1070
1080
1116
1107
1132
1120
1099
1099
1075
1082
1062
1054
1051
1047
1048
1056
1080
1053
1072
1072
1075
1078
1062
38
1025
1057
1037
1018
1024
1028
1003
996
1014
1006
1000
986
999
1001
1005
1014
1000
1001
1021
1013
1010
1035
1033
1028
1021
1035
1022
28
995
1022
34
988
30
959
26
934
920
912
904
918
930
940
939
939
985
1046
1063
1076
1110
1118
1105
1089
1074
32
1042
1062
1059
1035
31
1004
1035
1041
1065
1063
1069
1062
1079
1090
1099
1102
1092
1090
1102
1109
1112
1106
1105
1125
1119
1102
1084
1119
1125
1118
1117
1113
43
1071
53
1018
30
989
1030
1053
1098
1123
1116
1091
1105
1118
1144
1117
1125
1106
1104
62
1043
1052
1060
1066
1058
1051
1069
1074
1073
33
1041
1050
1082
1088
1080
1079
1096
1113
1086
1090
1084
40
1045
1024
1014
1036
1045
1051
1041
31
1010
1023
1009
29
981
31
950
946
989
996
1022
1036
1045
1059
1072
1068
1061
1037
1051
1050
1056
57
1000
997
1024
1027
1031
1019
33
986
960
990
987
1010
1038
1043
1024
1018
1033
1039
1052
1031
1026
1051
1088
1083
1075
1061
1072
1057
1037
1073
1088
1099
1098
1087
1110
1099
39
1061
1079
1092
1096
43
1054
1033
1049
1058
1082
1059
1061
1069
1054
1041
1046
1049
1048
1029
1029
1006
1020
1032
39
993
976
971
989
1022
1048
1060
1085
1094
1110
1127
1128
1132
1143
1116
1116
1108
1085
1090
1082
1086
1076
1080
1070
1094
1087
1096
1097
1090
1101
1090
1090
31
1060
1064
1072
1056
1063
1079
1066
36
1031
1047
1067
1055
1037
1046
1058
1032
38
995
976
27
949
958
991
1004
991
1008
1012
1001
1021
1032
31
1001
1003
1027
1034
1017
1021
1039
1036
1012
1025
1056
1062
43
1020
1041
1076
1072
1058
1069
1071
1054
1059
1056
1040
1040
1061
1083
1080
1060
1095
1093
1066
1074
1077
39
1038
1023
1044
1050
32
1019
1025
1034
1010
992
1034
1052
1027
1026
1046
1031
1016
1031
1014
47
968
962
940
918
910
946
953
999
1022
1012
1032
1045
1024
1040
1037
1021
1047
1034
1012
1007
31
976
31
946
940
43
898
885
31
855
855
863
858
872
870
879
871
867
868
858
855
847
843
845
852
860
861
866
877
889
906
902
910
913
919
909
892
875
881
870
874
59
815
808
791
776
756
751
754
748
745
747
738
736
729
725
726
723
721
711
699
696
694
688
680
668
670
666
667
657
656
658
654
652
651
649
649
648
643
644
635
639
639
638
632
628
635
631
629
626
619
625
623
616
618
613
615
616
610
600
604
604
598
596
597
593
590
588
594
591
589
583
587
582
580
583
581
572
581
580
574
569
573
571
570
571
572
571
566
569
564
560
566
565
561
567
558
556
556
559
551
551
553
546
546
546
547
545
539
546
540
539
545
540
535
545
541
535
538
539
538
541
538
537
544
538
57
481
585
46
540
537
537
537
534
535
538
530
539
534
533
529
536
532
531
530
528
531
525
523
35
488
557
35
523
523
525
522
518
522
516
518
518
515
516
515
510
514
515
511
511
511
509
508
507
510
505
510
509
507
504
507
506
506
506
503
507
508
503
505
506
504
502
505
500
503
500
502
502
499
500
503
499
496
501
500
494
501
496
496
499
495
496
497
495
497
501
498
498
494
500
502
503
497
498
502
504
509
72
438
575
53
522
521
527
529
530
532
539
544
545
551
551
552
556
554
555
565
62
503
670
41
630
673
686
700
698
26
672
26
647
632
624
621
625
626
637
649
657
660
655
20
636
623
608
600
599
112
487
774
109
666
655
660
652
645
633
628
635
634
628
637
629
624
626
626
627
628
638
636
637
636
640
631
634
638
643
641
636
634
640
645
653
656
651
645
639
639
655
674
690
677
672
678
687
710
721
710
708
738
755
763
23
740
724
727
727
741
729
715
703
729
749
769
779
761
743
749
750
748
739
734
740
747
734
728
718
709
715
707
700
701
707
725
745
737
741
775
787
795
22
774
766
786
809
834
816
803
807
818
825
807
810
850
875
881
29
853
833
837
839
823
809
806
825
843
840
833
859
885
879
28
852
847
860
840
822
824
844
848
841
847
874
887
873
866
883
885
875
868
888
911
910
889
906
898
889
873
319
554
1101
145
956
33
923
924
924
921
906
890
896
881
27
855
834
815
826
818
832
857
867
864
853
876
900
914
893
882
894
906
910
898
910
918
910
893
913
910
896
886
881
890
871
853
873
890
885
876
887
901
907
892
896
924
931
26
905
887
866
874
886
898
896
890
903
908
899
886
905
919
929
920
914
936
938
942
30
913
925
938
939
923
913
929
924
907
898
914
919
899
903
910
916
901
917
941
943
929
955
967
971
956
957
956
935
917
924
927
26
902
912
894
25
870
850
859
863
873
901
921
901
899
922
937
30
908
899
918
938
925
944
974
1007
982
967
973
963
941
942
937
916
916
895
24
872
856
31
825
809
806
797
798
797
796
795
775
791
797
797
782
770
765
762
765
757
761
752
755
764
779
773
779
785
791
781
790
793
791
789
787
773
770
761
760
759
750
745
744
744
738
727
737
736
739
749
756
754
754
743
740
723
710
710
722
729
737
757
774
767
764
750
749
737
739
22
718
703
706
695
698
710
717
736
749
758
756
756
760
755
759
754
757
758
769
770
779
808
823
828
842
857
24
833
831
842
833
834
838
844
849
840
843
860
870
865
867
884
902
888
882
891
897
887
874
875
883
893
897
884
867
865
878
904
898
921
922
901
902
916
908
920
932
927
939
946
953
938
928
944
947
953
952
34
918
927
919
897
904
901
917
911
909
889
891
904
912
921
908
909
900
885
883
897
875
879
882
891
877
856
842
826
828
855
853
862
883
912
907
901
922
911
893
912
915
901
909
909
915
900
915
907
910
902
900
888
901
900
890
889
903
903
906
916
921
899
26
873
858
868
846
867
863
872
889
891
901
917
913
895
890
903
888
869
866
899
915
913
904
30
875
879
885
910
956
977
958
983
989
973
971
993
1012
1001
991
1011
1016
1016
1008
1028
1037
1026
1011
1022
1023
1030
31
1000
996
1018
1021
1000
983
1008
1016
1016
28
989
1008
1024
1015
35
981
988
990
982
957
961
950
957
978
968
29
940
947
945
931
930
914
896
880
875
862
847
26
822
829
817
801
803
801
815
838
854
854
862
862
867
859
868
861
872
380
492
239
253
341
352
49
304
14
291
289
26
263
262
319
56
263
388
1083
699
385
755
74
681
3999
3999
3999

