812
810
792
791
805
806
798
786
799
792
784
779
791
792
772
767
781
777
768
767
774
784
770
771
787
783
770
774
785
790
777
776
791
784
765
773
783
786
772
771
784
783
764
770
784
783
767
769
779
775
764
765
774
774
757
764
766
753
765
771
760
769
775
782
762
766
772
777
774
768
784
776
770
774
779
771
772
757
767
764
765
750
753
764
770
760
754
778
775
762
760
783
784
778
768
784
783
780
766
785
791
786
772
786
787
777
781
792
797
785
802
800
791
813
805
793
795
811
812
795
811
817
804
789
807
803
799
779
782
789
788
777
795
793
799
781
784
799
797
785
783
802
802
787
783
792
803
799
785
800
798
792
793
804
811
802
791
799
800
797
786
805
799
788
778
790
793
780
779
805
798
783
791
798
806
28
778
804
798
780
770
753
767
768
755
765
776
772
773
759
774
776
765
768
783
787
775
773
789
791
791
779
789
793
792
780
778
795
794
792
781
800
788
783
777
795
795
790
784
801
797
795
778
796
805
807
790
791
801
805
790
789
802
791
785
784
790
798
783
781
796
796
795
780
796
796
796
788
802
806
811
792
792
806
797
786
803
808
798
786
795
799
798
785
796
797
791
787
811
813
24
789
794
814
809
789
791
805
805
786
787
805
797
782
799
800
798
791
804
798
807
791
794
797
798
789
787
800
794
787
775
785
779
776
766
771
776
776
763
764
780
777
769
772
779
778
766
760
770
769
766
760
760
774
776
762
769
769
774
756
756
766
763
758
758
772
772
766
762
777
773
759
761
772
772
769
767
782
786
767
765
780
778
778
770
782
776
785
769
779
788
771
777
790
794
24
771
779
786
784
767
781
788
790
771
785
789
776
778
792
795
780
785
791
784
773
797
793
793
781
792
797
798
782
785
791
793
780
797
794
798
781
798
807
796
788
798
796
795
781
791
796
782
787
794
784
790
793
791
783
793
790
774
773
789
787
772
783
783
780
764
782
781
768
770
785
785
773
783
792
24
769
782
782
779
772
783
785
768
780
787
786
770
774
764
758
771
759
773
777
786
787
788
775
777
762
754
737
746
742
727
709
708
20
689
673
666
661
670
687
707
711
715
35
681
666
680
678
689
698
696
21
675
671
680
695
699
696
696
686
673
680
693
708
724
712
695
702
694
30
664
662
693
727
721
750
755
750
736
724
730
711
708
708
697
687
698
704
692
694
694
691
26
666
678
692
694
692
709
730
730
45
686
676
660
28
632
643
639
649
656
656
647
644
631
631
633
632
625
614
616
605
592
581
580
575
572
574
577
575
585
592
595
19
576
569
559
563
561
558
558
550
553
543
549
544
540
534
533
535
525
527
526
525
523
515
517
515
515
514
509
504
507
509
507
502
499
500
496
495
78
417
563
71
492
491
487
488
86
402
565
79
487
485
480
74
406
547
131
417
536
61
475
475
472
475
74
402
536
66
470
470
470
469
468
468
467
58
410
518
53
466
464
466
464
462
66
397
525
64
461
463
462
70
393
523
64
460
461
461
459
455
459
459
456
458
453
454
457
458
70
389
525
65
461
459
458
462
461
458
458
462
74
389
523
67
456
459
458
459
457
461
455
454
456
457
456
456
455
456
454
458
454
451
454
458
83
375
523
71
453
453
455
455
452
455
454
452
454
454
457
457
457
458
454
458
457
454
458
459
459
456
458
462
456
458
458
458
457
456
456
81
375
426
542
92
451
63
388
503
52
452
451
453
451
453
450
450
449
450
450
447
445
448
450
449
445
449
447
447
446
445
447
444
446
446
450
447
443
447
449
75
375
504
53
452
446
450
444
449
449
448
444
446
446
76
370
507
61
447
442
448
440
442
444
444
442
437
444
446
446
442
74
369
527
78
449
453
448
116
333
418
1088
588
501
94
407
535
58
477
481
473
470
478
482
489
484
483
491
480
486
485
479
480
485
484
479
481
483
485
477
481
477
481
494
501
504
494
499
508
512
507
516
547
16
532
531
16
515
506
509
515
508
505
515
524
524
516
524
536
548
544
537
548
569
577
18
559
560
571
584
593
588
591
608
611
595
603
599
604
591
610
607
598
600
610
603
602
604
598
609
599
601
591
591
581
583
592
596
583
596
596
603
597
637
28
609
33
577
579
585
580
565
570
582
592
578
580
630
656
44
612
18
594
32
563
552
551
557
560
552
555
572
583
578
570
605
620
632
63
570
601
622
27
596
587
21
567
554
554
561
565
554
553
563
569
566
562
567
582
582
582
577
568
568
577
585
584
581
583
593
603
605
595
597
609
614
604
608
621
627
615
624
630
626
624
639
640
627
629
637
629
621
625
632
628
623
622
626
625
620
620
632
635
629
626
635
34
602
686
52
634
644
652
656
644
628
615
611
618
625
625
624
625
642
641
644
650
678
675
666
671
681
663
655
666
666
659
653
660
667
662
661
668
20
649
25
625
630
629
629
650
654
649
650
666
672
659
644
644
650
645
638
643
655
651
636
633
640
654
658
654
655
671
679
687
691
681
675
677
22
656
651
658
658
644
638
645
661
652
651
638
631
634
642
650
647
643
647
659
665
650
646
645
657
667
657
656
662
672
676
671
669
681
684
677
669
671
677
679
674
666
675
678
685
672
666
673
675
677
671
667
680
687
674
666
666
679
684
669
666
677
683
680
675
670
686
693
677
670
677
683
692
20
673
667
676
686
689
673
673
686
689
674
668
677
681
678
670
676
687
698
685
674
689
698
687
679
691
695
691
682
684
703
694
679
681
689
694
676
670
678
691
683
676
678
681
684
670
667
668
684
678
666
659
670
679
672
663
668
676
679
678
670
679
691
696
684
676
684
697
690
673
674
682
689
675
667
673
685
686
675
668
684
684
679
670
668
680
693
692
684
684
692
697
685
675
675
693
694
690
677
686
690
694
679
680
687
698
702
691
684
698
706
695
689
703
708
693
699
709
704
694
699
704
708
700
701
708
708
708
697
701
705
703
690
687
694
694
687
676
683
690
690
678
689
692
698
692
688
694
703
703
694
707
710
708
699
700
706
707
700
695
701
709
705
688
691
700
701
692
685
674
678
680
692
692
682
687
699
701
689
682
684
691
697
689
681
687
696
701
692
682
689
698
691
683
676
685
693
682
672
684
698
700
689
695
707
711
700
694
703
707
696
688
689
697
697
687
686
694
704
696
689
692
700
699
690
696
709
718
708
702
704
709
698
686
688
696
697
686
683
687
693
691
684
684
694
692
685
684
688
687
683
685
694
699
695
687
696
700
688
680
684
687
682
677
676
695
714
704
692
679
689
697
700
689
686
692
704
717
725
716
726
712
696
690
700
710
707
690
681
702
703
702
687
679
683
692
691
682
686
697
706
691
686
696
711
707
693
701
710
706
699
692
699
705
699
684
687
697
706
702
693
703
709
705
695
698
709
709
702
701
711
722
706
700
703
712
709
702
705
718
711
703
704
712
706
695
699
710
702
691
692
701
700
690
685
693
702
700
694
708
718
716
707
713
722
726
719
708
712
715
707
701
708
720
711
706
709
718
711
704
704
710
704
697
701
708
705
699
694
702
706
692
683
678
681
691
700
697
691
694
700
697
689
688
695
700
693
688
697
702
700
693
698
709
705
697
691
698
705
700
689
697
705
707
698
698
708
718
716
703
712
713
718
705
700
708
710
707
702
706
712
715
705
700
706
712
708
697
700
707
707
692
693
701
704
695
697
700
696
688
694
697
698
687
691
695
698
690
694
702
706
693
695
700
704
690
689
693
700
696
692
695
703
702
694
700
705
702
688
689
702
693
689
696
703
702
689
691
698
697
690
690
696
701
695
694
696
700
692
694
698
695
690
696
703
705
699
710
715
710
701
705
710
704
700
702
708
697
699
700
706
704
698
703
714
724
710
705
710
718
711
700
699
708
711
698
696
698
702
698
694
695
703
702
688
690
695
695
685
692
694
697
691
691
694
695
684
690
697
695
681
681
692
694
690
687
688
693
687
681
691
697
698
690
696
699
694
678
685
686
678
680
685
693
692
683
690
693
686
676
684
671
666
669
683
693
695
685
696
698
701
691
687
692
696
691
681
681
686
684
674
673
684
684
678
689
703
712
701
22
679
667
700
712
724
717
719
726
712
695
690
685
681
683
680
688
689
684
690
686
683
675
670
669
666
661
657
660
656
651
651
663
670
667
674
685
691
686
692
703
699
688
691
697
698
686
683
692
692
685
678
683
682
675
684
696
699
700
692
697
702
705
695
688
695
697
695
689
693
694
696
686
688
697
700
689
685
693
691
681
678
683
688
678
672
677
693
695
684
678
682
685
682
666
651
653
664
666
667
658
662
666
672
671
666
673
688
694
694
680
685
696
692
682
687
698
700
684
693
698
702
697
701
710
710
699
700
708
706
695
696
707
711
705
700
705
707
699
702
708
708
694
698
708
714
705
700
704
709
702
697
703
708
699
699
709
709
697
706
715
716
700
708
712
709
701
709
710
698
700
710
716
713
699
702
702
707
698
699
708
706
695
693
701
697
686
1360
658
702
695
26
669
656
652
655
656
649
649
650
656
658
654
657
673
677
667
1336
647
690
703
708
703
692
701
708
708
690
698
706
707
700
695
705
708
706
701
708
713
720
725
718
718
727
721
21
701
683
679
674
668
671
681
686
680
676
683
677
672
666
677
679
687
696
700
690
681
687
700
708
705
713
715
715
704
28
676
668
663
661
659
676
686
693
706
708
707
26
681
675
683
687
24
664
663
677
681
688
683
675
673
681
689
680
680
693
704
716
726
729
728
30
698
685
682
671
667
670
682
687
679
686
701
701
687
690
694
690
684
696
708
713
710
704
708
709
708
704
697
684
684
685
683
679
677
684
671
672
679
691
691
680
686
688
687
673
678
680
684
678
676
676
671
671
669
673
665
1320
642
678
683
688
682
680
684
679
665
658
664
673
683
698
706
705
699
27
672
659
651
641
644
654
673
682
688
685
676
683
697
712
723
720
710
696
699
706
689
672
683
692
702
709
711
702
685
671
665
689
690
688
686
675
671
676
689
689
697
702
691
683
688
674
671
691
676
676
673
663
662
674
680
684
683
673
680
695
702
684
683
683
680
675
686
691
691
686
687
693
691
685
679
683
685
677
674
678
685
687
22
666
668
671
681
689
687
680
666
656
646
643
649
647
642
648
653
664
670
673
667
673
685
711
710
694
692
697
691
684
678
661
661
665
667
666
653
646
661
668
677
677
681
663
665
667
666
655
653
670
677
687
691
700
705
702
696
685
672
661
652
657
663
664
675
699
716
724
723
707
690
696
698
684
667
666
670
670
666
671
673
678
689
680
666
665
666
663
657
660
667
665
669
690
697
716
717
712
701
25
676
666
664
666
664
658
664
666
674
671
674
680
681
674
682
689
692
686
684
694
710
715
713
708
692
700
701
695
685
674
679
680
682
673
672
682
684
682
671
664
666
667
666
664
666
688
693
692
682
668
672
678
675
667
679
685
697
706
707
694
682
683
676
669
672
682
682
685
690
680
23
658
648
676
688
702
721
730
736
719
705
696
692
687
677
662
664
666
675
680
679
680
690
692
692
687
694
695
693
687
689
693
679
675
679
677
666
663
671
670
665
660
651
647
641
647
647
643
645
651
653
643
671
680
689
685
678
676
683
679
663
651
667
672
673
659
657
662
670
666
673
670
674
679
675
681
672
657
651
654
649
632
631
646
646
654
653
653
650
650
642
640
627
627
625
628
624
619
624
634
640
636
644
649
665
677
684
672
673
670
661
649
644
659
666
671
675
683
681
674
676
664
658
29
629
638
629
639
646
643
641
640
652
657
662
662
658
663
654
684
666
666
665
683
700
748
734
21
713
713
706
697
684
680
673
666
656
644
38
606
626
618
623
618
619
643
653
654
670
660
650
663
652
642
646
649
656
644
641
657
661
662
665
647
646
649
649
656
647
644
633
620
613
612
619
618
623
611
613
607
625
630
637
641
635
637
627
625
611
615
610
606
611
616
614
616
625
637
642
640
652
665
690
701
700
687
20
668
673
678
671
675
689
709
713
708
703
694
686
674
667
661
654
637
647
656
656
19
637
630
632
634
643
632
627
632
640
648
659
653
655
662
664
671
671
658
661
665
664
658
650
655
661
661
663
657
651
634
621
630
624
621
633
648
656
650
657
662
673
689
692
688
689
691
686
23
664
655
654
653
649
640
664
673
680
668
661
652
648
648
657
657
662
679
674
670
661
658
659
661
651
646
658
667
667
664
681
696
704
689
679
681
688
675
668
674
682
685
702
701
701
37
664
662
671
668
654
643
649
657
664
654
661
682
689
684
670
674
677
673
663
665
670
665
654
661
668
665
672
680
688
678
674
680
690
689
679
665
685
678
673
661
656
656
660
657
666
671
655
657
665
668
666
661
671
680
679
666
664
664
661
659
664
649
638
643
657
659
662
653
655
661
666
658
657
660
666
664
658
667
677
685
678
685
692
696
689
677
685
691
690
676
675
682
678
666
653
658
662
666
671
666
669
656
649
669
666
668
673
668
669
666
28
638
640
646
642
633
631
636
629
630
639
640
645
647
657
675
700
686
678
22
657
647
640
634
635
628
624
617
622
625
622
620
18
602
611
607
606
615
620
627
646
667
678
685
728
727
735
727
721
22
700
687
676
24
653
653
644
641
644
655
665
669
667
664
670
676
670
658
663
668
660
651
652
659
671
677
681
687
21
667
667
668
668
24
645
633
629
640
652
663
670
680
687
20
668
654
649
650
653
652
666
666
664
666
678
681
685
679
671
691
679
669
681
689
696
702
697
705
703
690
693
695
684
672
675
678
690
694
686
678
24
655
657
665
667
664
657
652
642
655
649
650
647
648
647
630
620
618
619
625
625
609
607
611
616
621
623
625
623
648
644
634
638
648
652
647
635
653
653
656
640
629
629
640
643
638
636
644
651
647
655
675
666
656
665
666
662
657
666
655
22
634
639
634
631
630
627
625
611
602
605
613
617
625
629
640
632
631
644
650
649
638
641
647
650
644
640
654
666
676
674
670
662
683
679
690
687
673
661
647
656
657
653
652
655
658
655
645
647
666
669
672
667
666
659
644
641
627
622
624
624
626
629
641
647
649
639
650
667
683
699
708
22
686
20
666
679
682
689
689
688
676
666
666
667
658
659
659
656
647
632
627
637
644
654
662
679
682
689
680
677
30
647
638
626
623
635
639
646
648
633
622
627
620
627
631
634
646
651
657
657
663
657
654
642
637
627
618
610
607
614
621
625
630
634
627
615
626
631
633
618
606
596
609
622
637
669
694
704
705
39
666
650
657
652
656
655
644
645
641
661
665
671
671
673
659
651
639
641
657
660
651
657
652
659
666
693
703
709
709
691
688
672
666
664
679
673
668
667
666
671
700
707
691
685
680
692
691
692
694
680
667
659
666
663
650
658
672
684
698
686
20
667
703
699
697
24
673
667
668
668
653
646
651
661
661
652
649
663
670
669
660
666
672
686
688
684
690
692
680
687
688
688
681
669
676
694
700
690
682
683
709
711
708
705
699
696
705
23
683
666
650
657
660
651
649
653
646
642
646
657
648
652
661
666
660
652
645
654
649
24
625
616
625
626
614
614
612
623
626
643
648
648
639
628
644
657
666
665
657
651
655
651
638
640
637
625
622
620
620
630
629
635
648
666
662
660
671
681
670
673
676
678
669
674
684
678
667
671
682
698
702
684
686
694
695
23
672
24
649
644
648
642
648
662
682
706
704
692
681
677
676
669
666
678
685
695
700
704
707
695
679
665
669
666
656
660
674
678
683
676
674
662
651
646
660
671
673
674
695
713
700
713
727
727
715
708
25
683
679
680
666
660
672
682
688
695
684
678
683
683
696
703
695
676
669
672
669
666
665
660
696
703
714
714
26
689
672
667
673
670
673
701
704
718
712
701
29
672
667
685
686
687
682
673
676
665
662
664
676
685
683
679
702
704
691
673
670
673
677
672
674
679
689
696
709
707
710
26
685
668
667
659
653
653
664
676
675
667
680
695
703
707
21
686
681
676
672
667
673
678
680
674
681
695
723
722
21
702
30
672
668
676
674
676
681
676
669
676
681
687
683
681
679
687
687
685
685
697
685
689
695
688
686
687
692
687
669
670
673
683
693
683
667
650
640
650
654
663
682
686
685
672
661
648
666
653
636
643
646
656
672
662
647
655
661
666
661
645
658
656
657
652
644
627
611
618
619
635
640
640
656
660
648
643
656
658
661
658
652
644
640
640
652
652
666
654
645
637
658
667
672
667
668
685
685
675
669
662
672
676
675
664
664
674
672
669
663
677
684
692
689
686
688
694
686
677
685
697
692
689
22
667
659
667
686
690
686
676
685
699
702
705
690
694
700
698
683
686
698
700
692
688
705
708
714
699
693
699
695
704
700
690
703
708
708
699
707
709
699
683
694
696
705
695
704
719
725
717
716
703
697
695
698
704
702
708
698
688
694
695
695
678
685
689
674
680
689
718
717
716
707
688
682
685
674
666
670
689
705
704
706
701
29
672
660
655
659
660
663
659
666
669
669
667
667
673
673
680
677
693
691
687
690
688
688
682
679
688
691
686
685
704
708
705
699
697
703
696
691
684
688
690
673
677
714
720
723
719
711
708
38
670
673
671
659
642
645
649
662
677
690
701
701
689
694
705
707
708
707
704
697
695
690
678
678
696
704
706
714
707
703
690
676
672
680
679
674
663
653
658
655
664
666
666
660
650
647
644
636
630
635
642
644
652
674
681
686
697
688
690
696
680
22
659
656
655
668
688
688
700
699
698
693
688
678
674
672
667
681
670
671
22
650
639
644
654
658
649
659
675
668
665
660
665
677
678
687
686
675
676
680
682
679
665
675
682
682
666
666
672
673
677
678
664
655
657
660
658
652
663
674
682
686
685
682
689
688
685
679
682
690
686
682
684
690
690
686
691
688
688
26
663
665
681
690
696
706
708
699
709
699
687
676
666
650
646
659
661
662
653
664
675
677
680
670
659
664
667
664
659
669
673
677
21
656
649
652
655
649
668
670
669
657
654
661
655
652
660
666
678
682
678
685
692
690
681
675
675
680
677
666
669
671
663
658
678
688
31
658
682
32
650
637
630
637
635
639
643
649
653
657
651
658
668
668
668
674
671
669
657
668
680
692
701
708
705
698
712
700
704
698
697
23
674
676
681
685
693
674
668
666
665
662
666
665
670
656
658
658
663
656
653
659
656
648
655
661
670
677
665
666
664
667
654
645
665
651
646
662
664
666
662
23
640
636
631
636
649
662
674
674
663
652
658
666
668
678
682
683
676
684
704
698
722
718
710
698
689
677
668
659
650
641
629
640
654
667
682
673
666
682
697
698
699
690
23
668
675
679
677
663
676
692
697
703
20
683
666
674
670
673
659
652
655
658
657
667
676
695
705
705
695
680
674
681
679
663
660
665
662
652
661
660
665
659
656
647
649
659
663
662
668
681
693
696
699
696
689
694
696
697
684
687
690
681
685
691
692
684
683
682
689
685
23
662
666
681
686
694
692
694
680
675
681
681
680
666
669
681
683
692
698
688
686
672
678
680
680
685
684
684
679
678
684
682
679
689
20
669
663
673
669
655
661
666
666
657
663
666
672
659
663
664
668
677
667
670
678
683
678
681
685
687
678
683
682
687
680
677
676
670
684
691
696
691
683
675
683
674
666
670
671
673
678
19
660
656
666
659
658
652
648
26
623
633
625
618
625
636
646
649
666
677
690
704
693
698
701
693
692
692
692
684
687
687
691
687
686
678
23
656
660
671
673
679
696
705
692
676
692
691
681
669
656
660
654
641
639
654
672
673
685
696
703
705
693
690
693
697
689
685
698
691
682
687
687
683
687
695
692
684
683
666
666
670
684
691
688
685
692
700
688
688
685
687
675
663
659
666
671
660
667
673
673
674
661
667
676
689
677
672
672
686
689
690
687
20
668
679
680
676
670
681
674
666
671
675
671
654
661
683
685
687
690
693
679
684
687
683
681
685
688
697
687
694
697
703
689
686
689
694
690
684
684
691
681
681
688
676
663
656
670
671
674
678
669
666
674
671
662
664
676
675
673
671
676
668
671
673
679
682
681
685
688
690
685
678
683
685
682
676
674
674
674
678
673
675
681
682
680
676
1360
694
666
665
666
667
657
650
662
663
663
659
672
676
672
671
666
666
679
680
683
685
673
675
679
682
676
678
677
684
684
683
689
692
679
689
700
686
688
696
696
698
687
686
690
679
671
675
673
666
669
678
675
666
671
694
696
707
696
20
677
671
673
670
668
658
650
654
655
660
653
661
666
667
672
700
31
669
662
1406
670
736
726
25
702
695
693
700
696
685
682
691
690
688
680
673
686
686
679
685
697
695
691
683
695
699
701
700
694
714
715
713
709
708
719
713
696
20
677
686
683
687
689
683
674
665
678
679
682
674
668
681
675
678
670
678
672
667
676
678
681
692
693
698
702
698
703
707
704
697
699
695
691
684
682
688
681
679
693
695
694
692
688
689
691
685
674
680
694
697
700
708
703
699
680
682
693
686
680
669
678
672
665
662
678
681
691
701
705
702
687
682
685
691
690
694
702
700
694
695
694
702
688
687
704
708
695
690
694
700
711
712
710
709
703
24
679
674
675
681
673
665
692
689
698
679
19
661
674
675
695
714
716
724
717
713
695
22
673
669
674
676
685
697
701
20
681
680
686
692
693
693
695
681
689
691
698
688
697
707
704
702
727
713
714
707
704
711
711
716
707
697
696
702
704
708
693
691
697
694
697
689
683
689
678
674
678
680
679
672
675
681
679
687
679
673
676
682
682
675
670
677
686
686
675
690
695
700
691
686
691
689
695
685
684
688
689
679
670
675
687
687
688
677
673
689
701
710
709
708
28
681
685
690
701
708
716
711
717
711
712
717
727
724
718
26
693
674
684
690
701
705
694
24
671
656
655
676
690
700
693
694
707
704
688
348
341
18
323
505
724
96
628
637
638
658
650
648
658
655
642
638
637
623
618
615
616
609
609
614
619
615
613
611
606
606
601
595
591
581
583
587
585
594
601
607
607
608
617
617
613
615
617
619
623
623
613
602
602
605
603
602
604
607
609
601
605
616
613
611
620
623
626
625
642
668
687
713
713
707
697
698
708
699
724
717
709
20
690
674
671
667
652
649
653
655
654
659
663
665
661
647
654
671
670
658
661
668
652
649
641
644
633
625
625
626
632
629
631
636
635
626
618
624
628
630
626
618
621
626
622
618
619
615
604
621
622
625
616
621
620
623
623
623
625
625
610
616
619
606
605
611
604
598
605
607
597
604
604
617
624
632
649
658
662
672
682
674
680
682
673
674
672
677
679
686
690
686
694
699
691
690
691
686
680
680
691
691
692
699
707
699
691
699
703
698
700
703
708
701
705
706
691
674
662
657
649
647
660
653
648
664
653
19
635
1257
612
646
645
645
640
640
643
646
630
638
634
642
640
645
638
629
622
645
647
645
629
639
647
20
627
620
626
631
638
625
625
631
628
619
616
625
627
623
623
630
639
636
629
632
640
641
633
642
646
642
634
638
643
628
625
627
633
626
630
632
638
624
627
623
610
607
607
608
607
612
614
610
604
615
621
615
607
605
613
613
604
602
611
615
618
607
614
623
627
624
617
630
636
643
629
635
647
652
647
636
639
644
649
647
637
642
649
652
642
656
656
646
648
656
656
642
646
652
656
645
22
624
627
623
635
633
626
611
615
618
621
618
628
639
638
629
628
626
622
630
631
626
612
612
614
615
613
613
619
623
617
620
626
625
624
622
613
617
610
607
598
606
608
603
605
605
611
611
599
593
596
593
595
593
589
596
597
606
611
608
609
612
614
622
628
623
614
617
618
618
613
604
607
602
601
593
587
588
589
592
588
586
590
598
598
595
588
593
592
593
588
591
593
598
596
595
598
596
599
601
612
612
606
609
612
613
607
604
603
609
611
608
606
611
614
603
603
606
610
607
594
584
610
626
19
608
596
589
586
584
589
598
597
594
596
603
603
598
595
598
611
605
601
605
612
615
614
616
624
637
640
632
635
641
646
635
633
644
650
648
640
643
654
654
642
642
646
655
649
646
656
669
664
655
668
676
668
658
668
673
666
664
676
679
676
675
681
687
684
688
691
680
669
667
673
665
654
659
666
667
661
664
668
685
668
674
683
689
682
678
691
690
687
672
679
682
685
677
684
694
696
690
688
697
695
686
685
693
693
688
677
689
693
689
689
699
706
703
688
690
697
695
684
689
690
693
680
686
692
692
683
685
690
684
689
690
698
688
680
689
690
691
680
689
694
694
689
694
699
698
690
692
701
700
693
686
695
697
691
682
683
681
672
673
679
684
676
675
679
682
678
678
678
678
681
668
671
674
677
668
666
669
674
675
665
667
672
672
665
662
666
668
661
661
664
660
655
661
668
663
662
671
673
672
675
673
670
663
659
653
656
679
694
682
674
669
663
655
649
654
642
627
622
621
635
639
643
642
634
19
616
617
610
624
641
647
653
651
639
654
653
659
651
652
25
627
648
644
630
635
641
634
638
629
624
633
621
639
639
639
642
641
636
18
619
611
621
621
608
598
610
608
605
599
599
585
596
594
599
610
611
617
619
622
623
619
618
625
622
625
619
617
621
617
608
596
604
601
585
592
605
624
626
632
632
631
624
628
630
625
616
629
629
624
626
647
652
655
669
694
28
667
19
649
646
643
633
634
628
620
625
625
639
652
669
672
658
659
675
670
663
647
654
658
659
651
662
666
666
660
676
683
676
676
689
695
690
690
697
708
694
678
681
686
690
683
682
693
687
676
676
687
682
679
682
686
688
677
679
682
680
677
684
677
19
659
661
670
674
669
670
683
686
680
678
683
690
680
675
689
689
690
680
678
695
707
697
688
698
710
711
23
689
696
701
700
691
694
708
704
697
697
709
710
703
698
719
717
708
711
722
717
706
713
714
706
700
704
702
698
683
696
708
704
698
706
726
722
708
724
741
747
25
722
720
732
718
702
695
705
702
695
691
707
704
700
693
711
707
702
709
727
721
707
713
720
719
709
713
722
714
712
723
721
709
711
723
713
703
708
717
719
710
715
726
722
711
710
724
720
710
708
711
709
700
700
722
719
711
712
722
724
711
708
721
721
713
705
708
709
23
687
715
710
717
706
693
697
695
681
682
691
693
689
680
685
696
693
679
690
699
696
686
690
701
697
690
692
702
700
702
691
697
705
707
693
698
701
698
686
693
701
700
696
685
697
699
701
685
684
691
694
680
685
695
696
690
690
702
700
687
689
697
702
695
689
695
696
694
697
706
701
685
693
705
708
696
698
709
704
698
702
705
693
697
700
697
682
681
683
667
676
684
691
702
685
676
701
706
709
707
696
694
704
703
685
690
708
704
697
687
701
697
688
695
709
711
693
692
715
718
711
703
719
718
702
702
714
723
720
703
709
717
714
708
718
717
716
701
707
713
717
701
708
720
721
723
709
710
721
714
708
711
712
706
710
717
715
702
708
720
708
705
715
716
714
712
717
717
708
710
717
715
709
706
705
708
698
701
705
708
706
705
716
719
713
712
726
727
716
714
718
722
714
709
714
725
720
706
712
720
719
704
710
724
718
722
726
717
716
715
711
695
703
712
715
710
704
706
711
717
710
702
708
717
718
706
689
726
729
23
706
701
702
704
707
728
735
727
708
712
727
718
709
706
727
722
726
723
711
721
726
710
713
722
723
724
20
705
701
715
727
733
715
719
729
732
725
715
721
732
738
722
713
726
726
728
711
709
723
728
716
708
717
726
713
713
723
724
710
712
724
720
702
708
719
720
718
708
710
719
718
708
702
708
697
703
718
709
701
710
717
710
694
704
713
718
723
745
738
724
737
746
736
733
740
744
726
723
731
731
726
719
728
737
725
721
725
733
730
714
725
726
720
718
720
709
719
737
739
722
710
714
711
705
691
700
698
695
694
706
693
704
714
708
715
709
708
708
48
660
662
664
665
671
678
672
654
672
675
672
668
674
664
656
639
629
24
606
618
621
624
612
615
609
604
590
596
592
586
590
620
622
621
620
625
611
631
620
630
623
623
616
624
625
630
632
629
616
613
613
611
621
626
638
636
654
669
672
672
681
684
676
30
647
660
664
667
666
663
657
658
659
655
651
638
627
641
647
659
664
681
691
692
685
697
692
684
683
691
695
682
695
695
693
696
705
708
696
707
710
714
704
708
712
709
700
704
704
706
699
717
727
725
733
734
749
745
739
748
748
738
751
754
754
737
758
767
770
749
762
758
753
750
761
759
756
744
752
760
755
758
767
766
756
766
779
777
777
782
790
785
771
793
793
794
25
770
786
791
789
777
790
787
782
773
787
790
786
789
797
800
804
808
812
827
281
547
272
275
380
432
766
38
729
21
708
692
27
666
664
660
664
673
671
667
21
647
648
643
640
637
627
1252
619
634
630
635
627
643
654
655
652
655
662
671
674
669
653
675
696
742
766
773
38
736
755
755
24
732
729
737
723
706
717
729
726
713
731
729
732
725
723
734
727
724
737
744
734
736
750
754
739
723
716
719
735
735
726
717
734
728
727
711
713
729
715
700
716
724
722
704
709
723
713
704
710
716
712
705
710
720
715
702
707
721
723
714
701
705
719
709
697
708
722
723
708
708
722
719
714
702
713
730
730
712
718
730
728
717
716
725
729
720
708
722
734
736
723
733
742
746
735
731
743
753
745
25
720
727
737
726
711
717
730
740
723
732
748
745
735
732
736
736
727
735
747
735
22
714
724
736
733
741
768
791
779
29
750
767
771
24
748
728
731
739
730
714
718
735
737
725
737
737
728
730
743
729
739
754
753
734
751
756
764
753
754
748
734
743
751
734
725
728
726
717
713
734
726
726
737
750
737
730
735
745
733
730
738
744
729
733
743
729
729
760
46
715
708
739
747
775
763
772
780
773
788
33
755
767
785
787
788
35
753
37
717
700
721
715
735
37
699
697
715
731
715
20
696
704
691
710
717
26
692
687
686
693
707
710
710
735
750
25
725
737
751
746
21
725
720
723
25
699
702
687
677
685
706
706
696
711
730
733
727
718
730
732
739
721
720
730
735
728
723
731
736
740
729
43
686
25
662
693
689
694
752
793
810
810
791
32
760
52
709
711
710
724
722
26
697
688
707
708
700
686
673
664
678
686
695
687
674
668
668
671
664
661
666
668
660
663
667
669
662
658
652
663
665
668
682
693
689
687
692
718
727
709
703
708
701
694
676
668
667
657
657
655
664
663
663
676
675
684
678
678
687
687
680
677
690
690
689
694
680
672
679
682
679
672
683
685
683
677
679
690
684
680
694
695
696
693
687
690
693
695
684
681
694
688
690
683
683
680
683
672
671
680
677
670
666
682
685
675
676
683
682
681
680
682
690
687
679
678
682
680
669
675
682
688
684
682
697
698
696
692
697
702
707
696
686
686
688
696
686
686
692
693
687
700
705
711
703
694
701
699
693
690
696
705
696
698
705
712
709
698
703
705
709
701
701
701
697
703
702
703
699
707
708
708
702
713
709
713
701
706
712
708
703
707
702
700
691
693
695
689
686
692
690
686
691
714
712
21
692
21
672
673
683
689
685
684
675
676
683
680
669
665
679
675
682
666
666
669
680
677
671
677
683
686
673
684
686
689
682
690
699
693
702
708
703
696
704
709
710
700
693
701
703
700
688
688
693
690
687
689
697
691
684
685
692
695
686
699
703
701
694
698
705
710
726
746
735
744
450
294
455
749
733
736
752
754
755
776
762
752
733
35
699
684
708
707
703
20
684
687
703
710
713
707
688
693
696
704
704
700
711
719
719
722
728
761
745
734
750
765
762
21
742
769
785
773
752
759
27
733
727
740
738
727
712
720
730
729
728
713
715
727
724
714
717
726
730
728
722
719
727
711
712
718
710
708
727
732
741
750
753
750
768
32
736
734
749
741
730
717
722
733
727
727
720
732
722
716
731
728
725
724
741
744
23
722
731
741
743
728
734
745
744
742
737
746
743
735
725
733
728
718
715
722
721
711
698
691
705
726
736
779
782
813
799
32
768
765
792
801
45
757
774
763
755
33
723
713
730
740
738
732
717
704
730
748
749
749
23
726
710
737
725
725
728
724
722
722
715
710
713
711
700
708
721
721
707
699
689
683
682
696
696
697
696
702
709
702
700
711
719
714
707
717
712
708
717
712
707
704
717
714
708
694
703
711
705
701
725
725
729
728
745
745
30
715
714
705
689
32
658
655
660
645
686
681
672
660
652
653
659
666
670
680
691
694
706
704
705
712
720
725
742
778
776
778
783
768
23
746
742
747
740
733
729
750
740
725
726
734
730
726
734
739
731
725
731
728
719
725
728
732
725
721
716
716
707
708
713
711
707
705
715
701
702
718
726
719
715
716
714
711
708
717
714
717
714
708
708
714
705
703
709
718
710
699
707
711
711
699
695
699
698
696
708
720
727
714
721
721
713
715
721
728
718
712
716
722
723
715
717
726
725
735
757
751
756
1447
721
726
735
753
749
29
720
716
714
704
694
700
713
707
700
702
711
718
703
703
712
713
708
701
714
701
702
720
710
704
724
730
733
729
734
715
703
685
703
705
708
708
723
730
738
734
726
25
702
698
716
715
714
704
700
706
700
698
701
708
701
703
711
711
703
707
720
710
702
704
711
709
702
704
713
716
713
700
707
711
716
709
699
702
705
703
698
705
708
713
713
700
706
709
711
701
703
704
702
697
697
699
703
691
695
698
691
718
25
693
703
708
713
700
708
712
709
712
718
721
719
709
714
721
708
709
715
716
710
701
704
713
712
707
700
700
712
709
705
699
702
711
715
704
704
712
716
703
704
710
715
708
702
708
713
708
707
715
708
23
686
677
680
705
715
722
712
704
708
712
707
700
708
711
720
716
706
715
724
722
710
718
727
737
742
726
727
738
735
722
725
725
724
706
712
719
715
708
697
698
703
690
694
703
701
696
697
704
707
696
690
696
699
695
688
694
703
708
699
701
707
714
703
704
703
705
700
687
691
693
695
687
697
704
700
701
706
713
705
705
712
703
698
691
698
693
685
695
698
702
699
692
699
701
695
688
690
696
695
689
699
708
709
702
699
704
699
695
688
689
695
693
691
692
699
700
696
702
707
700
703
705
706
705
694
717
717
718
708
702
707
708
710
699
699
704
706
707
701
696
701
706
711
705
699
704
708
710
705
702
709
710
710
708
711
711
714
711
707
708
710
702
694
698
703
698
693
685
682
688
684
681
688
693
702
693
700
702
708
702
695
694
694
701
697
690
696
704
706
700
702
706
706
702
699
697
705
695
689
691
697
693
688
692
702
706
695
700
700
697
691
691
692
699
693
686
708
713
711
704
695
699
702
699
693
698
701
708
710
700
702
709
697
702
710
708
700
697
698
706
693
693
695
695
690
689
685
689
690
684
695
700
692
699
708
701
703
707
710
706
693
694
700
700
691
693
696
701
695
696
697
695
696
688
691
691
698
693
687
696
700
708
704
703
705
711
706
702
703
706
705
701
703
706
707
702
696
699
695
688
681
684
686
682
673
677
681
687
692
703
707
701
696
705
697
690
698
700
701
696
700
703
700
700
701
695
693
691
692
677
686
688
694
683
685
688
687
684
683
686
691
682
683
683
681
671
670
672
317
356
29
327
712
705
727
731
714
22
693
696
1270
633
637
635
635
641
644
641
625
624
625
627
616
602
599
598
597
598
596
597
591
581
586
589
588
577
580
585
570
574
570
567
563
558
559
565
564
563
562
566
567
572
570
564
560
561
559
558
556
555
553
555
553
550
550
547
545
548
546
546
541
542
542
541
541
539
537
537
541
541
544
544
540
533
535
535
538
531
534
533
528
529
531
528
526
530
528
529
527
526
526
525
525
522
518
519
521
233
288
748
237
511
512
513
511
509
510
509
508
508
506
508
506
499
501
500
499
497
498
500
501
498
496
499
497
496
493
494
495
496
494
489
487
493
490
492
485
486
490
489
488
487
483
490
487
487
484
485
486
486
487
484
485
483
482
483
481
482
480
476
479
481
475
480
474
474
478
474
474
473
474
474
470
474
469
468
471
466
470
468
466
466
463
467
468
467
461
466
466
464
462
461
463
463
458
460
461
463
459
461
459
462
462
463
461
462
461
458
460
459
460
459
458
457
458
460
458
459
455
459
458
460
458
458
458
458
458
457
458
459
458
457
456
458
457
457
457
455
458
455
456
455
454
458
453
454
452
455
451
454
449
452
453
450
447
451
448
450
449
449
449
49
400
494
48
446
447
451
447
448
449
448
445
450
447
445
451
447
444
449
450
448
451
453
454
453
456
457
458
461
456
463
468
468
475
477
475
477
482
479
480
486
485
481
486
488
487
485
487
492
488
488
500
505
512
508
506
516
524
534
533
530
533
544
548
557
552
553
564
576
587
577
591
595
587
588
588
34
555
570
567
567
555
556
560
549
544
553
549
541
542
549
562
557
559
574
563
563
564
570
559
564
571
582
571
573
582
591
583
577
585
593
593
587
596
606
598
592
598
607
600
585
593
598
598
586
590
601
596
586
590
596
600
591
597
621
615
608
151
458
119
340
576
572
28
544
830
127
703
67
636
645
641
635
621
625
631
646
630
639
648
663
24
639
644
652
665
22
643
648
646
22
625
625
624
622
609
620
625
619
620
629
631
619
621
628
650
642
633
648
655
647
640
643
650
641
635
142
493
795
149
647
634
632
646
654
641
636
637
635
644
627
633
642
652
640
635
643
655
654
646
646
656
20
636
651
662
663
19
644
666
665
662
657
666
670
656
665
666
652
641
652
654
658
648
664
665
669
656
647
657
655
653
644
652
665
656
653
666
685
675
678
686
696
677
666
673
678
664
658
655
647
638
637
642
634
646
651
654
649
641
647
658
654
639
640
645
651
642
636
639
662
658
653
665
676
670
658
660
668
663
651
651
660
665
652
649
666
678
20
659
660
666
675
666
659
660
670
661
654
654
669
663
654
662
672
666
660
674
674
662
662
670
669
659
653
654
659
650
641
642
653
668
662
654
668
682
677
668
670
676
673
659
654
659
666
656
650
651
662
669
664
664
675
678
668
661
668
678
669
662
666
675
667
657
664
672
672
662
662
674
677
663
658
668
671
662
662
672
677
663
659
672
671
665
655
659
666
662
650
650
657
665
665
653
657
666
670
661
656
657
666
669
659
662
667
675
663
661
666
672
672
660
662
668
673
665
656
661
669
666
655
654
659
666
662
653
656
667
663
649
648
652
661
659
652
652
660
670
666
656
660
673
676
669
657
663
670
670
660
662
666
670
658
654
662
672
671
660
662
669
667
657
649
657
666
664
654
657
661
667
659
654
655
663
667
657
654
656
666
666
658
653
659
664
657
646
646
650
656
650
644
645
647
641
632
629
630
639
650
656
651
641
641
645
652
646
637
641
651
653
652
658
673
684
683
673
675
688
685
669
662
668
676
668
660
658
664
21
643
650
644
635
22
613
612
608
607
614
621
621
621
618
616
347
270
3999
3999
3999

