31-08-2022 - 15:22 - Correr
Margarita Rebolledo
Intervalos entre latido y latido
835
846
847
32
816
833
845
866
27
839
832
851
862
853
845
867
882
881
31
851
863
883
876
41
836
845
855
849
31
819
839
866
876
31
846
851
870
865
33
832
848
873
861
33
828
841
852
847
828
848
863
873
29
844
854
874
894
902
27
875
872
889
890
26
865
25
840
868
886
894
32
863
857
868
875
869
852
860
873
885
868
847
861
870
860
35
825
842
848
834
823
855
862
847
833
854
868
854
25
830
846
858
859
26
833
846
857
849
28
822
840
854
859
837
25
813
833
841
853
25
829
833
854
858
842
828
845
855
859
25
834
825
838
850
854
25
829
837
854
860
837
829
849
860
853
23
830
831
844
857
839
831
849
866
860
28
833
837
850
864
844
26
819
830
842
851
831
826
849
866
867
848
851
860
861
843
826
838
848
855
32
823
820
837
855
30
826
811
837
853
858
28
830
829
843
859
851
833
857
876
876
857
866
875
877
861
839
858
866
852
36
816
820
836
850
838
26
813
831
845
850
24
826
826
846
870
875
852
861
875
887
25
863
850
863
864
841
823
843
860
872
24
848
843
857
860
31
830
811
833
848
853
835
833
855
862
862
30
833
854
875
889
868
845
868
876
864
29
835
850
854
863
843
833
852
871
874
24
850
858
866
875
859
838
843
861
873
860
27
834
850
857
851
25
826
834
856
876
865
848
866
882
888
32
856
843
853
862
864
25
839
850
858
858
28
831
816
835
838
849
30
820
819
842
853
838
817
835
845
851
27
825
826
839
847
23
825
28
797
808
819
829
815
801
827
839
846
36
811
802
812
821
834
26
809
812
833
851
855
835
853
863
864
29
835
831
842
843
828
807
814
821
838
845
24
821
827
845
851
850
27
824
833
844
866
859
37
822
833
846
852
34
819
806
825
842
850
836
840
861
872
850
838
860
875
874
32
842
852
869
879
26
854
833
851
852
847
827
831
845
856
837
817
832
850
858
838
822
859
870
856
31
826
834
843
853
24
830
824
844
867
878
40
839
835
852
861
861
30
831
835
847
865
843
828
849
862
854
32
822
842
868
871
851
845
872
892
883
29
855
870
892
896
33
864
851
871
876
33
844
829
847
865
856
26
831
839
847
827
33
795
809
831
845
29
817
812
831
843
838
819
828
853
864
30
835
832
855
875
853
832
31
801
800
26
775
791
795
29
767
766
776
768
750
735
751
761
778
787
47
740
750
751
734
720
722
733
739
23
716
735
747
749
748
37
711
719
715
709
33
677
682
706
704
695
29
666
707
697
31
666
667
688
676
674
25
649
664
663
659
19
640
645
644
649
637
631
629
627
642
645
20
626
633
643
639
25
615
615
632
631
617
602
608
608
614
614
606
590
601
612
618
24
594
599
611
610
598
586
583
590
588
597
27
571
571
585
18
568
562
573
577
576
572
566
560
578
583
573
559
569
573
576
583
23
560
558
569
569
576
18
558
552
565
569
567
558
547
559
562
564
552
549
552
560
562
547
545
552
562
552
538
541
542
553
20
534
533
537
539
541
21
521
528
528
532
527
515
525
524
528
514
514
515
517
518
505
513
510
516
502
502
506
506
514
16
499
505
506
513
508
503
499
507
508
511
501
504
508
509
514
505
509
510
515
511
501
499
505
507
507
495
498
500
505
508
500
500
506
509
501
497
496
495
497
499
500
503
497
497
492
500
499
504
17
488
495
495
502
497
492
492
500
500
496
494
500
502
503
494
493
500
502
496
492
498
501
500
497
506
518
526
538
524
525
567
570
578
25
554
590
34
557
553
564
567
555
562
575
576
560
568
590
596
20
577
563
598
600
601
586
578
609
622
629
20
610
602
637
651
664
646
644
669
670
654
20
634
657
668
681
666
27
639
666
652
637
38
599
633
641
24
617
622
678
693
693
66
627
634
632
617
33
584
595
628
632
646
634
30
604
650
680
681
22
660
649
667
688
707
689
678
704
714
720
27
693
695
715
727
726
22
705
717
727
741
24
718
710
727
748
739
41
698
698
23
676
658
28
631
642
666
669
20
650
654
681
684
22
663
666
692
700
684
20
664
681
687
677
722
739
722
708
733
751
779
44
735
748
743
43
700
713
719
705
736
739
27
712
745
760
25
736
727
749
750
757
779
41
738
23
715
27
689
695
709
705
705
692
681
674
680
687
691
677
675
680
675
661
657
661
664
655
645
21
625
650
654
662
666
657
669
675
672
27
646
641
653
664
658
656
671
676
682
19
663
651
668
662
19
643
19
625
632
642
654
650
670
699
718
735
724
744
751
751
27
725
745
768
782
765
782
808
820
36
785
806
817
798
25
774
798
804
37
768
768
794
812
812
27
786
791
816
833
35
799
788
806
822
813
794
830
856
835
29
807
826
834
26
809
807
827
847
829
825
845
867
849
839
856
849
25
824
851
862
30
832
822
841
844
28
817
828
850
836
818
841
855
26
830
57
773
768
750
182
569
861
118
744
744
28
716
731
763
754
44
711
757
769
776
51
725
729
782
789
787
68
719
761
756
33
724
710
753
755
764
32
733
778
791
793
42
752
791
810
820
53
767
791
809
824
38
786
827
848
866
40
826
833
866
861
44
818
831
841
27
815
44
771
812
812
27
786
771
783
789
36
753
741
781
790
773
25
748
791
813
810
30
781
810
829
817
27
791
817
848
856
33
823
823
852
857
36
822
816
833
846
36
811
818
855
874
44
830
831
854
867
38
829
835
856
851
40
811
829
858
884
54
831
829
851
838
48
791
813
822
826
26
801
806
838
866
862
44
818
839
859
857
34
823
852
866
846
827
852
873
872
43
829
857
858
26
833
40
794
814
811
24
788
782
805
812
790
24
766
785
779
778
758
779
792
809
794
798
802
803
37
766
770
763
765
746
770
776
764
750
775
791
783
23
760
777
795
806
26
781
772
793
807
802
34
769
763
769
765
754
22
733
748
756
754
24
731
742
764
777
759
763
785
795
25
771
769
793
795
25
771
771
792
804
806
22
784
802
815
809
31
778
794
809
820
35
785
796
811
822
35
787
786
781
27
755
27
728
757
742
731
26
705
737
739
744
730
731
726
736
763
752
34
719
720
709
707
688
709
723
734
729
22
707
711
709
696
678
670
665
669
666
659
674
684
694
694
676
676
685
697
701
689
687
708
720
724
20
705
686
679
689
700
712
728
741
724
727
758
777
771
751
780
795
795
777
800
826
852
878
861
859
885
895
891
29
862
845
865
875
883
32
851
844
862
859
32
827
828
840
830
32
799
797
786
777
46
732
743
732
716
698
710
730
739
750
748
752
768
790
795
789
26
763
776
775
773
758
745
736
34
702
733
726
26
700
696
723
717
726
735
721
717
743
760
778
770
770
792
802
793
33
761
755
30
726
714
699
687
701
708
732
743
743
778
796
814
807
793
808
820
830
812
794
806
821
822
804
789
808
816
831
825
43
783
795
802
805
799
26
774
800
817
832
814
795
815
821
831
29
802
791
815
828
824
24
800
805
827
837
825
36
789
811
830
831
25
806
788
811
830
816
33
783
805
826
845
833
41
792
800
808
811
29
783
781
797
805
808
31
778
795
807
801
32
770
780
791
791
27
765
771
792
804
790
22
768
791
809
818
30
788
789
816
823
812
28
785
804
817
823
32
791
799
811
820
800
28
772
787
804
811
27
784
774
786
799
790
29
761
762
786
801
798
38
761
773
782
795
781
27
754
768
779
780
27
753
743
763
777
770
28
742
733
746
757
768
750
752
764
773
782
25
757
749
761
765
765
745
750
766
790
785
38
747
762
775
781
30
751
747
759
779
791
29
762
765
785
798
787
24
763
772
784
790
32
758
779
796
22
775
784
62
722
704
712
739
749
776
803
30
774
779
799
810
31
780
784
802
816
821
37
784
779
793
804
791
44
748
770
774
773
37
736
731
750
756
746
737
765
791
803
26
778
757
785
797
797
24
774
801
821
829
34
795
791
811
811
796
801
793
39
755
763
776
788
797
32
766
780
799
806
789
772
791
804
793
800
42
759
773
757
23
735
732
733
736
720
704
722
735
740
731
723
737
757
776
780
762
771
773
769
22
747
23
724
733
743
762
757
759
770
775
29
747
731
752
757
764
25
740
739
752
755
761
28
734
730
744
757
767
34
733
736
747
757
748
21
727
733
750
761
751
732
750
766
782
38
745
734
742
746
740
35
706
714
718
730
743
728
716
728
746
757
758
22
736
734
742
760
750
24
726
731
733
730
719
20
700
726
746
768
779
22
757
759
775
800
799
30
770
763
775
784
776
757
757
773
790
776
27
749
752
763
776
38
738
722
734
741
758
742
729
746
761
779
765
745
757
770
779
766
750
771
779
791
27
765
761
779
791
788
33
755
756
774
787
788
29
759
757
767
783
784
24
760
751
760
774
776
26
750
743
754
759
779
22
757
748
768
776
30
746
736
758
773
785
29
756
750
779
800
805
47
758
764
779
791
777
30
747
750
771
786
778
761
759
779
788
792
36
757
759
778
789
768
757
766
778
28
750
21
729
741
757
781
802
25
778
784
806
814
801
25
776
789
803
809
29
781
23
758
773
783
792
25
768
24
744
767
784
794
47
748
739
753
764
768
26
742
742
759
773
793
774
766
781
795
796
40
757
758
787
806
809
36
774
773
791
803
808
33
775
769
785
795
792
27
766
772
787
799
801
26
776
758
775
785
784
23
761
794
798
46
753
22
732
745
744
26
718
711
732
739
22
717
724
734
741
724
712
727
752
777
791
773
763
780
788
792
776
26
750
755
763
774
789
772
755
767
778
784
790
24
766
772
786
796
792
24
769
775
786
790
791
30
761
762
777
789
779
28
751
762
778
782
777
761
779
777
37
741
725
738
747
756
738
730
754
770
788
23
765
750
771
783
782
28
755
751
761
764
761
27
734
745
746
754
22
733
735
752
765
770
24
747
750
762
774
778
33
745
750
764
776
776
25
752
767
783
791
773
23
751
762
770
780
30
750
742
764
786
806
23
784
768
784
792
29
764
751
767
781
796
22
775
759
769
783
791
29
762
749
761
779
789
38
751
737
752
763
778
779
24
755
766
786
801
809
28
781
762
779
787
787
29
759
744
762
768
773
23
750
735
756
781
799
23
776
23
754
767
768
760
29
732
746
767
789
788
24
764
771
792
810
801
29
773
792
803
792
24
769
778
801
815
820
27
794
802
818
823
804
786
797
808
821
26
795
791
798
809
805
35
770
781
783
770
28
743
741
759
774
789
779
772
799
813
803
782
791
804
821
802
38
765
768
780
792
775
754
771
791
798
778
766
781
789
802
28
775
769
785
801
806
28
779
775
797
801
783
23
760
774
795
808
792
22
771
790
806
804
37
768
770
774
776
757
23
735
752
764
771
22
750
740
754
774
772
23
750
750
761
765
23
743
731
751
765
763
748
766
766
32
734
738
745
741
28
713
703
716
734
750
734
719
737
748
769
781
25
757
752
775
800
810
791
773
792
808
808
26
783
27
756
771
783
793
774
754
763
776
785
777
26
751
762
776
787
784
33
751
750
764
778
776
22
755
771
791
807
27
781
32
749
765
775
787
771
22
749
777
783
797
31
767
757
778
796
811
28
784
788
810
826
804
27
778
815
809
22
788
36
752
787
805
805
24
781
768
794
811
827
39
788
802
806
807
34
774
789
787
770
36
734
759
763
769
750
740
761
779
792
809
832
27
805
789
806
812
811
42
770
789
784
770
28
743
766
778
793
781
777
789
799
783
35
749
23
726
738
756
773
795
793
28
766
750
762
778
778
782
771
768
784
777
780
766
764
775
790
794
799
790
786
773
60
713
719
701
34
667
662
673
657
660
666
661
667
683
697
711
714
709
28
682
690
710
709
695
687
693
706
718
728
718
706
714
726
742
753
760
747
744
755
768
776
766
23
743
763
760
775
781
785
780
766
758
750
739
728
22
706
703
708
711
718
723
32
692
682
695
708
724
728
716
727
749
763
783
806
825
833
840
840
848
30
818
50
769
781
781
786
791
795
799
789
786
774
773
35
739
731
751
765
746
751
767
791
791
775
24
752
750
771
796
808
788
799
821
829
40
789
795
818
828
834
30
805
23
783
791
797
803
806
26
780
761
773
790
803
794
28
767
758
764
771
781
794
808
792
777
797
807
803
23
780
22
759
756
769
777
792
784
768
770
780
797
801
786
23
763
767
752
771
780
788
777
780
777
775
26
750
737
750
759
757
28
730
737
747
753
765
771
766
37
730
743
748
750
757
738
726
724
727
729
730
734
734
738
735
28
708
691
715
717
728
741
749
750
754
742
729
721
712
705
34
671
688
699
713
742
743
730
741
754
766
776
771
22
750
774
787
792
785
22
763
758
772
778
785
29
757
24
733
740
750
762
772
765
755
777
775
772
759
26
734
738
742
750
753
25
729
719
729
744
748
749
732
723
742
750
765
752
28
725
726
733
744
741
724
729
744
748
26
722
25
698
688
702
704
709
694
693
708
719
735
731
723
741
756
768
779
23
757
746
757
763
756
738
746
758
771
760
26
735
749
758
762
743
727
735
738
750
737
729
744
749
748
22
726
723
734
749
748
730
737
748
758
746
728
741
751
757
738
727
742
752
765
755
21
735
751
761
765
24
741
21
721
737
747
750
21
730
719
734
740
745
21
724
715
729
744
755
745
729
742
749
749
730
719
728
737
747
735
727
748
760
770
28
743
740
750
763
776
761
744
756
770
785
765
751
758
770
777
772
756
762
781
795
802
45
757
743
750
757
750
730
735
754
776
790
772
762
784
787
783
28
755
754
754
23
732
718
30
689
683
715
750
780
796
795
43
753
753
758
759
744
760
778
790
801
24
778
783
804
812
814
812
28
785
782
800
803
815
831
23
808
797
813
812
810
25
786
794
802
810
803
791
65
726
730
715
709
22
688
681
701
699
693
694
704
706
691
689
21
668
672
697
695
695
689
698
700
698
686
699
698
20
678
685
676
669
661
658
672
684
691
691
692
678
677
688
687
690
683
696
705
720
716
704
705
734
40
695
695
695
696
700
691
682
668
25
644
652
651
646
631
638
645
650
654
655
667
681
694
693
689
695
698
701
23
678
681
691
695
21
674
677
687
685
685
678
699
712
719
708
719
733
740
25
715
711
717
24
694
707
712
716
720
729
741
740
26
715
709
707
708
698
697
711
735
736
731
740
753
764
762
759
22
738
728
726
722
715
708
722
730
721
703
713
716
719
704
704
713
727
736
725
726
714
38
677
685
676
25
651
22
630
660
647
645
632
625
635
648
20
629
619
624
628
631
634
635
636
631
634
644
633
626
631
635
625
630
633
629
617
615
632
637
638
622
624
640
644
637
18
620
614
634
644
656
663
679
678
672
655
644
657
653
648
672
683
688
22
666
698
698
704
706
23
683
688
682
19
663
680
680
693
708
700
693
710
720
727
719
712
729
737
720
714
721
728
733
721
718
724
722
718
707
716
718
720
706
694
696
708
705
694
685
689
691
688
689
697
708
710
695
688
690
703
705
699
699
713
726
722
723
734
739
725
24
702
698
698
680
698
692
37
656
698
686
33
654
678
664
657
644
660
670
677
25
652
663
678
708
722
737
722
728
726
24
702
39
663
696
682
676
34
643
659
667
685
682
689
688
25
664
687
30
657
657
682
675
666
651
689
680
670
24
647
673
671
23
649
647
674
665
26
639
678
669
664
25
639
669
665
663
27
637
656
668
665
658
21
638
666
662
659
642
634
626
610
626
629
641
662
682
702
710
705
699
694
29
665
658
650
640
22
618
608
599
589
574
582
582
581
585
584
586
576
588
584
589
578
603
610
602
19
584
612
623
626
622
624
636
645
645
656
659
660
654
663
665
668
19
650
656
649
647
654
655
675
39
637
642
649
670
39
631
640
671
657
660
667
21
647
649
656
652
656
653
651
652
645
640
629
633
630
617
600
609
608
594
579
569
585
602
592
601
589
577
593
592
598
583
594
602
615
619
610
620
628
633
621
621
637
653
36
617
653
654
661
23
638
632
676
685
706
700
701
727
753
769
757
738
760
775
775
28
747
750
775
798
820
804
790
827
843
846
48
799
783
797
813
829
37
792
778
778
786
788
27
761
761
767
780
31
749
22
727
748
763
777
30
747
747
755
749
35
714
709
720
731
735
718
718
749
759
760
28
732
749
775
794
791
778
811
836
852
25
827
835
849
859
29
831
815
828
837
833
25
808
829
850
841
29
813
823
841
864
865
866
895
907
908
33
875
878
877
877
29
849
25
825
840
843
830
38
792
794
793
806
794
782
801
814
820
24
797
793
811
831
826
32
794
803
828
833
30
804
30
775
791
803
817
24
793
791
817
828
827
42
785
789
802
801
31
770
766
791
813
827
27
800
797
823
830
811
791
812
827
857
838
829
850
866
868
41
828
810
833
859
864
44
820
26
794
819
828
807
39
768
784
785
787
30
757
754
768
779
769
754
789
825
849
834
834
855
864
25
840
30
811
830
846
864
842
830
836
844
32
813
32
781
800
811
813
30
783
784
809
825
821
800
826
843
847
25
823
802
823
828
811
793
823
840
851
38
813
796
807
804
37
768
764
788
798
793
27
767
777
808
827
830
35
795
801
816
823
802
36
767
772
759
741
740
765
791
822
819
829
850
864
24
840
820
833
835
846
827
833
836
821
816
29
788
787
808
819
807
788
796
796
805
787
808
832
840
827
834
844
849
28
822
816
838
839
31
808
812
802
34
769
771
776
791
777
757
778
790
788
773
770
795
804
801
35
767
786
806
803
798
779
33
747
762
769
791
778
766
785
801
805
30
775
794
791
791
777
23
754
787
801
818
23
795
809
830
833
815
800
814
833
821
801
819
833
831
33
798
815
818
819
35
785
791
793
796
792
40
753
766
778
791
24
767
768
779
787
777
785
795
815
809
23
787
813
827
837
28
810
812
833
847
26
822
806
834
844
830
26
804
826
830
45
786
27
759
786
786
768
753
790
794
786
766
794
804
796
28
769
782
792
801
788
796
820
830
32
798
794
812
819
804
791
812
822
803
23
781
794
808
799
23
776
796
814
826
40
786
799
809
821
37
784
795
793
787
777
28
750
732
741
748
741
733
756
789
808
790
807
823
838
50
789
777
781
791
29
763
766
785
806
798
786
805
790
40
750
735
758
765
24
741
33
709
707
730
743
757
767
25
743
740
752
757
768
786
777
759
778
787
795
36
760
745
735
733
714
717
724
724
711
698
698
695
684
683
673
669
658
25
633
637
635
637
634
625
647
667
689
692
685
703
728
734
23
712
29
683
698
679
22
658
667
683
676
676
688
699
696
688
693
711
714
712
702
705
721
731
723
706
715
727
738
730
732
740
749
752
741
759
774
771
767
781
780
30
750
24
726
733
734
733
720
711
720
738
749
742
742
741
747
27
720
731
734
728
715
734
745
740
24
716
730
730
714
716
739
755
761
756
781
797
810
39
772
22
750
754
751
748
744
767
769
29
740
771
790
808
825
30
795
791
798
803
815
23
793
803
822
836
818
812
827
832
832
810
799
824
835
833
33
801
810
818
817
27
790
814
831
846
25
821
29
793
813
824
803
817
832
846
24
822
814
827
830
809
38
772
791
799
810
798
810
833
850
830
831
844
832
810
816
827
822
28
795
819
832
812
796
811
819
817
25
793
812
825
825
32
793
810
820
823
29
795
811
825
29
796
778
807
825
837
31
807
801
821
834
829
24
805
827
826
805
49
756
758
746
729
718
721
725
31
695
24
671
22
650
686
694
693
698
702
702
731
756
762
768
797
813
828
841
841
848
23
825
833
830
832
830
31
800
800
811
816
809
26
784
767
777
791
812
828
813
812
836
850
855
839
821
827
809
819
826
843
849
24
826
810
818
807
796
807
821
823
828
823
815
802
791
778
763
750
24
726
718
26
693
703
712
713
23
691
709
716
727
722
715
733
754
778
787
771
778
797
813
817
797
819
823
819
39
780
781
782
768
28
740
756
770
789
794
776
790
814
835
839
33
807
823
841
851
24
828
23
805
822
839
852
837
67
771
773
763
34
730
723
726
724
710
718
746
773
804
802
812
821
841
33
809
821
838
829
807
832
835
838
826
812
830
846
848
862
854
845
43
803
783
794
818
821
817
833
33
800
811
823
811
25
787
814
828
24
804
803
813
35
779
763
761
782
794
781
32
750
768
756
26
731
24
707
700
704
695
689
713
726
735
724
747
772
793
810
821
820
802
785
791
778
774
764
775
792
801
820
815
23
793
810
813
822
808
791
817
844
835
33
803
792
808
810
820
812
805
827
835
828
807
812
801
789
23
766
773
786
801
800
32
769
772
786
794
812
795
797
802
793
27
767
750
758
772
785
801
22
779
783
793
791
25
766
757
25
733
30
704
708
725
749
761
767
770
789
799
789
777
791
800
809
32
778
766
783
795
820
810
797
821
831
819
802
820
830
834
32
803
791
811
828
848
854
30
825
822
833
838
819
812
825
829
831
27
804
799
812
820
822
803
804
820
839
845
825
809
825
826
814
29
786
794
812
829
845
827
809
821
826
813
23
791
802
820
830
838
818
819
820
821
27
794
804
822
828
825
37
788
787
803
819
826
812
808
819
826
823
31
793
782
796
811
823
814
806
820
819
799
789
798
810
805
785
777
792
809
823
817
25
793
810
823
829
819
23
797
811
818
821
804
787
809
826
840
827
817
830
846
843
24
820
29
792
797
813
829
840
823
820
833
839
845
25
821
816
827
820
47
773
22
751
774
781
785
764
781
803
816
794
797
801
816
797
806
819
800
29
772
752
737
768
791
812
828
844
24
820
831
843
848
831
34
797
804
810
821
800
816
826
833
817
804
821
843
858
861
24
838
840
847
839
839
30
810
814
813
808
793
794
819
818
815
36
780
777
784
788
790
29
761
759
773
788
807
790
778
790
799
801
791
791
798
795
777
761
774
799
813
823
30
793
23
771
781
781
788
30
758
747
750
759
767
752
741
756
751
756
25
732
745
751
764
24
740
728
743
772
806
833
812
38
775
765
780
791
804
35
770
31
739
741
750
766
773
759
739
746
746
748
733
720
739
756
774
771
763
762
753
31
723
719
734
752
774
767
39
729
727
736
751
768
760
766
782
790
787
32
756
764
771
785
766
754
772
784
788
32
756
22
735
745
749
754
743
729
754
774
791
785
24
761
779
787
794
795
22
774
772
792
820
829
29
800
785
788
779
778
30
748
744
747
755
743
25
718
715
726
743
759
767
755
756
776
793
808
27
782
34
748
748
765
778
796
785
785
803
810
796
32
765
781
791
805
800
784
799
805
796
42
755
742
743
748
753
21
733
717
729
725
713
696
703
708
34
674
688
693
697
707
697
689
20
669
677
669
666
692
706
728
743
23
720
715
720
727
739
742
722
708
717
738
766
781
775
25
750
753
764
785
801
787
766
770
769
764
765
776
782
783
776
25
751
756
772
774
787
792
773
780
784
783
767
31
736
725
740
762
795
829
838
23
816
811
823
839
842
830
27
803
818
831
827
41
786
768
779
782
770
24
747
758
769
767
24
744
727
739
749
754
747
746
770
800
823
832
813
23
791
814
818
827
25
802
23
780
799
808
814
810
29
781
768
782
795
811
824
816
794
806
808
824
815
798
814
830
833
25
808
798
813
830
844
850
28
823
821
825
827
823
810
32
778
771
781
795
813
833
36
797
778
788
797
796
26
771
757
774
776
784
792
781
790
802
806
813
31
782
779
801
821
824
817
33
784
791
787
782
33
749
730
744
752
765
768
757
773
779
787
788
34
754
27
728
737
730
724
712
704
715
734
763
791
823
807
36
772
784
783
785
23
762
22
741
755
778
792
792
31
762
32
731
27
704
694
709
731
757
783
798
780
789
801
813
826
820
25
795
23
773
779
791
803
803
802
34
769
29
740
753
765
778
789
772
29
744
743
758
764
786
799
788
781
783
779
779
765
27
738
744
749
741
725
716
726
748
763
779
783
764
773
776
777
778
757
755
771
785
792
804
26
779
759
762
766
772
777
775
763
772
791
811
818
804
29
775
771
776
774
22
752
756
768
777
779
768
23
746
739
743
751
761
744
732
748
759
757
33
725
720
730
735
733
27
706
693
20
674
665
658
655
666
674
685
695
685
692
699
704
698
680
672
673
681
687
673
675
687
707
718
733
718
722
734
745
729
28
701
693
691
687
691
685
698
713
729
736
747
22
725
726
731
735
734
718
708
723
729
736
728
734
748
755
759
22
738
730
733
728
26
703
702
716
735
749
759
751
754
767
765
26
740
25
715
706
711
721
739
758
768
22
746
752
754
759
747
753
766
791
817
814
801
812
819
817
27
790
795
803
802
790
28
762
758
762
767
774
25
750
733
748
766
788
811
812
801
815
829
823
35
788
39
750
36
715
27
688
709
754
788
820
834
834
833
26
807
798
815
830
836
835
844
850
835
818
829
827
808
23
785
775
780
785
792
798
785
764
23
742
753
761
776
785
778
793
803
814
815
813
27
787
795
792
798
808
806
796
782
792
791
789
772
24
748
738
749
765
780
798
785
769
765
791
812
832
821
811
40
772
759
755
744
22
722
717
731
750
771
783
783
764
783
800
809
821
829
825
23
803
816
815
811
790
770
780
794
809
821
801
798
809
815
813
792
26
767
766
780
801
816
24
792
776
791
809
830
843
833
817
837
840
835
50
786
780
28
752
28
725
34
692
695
717
721
723
722
733
759
787
810
829
23
806
805
814
817
807
789
771
784
794
789
22
768
771
773
785
770
22
749
766
782
795
788
772
788
796
782
32
750
745
753
762
760
750
757
751
752
738
719
734
749
767
791
786
782
791
801
797
42
756
739
731
756
770
772
780
763
758
761
747
22
725
23
703
736
737
744
731
33
698
705
718
731
763
780
767
28
740
735
741
757
780
793
789
771
789
797
810
798
792
790
784
25
759
745
760
774
786
769
755
766
777
777
29
749
29
720
729
729
722
710
726
745
750
737
728
740
723
25
698
690
697
698
689
686
709
713
713
706
690
712
734
750
758
747
742
756
759
741
733
762
778
796
788
800
813
817
799
784
794
807
812
803
783
791
809
814
813
791
782
799
802
810
26
785
773
790
788
798
791
26
766
792
817
837
850
834
842
855
865
851
32
820
825
831
833
822
28
794
811
821
832
818
826
843
847
826
817
835
839
845
23
823
830
843
847
833
24
809
819
828
833
818
31
787
808
819
820
30
791
789
797
795
783
27
757
775
798
810
799
27
773
791
798
807
789
769
794
806
823
823
814
839
848
862
840
829
848
853
860
838
838
859
869
874
25
849
836
844
847
833
812
831
837
840
822
802
820
829
837
822
26
796
803
812
816
804
784
807
826
845
831
817
830
34
796
35
762
41
721
723
728
731
23
708
712
723
715
21
695
704
706
699
693
680
692
701
711
707
711
742
766
786
782
32
750
776
792
799
42
758
739
23
716
715
737
759
768
762
770
802
820
822
818
811
35
777
784
789
799
795
35
761
744
24
720
711
718
727
742
750
750
31
719
729
748
767
771
754
767
766
790
771
776
809
793
784
793
792
791
31
760
752
762
773
783
791
777
770
779
784
783
771
767
785
804
818
815
29
786
794
794
792
787
769
793
794
783
24
759
780
795
796
789
783
804
805
790
785
802
818
827
805
807
808
805
24
781
767
780
793
791
778
793
809
829
830
811
819
816
800
781
778
785
790
788
774
759
761
766
767
754
787
793
777
798
817
828
817
802
826
837
840
840
28
813
817
824
824
834
819
802
823
830
837
845
834
26
809
826
829
834
831
30
801
803
815
818
803
784
795
812
826
819
30
789
792
795
791
23
768
787
805
819
814
792
798
805
816
806
794
804
815
804
783
793
798
805
803
803
812
814
23
791
800
819
826
807
797
815
827
829
34
795
783
787
793
790
26
764
774
785
791
795
776
793
807
823
834
844
829
24
805
814
825
829
814
796
812
816
820
814
24
790
801
805
801
796
24
773
787
792
807
804
784
802
813
824
836
827
824
837
850
851
837
829
833
841
846
825
812
818
822
821
25
796
780
791
800
799
780
767
780
789
784
24
760
756
755
760
759
743
732
738
722
23
700
682
676
682
689
699
697
689
710
715
727
725
25
700
695
685
21
664
649
636
648
643
643
643
644
658
679
697
699
715
735
745
747
749
774
799
808
815
812
815
807
32
776
773
767
771
763
774
776
764
750
767
778
785
765
761
778
784
792
778
787
797
802
810
792
791
792
801
807
816
800
800
809
810
812
813
810
790
774
784
785
789
785
769
778
789
794
792
776
782
791
801
812
804
795
813
821
822
802
783
791
791
799
790
777
782
786
784
771
787
792
802
801
785
801
807
807
792
805
809
810
793
790
800
812
819
800
814
827
839
825
816
825
827
824
810
816
827
839
837
821
809
817
827
831
822
809
826
836
834
833
814
820
833
843
843
26
817
829
832
833
817
796
805
815
818
28
791
789
804
812
817
25
792
793
801
804
802
788
792
806
819
831
818
806
827
841
848
827
820
825
831
836
27
810
823
837
850
840
827
849
855
863
841
832
842
854
859
837
833
845
844
840
29
812
807
815
822
828
26
802
786
801
810
816
25
791
785
794
813
825
30
795
798
820
827
815
795
802
809
818
804
787
799
808
811
798
800
818
827
831
28
803
822
828
832
28
804
804
814
823
24
799
801
815
826
819
30
789
806
822
831
827
807
825
831
829
25
804
801
817
822
820
25
795
807
818
828
820
23
798
807
816
826
820
798
805
814
823
814
26
789
799
812
826
835
825
814
831
838
828
814
837
848
854
846
827
837
853
857
28
829
830
840
847
846
29
817
825
833
844
833
820
843
849
848
31
818
823
837
850
849
29
821
831
829
810
27
784
793
807
824
823
809
823
832
830
812
826
846
837
43
795
795
789
22
767
793
808
814
24
790
811
825
838
24
815
807
833
846
844
40
805
822
821
822
26
796
807
810
808
30
779
805
826
850
832
24
808
822
842
855
840
818
841
850
865
861
24
838
857
860
857
836
818
833
849
870
868
35
833
846
851
863
33
830
814
830
841
842
824
839
860
876
868
24
844
863
863
870
852
848
855
862
845
23
823
825
825
825
805
797
825
841
853
836
833
851
861
867
24
843
833
840
845
845
26
820
815
835
841
832
30
802
819
830
825
40
785
793
805
816
800
788
805
816
819
23
796
798
804
821
821
23
798
814
821
828
812
806
825
834
833
29
804
798
808
821
814
809
837
844
832
821
838
849
829
826
842
845
852
832
825
841
850
853
31
822
836
842
850
834
26
809
823
833
844
822
827
840
848
833
816
832
839
838
28
810
827
844
866
26
840
833
851
848
26
822
842
862
875
862
855
875
881
886
872
868
875
877
860
842
847
839
30
810
814
825
829
818
796
815
827
835
23
813
794
810
822
824
824
814
834
851
868
858
854
872
880
878
34
845
843
855
864
863
847
872
884
890
26
865
851
866
875
884
867
859
875
886
879
30
850
862
865
880
866
24
842
865
872
873
34
839
845
858
875
27
849
836
854
868
847
832
846
852
855
32
823
824
844
825
31
794
791
806
793
821
840
846
29
818
827
837
843
841
820
834
843
840
845
846
856
847
30
817
27
791
781
783
776
24
753
750
779
802
809
830
833
839
840
32
809
804
793
56
738
721
741
747
768
782
40
742
756
758
764
774
778
781
784
25
760
765
771
763
774
808
818
833
832
824
844
853
859
860
850
844
30
815
60
756
768
771
766
750
46
705
722
708
704
26
678
705
702
701
699
700
717
731
737
734
21
713
733
762
790
804
795
823
854
867
877
862
841
851
847
29
819
808
825
825
817
24
794
808
813
812
790
791
794
793
778
767
790
803
805
790
789
807
817
821
28
794
804
824
833
823
26
797
810
820
825
808
793
805
818
817
24
794
781
796
809
25
784
36
748
764
760
758
23
736
723
742
759
768
765
790
797
794
778
798
800
22
779
774
773
780
787
783
784
791
22
769
757
744
24
720
704
712
713
715
706
703
731
735
730
729
754
771
775
767
794
810
821
830
823
806
821
829
835
836
29
808
805
813
820
822
801
27
775
788
795
808
816
32
784
788
787
791
780
24
757
759
772
780
788
771
769
779
781
774
763
758
796
806
797
785
800
815
817
806
813
826
840
829
820
835
831
815
829
834
844
853
835
822
835
839
841
24
818
816
826
820
811
799
805
816
823
828
815
831
833
845
827
817
833
849
866
877
861
842
854
862
857
842
854
862
859
842
841
863
873
883
871
860
873
877
875
24
852
833
852
860
867
851
35
817
831
843
846
827
816
834
848
855
839
822
850
869
873
31
842
28
815
831
832
828
31
797
824
833
839
35
805
810
823
830
809
793
810
812
814
28
787
795
812
822
817
833
851
868
861
841
858
863
865
846
849
860
860
35
826
828
815
810
791
780
801
814
803
797
825
845
862
855
844
861
863
869
848
842
865
865
865
24
841
833
842
852
864
852
838
854
865
880
866
852
874
877
889
877
859
875
875
865
33
833
836
833
841
822
802
834
846
833
27
807
828
834
840
818
821
834
842
832
815
833
846
848
840
31
809
813
821
825
837
825
811
818
817
824
809
791
817
825
830
23
807
787
805
811
816
794
783
803
817
829
843
824
835
854
861
846
23
824
840
853
855
833
821
833
838
27
812
792
806
823
828
810
807
833
848
864
855
840
860
869
872
29
843
828
833
830
813
23
791
795
811
823
804
790
800
814
805
786
811
818
833
816
815
841
854
839
820
838
853
843
821
835
844
853
841
28
814
824
825
833
26
807
23
784
800
817
831
822
816
836
843
822
801
814
813
801
25
777
791
811
825
841
828
832
837
842
851
844
24
821
836
838
840
31
809
800
811
821
829
817
837
844
850
42
808
37
772
779
783
763
749
765
771
780
760
762
787
795
23
773
758
758
748
25
723
21
703
727
729
713
707
25
682
692
691
700
719
723
724
742
741
728
30
699
706
707
704
701
693
30
664
664
658
644
631
644
649
656
655
645
663
667
666
658
644
666
666
674
659
650
661
662
660
21
639
645
653
664
662
651
659
659
657
640
630
632
631
633
620
622
633
636
622
613
618
618
624
623
611
621
626
621
615
601
604
609
622
625
20
605
595
602
603
616
605
590
575
584
584
592
580
593
602
604
613
602
600
616
621
621
609
609
623
637
638
623
611
621
628
634
622
614
623
625
628
616
625
635
638
625
611
611
618
615
606
18
588
601
612
618
605
593
605
614
613
599
587
592
589
587
582
581
581
584
584
578
572
575
578
576
570
573
579
583
574
567
581
585
584
577
581
590
591
586
582
588
594
591
584
575
584
584
578
569
571
577
576
568
566
567
577
579
573
571
572
582
584
581
571
574
586
591
583
573
580
587
590
18
573
564
574
583
584
17
568
560
572
578
569
556
566
573
581
571
555
574
583
583
575
572
590
601
603
592
579
603
615
622
606
613
615
606
21
586
592
604
615
598
602
628
639
18
622
609
621
644
649
631
626
640
666
681
688
680
20
660
661
677
694
719
731
739
26
713
716
721
710
697
698
726
728
736
27
709
708
733
736
30
706
689
700
727
744
30
714
696
739
770
802
788
25
763
775
760
26
735
744
749
752
755
25
731
722
735
748
759
745
732
32
700
681
664
667
676
695
703
694
677
664
654
650
639
641
647
659
666
668
654
649
642
633
632
625
630
638
639
652
659
666
660
650
663
678
685
675
21
655
663
674
695
694
20
675
678
677
660
646
638
649
652
655
646
650
638
633
632
634
637
656
667
682
675
699
717
737
747
23
724
735
741
744
739
44
696
742
742
744
25
719
724
741
745
734
21
713
720
711
20
692
35
657
647
684
688
701
695
712
741
770
772
755
774
781
785
29
756
750
768
784
777
22
755
771
784
775
788
818
838
833
835
864
871
35
836
846
845
833
32
802
819
841
842
27
816
842
858
870
28
842
860
877
881
39
843
857
875
884
33
852
846
867
879
34
846
833
856
873
851
25
826
838
857
861
838
817
836
846
844
25
819
839
865
879
864
867
887
884
45
840
853
860
840
28
813
839
849
844
823
845
855
858
30
829
847
861
874
851
861
875
881
867
849
870
890
876
865
892
911
888
29
860
882
889
891
40
852
872
894
899
36
864
871
861
840
32
809
829
827
29
798
815
842
868
33
835
855
840
37
804
785
806
832
838
825
863
895
901
884
875
895
899
889
868
885
891
890
869
860
874
870
25
845
29
817
832
838
23
816
795
819
842
867
901
879
883
902
914
926
907
895
913
913
910
42
868
850
869
896
912
29
883
39
845
870
880
893
35
858
31
828
847
857
864
39
825
27
799
824
852
872
867
849
856
844
39
806
802
819
830
819
30
789
814
833
829
852
41
811
798
810
806
791
771
795
807
827
822
27
795
811
833
852
844
829
837
834
26
809
29
781
799
811
828
30
798
25
774
798
802
815
794
783
815
827
819
800
813
833
856
856
39
818
820
833
840
826
38
788
795
817
831
824
37
787
795
807
811
824
23
801
787
810
832
848
834
25
810
829
835
831
40
791
785
800
806
803
31
772
789
805
816
827
26
801
820
841
857
39
818
25
794
820
833
850
840
830
854
861
867
41
826
811
817
833
837
43
795
797
795
794
35
760
763
772
762
748
775
802
832
838
35
804
815
826
822
33
789
777
792
816
814
34
780
793
816
824
36
788
791
808
817
805
787
811
823
840
34
807
28
779
794
802
792
40
753
759
780
811
833
814
810
828
822
805
788
814
824
834
31
804
802
834
849
828
38
790
819
833
819
56
763
780
798
813
29
784
766
790
779
765
24
741
767
767
763
774
768
34
734
736
748
750
760
759
765
761
25
737
750
751
759
73
687
740
724
710
28
683
682
677
702
704
723
740
756
783
786
786
800
795
24
772
754
763
770
769
761
778
773
765
23
742
751
755
759
23
737
738
754
759
763
750
759
765
763
747
763
780
789
796
781
801
831
851
860
852
833
851
867
878
34
845
835
854
860
861
41
820
819
831
839
823
23
801
818
833
843
828
818
838
850
850
39
812
803
813
818
23
795
784
805
815
826
810
813
833
845
28
818
814
841
854
35
819
27
793
813
821
818
32
787
804
818
800
794
810
799
37
763
757
764
771
760
23
737
749
756
754
23
732
722
736
750
766
768
750
760
756
741
725
33
692
693
696
704
714
717
704
716
723
730
739
726
728
734
737
733
30
703
710
701
689
681
681
675
667
667
663
660
654
657
649
638
634
1032
642
390
126
265
348
414
61
353
518
2059
1380
680
3999
3999
3616
383
662
1035
517
518
632
213
420
759
167
592
615
335
280
3999
3507
492
624
698
373
325
43
282
285
456
181
275
1387
672
716
444
273
711
1417
627
791
504
288
648
107
541
243
299
401
407
118
289
724
427
297
376
393
102
292
394
87
307
389
1251
596
656
152
504
39
466
779
312
468
211
258
289
17
272
281
3999
1188
2811
2352
460
500
243
257
281
25
257
281
281
24
257
281
24
257
281
24
257
281
24
257
281
24
257
281
24
257
281
281
25
257
281
25
257
281
281
24
257
281
24
257
281
281
24
257
281
24
257
264
258
257
257
265
257
257
281
24
257
281
24
257
281
24
257
281
22
259
263
257
257
281
24
257
281
24
257
265
257
257
258
281
281
25
257
281
25
257
281
24
257
264
258
257
257
281
24
257
281
24
257
265
258
257
257
281
281
24
257
281
24
257
281
24
257
281
25
257
281
281
281
24
257
359
102
257
265
16
250
328
34
294
1970
809
1161

