03-08-2022 - 15:09 - Correr
Maria Villegas 
Intervalos entre latido y latido
1022
1053
1051
32
1020
1025
1045
1039
1018
1026
1043
1023
1020
1060
1059
32
1027
1037
1058
1050
1025
1053
1068
1041
1022
1063
1062
43
1019
1028
1040
1037
1012
1045
1052
29
1024
1031
1055
1057
1034
1054
1066
1060
1038
1065
1067
1045
1024
1070
1071
30
1041
1028
1056
1061
1055
1031
1071
1079
33
1046
1041
1072
1067
31
1036
1058
1072
1060
1036
1075
1071
1048
1037
1068
1066
32
1034
1047
1063
1043
1020
1042
1047
1029
1012
1043
1052
29
1024
1013
1046
1039
47
992
1016
1028
1004
989
1000
1019
1024
1038
1018
1031
1048
1043
32
1012
1050
1051
1041
1017
1048
1050
29
1022
1019
1050
1051
1026
1031
1052
1056
37
1020
1034
1059
1064
32
1032
1038
1061
1056
1032
1033
1068
1067
1041
1024
1059
1065
33
1032
1029
1057
1059
35
1025
1038
1062
1046
1025
1063
1067
37
1030
1032
1065
1068
35
1033
1059
1065
1044
1021
1066
1067
37
1031
1022
1062
1063
29
1035
1062
1059
30
1030
1014
1051
1050
1027
1032
1055
1056
31
1026
1046
1057
1057
1032
1069
1070
1055
1037
1071
1071
30
1041
1043
1067
1064
33
1032
1055
1062
1037
1018
1055
1058
1032
1018
1059
1057
29
1029
1028
1055
1049
31
1019
1048
1056
1037
1013
1033
1047
1038
1015
1034
1049
1035
1008
1041
1048
1028
1010
1039
1049
1029
1015
1065
1076
1082
1086
1090
1065
1084
1083
1076
1052
1081
1080
1076
35
1041
1058
1078
1077
1076
30
1046
1067
1070
1053
38
1015
1052
1041
1039
1023
1021
1034
1037
1022
1026
1042
1041
1024
1038
1059
1054
1036
1072
1076
1065
1042
1074
1082
29
1053
1042
1081
1084
35
1050
1073
1082
1066
28
1038
1069
1074
1049
1033
1082
1081
31
1050
1055
1073
1065
1039
1064
1078
1052
1032
1065
1056
38
1019
1023
1033
1007
988
1031
1037
1014
1013
1053
1063
34
1030
1060
1069
1049
1039
1050
1036
1013
1057
1064
31
1033
1034
1057
1057
1045
1042
1023
1040
1019
1049
1027
1027
1048
1056
66
991
1026
1010
1000
997
992
992
976
992
987
975
969
983
992
972
973
1001
1007
1014
993
1011
1007
985
1003
1013
27
987
984
960
959
963
33
931
939
956
40
916
916
912
920
897
907
915
897
891
890
905
887
890
901
879
876
884
882
874
881
899
27
873
881
878
888
869
875
889
28
862
873
879
868
860
865
868
875
857
860
892
895
893
898
900
897
918
29
890
899
888
890
893
873
866
884
873
854
867
865
852
853
857
846
839
838
839
829
829
836
819
819
827
807
815
818
802
805
813
796
803
814
801
806
815
811
822
812
815
824
820
812
824
813
821
815
814
796
815
801
802
813
798
792
808
794
791
800
793
788
798
787
793
801
786
790
798
781
788
791
784
782
791
787
780
787
786
787
775
795
791
783
792
795
787
785
811
793
799
796
811
808
828
816
815
821
814
821
815
837
828
822
839
843
835
835
860
858
839
857
860
852
840
856
865
856
847
849
865
863
853
869
871
859
866
865
879
866
887
897
875
880
898
888
875
895
898
902
27
875
891
894
874
888
886
889
890
887
24
864
875
866
869
876
859
884
885
867
887
899
876
905
904
890
904
884
901
900
892
899
906
905
888
910
903
25
878
889
919
911
918
899
930
931
917
904
916
941
926
916
947
955
31
924
926
927
926
903
925
916
898
926
933
929
916
950
955
930
933
957
960
936
966
960
936
948
952
932
943
953
27
926
974
960
944
940
964
946
936
944
942
959
942
960
967
31
937
945
970
961
944
967
970
26
944
946
967
954
937
973
982
32
950
976
996
30
966
963
996
998
29
969
990
975
954
953
968
962
949
976
973
958
965
979
977
958
976
979
973
962
991
993
970
997
1002
983
992
1007
993
981
1005
998
975
989
992
970
970
988
982
965
985
990
974
983
1001
991
974
391
583
1291
285
1006
35
972
1000
1008
993
1028
1044
1028
1042
1073
33
1041
33
1008
1048
1053
56
998
1043
1039
1012
36
977
1038
1013
1015
33
983
1021
1033
42
991
1002
1031
1026
28
999
996
1052
1041
1048
33
1016
1033
1043
45
999
987
1003
1008
993
1009
1014
1001
995
1018
1012
998
1009
1013
1004
994
1008
1019
994
1010
1012
1006
986
1000
1005
984
1009
1010
31
980
1002
998
998
985
1009
1010
1001
1003
1025
1025
1006
1030
1035
1019
1012
1036
1033
1012
1033
1035
1020
1013
1029
1025
1001
1018
1016
1007
994
1014
1014
991
1000
1009
1001
990
1015
1012
994
994
1008
1005
984
1001
1005
998
986
1005
1003
995
987
1012
1014
994
1009
1015
1013
992
995
1014
1020
1008
992
1016
1019
1011
1000
1024
1027
1012
1010
1032
1034
1016
1028
1033
1038
1021
1040
1045
1041
1020
1043
1045
1038
1022
1041
1041
1022
1034
1042
1043
1023
1045
1048
1036
1018
1049
1057
1043
1031
1058
1057
1032
1057
1064
1042
1032
1053
1053
1032
1050
1050
1038
1021
1041
1045
1024
1038
1045
1043
1025
1048
1056
1032
1037
1055
1058
1039
1055
1058
1041
1035
1058
1061
1037
1050
1059
1060
1058
1045
1027
1055
1059
1043
1055
1066
1051
1044
1051
29
1023
1032
1042
1042
1054
1039
1058
1059
39
1020
1033
1038
1016
1032
1041
1025
1027
1043
1032
1030
1043
1045
1033
1043
1051
1033
1040
1048
1042
1038
1038
28
1010
1004
1023
1023
1006
1025
1030
1029
1019
1039
1053
1041
1038
1050
1030
1039
1042
1051
1050
1055
1050
1026
1031
1037
1024
1021
1028
1039
1039
1032
1028
1033
1033
1032
1035
1013
1025
1021
1032
1041
1032
1038
1040
1058
1040
1045
1048
1027
1036
1045
1039
1028
1043
1047
1028
1041
1054
1033
1041
1039
1018
1016
1024
1028
1014
1029
1039
1026
1040
1039
1022
1040
1046
1028
1032
1034
1042
1018
1030
1032
1020
1034
1041
1031
1036
1046
1034
1032
1036
1039
1037
1035
1017
1020
1021
1032
1021
1027
1041
1032
1037
1044
1054
1041
1053
1065
33
1033
1046
1071
1049
1059
1080
1070
38
1033
1063
1080
42
1038
1045
1060
1066
31
1035
1072
1053
1045
1026
1037
1040
1028
1025
1039
1028
1039
1035
1032
1008
1025
1011
998
1007
1027
1009
1007
1035
1016
1014
1049
1040
1041
1050
1047
1022
1057
1048
1037
1041
1050
1027
1049
1058
35
1024
1039
1040
1024
1040
1042
1027
1036
1041
1026
1013
997
1035
1048
33
1016
1037
1058
35
1023
1030
1048
34
1015
1037
1053
1027
1021
1042
1047
31
1017
1024
1046
1028
1014
1050
1049
1035
1049
1043
1017
1046
31
1016
1049
1043
1043
1030
1011
1034
1039
1039
1034
1014
1048
1053
30
1024
1036
1040
1017
1039
1044
34
1011
1038
1042
1052
1029
1032
1065
1065
35
1031
1072
1070
37
1034
1056
1072
1053
1045
1055
1044
1071
1075
1074
32
1043
1073
32
1041
1065
1056
1050
31
1020
1036
1043
1034
1034
1038
1035
28
1007
1035
1029
499
530
50
480
1032
1030
1036
33
1004
1015
1041
1015
1012
1038
1020
1021
1032
1030
1010
1032
1033
1008
1031
1043
1017
1024
1043
1040
1014
1046
1054
1027
1018
1052
1055
38
1018
1046
1054
31
1024
1022
1046
1032
1017
1042
1041
30
1011
1024
1035
1017
1009
1034
1016
1019
1035
30
1005
1025
1041
1019
1004
1026
1019
1004
1022
1031
1043
1038
1044
1035
1025
1003
1029
1029
1022
1018
1003
1005
1031
1008
1007
1032
1017
1040
1055
1047
32
1015
1056
1049
1047
32
1015
1041
1046
1028
1009
1037
1042
31
1012
1025
1044
1024
1004
1024
1027
1022
1016
1003
28
976
996
1000
997
979
999
997
982
1009
1015
1003
1006
992
992
967
993
988
987
1000
988
973
1004
1007
988
1003
1015
994
1007
1032
1030
1020
1026
1023
1020
1000
1008
1010
1012
1002
990
993
998
998
1007
992
986
1003
993
30
964
968
988
986
963
973
999
31
968
970
1000
1003
997
977
985
1013
38
975
996
993
999
32
967
993
1014
1011
998
982
1007
1013
1017
32
986
1011
1017
1029
1031
1017
27
991
1012
1018
27
991
1014
1008
1000
977
1000
1006
1011
1017
997
978
989
1011
995
990
1004
998
983
1011
986
984
1014
999
991
1003
1009
988
969
1003
1015
1024
1017
1019
36
984
1010
1013
1018
28
991
993
1011
1009
1022
1028
1027
28
999
1010
1019
1012
992
1026
1019
1015
998
992
1009
1000
986
1004
1020
1014
1011
994
987
1010
1008
986
981
1008
1008
28
981
996
1006
1008
1000
998
975
1000
1007
996
985
964
979
999
985
980
967
1000
990
972
993
996
1001
28
974
1007
1005
29
977
996
1008
28
981
986
1010
1011
1003
996
981
1014
1010
36
975
997
1001
976
974
1008
1011
1001
995
983
999
1005
980
982
996
976
1017
1026
1000
1022
1036
1009
1024
1047
1034
1035
30
1005
1019
1038
1023
1004
1036
34
1002
1006
1034
1031
1023
1017
1008
996
1021
1015
990
1013
1025
29
997
1002
1033
1033
1025
1018
28
991
1023
1025
1009
994
1024
1037
32
1005
1000
1033
1033
28
1006
1031
1020
1038
1027
1028
28
1000
1003
1017
1016
1004
992
1032
32
1000
1037
1041
1038
39
1000
1023
1037
1028
1020
1003
1019
1023
1019
1005
999
976
983
1009
1015
993
1007
1022
1014
1005
1039
1019
1030
1046
1021
1014
1046
1049
1024
1031
1046
1042
1034
40
994
1013
1030
1030
1016
1007
1047
1046
33
1014
1023
1038
29
1009
1024
1025
1036
1042
1059
1061
1051
1049
34
1016
1031
1025
1020
27
993
1014
1032
1028
1023
1001
1040
1044
29
1016
1018
1045
34
1012
1001
1016
1013
1015
1023
1034
45
989
1013
1014
1005
990
1013
1010
991
988
1021
1018
1003
1024
1040
1032
1010
1043
1040
30
1010
1029
1048
1038
44
994
1038
1039
1041
1036
45
991
1034
1036
1020
1008
991
996
1006
1016
1006
994
1029
1016
1001
1028
1010
1030
1023
1015
31
985
1015
1016
30
986
978
1007
1006
1017
1034
1023
1013
1045
1025
1039
1038
1037
1031
28
1003
1008
1000
1018
1025
999
1037
1038
1029
31
998
1033
1036
1028
1026
1004
1033
1038
37
1001
1025
1032
1027
33
995
1008
1029
1020
1002
1005
1026
1003
1020
1033
1047
1032
32
1000
1023
1038
29
1009
1015
1042
1025
1025
1038
1032
1023
28
996
998
1029
1006
1002
1029
1016
1002
1040
1034
30
1004
1033
1026
1007
1009
1019
1020
1012
1013
1011
1009
1022
998
1008
1016
1010
994
990
971
993
1013
1000
1014
1027
1007
1000
1038
1044
34
1011
1022
1042
1028
1003
1031
1037
37
1000
1025
1048
29
1020
1009
1044
1038
1013
1046
1048
30
1019
1034
1053
36
1018
1018
1053
1045
1022
1054
1056
37
1020
1032
1049
38
1012
1028
1042
1038
32
1006
1030
1041
34
1007
1018
1045
1042
1020
1049
1049
33
1017
1034
1049
1034
1010
1045
1041
32
1010
1034
1043
34
1010
1033
1030
1006
1033
1036
1014
1018
1059
1048
1045
37
1009
1015
1022
1063
1047
1051
31
1021
1042
1052
32
1021
1035
1053
1031
1022
1054
1045
1024
1051
34
1018
1048
1062
1058
1052
1043
37
1007
1009
1035
1024
1001
1020
1024
1000
1029
1030
30
1000
1016
1026
1006
999
1024
1025
998
1026
1034
35
1000
1015
1022
1029
1026
1020
29
992
996
1028
1013
28
986
1008
1012
32
981
986
1016
1000
988
1020
1015
995
1019
1019
996
1000
1014
995
1003
1024
1029
1028
1030
1018
1017
1004
1035
1035
48
987
1009
1013
998
1012
1025
1010
998
982
991
1008
1012
999
1009
1004
1016
1012
990
986
1012
1028
1022
1002
1037
1037
1019
1001
1043
1034
1011
1040
1040
37
1003
1019
1035
1033
1007
1013
1032
1029
1030
1025
1027
41
986
1011
1016
993
986
1006
1020
1008
1028
1026
1010
1002
1037
1038
1014
1022
1041
1038
29
1009
1047
1039
1015
1013
1045
1042
1018
1035
1030
31
999
1021
1035
1014
1011
1039
1030
1009
1042
1045
31
1015
1031
1037
30
1007
1000
1013
1027
1003
1017
1013
1032
1040
1028
1017
1035
1016
1041
1046
1050
1037
1014
1045
1041
1016
1010
1034
1034
1009
1027
1037
31
1006
1019
1040
1035
1009
1035
1036
32
1004
1005
1028
1035
1046
1046
1025
1028
1052
1038
32
1007
1021
1001
987
971
983
981
975
1002
1015
1016
1032
1025
1004
1020
1035
1017
1005
1033
1028
31
997
1026
1028
30
998
1004
1026
1006
1000
1035
1027
1022
1025
1020
1017
997
1034
1038
1020
1010
1044
1045
35
1011
1047
1050
1036
1022
1058
1056
1029
1054
1059
1034
1027
1058
1050
28
1023
1055
1059
1041
1029
1054
1037
1012
1031
1032
1034
1019
1039
1038
1041
1034
1028
1042
1048
1028
1044
1043
1036
1031
1045
1041
1028
1046
1050
1034
1038
1048
1044
1026
1025
1038
1043
1043
1042
1034
1033
1027
1023
1000
1017
1018
1001
996
1022
1022
1000
998
1035
1028
30
998
1000
1022
1026
1000
1022
1024
1001
1012
1018
1020
1008
1008
1024
1030
1044
1047
1041
1060
1061
1048
1048
1051
1056
33
1023
1019
1032
1042
1020
1055
1046
1041
1040
1035
1030
1016
1039
1037
1030
1049
1049
1026
1031
1052
1037
1023
1053
35
1018
1047
1058
1060
31
1030
1013
1027
1029
1019
1040
1030
1030
1014
1002
1012
1046
1027
1020
1015
1042
1040
1018
1031
1052
1046
1023
1053
1061
29
1032
1064
1060
1057
1042
33
1010
1037
1041
1017
1016
1041
1039
1025
1003
992
1022
1041
1042
1046
1030
1050
1048
1036
1034
1055
1048
1044
1037
1018
1049
1045
1036
1027
1043
1033
1039
1028
1014
1041
1040
1024
1030
1037
1026
1014
1046
1043
28
1016
1021
1041
1043
1017
1028
1018
1026
1038
1021
1000
1013
1040
1032
1024
1047
1036
1022
1001
1035
1025
1015
1033
1034
1011
1032
1044
1029
1015
1051
1051
28
1023
1029
1062
1043
1031
1062
1064
1053
32
1021
1053
1051
1048
1043
29
1015
1037
1022
1021
1013
996
1028
1005
1034
1041
1043
1024
1054
1047
1031
1012
1041
1038
1016
1002
1036
1023
27
996
1018
1020
1015
997
1029
1034
1015
1006
1034
1032
31
1001
1025
1039
1019
1006
1040
1033
1030
1043
38
1005
1031
1042
30
1013
1004
1030
1033
1017
1039
1022
1000
1028
1016
1020
1017
1017
41
976
1009
1015
992
997
1027
1020
1020
1017
1013
1000
1022
1008
1010
992
1007
27
981
964
1003
1013
997
976
982
992
1005
1012
38
975
1003
1013
991
991
1007
1024
1033
1034
1032
29
1003
1007
1026
32
994
1016
1013
1010
31
979
1016
1011
1004
999
987
1030
1030
31
999
1008
1031
1007
1002
1031
1012
1018
1039
1037
34
1003
1016
1013
1044
1049
1034
1020
1007
30
978
1001
986
984
1009
1001
1006
997
986
1019
1022
1016
998
1006
1004
1019
1010
1005
1028
1029
1009
1044
1045
1043
1029
1027
1005
998
1041
1038
1022
1041
1024
1006
1000
1009
993
1021
29
992
31
962
966
1014
1024
1025
1027
1020
1031
1047
1060
1051
1036
1029
1018
994
1018
1005
1036
1040
40
1000
1022
1028
35
993
1012
1024
1013
995
1014
1017
1020
1043
1043
1023
1022
1046
1040
1014
1019
1020
1014
36
978
1003
1004
1001
986
992
1024
1026
1019
41
978
1000
1023
31
992
1008
1009
1028
1023
999
1036
1035
30
1005
1009
1015
1026
1027
1001
1014
1029
1032
1040
1037
1014
989
1018
1027
29
998
1022
1026
1019
1003
998
982
1010
1013
988
1021
1025
1019
36
984
1016
1016
1012
1001
983
1013
1010
28
983
1017
1025
30
995
1015
1030
1008
995
1041
1037
37
1000
1031
1023
1022
1040
1035
31
1004
1048
1049
47
1003
1019
1024
1045
1043
1040
1039
1020
28
993
997
992
1011
1010
1018
994
1028
1025
1043
1046
1041
1030
30
1000
1028
1017
1036
1045
1041
1035
35
1000
1039
1067
33
1034
38
997
1054
1029
1061
1058
47
1012
1096
1091
1083
1080
1085
1070
1070
1054
1032
1048
1059
1055
37
1019
1060
1063
1071
1065
37
1029
1053
1064
30
1034
1036
1062
31
1031
1033
1039
1016
1042
1039
1039
1018
1044
1042
1038
1029
1046
1044
1033
1007
1031
1026
1010
993
992
991
973
970
963
959
946
945
940
950
953
951
936
957
949
939
928
935
934
922
911
916
919
29
891
906
897
896
897
908
909
890
893
883
176
708
1035
141
894
40
855
868
881
27
854
854
876
868
857
870
858
889
886
881
882
898
901
887
896
936
935
925
958
968
960
951
981
972
948
973
976
954
969
962
951
943
943
933
924
917
931
920
919
941
950
954
947
969
988
975
976
986
1010
1011
994
998
1021
1013
1030
1021
1004
1023
1011
986
964
1008
43
966
976
970
954
974
963
942
931
949
29
920
916
944
931
919
938
944
952
958
967
943
945
971
963
953
973
981
27
955
952
981
970
954
991
988
30
958
969
980
958
953
984
982
32
950
986
987
27
960
983
968
961
975
955
967
989
971
966
999
998
29
969
980
991
973
956
999
999
31
968
980
994
971
954
981
982
956
975
976
958
952
987
984
960
968
986
980
961
989
972
32
941
943
938
920
942
953
26
927
948
965
27
939
936
966
953
937
981
977
32
945
964
985
985
29
956
992
988
31
957
955
995
996
27
969
988
1000
994
971
1002
1000
976
971
1008
995
28
967
988
999
995
971
992
998
994
969
991
996
976
965
1006
1000
978
969
991
1002
1002
992
982
1009
1001
27
975
992
1003
995
971
999
998
990
970
1000
1000
32
969
972
993
988
968
983
990
975
966
1000
981
969
984
963
969
968
979
958
999
1001
39
962
956
981
42
940
929
959
32
928
937
944
35
909
939
935
936
954
27
927
946
955
959
960
952
952
963
34
929
913
933
910
928
954
930
906
938
945
951
960
955
969
949
30
920
923
954
941
925
947
926
927
947
931
947
950
27
923
912
919
916
893
896
904
27
877
891
892
28
864
887
881
879
874
893
897
883
906
898
880
892
893
878
884
899
875
885
897
875
898
890
884
909
25
885
875
876
892
25
868
875
911
908
899
886
916
921
26
896
898
924
928
905
930
939
33
906
916
944
942
922
957
960
26
935
943
964
969
946
973
985
966
954
993
993
28
965
980
1005
995
28
967
1004
1010
37
974
981
1001
982
963
993
991
30
961
967
984
27
957
940
958
936
926
966
974
979
962
980
1006
992
970
1002
1006
31
976
997
1005
39
967
991
1008
995
978
983
33
950
954
958
957
30
927
962
958
939
954
975
953
951
982
958
941
939
952
32
920
936
944
951
934
947
960
952
938
961
967
948
968
982
958
970
991
982
959
994
997
30
967
991
1006
33
974
977
995
985
966
996
997
29
968
989
1000
32
969
980
992
968
967
988
975
958
988
988
28
960
977
989
988
31
957
974
982
32
951
968
987
29
959
964
989
978
961
990
993
972
996
1002
980
961
989
984
27
957
997
1000
31
969
990
1009
998
977
1007
1010
32
978
1004
1015
31
984
1006
1014
37
977
996
1015
1001
979
990
1015
993
976
1010
996
970
1002
1002
27
976
981
987
34
953
969
981
31
951
958
983
969
957
996
994
974
1001
997
29
968
1000
1000
976
1001
1009
38
972
991
1008
28
980
973
999
1010
35
975
997
981
1008
1010
1009
986
991
1015
1005
980
1006
1011
990
990
1010
1010
987
1020
1021
27
995
1016
1022
35
987
1018
1021
31
990
1015
1020
1000
985
1022
1023
32
991
1008
1019
28
992
991
1013
1006
986
1015
1013
30
984
1006
1007
986
991
1004
1000
982
1011
1013
989
1002
1024
32
992
1010
1020
40
980
1007
1009
1031
1041
1031
1007
1012
1030
1014
995
997
1001
1011
991
1020
1022
1029
1032
1011
998
1026
999
1029
1030
1018
1019
31
989
1003
988
1006
1013
995
1027
133
894
1162
146
1016
1036
1036
1009
1051
1054
36
1019
1044
1060
35
1026
1024
1023
1014
55
960
989
995
993
27
966
1002
1015
27
989
978
1001
1048
1037
1034
1025
1010
1026
1027
1012
1018
1024
1020
1004
1017
1025
1012
1000
992
994
992
977
989
993
997
992
1006
1017
1025
1009
1033
1033
1036
1019
1034
1037
1040
1022
1032
1032
1028
1001
1015
1026
1025
998
1016
1026
1004
989
1029
1025
1003
1034
1018
1045
1032
1026
1014
41
974
999
997
973
987
998
982
977
1004
1018
993
1008
1024
37
987
993
1017
1009
990
1008
1026
40
987
1004
1030
1023
1008
28
981
29
953
972
1000
990
973
964
954
28
926
929
910
917
932
930
926
946
974
960
959
988
995
980
992
1006
991
980
1014
1003
981
999
1008
985
989
980
982
975
965
954
950
27
923
910
925
915
913
924
917
906
926
938
945
925
909
937
927
909
918
925
917
897
907
924
29
896
910
928
909
899
935
934
31
903
937
945
951
928
958
963
31
933
934
957
943
934
964
973
28
946
959
975
971
952
989
995
33
962
978
995
992
968
993
970
967
991
988
967
1000
999
42
957
968
978
30
949
955
984
981
961
992
995
27
968
960
992
995
29
966
992
995
974
957
991
991
27
964
988
998
29
969
967
991
988
962
986
994
989
975
962
993
999
30
969
992
1003
37
967
979
993
975
983
978
959
973
951
957
956
972
957
978
984
967
971
1000
1013
996
1002
1025
1006
27
980
1022
1039
1047
1027
1004
1031
1014
996
1018
1022
996
998
1022
1031
30
1001
1019
1029
1023
1006
1025
1027
1007
1005
1031
1039
1024
28
996
1015
1031
1025
1017
1029
1008
1040
1040
29
1011
1031
1042
1017
1035
1042
1018
1020
1039
35
1004
1021
1039
1018
1020
1039
32
1007
1010
1035
33
1002
997
1022
1020
998
1022
1027
32
995
1018
1028
1009
1028
1006
997
1023
1045
1024
1014
1040
1038
1027
1041
1045
1023
1042
1036
1037
1056
1036
1034
1049
1056
28
1029
1041
1064
29
1036
1036
1044
1032
1027
1041
1035
1024
1022
1010
1028
1037
1032
1023
1040
1040
1023
1030
1032
1025
1020
1037
1025
1018
1028
1025
1018
1026
1036
1022
1026
1037
1021
1021
1034
1027
1015
1024
1022
1010
1022
1024
1013
1022
1017
997
1019
1034
1017
1000
1032
1029
1007
1019
1035
1010
1013
1036
1018
1007
1027
1022
996
1022
1029
1012
1013
1039
1033
1011
1039
1048
1027
1028
1054
1058
1037
1049
1070
1054
1036
1060
1063
1046
1046
1067
1053
1031
1047
1055
1033
1049
1043
1019
1006
1041
1051
1047
1032
1035
1055
1041
1022
1044
1043
1018
1030
1041
41
1000
1005
1027
1029
1009
1029
1027
1010
1032
1046
1030
1016
1047
1047
31
1017
1029
1038
1014
1021
1043
30
1014
1005
1033
1028
1011
1035
1033
1007
1026
1038
46
992
1018
1031
1012
999
1028
1010
995
1023
1030
1005
1011
1030
1003
1014
1034
34
1000
999
1021
1011
993
1025
1027
1004
1017
1026
1001
1017
1037
1010
1020
1045
1034
1017
1046
1029
1026
1044
1042
1021
94
928
1155
134
1022
1034
1049
1037
1020
1057
1056
1039
1040
1054
1035
1027
1051
1040
28
1012
1041
1046
28
1019
1014
1035
1034
1011
1022
1041
1016
1006
1029
1031
1006
1011
1029
1021
1007
1036
1042
1021
1039
1053
1030
1042
1062
1054
35
1020
1059
1060
40
1021
1001
1030
1029
1032
1038
32
1006
1018
1028
1027
36
991
1010
1022
1025
1002
1016
1021
1014
990
1009
1017
1000
999
1019
1025
1002
1019
1036
1033
1007
1020
1037
1016
1019
1035
1026
1010
1035
44
991
1025
1022
1028
1010
1029
1020
29
992
996
1014
1025
1005
1035
1051
1046
1022
1051
1058
1051
1031
1068
1073
34
1039
1050
1055
1030
1044
1046
1036
1019
1042
1043
1022
1039
1043
1017
1014
1040
1042
1016
1037
1047
1038
1023
1036
1035
1028
1026
1031
1032
1021
1037
1041
1030
1026
1040
1052
1034
1043
1052
1039
1031
1042
1044
1051
1048
1036
1041
1045
1048
1041
1056
1059
1044
1062
1062
1053
1047
1064
1068
1060
1052
1062
1059
1047
1043
1035
1030
1036
1034
1028
1039
1045
1049
1041
1053
1051
1049
1043
1053
1048
1035
1018
1042
1047
1048
1044
1036
1050
1053
1039
1055
1061
1055
1039
1050
1050
1052
1036
1051
1052
1051
1039
1043
1048
1047
1037
1044
1047
1050
1039
1050
1054
1054
1042
1051
1047
1032
1041
1044
1045
1037
1040
1050
1050
1041
1045
1051
1055
1040
1046
1047
1031
1042
1049
1037
1048
1054
1045
1039
1052
1057
1044
1053
1059
1052
1045
1055
41
1014
519
496
1333
262
1071
1052
1039
1038
1048
1044
1040
1050
1052
1045
1051
1058
1052
1048
1059
1060
1044
1060
1057
1052
1049
1061
1063
1050
1052
1057
1052
1036
1055
1051
1052
1053
1052
1044
1052
1051
1041
1045
1050
1041
1044
1050
1054
1040
1045
1051
1052
1043
1054
1052
1041
1053
1053
1047
1037
1051
1052
1039
1042
1047
1048
1035
1046
1048
1033
1038
1041
1032
1035
1034
1026
1028
1030
1026
1027
1036
1032
1022
1037
1035
1026
1035
1043
1031
1038
1048
1047
1032
1044
1045
1033
1042
1047
1033
1040
1042
1036
1036
1043
1041
1035
1044
1047
1036
1037
1041
1041
1034
1047
1049
1041
1052
1054
1047
1049
1059
1049
1044
1055
1055
1043
1055
1060
1043
1045
1057
1038
1031
1040
1034
1023
1035
1035
1026
1031
1037
1029
1032
1041
1037
1031
1042
1040
1021
1031
1054
1056
1049
1039
1049
1051
1043
1039
1044
1039
1028
1033
1023
1011
1025
1029
1022
1030
1045
1047
1041
1049
1055
1040
1041
1043
1031
1039
1036
1020
1026
1030
1027
1037
1036
1030
1042
1041
1038
1040
1036
1022
1037
1042
1028
1034
1038
1022
1019
1045
28
1018
1021
1041
29
1012
1013
1031
1011
1012
1041
1037
1014
1034
1020
28
992
999
1035
1045
1049
1026
1048
1058
1033
1027
1041
1036
1020
1038
1041
1029
1018
1049
1046
1022
1041
1047
1026
1041
1052
1044
1023
1043
1047
1038
1031
1045
1049
1029
1045
1048
1022
1037
1043
30
1014
997
1028
1050
1030
1041
1051
31
1021
1022
1036
1031
1017
1031
1031
1031
1017
1027
1030
1021
1034
1041
1021
1036
1056
1036
1035
1046
1050
1028
1031
1047
1045
1020
1000
1053
1054
1051
1040
1018
1045
1048
1047
1029
1050
1053
1056
1032
1052
1056
1061
1040
1042
1039
1025
1038
1044
1046
1033
1020
1042
1045
1029
393
637
1267
185
1083
32
1051
1050
1052
1051
1043
1052
1056
1041
1020
1040
1034
1016
1049
1064
44
1020
1036
1061
1056
32
1025
1041
1051
1051
1046
1027
1062
1070
1043
1052
1072
1067
1039
1064
1070
1073
1050
1070
1074
1069
1045
1076
1077
30
1047
34
1014
1061
1071
1071
1067
1064
1055
1041
1065
1063
1052
1055
1071
1068
1061
1073
1071
1066
1060
1070
1073
1067
1053
1076
1068
1059
1065
1075
1052
1045
1069
1068
1046
1074
1077
29
1048
1051
1073
1052
1047
1070
34
1037
1020
1057
1045
1027
1046
1046
30
1017
1034
1049
1029
1021
1052
1044
1023
1053
1055
29
1027
1051
1061
30
1031
1046
1061
1034
1050
1064
28
1036
1041
1058
29
1029
1023
1056
1039
1022
1051
1042
31
1012
1047
1053
1033
1041
1065
32
1034
1036
1059
1064
1038
1047
1061
1043
1038
1069
1072
30
1042
1022
1061
1064
1061
1046
1063
1069
1050
1044
1060
1054
1037
1048
1051
1041
1041
1052
1045
1022
1039
1034
1031
1015
1036
1040
1021
1026
1044
1049
1025
1054
1066
1062
1036
1060
1064
1041
1048
1058
1045
1029
1052
1044
1030
1041
1042
1026
1035
1045
1027
1020
1044
1046
1024
1036
1049
1042
1031
1052
1052
1030
1038
1054
1033
1032
1042
1035
1022
1046
1048
1022
1000
1037
1041
1041
1024
1038
1042
1033
1025
1024
1017
1004
1010
1025
1007
1029
1033
1023
1022
1030
1033
1012
1041
1059
1049
1023
1045
1052
1035
1047
1047
34
1014
1030
1049
1032
1028
1059
1044
29
1016
1038
1040
1015
1039
1017
1032
1041
1035
1044
31
1014
1032
1018
1000
1026
1023
1017
1003
1021
1025
1025
1016
1016
1051
1057
1056
1060
1044
1047
1034
1021
1021
1022
1023
1017
1012
1014
1020
1006
1021
1021
1007
1035
1024
1003
1025
1027
1001
1023
1034
1041
1029
1034
1040
28
1012
1031
1039
1024
28
997
1007
1029
35
995
1020
1038
36
1002
1017
1049
29
1021
1007
1034
1041
1017
1038
1042
1018
1014
1032
1038
1016
1035
1050
1041
1020
1044
1055
37
1019
1033
1056
1037
1035
1049
1053
1029
1047
1056
1046
1029
1057
1052
1032
1033
1051
1030
1033
1049
1052
1035
1050
1042
1033
1065
1058
42
1017
1012
1039
1035
1025
1010
1031
1042
1033
1015
1040
1041
28
1014
1047
1047
1041
1060
1085
1060
1050
1057
1059
1041
1064
1067
1051
1027
1053
1052
1036
1051
1064
1040
1056
1068
1049
1045
1060
1059
1036
1055
1061
1040
1051
1060
1040
1052
1060
1034
123
912
1180
106
1074
37
1038
1053
1064
34
1031
1041
1057
1036
1023
1041
1039
1013
1004
1070
1072
1069
1071
1053
1066
1070
1057
1044
1049
1052
1047
1037
1046
1037
1043
1053
1055
1057
1060
1071
1069
1060
1071
1071
1055
1049
1050
1045
1038
1042
1052
1052
1042
1056
1058
1050
1053
1066
1061
1041
1052
1050
1037
1023
1036
1032
1014
1041
1047
1030
1024
1058
1044
1020
1058
1050
29
1022
1049
1050
1030
1018
1053
1059
1065
1040
1070
1077
1058
1049
1068
1041
1024
1039
1036
1040
1063
1078
38
1040
1070
1077
1059
1049
1073
1067
33
1035
1052
1064
1067
1045
1061
1077
1073
1045
1072
1056
30
1027
1031
1060
1050
1035
1043
1062
1054
1034
1058
1061
1035
1047
1056
1053
1029
1037
1051
1051
1035
1052
1054
1038
1035
1055
1043
1021
1037
1038
1025
1014
1024
1018
1005
1027
1031
1023
1016
1043
1050
1055
1057
1056
1034
1052
1050
1037
1051
1047
1044
1049
1056
1042
1051
1053
1044
1050
1056
1059
1057
1048
1065
1063
1048
1058
1059
1055
1045
1060
1063
1053
1066
1070
30
1041
1070
1073
1058
1047
1064
1040
1031
1019
1012
32
981
1000
998
985
977
981
976
952
968
958
33
925
949
947
926
924
939
28
911
936
946
941
929
935
926
939
959
967
947
966
985
987
962
975
994
995
971
989
1007
999
30
969
970
995
34
961
978
1006
993
985
1018
1032
1050
1065
1058
1043
1041
1057
1046
40
1007
1018
1001
1017
1024
1021
1012
1009
1006
1002
1006
992
1008
999
998
995
999
988
996
978
995
1026
1047
1075
1085
1087
1095
1099
1081
1127
1126
1111
1102
30
1073
36
1037
1086
29
1058
1038
1046
1022
1057
1057
1042
1021
1025
1072
1129
1143
1152
1172
1164
1142
1125
1106
1097
31
1067
32
1035
1020
1016
1011
1000
1005
1029
1050
1064
1069
1077
1083
1090
1083
1071
1062
1054
1041
1034
1021
1013
1000
1004
1009
1028
1041
1051
359
692
1317
215
1102
1093
1072
1059
1045
1028
1020
1009
997
987
987
982
973
982
1000
1016
1030
1025
1027
1042
1043
1053
1050
1038
1033
1024
1023
1020
1014
1013
1010
1006
1007
1003
999
1011
1013
1016
1016
1015
1013
1009
1000
1008
1006
1005
1005
999
997
1001
1007
995
998
1010
1012
1015
999
992
973
983
986
33
954
958
962
943
953
950
945
940
928
951
938
938
936
933
929
950
948
950
938
953
959
957
958
981
994
979
989
1006
997
988
994
992
988
994
969
979
980
972
973
982
985
988
979
979
960
977
980
984
970
980
994
1000
981
1012
1014
1015
993
1023
1030
1015
1002
1020
1015
991
995
1000
991
984
994
996
989
979
997
992
980
989
995
974
968
984
981
957
973
967
955
958
970
963
1003
1014
1001
1006
1040
1045
1030
1039
1056
1042
1021
1050
1048
1023
1021
1041
1039
1013
1054
1056
1043
1027
1055
1059
1037
1040
1051
1052
1029
1042
1043
1036
1025
1049
1051
1038
1032
1052
1052
1039
1041
1054
1054
1043
1058
1059
1041
1047
1054
1044
1032
1043
1042
1029
1037
1046
1044
1036
1056
1063
1064
1056
1068
1070
1066
1057
1069
1068
1052
1044
1062
1058
1040
1041
1048
1046
1042
1060
1055
1036
1042
1048
1046
1036
1041
1045
1044
1031
1047
1040
1034
1025
1037
1042
1037
1027
1043
1043
1032
1031
1045
1045
1032
1043
1048
1038
1034
1050
1055
1041
1040
1054
1067
1067
1053
1054
1059
1059
1036
1041
1044
1041
1031
1047
1053
1047
1044
1059
1063
1061
1057
1076
1073
1056
1066
1076
1081
1063
1070
1082
1079
1069
1078
1084
1072
1062
1083
1080
1058
1066
1069
1063
1051
1064
1062
1047
1041
1052
1036
35
1001
1015
1015
1003
1029
1035
1033
1022
1046
1048
1026
1061
1064
1045
1029
1060
1061
1038
1067
1073
1046
1074
1076
1060
1050
1076
1078
1052
1077
1082
1074
1052
1083
1083
1056
1058
1069
1057
1033
1066
1062
36
1027
1048
1035
29
1006
1003
1013
32
981
1002
986
996
1002
990
1024
1039
1039
1025
1065
1065
1040
1044
1061
1067
1040
1066
1069
1050
1036
1066
1065
31
1035
1040
1063
1057
1035
1054
1061
1054
1033
1070
1071
33
1039
1041
1061
1053
1030
1064
1061
1035
1045
1060
1053
1038
1052
1050
1038
1040
1050
1056
1041
1069
1068
1050
1063
1066
1071
1048
1068
1065
1049
1042
1064
1067
1043
1024
1065
1071
1083
1080
1067
1081
1078
1064
1057
1071
1070
1062
1054
1066
1065
1059
1042
1056
1052
1043
1029
1041
1039
1037
1022
1033
1032
1032
1023
1039
1043
1043
1039
1054
1054
1052
1049
1069
1069
1053
1065
1070
1063
1050
1063
1062
1048
1046
1059
1055
1037
1050
1049
1034
1033
1040
1038
1017
1028
1033
1018
1037
1023
1030
1016
1026
1030
1028
28
1000
1001
997
977
977
989
981
970
1000
1000
1006
998
1017
1015
1013
1005
1020
1019
30
989
984
965
959
948
938
944
935
920
932
925
918
927
923
926
914
915
945
933
941
945
949
945
941
952
951
949
945
938
929
934
920
918
914
897
913
908
903
904
903
899
900
900
894
883
890
880
872
866
877
868
851
858
867
866
857
857
876
871
859
877
878
860
856
868
863
857
849
859
856
856
845
853
122
731
968
132
837
856
852
850
838
853
848
838
864
851
855
850
860
860
849
854
855
852
848
852
846
851
853
851
845
840
866
861
856
857
853
857
859
853
849
853
853
841
841
845
844
826
846
838
835
838
841
842
833
847
844
833
837
839
833
824
843
834
828
832
829
828
822
831
831
824
826
835
830
835
844
836
852
855
846
857
843
863
869
856
851
872
877
859
899
884
893
874
877
899
899
883
910
898
887
897
884
880
888
898
902
893
882
905
907
884
897
908
893
884
913
920
897
916
930
29
902
914
925
935
26
910
927
943
943
30
913
938
939
38
901
932
929
30
900
906
922
922
900
920
930
917
901
933
935
25
911
911
946
951
951
927
936
953
942
924
953
957
33
924
940
942
923
938
939
926
949
958
957
26
931
951
970
38
932
935
961
42
919
929
940
26
914
938
947
943
924
942
949
31
918
917
946
940
916
943
959
937
946
977
986
32
955
996
988
34
954
975
980
26
954
960
988
992
29
963
1003
1004
39
965
996
1008
30
979
972
1006
1003
30
974
1012
1011
41
971
976
1010
1010
28
983
992
1007
32
976
962
993
983
30
953
979
981
966
974
988
969
959
984
985
960
973
979
982
28
955
974
977
960
951
972
975
959
981
987
984
973
1004
1006
996
1010
1033
1033
1011
1041
1040
29
1011
1020
1031
1024
1000
1015
1018
1015
997
1023
1024
1000
1018
1028
1015
1010
1031
1025
1012
1045
1053
1032
1055
1054
1035
1025
1045
1038
1011
1040
1038
1019
1026
1041
1029
28
1001
1028
1027
1010
993
1015
1011
987
1006
1008
994
983
1004
1001
981
995
1000
987
975
996
995
970
989
991
985
970
995
996
985
982
1004
1006
990
1015
1018
1004
994
1022
1023
1005
1012
1021
1011
993
1013
1012
987
1001
1005
999
983
978
1004
1000
989
981
974
986
979
1015
1030
1032
1008
1039
1041
1028
1022
1038
1037
1012
1033
1033
1015
1005
1028
1029
1008
1014
1038
1036
1015
1036
1035
1023
1039
1050
1042
1027
1057
1066
1065
1052
1080
1091
31
1061
1082
1088
1079
1053
1072
1070
1046
1072
1073
1054
1069
1070
1058
1043
1064
1064
1041
1069
1071
1052
1043
1065
1066
1041
1062
1060
1043
1026
1041
1045
1037
1016
1041
1041
1025
1021
1037
1034
1013
1029
1037
1032
1013
1033
1030
1003
1013
1019
1008
993
1021
1019
1006
998
1026
1030
1013
1020
1032
1028
1015
1041
1044
1023
1041
1043
1040
1023
1045
1054
1034
1025
1051
95
957
1150
113
1037
1040
1040
1027
1011
1032
1030
1013
1024
1035
1041
1023
1047
1048
1039
1027
1048
1052
1035
1051
1037
1017
30
988
1004
988
1004
996
992
979
113
866
1065
123
943
670
273
677
162
515
235
281
24
257
281
320
71
250
313
1389
2127
1843
285
421
457
565
266
299
340
720
334
386
440
170
271
2573
2267
306
423
3999
2214
1785
1483
302
20
283
3999
3741
258
271
3999
2834
1165
825
340
3999
3059
940
2342
1963
379
589
3999
3999
3999
3999
3999
3999
2448
310
309
310
309
28
282
304
305
2004
1697
308
1661
1351
310
307
571
1526
806
721
714
450
265
257
313
28
285
345
32
314
2161
1524
638
668
98
571
179
393
95
298
18
281
383
62
322
43
279
23
257
281
25
257
282
278
322
22
300
15
286
309
1923
1643
281
799
521
279
302
299
946
655
292
341
24
317
2242
1980
262
277
280
3999
3999
3500
499
179
320
320
63
257

