24-08-2022 - 16:06 - Correr
Monica Ortega
Intervalos entre latido y latido
812
810
789
803
807
809
25
785
800
820
823
51
772
803
810
799
36
764
784
796
822
845
857
900
914
908
946
949
27
922
937
946
33
914
929
963
38
926
916
928
911
902
914
895
25
871
889
879
869
902
903
50
853
846
867
865
843
875
890
868
894
939
933
951
979
984
968
959
989
1000
1009
992
1015
1014
33
982
1001
999
977
978
991
1001
984
1005
997
976
986
983
967
975
978
954
980
995
969
984
963
950
972
36
937
956
959
29
931
962
967
38
930
973
959
954
977
32
945
954
976
952
965
980
30
951
976
979
987
990
38
953
964
948
937
920
914
34
880
905
883
932
950
938
953
972
975
36
940
969
978
985
968
992
991
965
987
968
980
1003
37
967
985
976
29
948
977
956
956
986
960
958
979
27
953
962
983
966
983
986
968
992
985
975
999
979
993
991
972
979
968
962
967
952
952
954
34
920
948
956
27
929
955
957
947
978
37
941
967
955
41
914
949
967
30
937
976
976
952
972
969
946
985
972
33
940
971
968
951
986
984
980
1002
987
979
1000
976
57
919
32
888
918
939
954
972
952
959
982
969
974
992
1001
983
991
995
998
991
993
1006
997
1000
1000
985
978
961
979
972
28
945
960
936
34
903
912
912
31
881
901
889
24
866
900
937
26
911
939
971
38
934
958
977
956
970
983
985
999
1000
998
998
989
986
966
972
971
973
969
979
1001
993
986
992
986
969
961
950
929
947
928
40
888
909
897
30
868
856
860
34
827
814
844
847
857
922
912
917
942
936
928
960
970
949
958
950
937
958
953
38
915
951
952
26
927
959
978
961
967
971
953
955
960
29
932
950
956
28
928
927
944
925
926
939
925
929
938
916
942
941
936
956
946
37
909
924
921
919
920
953
947
958
978
970
969
989
965
980
996
973
987
994
998
978
988
993
977
990
990
984
998
989
989
984
966
975
969
961
958
940
953
937
961
952
960
940
967
964
27
938
964
956
964
965
969
990
970
983
969
968
973
958
958
955
945
958
947
51
896
59
838
866
867
885
893
895
58
837
846
25
822
839
851
845
834
835
864
884
39
846
873
881
891
875
902
903
899
900
904
31
873
886
872
889
886
874
909
922
925
34
892
910
356
555
255
300
827
839
840
853
866
878
871
894
896
28
869
875
856
833
853
843
859
849
878
887
902
906
923
949
1085
78
1008
993
975
966
38
929
916
935
926
27
900
924
926
35
892
916
900
31
870
896
40
856
868
865
845
860
857
50
808
795
820
824
851
883
875
893
906
42
864
891
888
873
903
955
971
1001
35
967
970
979
967
30
937
41
897
905
897
894
884
911
920
37
884
922
930
909
942
935
925
950
963
28
936
958
967
35
933
956
964
947
965
964
941
962
958
937
943
930
922
946
59
887
37
851
852
833
45
788
784
778
30
749
753
758
45
713
719
763
757
793
792
805
831
40
791
775
774
780
771
756
763
748
739
722
723
716
701
719
36
683
697
696
686
692
708
45
664
700
43
657
675
705
32
673
681
666
671
666
665
665
658
667
676
681
680
685
672
684
681
696
689
689
687
684
683
682
683
685
680
691
679
694
680
690
682
684
681
681
684
687
681
689
677
696
688
692
698
686
700
687
682
680
669
669
666
670
661
663
659
654
654
656
650
645
646
641
640
635
630
626
629
621
622
625
619
616
614
614
616
614
611
612
604
603
602
601
600
603
601
602
598
602
596
603
598
609
611
612
612
614
611
613
605
604
599
600
601
596
599
593
593
593
592
594
601
599
601
603
600
601
604
599
603
599
606
599
606
603
606
610
604
611
601
601
598
601
606
603
600
602
598
600
596
594
588
594
589
589
589
597
589
595
591
597
600
595
598
595
594
604
604
606
603
604
605
600
603
601
595
601
592
596
599
594
593
589
589
584
586
583
583
589
586
585
586
590
596
606
612
625
626
623
629
613
600
605
613
615
637
648
646
672
675
663
684
678
693
694
701
700
701
706
700
711
701
698
696
703
685
698
704
713
720
718
728
734
733
738
732
738
741
729
731
737
743
760
769
772
766
750
768
785
788
41
747
755
762
769
752
767
750
748
743
750
737
755
758
745
735
746
755
761
771
777
802
798
815
846
832
849
853
47
806
798
809
823
821
843
25
819
837
865
858
874
870
850
26
824
834
845
832
850
853
861
876
891
43
849
26
824
847
853
840
242
599
242
357
590
640
665
653
1100
42
1058
90
969
54
916
48
869
888
901
883
907
926
41
886
899
895
56
839
862
861
853
862
31
831
834
29
805
821
27
794
833
835
852
847
843
833
840
868
32
836
821
799
819
832
839
26
813
803
826
812
840
857
871
875
875
886
28
858
850
861
29
833
832
840
839
855
879
863
30
833
829
34
795
798
792
815
845
896
923
936
918
916
915
907
31
876
900
909
28
881
44
838
822
838
827
886
887
890
913
919
947
954
49
905
944
925
958
981
986
989
973
968
45
924
933
916
32
884
907
904
905
905
927
907
887
892
895
40
856
856
868
861
876
880
904
882
897
916
911
937
918
939
924
47
878
895
881
891
892
879
40
840
862
878
908
902
887
914
925
916
908
915
49
866
858
49
810
28
782
791
828
851
896
904
894
873
888
906
31
875
912
888
880
902
26
876
892
930
39
891
916
926
922
909
938
916
934
916
49
868
875
892
893
885
878
26
853
847
855
851
52
800
811
813
817
192
625
996
157
839
841
869
874
857
34
823
829
817
814
808
818
807
816
814
812
804
828
820
819
840
837
258
580
863
110
753
781
780
813
832
820
819
821
845
887
889
886
895
892
27
866
888
889
888
867
887
893
895
31
865
869
890
39
852
849
843
860
842
885
875
857
879
862
851
864
47
817
827
841
826
846
867
881
900
47
854
879
894
875
874
35
839
850
852
26
827
824
832
828
814
830
856
860
876
857
854
883
889
894
878
897
905
929
927
920
908
938
933
924
29
895
48
848
866
896
879
26
854
881
874
857
882
912
47
865
920
924
904
901
922
899
919
48
872
885
887
892
880
860
32
828
823
852
896
907
896
920
42
879
867
871
884
902
917
923
944
943
961
975
951
987
980
957
978
47
932
961
973
1001
990
984
975
970
963
57
907
915
37
878
903
34
869
864
868
875
42
833
831
69
762
802
800
798
854
853
846
887
878
875
915
916
943
947
945
936
928
911
897
924
942
936
936
916
949
938
936
923
937
942
924
44
881
888
25
863
898
939
953
970
951
34
917
928
927
33
895
920
938
916
902
878
77
802
813
797
819
803
815
848
257
591
301
291
668
222
447
1027
1866
1577
290
1689
1299
390
3999
3999
3999

