05-08-2022 - 9:30 - Correr
Juan Ainol Pinto 
Intervalos entre latido y latido
875
875
872
885
879
872
873
894
905
902
920
928
941
942
934
954
933
959
962
954
997
55
942
1220
717
504
1468
429
1039
51
988
979
966
996
1000
33
968
1041
42
999
1003
1051
1295
211
1084
57
1028
28
1001
980
1002
989
964
983
984
976
974
1001
986
965
970
975
974
985
973
995
977
997
988
975
983
975
961
962
966
956
953
957
955
946
965
958
963
959
961
947
960
950
947
937
953
953
945
956
950
942
953
946
938
943
940
934
936
940
943
935
949
945
943
951
954
941
942
951
949
943
960
952
940
945
958
963
956
976
979
957
964
966
449
518
1364
395
969
960
961
958
949
948
960
956
957
974
971
971
958
970
971
966
958
968
964
960
950
958
955
943
952
954
944
941
955
949
946
963
965
953
957
963
957
962
972
980
979
977
984
968
991
984
962
981
978
992
33
959
980
958
964
972
958
964
967
959
982
973
972
994
990
964
959
942
969
965
952
970
967
969
972
959
982
971
967
959
959
972
954
959
1062
91
972
1198
620
579
1507
512
995
974
964
952
958
956
949
961
958
954
978
980
969
968
947
943
968
972
969
983
958
987
971
954
980
976
978
971
1051
43
1009
50
960
1271
791
480
1542
528
1015
993
968
954
957
960
957
958
968
955
966
980
976
959
973
1005
980
979
1031
73
959
997
41
956
1234
682
552
1458
466
992
968
955
950
954
956
954
958
959
958
963
977
972
963
977
970
954
428
526
1299
347
953
930
919
928
923
922
924
929
931
928
942
944
953
944
961
957
942
942
924
929
929
960
958
28
931
1006
71
936
1226
152
1074
54
1021
30
991
991
981
1000
979
38
941
982
1244
170
1074
83
992
991
976
976
30
947
1030
105
926
1090
520
571
1214
332
883
41
843
833
832
821
808
796
790
779
776
772
779
761
763
771
760
759
748
756
761
763
21
743
747
738
760
769
779
778
791
384
407
1179
377
803
814
810
815
831
823
835
837
842
847
854
852
863
847
841
833
856
845
837
836
828
835
823
826
833
846
853
843
860
864
871
888
893
30
864
883
868
860
867
867
859
842
846
848
835
816
801
803
41
763
773
785
23
762
756
764
759
780
776
762
797
800
338
463
1145
344
802
791
800
801
26
776
792
793
775
785
787
766
776
774
757
769
765
759
763
752
764
234
530
1020
258
763
750
750
761
24
737
750
754
741
748
737
746
738
735
746
736
727
733
733
736
717
712
719
708
307
401
1031
338
693
699
691
689
687
689
290
399
996
402
594
757
79
678
276
403
975
308
668
668
674
673
668
95
574
765
90
675
691
678
685
698
703
695
689
702
695
1402
728
675
692
674
677
673
685
671
668
678
678
678
676
691
699
682
697
690
698
691
686
31
656
708
704
694
1390
713
678
691
22
669
671
1360
692
668
667
679
669
677
681
681
707
698
710
712
708
710
714
710
711
711
712
710
694
699
708
696
696
699
682
711
713
709
711
715
710
727
719
716
726
724
715
702
722
717
706
700
706
701
36
666
729
32
697
691
699
715
725
723
724
731
734
740
736
741
743
746
750
751
338
414
1087
320
767
761
758
758
766
764
763
770
774
780
777
783
780
773
783
780
787
785
789
787
786
785
783
771
787
776
781
791
783
787
779
795
794
794
784
775
816
817
817
823
828
833
836
839
840
857
867
861
874
875
886
887
893
910
59
851
916
1152
196
956
46
910
886
867
858
862
858
851
853
873
864
860
870
872
875
874
886
889
884
878
892
883
883
875
877
885
878
886
886
894
890
901
900
896
903
896
906
399
507
98
410
1457
483
974
78
897
877
887
882
886
903
904
909
909
921
915
927
931
919
921
926
935
924
926
919
928
920
928
939
932
932
939
928
929
930
930
930
921
927
915
929
916
325
592
1223
321
903
916
907
906
911
916
911
915
923
921
919
916
920
916
906
912
910
917
900
896
906
913
916
913
921
927
927
922
936
926
928
938
944
939
949
1869
930
939
934
937
926
927
930
923
921
925
914
920
918
918
918
915
922
914
921
907
910
904
912
914
906
908
907
910
905
909
912
903
912
917
913
918
923
924
915
922
930
928
931
937
937
1819
875
944
921
916
918
926
916
923
931
919
923
915
901
912
916
917
918
923
918
929
928
919
933
929
935
934
939
948
939
947
958
957
947
953
956
943
939
942
934
927
927
929
916
926
912
917
911
908
914
903
910
901
902
905
912
916
916
925
931
927
928
930
922
930
933
927
935
930
1840
919
921
916
908
903
906
912
908
914
921
916
925
930
935
927
931
932
927
933
924
929
916
928
925
922
914
917
926
918
186
733
1101
186
916
909
913
916
923
923
933
938
942
934
954
963
961
945
959
961
955
950
951
956
949
940
937
940
928
935
940
943
939
943
945
949
941
944
947
938
942
937
943
931
945
933
938
929
932
938
933
933
922
914
924
916
929
915
909
902
911
909
912
913
902
907
910
902
912
913
914
911
922
917
914
928
922
904
895
898
905
905
905
914
911
913
907
907
907
907
899
900
913
904
897
890
904
882
878
889
873
882
875
868
875
877
863
866
868
862
861
25
836
833
840
839
831
820
831
826
826
830
829
820
826
834
839
845
856
845
845
864
857
854
862
863
869
869
872
875
872
875
878
877
884
887
875
878
878
881
874
855
852
860
854
859
852
858
862
867
873
878
880
892
900
904
901
901
895
905
894
897
910
910
898
909
910
914
901
881
861
860
877
863
859
863
861
848
845
844
839
847
859
860
870
871
875
880
891
887
892
892
894
894
885
893
900
901
909
902
898
877
879
875
875
878
876
888
876
872
875
885
873
876
871
877
877
886
880
888
896
894
886
888
881
881
866
871
876
870
866
865
861
849
840
856
851
854
858
852
865
852
850
851
840
845
841
837
839
852
862
867
882
892
303
590
1127
206
922
902
907
32
875
888
893
889
892
886
890
886
885
885
891
890
898
899
903
895
876
883
887
883
864
861
866
867
862
861
850
848
854
866
864
874
872
864
882
875
879
878
881
882
884
887
893
902
902
906
904
907
894
886
881
890
883
875
874
873
873
864
851
849
846
844
838
838
861
860
857
870
878
872
880
885
878
864
868
872
872
878
861
868
865
863
866
865
877
865
867
869
863
858
851
849
848
850
850
849
860
857
853
843
839
826
823
811
811
823
825
837
848
856
857
860
861
851
862
856
848
843
838
825
818
812
47
766
21
745
741
762
771
782
806
817
832
845
858
865
889
888
889
891
889
877
880
875
867
868
865
863
860
854
849
848
853
855
860
849
869
858
848
846
848
844
850
861
872
872
853
873
864
862
849
857
852
856
860
860
850
850
854
845
833
843
848
859
862
877
873
878
886
888
872
885
882
875
874
858
853
849
831
825
818
812
814
816
822
824
829
823
825
826
826
823
818
813
826
830
843
859
868
875
885
881
889
899
905
908
910
906
905
895
895
885
878
874
879
871
882
884
896
904
901
899
894
895
908
899
911
914
901
921
926
910
918
930
929
909
920
903
906
900
896
894
879
880
884
874
862
860
857
852
854
850
852
853
846
843
842
850
849
851
853
843
845
841
831
821
807
806
806
814
793
791
794
804
820
828
835
842
842
843
846
846
844
836
838
829
824
822
811
809
806
797
798
801
801
802
795
797
799
805
807
793
799
793
800
806
801
801
793
797
804
803
813
826
830
836
836
835
835
824
832
824
823
819
813
821
826
822
827
828
830
822
822
816
821
828
836
850
867
860
876
873
864
863
858
837
832
836
839
846
859
869
875
875
875
889
880
872
868
873
871
872
871
864
857
861
24
837
848
854
857
841
838
837
837
839
837
836
837
839
845
850
858
859
866
870
869
871
873
876
879
868
892
892
879
893
886
884
869
873
882
884
903
938
926
926
927
97
831
856
856
857
856
844
852
849
891
916
894
897
896
886
897
909
911
894
896
902
908
899
884
883
882
876
867
872
866
857
853
837
833
829
827
816
822
853
839
848
849
850
855
862
856
853
861
857
858
848
847
857
846
846
839
855
851
841
847
857
861
874
857
876
887
880
874
882
877
878
881
874
879
884
879
891
895
901
905
910
907
893
882
880
878
881
886
875
887
875
877
875
869
875
876
875
912
26
886
898
889
877
893
893
893
880
875
879
873
868
877
880
882
884
885
896
903
914
900
911
908
913
902
936
39
898
875
864
864
854
853
834
845
848
853
860
863
864
872
871
872
872
861
861
866
871
869
863
866
874
880
886
897
904
908
897
894
874
872
864
875
871
856
851
855
848
841
843
849
872
885
904
891
910
915
917
896
883
874
867
33
834
835
819
812
811
805
821
827
835
839
856
864
871
875
871
862
873
861
852
846
857
857
870
868
881
916
52
865
889
896
888
888
30
858
882
50
833
841
842
848
853
854
855
869
870
881
864
24
841
845
850
846
841
849
854
863
870
871
875
871
873
875
880
887
889
896
883
889
884
864
862
850
852
849
840
823
829
821
811
817
826
824
830
839
850
858
863
863
865
878
874
883
885
883
886
874
870
857
843
842
841
845
855
862
866
876
880
876
879
883
888
893
901
904
910
914
911
910
900
26
874
868
870
867
875
883
897
902
893
897
886
928
38
891
900
32
868
884
886
875
875
864
872
856
857
868
863
849
851
850
875
50
826
845
858
868
875
880
870
900
34
867
875
885
885
865
871
900
884
868
873
868
899
883
895
911
926
87
840
915
58
857
886
889
887
887
889
895
892
888
895
899
902
914
903
894
889
885
945
61
884
899
912
915
916
904
904
880
889
876
875
872
871
879
900
939
87
852
892
884
900
891
941
955
70
885
921
914
925
960
71
890
915
924
927
908
906
905
898
888
890
882
889
886
885
888
894
890
898
897
888
881
885
890
897
902
907
903
897
898
900
904
904
904
905
910
906
909
907
896
902
896
888
896
889
894
897
891
900
898
897
899
892
895
896
899
889
901
900
894
899
893
903
887
889
885
879
890
890
894
901
898
897
892
890
888
894
887
885
881
883
886
881
871
872
875
876
875
888
889
892
885
879
883
878
884
892
890
900
905
897
895
896
890
901
893
895
894
893
902
903
900
901
891
884
881
888
895
906
915
913
918
916
924
925
934
31
903
912
909
891
885
892
29
864
883
890
890
890
887
889
895
895
905
910
917
915
914
917
911
907
901
903
888
895
898
910
910
26
884
918
450
469
95
375
902
891
888
890
874
869
877
877
887
898
903
907
899
889
889
883
885
885
871
880
879
883
887
888
892
896
900
901
891
892
882
878
862
27
835
856
863
876
918
25
894
914
920
928
924
925
924
919
914
911
910
914
918
917
911
916
897
898
899
907
915
920
927
928
930
914
911
922
901
912
910
911
908
907
905
909
915
917
900
906
910
908
907
908
908
904
902
900
885
892
889
889
884
892
899
875
886
900
883
899
889
883
893
889
887
890
891
891
893
898
893
904
896
891
882
865
873
860
866
859
858
863
871
875
878
875
883
876
881
882
882
890
891
903
900
899
899
903
896
900
898
902
900
904
898
890
889
888
892
904
910
904
911
906
907
900
898
894
901
889
900
883
892
888
894
897
894
879
877
877
877
870
881
880
893
893
895
906
907
905
907
903
911
903
912
907
912
910
901
905
894
888
885
896
895
893
899
908
915
901
907
904
902
896
899
910
910
917
914
914
911
901
898
895
889
900
897
903
901
912
907
915
916
919
920
925
925
921
916
917
915
902
893
901
892
880
879
883
879
885
878
887
886
894
891
892
891
893
885
893
887
889
888
887
890
886
886
894
879
880
882
880
880
877
878
876
868
866
871
875
887
887
885
888
895
900
902
904
908
889
883
877
871
873
888
891
896
887
889
891
899
894
893
901
1777
865
913
911
912
913
914
915
917
921
923
925
922
935
923
937
934
920
908
902
907
911
899
898
902
904
902
908
913
915
898
889
897
892
903
894
905
894
900
900
910
916
921
923
930
932
930
917
919
914
916
916
912
913
905
914
905
907
914
909
912
904
901
891
899
889
890
894
886
899
896
898
899
891
902
904
905
903
914
910
911
912
903
906
901
895
887
897
894
890
892
883
893
890
888
893
896
893
903
901
907
899
903
908
911
903
901
905
895
891
889
884
888
887
885
885
889
883
889
886
882
889
85
805
954
73
881
886
887
876
876
876
888
896
899
910
910
900
905
896
889
888
875
861
869
863
875
878
888
901
905
910
910
924
917
916
915
916
922
916
912
909
912
906
899
894
898
905
904
902
889
901
895
888
901
892
909
904
899
903
898
899
909
910
913
921
925
931
932
934
934
927
936
938
934
928
937
933
923
925
918
910
893
890
885
875
875
876
876
884
891
888
894
899
901
907
905
915
906
910
918
920
906
928
927
927
914
919
916
917
901
918
914
905
917
921
925
922
937
922
920
917
916
910
916
912
919
914
909
914
907
913
913
911
910
909
911
902
903
912
907
912
910
914
914
902
910
909
896
898
900
897
896
893
900
901
907
905
899
900
905
899
912
906
908
908
916
916
910
911
896
898
895
895
888
877
876
873
875
869
877
875
875
877
881
882
882
885
889
894
896
900
899
902
897
898
895
899
900
903
891
889
886
878
884
883
882
891
886
889
897
904
913
919
928
932
935
929
928
386
543
1292
358
935
25
910
918
915
903
902
890
893
888
890
890
896
899
907
910
901
190
712
1068
152
916
909
900
901
894
898
890
896
892
891
890
885
882
878
869
875
880
881
884
898
899
904
888
900
901
897
895
890
888
886
880
871
24
847
852
849
854
862
848
850
847
852
860
867
869
858
845
841
848
859
870
887
898
909
907
901
899
898
895
891
890
26
865
869
870
861
875
871
906
909
904
896
912
897
915
909
912
909
916
909
903
907
894
891
886
885
888
889
887
890
882
886
883
878
886
886
890
891
888
895
890
880
894
894
898
904
907
914
905
912
904
898
892
897
895
898
904
901
890
900
896
889
889
890
893
895
888
896
900
903
899
901
889
892
891
886
886
879
884
877
874
869
876
875
876
881
886
886
878
890
893
895
899
896
894
897
902
903
893
902
904
899
907
900
904
904
909
901
906
915
918
925
915
912
909
897
890
887
886
889
892
894
880
893
885
887
879
880
875
881
881
871
883
887
895
901
907
912
912
916
923
922
937
929
922
931
932
922
921
918
918
915
912
908
899
899
905
900
901
895
885
885
27
859
860
855
859
868
878
882
880
892
898
905
906
913
907
907
904
900
27
874
873
873
868
869
877
879
877
873
866
877
882
896
899
907
925
918
912
919
913
926
929
918
932
919
914
908
897
901
894
885
878
870
867
871
861
855
857
861
872
864
866
875
872
879
880
878
887
886
880
887
894
898
904
901
919
910
904
914
916
915
896
901
914
915
917
914
915
907
903
899
895
895
880
877
880
874
859
868
869
875
877
883
894
903
903
901
893
908
892
897
912
912
903
895
907
900
907
911
914
916
916
913
917
904
907
907
902
905
895
903
904
909
907
909
902
899
901
908
906
894
892
886
879
879
881
884
898
907
908
912
917
906
920
922
925
934
924
933
418
515
1336
387
950
935
925
913
921
925
935
935
938
937
930
918
916
907
906
905
902
901
26
875
884
884
877
880
890
897
910
921
920
930
921
908
916
906
909
912
909
900
896
901
906
901
900
907
914
926
920
916
928
922
914
920
921
915
927
921
924
916
932
391
542
1294
379
916
902
906
899
907
901
900
896
889
889
894
900
896
902
904
900
887
881
885
879
875
885
885
885
897
899
902
914
919
916
934
918
899
886
887
875
44
831
842
59
784
783
770
775
771
755
748
23
725
711
708
693
689
675
677
660
657
654
652
236
416
888
243
646
19
627
628
629
626
634
635
642
648
653
649
678
83
596
773
68
705
733
713
320
394
1078
639
439
1030
319
712
710
712
727
734
746
762
761
763
752
35
717
764
766
774
335
439
1097
323
775
767
759
748
744
751
758
746
752
254
499
1027
278
749
762
776
793
792
804
813
814
807
807
826
819
812
813
807
803
796
799
800
802
804
810
819
822
823
827
828
832
838
837
834
841
843
832
833
837
836
827
832
833
831
837
845
848
855
863
853
858
869
868
879
875
872
882
878
881
888
885
896
892
898
901
910
906
900
914
906
900
895
896
904
38
866
877
883
876
866
24
842
859
853
849
855
857
859
864
875
874
878
883
908
37
871
890
911
894
873
889
884
24
861
872
877
859
862
864
868
866
873
875
867
880
887
874
908
37
872
894
892
904
907
898
915
923
920
988
500
488
1312
398
915
901
927
46
882
906
903
916
916
924
916
932
941
942
1002
39
964
940
933
1144
569
576
1414
447
967
29
939
924
921
922
934
941
918
958
43
915
902
900
906
894
882
887
875
857
865
852
855
854
836
835
834
833
835
851
858
865
871
868
876
872
884
881
877
880
873
877
885
883
899
904
899
940
384
557
1236
320
916
912
929
914
912
915
932
949
36
913
1152
134
1019
43
976
38
939
921
927
916
914
916
909
894
888
898
883
869
851
848
841
825
810
793
785
779
801
796
786
794
168
626
947
170
778
768
768
770
28
743
753
745
735
734
735
741
784
359
425
1121
484
637
905
171
734
732
22
710
729
776
355
422
16
407
1203
477
726
750
24
726
731
252
479
1022
304
718
702
690
703
701
705
697
723
775
67
708
295
414
1083
638
445
1043
334
710
64
647
777
77
700
694
695
696
692
686
689
708
20
688
689
686
684
670
681
669
663
658
653
652
665
659
666
672
663
655
659
659
654
657
655
664
664
671
670
666
676
666
671
666
690
686
709
711
716
721
730
741
748
742
741
747
748
741
730
712
742
745
754
735
738
752
765
768
776
780
782
786
790
790
791
795
805
805
809
796
793
797
791
781
784
795
799
802
807
814
818
825
821
823
825
819
829
834
838
844
848
853
848
844
852
850
843
851
857
854
860
861
860
862
853
865
854
854
853
846
843
843
846
839
835
854
861
872
883
889
903
886
27
860
871
864
870
851
841
341
501
168
334
825
820
830
833
838
840
848
859
864
862
867
862
852
850
836
851
846
842
850
855
861
875
885
894
883
861
885
866
866
872
860
861
860
874
873
869
880
884
889
893
901
918
918
915
916
910
902
897
897
888
887
314
574
1172
309
864
856
848
843
843
830
36
794
804
787
788
810
824
824
823
831
834
836
849
853
857
859
864
864
874
867
874
882
876
875
885
880
888
879
871
859
862
859
850
855
857
863
874
881
886
890
895
900
908
27
881
867
873
861
841
850
847
845
844
839
849
838
843
849
855
856
851
868
862
864
860
873
875
874
878
881
887
898
906
913
367
546
1263
352
912
904
901
902
906
901
916
901
904
915
915
907
908
907
906
909
916
904
920
922
924
937
942
945
945
955
416
539
1320
387
934
916
917
913
902
907
904
900
909
908
905
916
906
901
878
892
894
900
903
892
888
907
905
903
881
872
875
862
853
835
837
837
844
849
842
850
863
875
877
891
901
899
903
885
880
859
856
860
863
24
840
830
829
818
804
813
828
835
842
852
864
871
876
886
886
894
896
902
895
892
896
896
892
907
893
890
869
863
851
847
848
845
855
863
867
867
857
858
863
865
864
862
870
873
870
878
869
879
858
857
864
848
862
857
858
854
866
864
869
854
861
869
868
870
876
878
865
869
866
1679
862
817
827
832
837
836
843
849
844
858
867
867
879
891
892
904
907
913
910
920
925
913
916
26
891
901
894
883
27
856
878
52
827
58
769
787
773
770
757
771
774
24
750
745
750
40
711
719
712
716
723
22
701
87
614
831
111
720
716
740
755
750
776
774
789
791
786
791
788
790
794
791
796
799
818
817
821
814
826
837
833
842
849
846
843
874
867
862
852
860
866
866
852
857
864
854
851
851
848
842
833
822
824
812
817
814
805
802
815
806
797
23
775
791
790
780
778
768
752
740
729
730
718
20
699
696
688
683
683
683
685
705
702
720
757
748
753
783
779
773
780
777
776
781
786
786
790
797
802
812
823
829
841
848
852
874
873
874
881
887
878
880
879
888
886
886
895
894
899
895
895
889
889
888
878
872
869
875
869
867
878
877
874
885
881
891
891
898
898
890
900
898
905
336
569
1210
330
881
882
878
874
880
868
883
884
877
893
902
898
916
914
906
916
916
918
910
926
298
628
1169
221
949
943
941
937
949
939
945
944
937
938
937
922
939
928
919
913
904
907
890
890
886
898
893
892
891
890
906
898
890
877
884
869
873
863
863
845
856
835
836
829
834
847
859
872
882
885
889
877
887
884
878
894
299
596
1191
321
871
883
873
865
875
886
881
900
904
905
909
919
916
905
918
914
912
919
916
909
926
934
939
931
917
920
921
913
909
911
907
927
932
937
927
915
934
925
906
919
903
905
904
881
894
883
886
889
876
888
893
894
907
914
907
922
919
930
471
460
475
1425
399
1026
85
942
29
913
908
906
911
907
906
918
918
935
937
931
932
935
930
937
933
928
936
945
942
933
947
943
948
953
944
955
416
539
1319
382
937
926
916
916
917
909
922
915
909
894
906
902
895
904
901
895
907
901
898
899
901
894
885
893
895
899
902
909
905
903
909
906
913
916
920
919
913
924
918
914
926
921
929
920
916
918
913
919
913
913
924
913
910
915
424
491
1297
391
907
886
881
882
875
878
869
881
879
875
885
888
895
899
901
906
897
904
904
901
900
898
892
890
885
898
895
885
888
900
893
894
892
899
893
894
892
889
903
905
903
914
916
918
924
922
930
925
928
930
943
923
933
926
938
916
923
912
390
522
1282
366
916
902
905
903
905
904
909
905
907
905
901
912
918
927
938
936
942
951
953
27
926
923
934
939
920
914
909
914
905
889
890
898
892
886
897
891
896
889
893
892
896
892
381
511
1258
359
900
893
893
892
897
905
894
887
883
900
902
893
889
885
891
884
895
901
901
903
901
903
911
917
917
907
907
905
893
885
881
877
867
869
864
864
865
865
867
870
872
875
880
876
880
889
895
893
902
904
908
913
905
912
382
530
1258
372
887
883
881
871
27
845
847
847
64
784
790
790
795
790
776
779
788
792
779
793
269
525
1052
284
769
758
752
741
728
26
703
25
678
669
665
700
316
384
397
637
675
673
676
247
430
975
280
695
727
755
31
725
760
774
780
364
416
1134
352
783
768
321
448
1083
639
444
1080
645
435
1075
639
436
1067
485
582
904
177
727
725
735
739
746
762
751
136
616
898
148
750
750
756
750
758
771
778
376
403
1164
378
786
791
793
794
791
795
145
651
946
150
797
811
809
792
804
805
817
808
815
822
835
827
826
829
833
834
839
838
840
833
850
848
843
836
843
839
851
845
856
858
859
864
861
887
893
895
875
889
888
870
873
884
890
875
865
875
875
866
887
875
865
861
863
856
856
857
854
841
404
438
1245
403
842
847
848
856
867
881
905
920
933
966
975
983
1030
50
980
1234
786
448
1536
538
998
56
942
937
41
896
897
895
35
861
863
867
27
841
852
846
846
853
857
850
860
870
874
875
884
875
878
871
849
833
26
807
57
750
759
754
761
744
773
765
773
801
811
839
844
830
850
861
871
883
881
884
876
889
883
884
888
897
880
895
878
875
883
879
887
880
893
892
881
878
895
887
905
901
913
916
916
907
936
937
925
916
916
921
902
911
920
913
901
912
907
918
928
922
918
920
924
928
935
932
927
929
929
949
950
941
926
932
928
947
939
928
945
935
926
905
912
903
908
893
297
597
1191
306
886
890
882
889
900
899
901
909
908
925
928
924
930
929
935
944
939
936
944
951
931
945
949
932
933
926
937
933
913
902
905
910
899
897
902
372
531
1248
1779
904
875
867
868
873
875
893
910
909
920
936
928
941
958
951
937
928
937
935
928
928
934
924
920
930
939
924
913
926
911
898
901
891
892
891
884
892
889
892
901
902
907
907
908
905
352
553
1250
353
898
890
892
892
903
909
909
924
922
927
935
945
960
31
930
922
26
897
936
948
941
966
100
866
912
913
914
900
905
910
919
932
934
941
947
946
950
943
938
940
145
795
1071
120
952
944
939
938
931
929
926
931
341
591
1238
338
901
905
887
888
896
897
892
897
907
920
937
947
954
1000
77
924
1069
86
984
960
51
910
893
893
895
904
923
445
479
523
1414
438
976
52
925
906
902
892
896
899
908
919
911
922
915
907
905
895
886
880
889
873
877
862
864
865
865
873
867
873
879
883
890
893
901
916
922
925
928
933
930
937
946
955
947
992
489
503
1291
372
919
907
893
903
898
902
908
909
898
903
914
915
902
904
916
920
924
905
901
914
908
905
899
900
902
892
899
900
900
902
901
904
896
902
904
902
904
902
890
897
892
897
901
902
899
905
916
915
912
910
911
908
914
928
926
360
566
1249
329
920
911
911
910
904
903
899
900
903
902
909
918
921
925
932
937
932
931
930
926
932
929
922
914
918
912
901
910
910
907
913
912
914
917
905
910
910
915
912
914
920
923
925
916
920
922
926
931
934
942
938
935
934
940
933
929
923
904
907
908
910
425
485
1277
377
900
892
895
894
898
898
904
913
918
922
922
928
927
928
926
924
925
929
930
933
934
929
919
927
925
926
932
935
936
941
940
937
942
944
944
946
946
950
952
955
949
946
947
950
956
959
956
947
934
933
929
923
920
916
915
921
923
926
925
915
917
917
920
919
922
921
925
927
932
931
928
927
917
920
920
921
911
910
906
904
902
900
899
895
888
896
899
898
903
904
910
907
912
916
914
916
919
916
922
926
922
916
918
921
917
925
925
932
929
932
937
940
941
938
925
922
922
917
914
912
915
914
909
911
919
917
912
916
922
919
914
919
922
918
925
922
920
921
920
915
914
916
916
918
916
915
920
916
921
929
927
933
936
936
940
949
949
958
954
954
950
946
946
945
949
941
943
928
925
921
915
916
912
889
869
425
444
1290
377
913
906
908
915
917
917
930
936
930
932
932
942
942
943
937
942
944
946
947
946
936
928
931
922
915
920
909
904
902
907
910
916
922
915
897
899
894
894
882
887
884
891
884
882
891
891
892
896
897
902
911
912
903
910
914
909
911
909
907
905
902
906
904
907
908
905
897
909
910
899
905
902
904
906
905
906
910
907
913
913
919
921
921
921
929
920
925
930
930
935
941
937
933
355
579
1255
334
922
919
914
914
917
916
923
915
916
916
920
920
933
931
930
925
916
921
915
919
921
921
925
932
935
937
938
933
929
928
929
920
926
917
924
920
929
925
923
925
935
935
922
925
922
916
927
931
913
912
898
895
905
903
900
903
898
908
907
908
365
543
1250
334
916
912
915
924
924
931
943
941
944
926
933
924
928
931
927
938
940
943
944
940
947
952
947
934
932
942
946
938
940
935
934
933
919
905
894
899
898
896
878
892
871
876
883
883
896
898
899
900
909
910
909
918
919
920
916
916
915
912
906
912
907
909
903
906
912
917
919
919
904
896
895
896
889
879
882
880
876
889
883
891
891
888
877
885
889
893
889
875
875
871
875
866
865
866
864
878
889
886
900
910
910
919
919
917
923
920
920
916
921
921
920
932
929
915
910
916
907
895
901
893
894
891
892
897
900
892
899
900
892
902
903
911
904
914
917
919
925
932
926
935
942
928
928
923
917
925
255
671
1171
262
910
905
905
906
895
905
906
913
915
920
928
936
941
941
930
927
941
934
923
930
922
932
931
930
930
933
936
931
938
943
947
951
943
944
946
953
949
950
952
960
963
949
956
951
949
940
935
933
932
933
927
919
926
357
570
1246
333
913
903
896
889
887
880
872
867
873
868
873
886
882
896
901
891
906
897
908
911
916
920
915
924
924
935
924
924
930
936
929
929
933
932
942
935
937
937
943
947
951
957
958
952
957
953
958
953
942
950
939
945
937
946
949
943
948
954
957
949
955
953
957
941
948
949
946
940
950
459
492
1336
392
945
29
916
911
906
894
906
903
912
918
917
919
921
915
908
916
915
916
921
922
927
925
936
922
917
910
916
911
897
882
875
862
869
867
870
877
887
899
907
920
924
931
931
926
929
925
926
917
922
920
928
930
934
931
922
925
923
926
932
938
935
933
947
944
936
932
926
930
933
920
916
915
919
914
903
910
898
905
899
898
888
894
893
889
887
897
901
895
889
899
900
910
914
920
928
930
935
935
944
949
935
922
931
425
506
1295
377
919
900
888
886
889
886
899
901
913
921
924
918
923
926
915
907
904
909
907
906
905
903
896
897
903
904
915
916
914
920
926
925
930
930
929
937
947
950
938
947
949
948
941
938
941
941
947
948
940
928
914
920
918
916
914
916
918
917
920
920
920
922
923
932
930
927
920
919
921
921
920
922
927
925
913
906
900
910
909
911
905
904
899
894
908
374
535
1243
367
876
868
29
839
864
873
878
890
892
900
901
905
912
914
919
916
915
914
910
912
32
880
882
876
878
877
886
884
894
909
918
925
923
919
918
923
916
915
906
907
902
907
910
917
903
907
907
914
894
877
883
893
894
907
918
911
908
908
910
908
911
911
905
907
906
905
903
906
913
918
906
894
899
897
888
887
884
874
878
879
876
873
871
880
883
890
892
894
903
915
907
908
915
919
920
923
925
924
930
931
940
933
346
588
1250
327
924
916
917
914
918
918
923
922
925
923
930
926
921
901
912
898
893
881
859
844
849
837
841
855
857
855
863
866
864
869
879
887
892
887
883
870
874
858
857
861
861
864
852
866
875
886
899
917
940
975
951
412
539
1174
268
907
992
972
973
36
938
26
912
905
902
896
894
889
892
896
892
899
891
903
906
904
893
904
909
920
904
918
912
916
916
918
915
915
921
909
910
924
929
935
42
894
910
905
899
913
905
910
907
917
918
923
928
930
934
944
947
941
937
938
942
943
939
942
946
936
929
923
923
918
912
909
914
912
907
898
899
897
899
898
422
476
1285
383
902
892
883
889
896
896
909
912
912
922
929
925
932
935
943
929
915
914
908
902
901
880
870
861
871
864
865
870
872
881
875
877
882
881
880
881
886
894
893
895
899
907
905
911
909
908
908
918
913
907
913
914
915
923
929
931
936
942
935
911
916
908
896
879
890
893
898
894
897
902
27
875
884
334
551
1192
329
864
850
843
853
853
873
864
855
866
863
856
867
872
873
868
878
896
900
896
911
911
912
911
913
922
933
929
917
936
932
919
922
929
932
934
936
949
941
955
954
947
953
937
937
931
923
939
944
943
935
919
933
364
570
1260
365
896
904
894
898
894
900
904
905
919
912
910
921
925
929
929
923
911
909
902
898
894
896
894
897
893
884
877
888
886
891
895
899
905
906
913
918
916
926
921
920
928
920
924
924
923
927
926
925
926
918
904
888
920
923
929
936
921
916
920
916
910
906
916
923
915
915
913
912
916
912
917
906
930
927
917
921
934
935
922
911
907
897
898
894
893
887
890
895
894
904
902
906
911
902
899
906
914
917
915
912
916
912
892
896
890
883
889
888
887
889
893
884
883
883
883
887
892
890
899
898
902
905
907
901
907
902
903
904
901
897
900
899
893
896
895
887
890
893
889
883
878
877
879
874
875
873
871
874
870
866
868
867
863
861
849
837
838
842
841
845
851
858
860
864
867
880
883
864
871
873
876
877
877
862
866
107
759
993
117
877
871
863
870
858
853
849
844
835
820
812
794
795
799
797
803
806
809
807
818
838
833
836
835
831
821
23
798
22
777
790
796
796
793
24
770
784
22
762
760
768
751
764
751
39
713
734
739
740
737
724
745
775
758
762
790
770
808
796
804
796
809
819
831
843
853
862
861
867
868
870
875
877
881
880
888
895
890
901
895
891
899
897
890
872
887
880
874
868
875
889
875
885
890
906
907
909
909
921
914
914
917
921
927
927
929
929
940
938
945
932
940
929
912
929
927
922
920
922
311
612
1213
304
910
902
903
909
919
928
930
59
871
917
916
924
941
951
958
954
951
953
952
954
946
945
954
959
966
977
983
981
982
961
965
955
1000
60
941
928
951
967
478
490
1357
441
916
184
733
786
960
65
896
941
947
961
968
974
974
963
943
53
890
895
321
574
1227
330
898
932
29
904
906
910
913
916
900
34
866
867
870
895
933
926
955
958
956
938
931
47
885
891
889
896
930
30
901
915
917
919
910
893
31
863
859
871
885
892
924
42
883
900
898
893
897
886
26
861
845
850
860
873
885
914
896
899
898
893
882
31
852
848
840
856
868
890
877
893
885
888
888
883
864
846
850
849
867
879
1764
858
907
893
891
889
880
871
29
842
842
843
859
871
885
890
892
891
889
882
885
872
850
829
25
804
791
788
785
788
806
820
818
838
855
848
848
865
867
867
872
865
31
834
831
822
819
28
791
783
773
759
756
748
744
741
738
730
743
734
716
707
709
726
729
745
750
756
323
434
1102
319
784
778
786
794
799
815
826
833
838
839
833
833
824
837
841
846
855
868
873
877
887
890
893
902
912
905
885
903
907
905
899
888
891
899
897
901
904
908
916
916
914
913
901
904
901
907
901
900
881
889
889
885
889
431
459
1275
393
882
879
882
881
894
907
915
929
942
943
933
949
937
944
925
931
933
926
926
918
926
921
929
922
931
935
943
940
942
952
956
951
943
947
398
549
1287
380
907
917
915
918
915
916
927
932
934
938
943
951
941
955
955
941
944
942
945
950
955
954
945
944
948
943
936
941
947
947
951
953
955
953
447
506
1354
406
948
949
938
940
924
942
939
938
940
928
934
932
922
916
925
919
917
915
916
917
919
920
428
493
1303
384
919
917
911
912
908
916
925
923
926
931
928
930
942
940
940
935
927
930
945
947
943
946
953
948
947
950
472
478
1369
395
974
958
959
966
966
977
977
991
1002
1004
995
996
1017
508
509
1404
862
542
1363
386
977
958
957
962
970
962
977
976
970
971
974
974
962
973
962
968
322
646
1288
330
958
955
953
958
955
964
975
980
981
968
980
971
455
516
1349
382
968
953
949
941
942
951
953
952
959
949
950
954
351
603
1277
338
939
942
926
926
916
929
926
931
935
937
940
948
944
415
530
1322
383
939
932
927
925
923
931
929
938
945
379
566
1300
346
955
478
477
88
390
1433
363
1071
86
985
28
958
956
948
949
949
949
942
934
943
934
934
941
422
519
1316
381
935
923
911
912
911
918
922
928
938
945
945
947
955
417
538
1322
363
959
938
936
922
927
928
926
934
931
937
925
922
922
391
532
1296
359
938
933
928
938
940
945
945
957
964
958
973
485
488
1381
424
958
961
957
950
958
952
953
939
944
944
937
949
952
946
953
957
949
949
357
592
1291
352
939
948
945
949
948
957
957
961
967
959
966
970
962
968
961
1850
885
965
942
946
932
933
934
917
919
933
924
931
937
936
938
939
393
547
1284
349
936
923
924
913
921
922
931
936
949
958
956
962
971
960
974
29
945
943
956
951
946
945
934
945
934
929
931
924
921
900
912
899
903
888
46
843
828
819
815
815
810
803
814
339
476
1129
339
791
782
45
738
24
714
721
752
755
772
785
803
818
839
839
851
853
852
866
854
859
864
862
866
865
871
871
862
849
863
866
850
855
848
850
854
858
851
859
862
861
855
856
860
862
875
877
33
845
852
862
851
851
831
845
834
833
826
829
817
830
815
811
792
230
563
1055
437
618
911
137
774
759
770
752
786
777
793
782
807
799
801
800
806
803
1586
1073
514
1080
319
761
749
761
744
754
746
770
755
768
763
240
524
1041
285
756
747
753
22
732
742
729
741
23
718
734
727
733
723
742
726
728
722
734
723
726
715
732
713
721
713
724
709
724
714
735
21
715
124
591
867
153
714
699
709
698
695
688
702
701
708
703
714
709
706
707
708
705
708
708
708
703
700
707
698
698
691
704
687
694
687
705
700
699
696
708
693
705
698
700
698
708
709
699
705
694
706
692
694
689
698
682
676
677
689
684
688
677
691
679
688
1388
852
537
810
149
662
675
666
654
679
677
188
489
890
221
669
691
681
288
393
979
303
676
662
665
664
676
660
197
463
887
215
673
675
681
276
406
970
288
683
686
677
1360
693
667
673
668
680
688
704
702
712
716
719
721
716
726
728
728
727
732
732
732
733
740
744
738
741
742
749
753
755
763
764
771
756
753
764
765
771
777
785
782
784
302
482
1072
301
772
776
778
778
781
781
787
791
791
796
796
794
795
789
793
794
789
787
791
791
785
788
790
784
355
429
1131
353
779
779
788
788
787
779
791
805
811
812
817
827
838
831
832
827
834
834
847
839
839
848
842
843
856
884
874
867
846
862
869
927
110
818
388
430
1194
403
791
780
844
1033
123
910
26
884
869
859
864
862
861
868
865
865
871
866
870
870
874
874
356
518
1203
353
850
861
864
860
869
873
875
887
884
896
898
903
911
914
915
918
914
911
910
905
904
898
905
904
892
897
900
896
898
888
896
884
884
881
883
869
863
1712
832
881
876
871
883
883
889
893
898
911
908
910
915
919
927
938
937
942
939
945
944
444
501
1316
375
941
920
922
899
898
896
904
905
916
916
912
920
916
917
920
925
926
930
933
926
940
927
913
926
916
913
920
909
889
899
896
905
897
895
905
898
904
911
911
916
921
923
921
935
927
936
931
404
528
1292
377
916
916
897
902
900
905
902
281
621
1184
287
898
895
897
897
901
904
907
910
913
921
910
916
916
927
925
916
925
913
915
908
914
477
437
1320
414
906
896
895
897
901
891
895
892
895
896
894
906
904
905
394
511
1270
364
906
904
894
896
895
901
908
907
907
913
919
909
907
913
911
910
913
910
916
910
912
916
913
915
916
915
915
920
904
881
893
901
903
904
909
908
904
908
905
901
910
910
911
911
914
917
924
923
926
927
923
921
918
916
921
918
915
456
459
1323
401
923
913
905
907
917
913
914
916
915
916
916
914
901
909
899
909
906
899
908
907
901
909
902
904
909
914
912
917
374
544
1257
355
903
25
878
867
880
877
883
893
902
896
896
894
905
907
905
913
911
908
909
905
909
904
913
907
910
908
916
916
910
918
913
916
923
912
916
899
903
903
920
902
1759
854
906
892
893
885
883
895
891
895
902
899
901
916
913
917
927
924
932
919
898
909
908
915
898
877
879
886
887
881
865
855
870
858
855
844
849
845
843
845
839
70
770
769
777
339
439
99
340
763
779
774
773
766
780
773
784
790
809
808
800
806
800
801
803
804
810
817
818
380
438
1183
348
835
828
829
833
842
847
860
877
892
895
908
900
912
911
912
924
925
921
927
937
924
930
935
950
951
947
934
934
939
938
935
928
934
934
925
926
924
916
911
915
908
908
912
906
910
911
916
897
905
895
391
505
503
1359
469
890
30
861
843
845
853
846
851
857
855
864
861
858
861
850
857
854
862
853
852
845
864
869
881
887
892
889
879
885
884
888
878
875
866
859
860
857
862
866
877
863
850
861
860
840
27
814
797
792
27
766
762
767
760
904
1054
110
945
578
367
407
418
517
3999
3999

