11-08-2022 - 9:35 - Correr
Olga Fuentes
Intervalos entre latido y latido
758
759
753
756
754
752
745
748
749
745
737
748
750
739
744
729
733
726
727
726
760
745
745
750
750
748
746
744
742
747
740
735
730
736
735
736
734
736
747
743
741
742
747
745
747
30
717
736
743
746
745
749
749
748
743
743
744
744
742
738
744
747
744
747
750
753
756
750
749
751
752
751
753
751
757
758
754
754
759
754
753
752
759
759
757
758
759
765
767
761
765
765
762
759
760
762
760
757
759
762
762
760
763
763
762
755
758
761
759
753
753
753
749
750
750
752
751
749
750
751
750
749
752
752
746
749
745
745
742
743
740
738
732
734
734
730
731
730
736
739
744
748
751
753
749
750
750
750
744
742
742
754
737
742
740
739
739
732
739
743
740
739
741
739
741
741
743
740
32
709
761
742
735
734
738
734
729
735
738
734
733
737
737
737
734
737
740
738
738
28
710
729
732
731
737
739
739
741
743
745
745
741
737
739
736
732
735
737
733
731
735
737
735
734
732
734
732
722
711
711
743
730
734
25
709
754
746
750
755
750
752
31
722
731
734
754
25
730
23
708
739
730
22
708
720
730
735
733
736
728
741
28
713
715
733
754
778
791
808
23
785
811
821
840
52
789
800
820
35
785
774
769
34
735
779
758
756
760
771
775
782
787
30
757
818
24
795
792
791
45
746
801
24
777
768
766
37
730
786
23
763
765
768
769
772
768
763
763
759
757
752
754
755
759
761
766
766
766
765
772
779
780
784
788
38
750
805
787
781
777
772
38
734
783
764
753
750
743
748
750
746
747
750
745
755
755
752
753
32
722
779
761
758
756
36
721
772
758
751
749
34
715
772
756
751
31
721
739
773
24
749
748
751
33
719
745
783
762
762
32
731
761
785
769
39
731
752
789
22
767
763
764
34
731
784
764
760
758
758
763
757
754
750
750
759
753
748
747
742
22
720
772
754
756
754
760
771
768
770
770
774
781
778
773
767
772
767
762
36
727
780
761
762
756
756
764
760
754
32
723
777
767
767
773
773
774
781
779
776
35
742
789
771
765
760
762
763
759
752
29
724
776
761
760
761
764
766
765
763
766
774
769
769
761
763
756
750
744
748
750
747
745
743
750
750
750
755
760
762
758
756
741
736
752
21
732
740
731
717
716
708
709
709
704
702
700
700
702
703
698
702
690
706
714
708
700
703
710
721
716
722
729
725
41
684
676
676
662
655
661
26
635
652
645
637
634
625
616
609
606
599
596
588
592
592
594
594
592
590
585
588
583
574
579
578
580
578
576
576
563
576
570
575
570
570
572
571
576
576
577
586
583
592
595
594
600
594
594
593
592
590
587
593
582
590
586
583
581
582
582
584
583
576
579
583
573
580
575
566
574
566
566
565
563
562
563
555
560
559
553
556
556
554
557
552
554
555
552
550
548
548
549
543
543
546
540
537
538
540
536
535
534
540
533
532
533
531
532
529
525
529
525
524
520
523
525
519
518
517
518
519
516
514
517
517
512
507
512
515
508
509
505
509
506
501
502
500
507
500
499
494
501
504
492
494
491
494
498
491
488
487
496
487
488
484
492
495
486
483
479
487
489
478
479
480
486
476
472
477
479
476
468
467
475
471
473
467
464
470
466
466
459
470
467
464
457
473
464
461
466
460
464
456
465
457
460
468
455
465
456
465
14
452
460
453
460
455
454
455
454
458
452
452
452
460
16
445
456
449
455
447
445
447
453
449
443
442
443
449
446
444
439
446
446
19
427
446
443
432
449
443
20
424
433
442
446
440
434
434
442
440
437
430
435
441
437
432
432
437
437
431
432
432
437
436
432
431
433
437
441
433
430
437
437
436
27
409
567
257
311
450
16
435
429
434
430
441
428
466
51
416
459
31
429
464
32
432
458
24
435
454
18
436
463
24
440
464
28
436
463
26
438
462
21
442
466
23
443
469
28
441
467
25
443
473
32
442
476
29
448
461
16
446
471
20
452
470
18
453
470
19
451
483
32
451
480
30
451
485
31
454
482
83
400
533
76
457
488
31
458
488
31
457
481
21
460
489
29
460
489
31
459
485
23
462
489
25
464
492
26
466
488
22
466
492
26
466
500
31
469
495
25
470
502
31
471
505
29
477
504
27
477
515
30
486
508
29
480
521
34
488
516
30
487
517
28
489
526
18
508
510
79
432
586
75
512
514
19
495
529
514
516
514
515
18
497
541
18
524
525
519
528
25
503
557
542
542
531
555
19
537
544
533
548
539
553
544
552
552
551
548
555
552
559
559
569
564
564
565
569
570
568
567
563
566
566
565
562
567
569
570
571
571
567
569
573
577
583
583
588
590
587
586
572
578
582
587
587
587
584
583
585
582
583
580
578
584
594
595
598
603
599
599
598
598
596
598
595
592
592
595
600
602
602
601
599
599
600
598
600
604
608
621
625
632
630
630
621
617
616
608
601
594
591
589
588
591
597
607
625
632
637
642
637
636
627
625
616
612
608
605
599
597
593
595
600
601
610
616
625
632
635
638
634
638
632
628
621
616
610
608
604
605
607
610
611
611
620
628
633
638
641
640
642
635
632
634
627
630
630
625
623
623
619
619
618
618
619
619
623
624
626
628
631
631
628
628
629
628
630
631
631
631
631
630
629
626
626
626
626
628
628
629
631
633
634
637
636
636
635
634
637
633
629
633
631
626
623
620
619
618
616
619
621
625
627
630
629
630
635
633
634
637
639
640
641
641
641
640
640
641
643
641
643
646
645
645
645
643
641
646
650
647
652
656
660
659
661
658
660
660
659
658
660
663
662
660
662
663
661
662
661
659
661
658
661
660
663
663
661
666
666
666
661
661
661
657
651
645
648
652
652
655
662
664
672
678
682
672
678
680
679
675
671
670
666
664
660
653
646
640
648
662
669
678
694
702
683
696
696
695
712
703
709
712
717
702
704
704
698
693
700
689
687
687
687
695
705
713
714
716
712
708
705
693
678
665
664
666
672
681
686
695
699
699
706
701
697
692
694
691
694
693
700
696
701
697
703
701
703
701
700
700
695
695
694
691
692
689
688
682
682
686
678
677
677
679
679
678
679
682
678
678
678
682
680
680
680
682
682
679
685
686
686
686
682
681
682
682
680
682
683
681
680
683
684
683
683
684
684
683
683
685
686
684
688
693
687
684
683
677
671
666
656
649
651
650
644
643
642
643
656
639
644
647
664
21
644
651
653
667
20
648
654
652
661
685
65
620
643
641
642
654
687
676
47
630
679
676
685
694
676
688
684
683
684
692
679
673
671
673
688
672
674
666
672
691
679
672
689
684
696
32
664
675
684
691
28
664
693
51
642
703
686
693
691
702
704
687
712
22
691
695
691
691
684
695
26
669
677
704
52
652
702
49
653
671
678
676
684
670
669
674
668
667
667
691
60
632
665
20
645
669
668
663
661
666
688
27
662
667
668
687
21
666
668
665
671
689
28
661
654
675
674
683
30
654
663
662
679
28
652
654
659
664
652
658
676
664
674
50
625
678
55
624
642
655
670
47
624
671
33
639
649
659
663
21
642
655
665
653
640
652
651
649
636
654
649
647
646
652
660
662
660
664
670
663
665
664
663
668
664
663
655
674
671
661
677
673
672
672
666
679
667
657
659
651
654
648
652
663
655
650
647
650
669
22
648
649
640
629
636
627
625
626
614
619
617
619
608
611
615
599
608
603
606
603
595
600
596
586
589
589
592
586
587
591
585
583
577
584
583
578
582
579
583
582
579
585
582
581
579
584
592
596
601
602
598
605
602
602
607
602
601
600
596
603
602
599
596
594
593
597
594
592
595
599
596
596
596
598
601
607
593
603
601
594
594
597
593
594
586
596
593
587
588
589
590
593
590
601
601
604
590
608
604
603
601
598
607
607
601
603
612
609
614
604
612
604
614
611
610
612
616
604
619
619
627
20
608
616
616
617
617
612
602
620
623
622
606
625
616
616
621
620
623
625
625
626
624
608
639
625
619
30
589
645
24
622
618
20
598
618
613
613
615
634
46
589
632
630
638
624
640
625
640
639
19
620
632
636
651
21
630
654
42
612
639
640
635
647
30
617
631
633
632
628
627
628
628
647
42
605
648
24
625
648
40
608
645
635
633
636
626
642
647
21
626
638
642
644
652
36
617
651
634
628
630
647
32
615
632
618
634
18
617
627
616
632
616
626
611
620
616
614
616
623
633
626
648
646
659
653
675
664
661
676
667
659
669
19
651
655
642
645
19
626
634
624
618
620
616
605
618
611
611
597
610
613
609
609
615
621
630
623
627
638
641
624
629
629
631
625
617
618
622
627
621
611
619
621
628
618
618
625
629
634
622
625
631
637
624
625
625
625
622
618
618
623
621
615
614
625
625
614
619
614
620
624
636
634
647
652
658
659
642
654
646
646
640
625
626
639
629
635
625
631
619
633
627
628
614
611
613
606
611
608
602
599
603
610
604
614
609
613
605
613
612
615
616
618
611
611
625
636
625
639
638
640
642
642
638
649
640
642
647
644
659
36
623
666
23
643
657
653
20
633
648
643
641
648
664
41
623
659
655
639
652
649
647
657
25
632
648
642
654
38
616
644
629
632
640
626
640
633
645
652
34
618
650
640
644
639
648
650
650
646
639
657
647
648
642
659
644
654
642
655
663
660
647
662
663
663
670
658
674
666
652
657
664
655
654
654
645
656
664
664
654
695
46
649
682
669
689
676
695
36
659
691
21
670
686
20
667
685
679
666
683
22
662
690
29
661
688
672
691
681
681
685
684
676
681
667
699
29
670
684
27
658
694
37
657
691
38
654
694
40
654
686
672
680
677
673
675
675
677
673
670
673
673
659
676
20
657
675
27
649
679
34
646
666
653
671
28
644
664
658
662
658
660
657
664
656
658
677
37
640
667
651
658
662
666
651
647
649
662
650
661
665
668
672
674
675
681
23
659
662
662
655
652
654
653
647
647
657
657
658
661
664
665
662
644
661
660
660
659
657
649
651
658
23
636
650
635
638
642
637
645
637
648
651
666
673
661
668
666
659
657
656
655
648
644
647
652
640
640
638
644
648
646
642
653
645
656
655
651
664
662
666
664
669
669
670
661
675
667
667
656
649
655
660
649
642
639
643
648
643
635
643
651
646
646
650
656
658
660
664
666
672
669
669
666
666
668
666
667
664
665
652
659
668
661
660
659
663
666
666
672
671
673
672
672
671
671
666
668
664
665
663
662
661
663
662
663
663
664
667
665
655
675
674
672
677
678
681
685
688
687
685
687
682
674
678
673
673
672
665
666
650
655
656
658
649
653
650
653
644
662
660
660
655
648
656
653
651
653
654
655
656
657
663
669
671
671
673
678
675
676
673
666
676
675
673
668
669
667
658
658
659
658
646
656
648
650
655
648
662
666
676
667
662
656
667
662
663
663
666
666
668
670
669
663
671
666
664
666
669
665
666
667
672
672
672
675
674
674
672
672
675
678
683
685
686
686
676
689
685
680
679
663
673
666
662
21
641
651
647
654
641
647
647
652
662
663
665
670
669
672
670
672
672
671
670
669
667
669
669
664
666
660
660
659
661
659
662
668
654
686
26
660
663
660
655
673
656
651
643
630
636
622
635
628
635
632
636
640
645
641
644
633
645
640
640
637
639
633
628
644
631
628
625
629
632
638
641
648
645
658
654
657
657
652
665
660
662
663
662
660
658
656
656
647
654
650
638
643
652
643
641
640
642
643
646
648
652
654
657
661
660
653
657
658
652
656
655
654
636
658
646
639
640
634
631
630
634
633
632
634
638
642
647
657
664
666
670
672
675
671
669
672
673
673
672
672
675
674
673
672
676
671
672
670
672
673
671
669
667
666
665
656
659
653
652
646
647
648
648
648
646
647
645
650
646
652
654
652
649
637
638
639
652
641
641
650
674
664
670
663
669
661
660
655
655
654
651
651
647
638
641
635
629
625
626
629
633
636
634
638
637
637
633
636
636
634
632
641
637
645
641
646
641
636
634
619
631
618
614
609
608
605
600
600
596
597
596
596
597
599
601
604
605
615
623
630
636
636
645
650
652
652
653
655
650
654
651
647
638
642
633
631
625
624
627
625
627
628
626
633
631
631
630
634
637
637
637
642
638
634
630
630
625
625
621
625
625
624
625
627
627
627
626
632
635
637
639
641
641
636
642
640
640
641
639
635
635
634
636
630
635
630
632
626
631
627
630
628
630
629
629
632
633
631
632
631
632
632
639
636
638
640
640
642
638
640
638
641
636
636
639
637
638
636
636
635
636
637
629
631
627
627
634
626
625
625
625
628
630
625
628
628
635
634
632
641
637
645
647
647
643
635
630
625
618
614
610
609
602
613
607
609
606
607
610
615
619
615
611
612
613
614
616
611
603
607
601
599
598
588
590
590
589
588
590
585
588
590
593
597
603
604
602
605
606
606
602
587
603
595
591
587
585
585
582
583
584
589
586
583
584
583
587
583
583
583
582
580
577
578
576
579
583
581
578
583
582
585
583
584
584
584
585
586
586
583
584
583
584
583
580
582
584
585
587
589
593
595
596
598
603
604
606
607
608
613
612
617
615
618
619
616
616
620
621
617
618
619
617
608
606
607
607
609
605
611
608
613
614
619
621
623
621
629
628
627
625
630
630
627
627
633
634
633
633
634
637
633
632
633
631
629
624
615
624
617
618
619
620
617
616
622
623
619
620
623
625
621
623
625
624
623
623
624
624
622
620
622
621
621
625
626
623
627
628
625
624
627
632
626
630
632
634
632
632
633
637
635
639
639
641
641
641
640
641
638
640
631
649
639
637
641
640
623
637
624
621
647
30
617
640
627
639
640
645
644
642
637
637
637
625
621
619
617
613
613
616
615
611
611
610
618
618
614
616
616
612
619
612
619
623
617
621
621
620
620
613
615
616
615
613
613
607
611
610
609
606
612
609
606
604
605
603
600
599
601
602
604
606
610
607
612
615
614
613
609
613
610
606
613
611
612
611
612
616
616
611
610
610
613
601
593
597
594
592
589
601
597
594
596
599
600
597
602
604
602
607
603
608
604
607
607
607
607
602
598
598
595
597
596
596
597
601
602
606
604
608
612
614
613
617
616
615
613
612
606
613
611
607
605
605
602
601
604
597
607
621
612
603
595
603
607
602
609
600
602
608
605
609
608
607
602
600
599
594
590
586
586
586
583
582
579
578
583
583
583
587
590
594
597
601
603
606
605
608
598
608
616
609
608
607
610
612
611
605
621
613
611
613
615
614
613
612
617
614
614
612
613
610
610
610
608
608
611
612
613
614
613
615
614
616
613
611
609
613
610
604
606
605
607
604
604
605
606
604
605
610
611
611
612
613
613
613
611
612
611
614
611
615
613
617
619
622
622
624
622
620
623
621
618
620
619
618
617
615
615
611
608
611
614
613
613
615
618
620
621
625
625
628
630
627
626
630
629
625
627
625
625
623
624
621
621
621
619
622
622
616
613
619
615
611
615
616
613
607
613
625
615
612
605
613
625
621
618
605
616
625
614
614
620
622
622
624
623
613
631
625
631
630
629
632
635
632
644
639
628
636
643
631
632
635
636
634
631
637
636
625
629
642
631
629
628
631
635
635
633
635
638
636
636
636
639
637
635
640
640
642
642
645
643
644
641
641
647
642
642
646
642
643
641
634
649
640
639
640
638
637
637
638
639
635
633
620
629
633
626
628
626
627
620
630
639
635
634
637
637
639
640
632
653
642
639
640
638
640
636
625
635
640
635
625
639
630
634
637
643
643
642
643
649
643
638
634
638
647
636
640
637
628
645
639
624
631
631
633
632
638
634
635
637
640
639
637
644
641
639
639
640
641
631
650
643
642
643
641
630
641
640
647
638
634
638
647
639
639
639
646
643
634
649
642
640
637
640
636
634
636
638
639
641
642
645
645
646
646
647
650
649
649
642
645
656
646
641
643
644
641
632
653
644
644
641
638
638
643
632
628
630
631
627
625
628
630
629
625
618
639
633
631
628
631
637
638
639
637
636
650
641
641
638
635
624
631
634
625
624
614
625
632
624
625
626
619
620
622
626
635
634
647
649
656
662
666
670
667
667
657
643
662
648
644
644
631
651
647
641
640
640
638
637
635
628
642
624
624
623
621
615
609
614
610
609
608
602
597
593
584
592
586
583
584
583
595
588
583
594
601
597
599
591
591
596
601
598
591
597
602
605
602
603
609
614
621
609
615
619
622
619
614
613
622
21
601
605
613
605
607
600
611
625
619
612
620
630
625
625
614
625
631
621
614
619
626
616
601
609
619
611
612
603
617
627
624
625
621
630
637
628
625
620
616
603
615
606
597
588
586
585
580
579
583
584
582
575
585
588
585
583
587
585
586
577
584
587
586
587
592
596
601
601
597
608
614
613
616
616
619
621
625
613
618
620
617
625
19
607
618
626
618
621
616
622
629
625
626
626
630
631
631
625
634
629
627
625
626
626
627
615
639
628
627
627
632
632
632
627
616
639
624
625
613
624
636
625
622
614
635
625
627
615
634
625
610
618
631
619
618
611
629
624
624
613
633
625
623
612
620
631
621
618
618
620
619
617
620
622
623
619
610
629
624
620
609
617
627
620
620
620
627
627
620
618
636
622
622
610
627
621
617
620
623
620
607
630
627
618
615
638
626
624
611
636
625
615
623
625
621
618
613
614
608
606
614
20
594
599
604
618
30
588
597
605
599
592
594
591
588
580
577
575
575
577
577
573
578
578
580
583
584
586
578
593
591
588
590
588
583
598
589
592
594
595
590
586
582
581
570
580
573
565
561
555
557
559
557
561
572
560
569
571
575
580
585
585
587
589
592
596
602
591
611
596
601
598
592
588
590
595
589
584
579
593
587
586
586
583
599
592
591
598
600
605
611
610
611
618
617
616
612
609
601
601
597
591
592
595
597
599
599
601
603
603
605
617
601
610
609
611
609
608
607
604
605
602
603
603
601
600
604
607
609
611
611
613
615
611
609
610
607
606
609
18
591
600
609
603
603
609
611
616
613
604
625
617
614
613
607
625
615
617
614
612
611
610
607
606
607
610
607
609
608
610
609
610
610
610
613
611
610
600
606
603
611
603
604
606
607
605
605
605
605
605
599
621
610
608
600
608
607
615
609
598
603
613
22
591
599
610
599
604
610
611
614
615
614
612
612
611
608
608
607
608
605
605
613
604
604
596
605
616
610
613
601
611
625
614
607
615
617
617
614
614
610
622
613
618
612
620
624
625
625
625
633
624
608
613
614
613
621
21
600
618
607
608
598
620
613
615
599
610
611
613
611
607
607
612
605
594
606
613
608
610
603
612
613
616
614
611
608
607
607
608
608
605
605
604
604
602
609
618
18
600
610
616
625
18
608
616
616
616
614
613
611
609
608
600
604
613
603
596
605
610
602
595
603
603
610
593
599
599
600
597
586
595
604
603
601
595
602
601
609
604
595
603
603
602
600
601
602
605
599
584
586
588
590
586
585
580
585
589
595
591
585
592
595
600
598
600
598
602
601
601
601
605
604
602
604
605
607
607
607
606
606
606
606
603
603
611
603
604
597
605
615
607
598
609
618
610
609
603
614
619
18
602
610
610
615
611
602
610
621
611
599
607
613
606
600
608
610
610
619
612
602
609
608
608
606
605
604
607
610
611
612
613
613
617
601
605
607
608
608
604
607
606
604
604
607
607
607
607
610
610
608
609
609
611
611
605
608
611
613
609
612
612
608
607
608
613
600
607
607
610
614
611
610
608
609
610
608
608
609
606
604
602
599
600
601
601
603
605
610
609
607
609
611
616
604
606
611
612
623
617
608
615
619
617
615
615
613
621
612
599
605
603
611
598
600
600
603
603
604
604
604
606
606
605
607
604
606
611
603
606
600
615
610
598
606
608
614
606
599
604
607
609
609
608
608
614
602
606
611
620
613
608
614
616
614
609
605
603
601
607
592
602
610
603
595
599
603
604
605
603
605
603
604
604
603
603
605
602
599
600
610
605
603
604
599
604
608
607
607
603
607
606
605
606
605
606
603
601
600
601
601
611
598
605
610
611
607
607
607
608
608
609
609
618
603
612
614
618
625
621
607
616
624
611
604
623
608
606
607
606
601
596
604
611
606
606
607
602
618
607
611
614
616
617
621
621
619
622
623
620
611
611
621
613
624
624
610
618
622
622
615
617
620
619
625
618
612
618
630
620
611
615
619
633
626
628
611
621
626
637
629
623
612
622
631
622
624
625
620
618
618
632
622
623
619
608
628
630
621
628
626
630
617
625
627
624
622
619
629
614
608
615
610
617
613
602
617
615
620
624
607
615
611
620
608
619
24
595
602
609
616
618
626
627
633
640
630
641
637
637
632
620
615
613
611
609
609
611
624
616
621
615
624
625
623
629
627
627
630
632
619
641
635
634
636
625
629
645
637
637
628
635
636
636
633
625
635
618
616
618
626
625
629
629
623
631
644
634
637
631
639
632
633
631
628
612
613
615
608
611
613
615
614
623
625
614
620
634
628
628
630
631
619
625
630
625
624
623
618
618
619
615
611
613
612
611
613
625
622
625
19
606
617
627
635
619
621
631
18
614
620
620
616
613
615
619
617
611
619
610
625
620
622
625
624
616
626
631
620
629
617
624
633
617
617
619
628
618
628
628
616
623
630
616
624
618
608
610
609
611
614
619
617
620
616
619
613
616
616
611
612
616
621
623
628
631
632
622
629
638
632
625
629
634
633
632
634
633
635
635
634
633
633
629
624
624
620
617
617
611
615
608
615
612
611
611
615
605
602
601
596
592
587
586
584
583
582
577
576
574
576
579
574
573
574
578
577
580
578
578
582
582
583
581
576
579
577
576
570
571
569
569
566
566
571
572
575
575
579
584
583
583
583
584
584
585
587
586
586
586
591
587
581
584
585
582
576
573
574
574
574
569
568
569
572
570
574
572
563
567
562
566
568
571
578
580
581
600
600
602
601
606
611
611
614
620
617
616
621
623
626
629
619
625
623
625
624
624
621
622
625
625
624
625
624
628
616
620
623
625
625
626
629
632
632
632
633
632
632
631
634
634
632
633
633
633
635
635
636
638
637
639
638
639
637
638
640
639
639
640
640
642
644
642
646
644
643
642
640
641
638
640
638
638
638
637
638
639
639
641
644
646
645
645
644
643
642
638
637
634
633
631
628
627
628
627
626
628
627
625
623
22
601
611
615
614
615
617
639
29
611
634
654
644
660
664
664
660
659
652
652
646
645
652
643
635
638
640
633
628
630
625
620
615
608
604
602
602
601
599
605
601
606
609
610
607
614
611
607
607
608
602
600
599
589
587
583
583
584
582
583
583
583
584
585
587
587
587
587
584
584
580
581
100
481
677
105
573
572
569
575
571
569
571
568
568
569
569
568
570
567
568
564
563
566
556
555
561
551
541
538
537
538
541
541
540
540
543
545
546
548
551
552
555
558
558
562
564
566
568
565
567
569
570
572
568
569
573
572
573
575
576
578
579
578
577
578
580
579
578
578
580
582
581
581
580
580
581
579
578
580
578
580
579
581
581
580
581
585
581
579
584
583
584
590
589
594
593
595
587
592
594
596
596
597
596
598
598
598
599
599
598
599
602
603
604
603
605
606
606
605
608
609
610
611
613
615
617
619
618
618
616
612
612
612
611
613
613
616
616
617
619
622
620
622
621
623
623
623
624
625
626
626
625
626
627
625
625
626
626
628
628
628
630
629
630
629
628
628
626
625
623
624
625
624
625
627
631
631
632
632
634
633
634
635
635
636
636
636
635
633
632
628
630
627
627
626
627
627
627
630
630
627
631
630
629
631
632
635
635
628
624
624
616
617
616
616
616
617
619
617
616
616
615
611
614
613
616
618
617
618
616
617
617
617
619
623
626
630
628
628
630
629
629
629
626
626
625
625
623
621
624
621
622
624
624
621
624
625
625
626
627
629
630
632
632
630
629
629
621
621
623
621
618
621
621
623
625
627
631
632
630
630
627
625
625
623
622
618
630
619
618
616
616
615
619
621
625
627
626
631
633
634
632
634
637
634
624
629
634
630
633
635
651
647
647
635
644
656
647
630
635
647
637
641
641
626
637
642
640
652
635
642
641
638
634
633
646
25
622
630
631
634
634
634
635
635
637
652
19
633
643
643
643
657
648
634
639
639
644
652
24
628
652
645
643
642
643
641
642
645
647
643
644
646
646
647
648
648
649
647
647
635
642
645
641
638
632
642
637
639
628
636
630
630
629
628
626
626
624
627
622
622
630
635
641
651
649
656
658
662
647
654
668
662
659
661
662
661
646
651
665
653
656
655
639
650
667
659
661
663
646
655
658
658
658
657
656
656
656
655
655
653
650
660
648
647
642
648
648
653
643
643
647
647
646
647
645
646
644
643
643
645
645
642
642
641
639
634
638
636
635
636
638
636
639
639
638
635
637
635
636
633
633
633
632
641
642
643
648
656
659
656
663
668
668
666
664
663
658
656
657
655
665
31
634
641
658
647
648
649
651
641
645
647
641
635
635
634
629
622
622
621
623
625
628
627
627
629
632
634
638
640
640
642
640
640
640
641
639
640
637
639
638
641
642
642
642
641
646
648
637
639
654
647
630
652
641
646
649
646
633
639
645
639
644
643
643
646
646
630
636
634
644
638
647
654
656
663
669
659
678
673
678
677
681
668
689
690
685
693
33
660
693
683
673
21
653
675
666
661
25
636
646
658
648
643
640
19
621
637
635
653
647
645
653
657
662
667
666
669
656
664
667
664
655
653
646
635
632
639
626
620
618
605
612
604
604
609
608
616
625
620
628
640
647
650
656
657
657
661
665
664
666
665
665
663
665
661
662
659
655
652
651
646
636
633
628
628
625
630
639
645
652
648
655
656
660
663
666
670
676
677
678
676
676
675
675
673
675
676
675
673
671
666
664
653
649
647
644
646
648
648
649
649
644
642
645
634
634
631
631
631
635
639
635
640
643
644
649
651
648
650
651
652
652
655
655
655
652
651
651
649
651
650
650
649
650
652
653
653
653
652
653
653
653
652
652
649
646
647
647
646
646
646
644
645
646
642
642
644
643
644
644
647
647
648
647
645
645
646
644
641
643
640
638
638
639
641
646
649
653
654
645
646
644
641
639
641
641
641
643
643
645
648
648
647
645
644
644
645
642
641
643
642
641
640
641
643
640
638
638
641
639
640
640
640
638
635
636
636
637
636
637
637
642
642
640
636
633
633
625
621
624
629
625
622
622
623
628
632
627
639
630
634
655
22
633
641
645
644
646
646
643
639
639
638
633
638
640
638
642
644
641
644
643
646
644
645
659
655
659
657
649
659
663
664
657
656
656
666
663
663
654
667
668
673
674
672
672
679
682
667
676
679
671
673
675
676
677
679
678
674
676
674
666
666
676
668
672
655
663
672
666
667
669
670
674
679
679
666
676
674
672
683
674
671
672
659
669
667
664
662
664
662
662
666
670
675
678
680
689
693
700
703
701
696
693
692
695
694
690
694
703
690
694
690
689
688
685
686
683
678
680
679
679
677
674
677
676
676
673
672
674
673
672
671
668
670
669
670
670
671
673
674
676
676
675
670
670
669
665
666
666
666
667
667
669
665
663
663
653
656
652
649
645
647
646
650
665
648
655
654
657
660
658
657
656
656
656
654
653
664
646
646
649
648
653
645
660
644
651
653
653
671
660
661
646
650
654
655
648
649
643
637
640
636
644
644
656
662
672
656
675
682
689
692
698
699
696
694
692
689
679
671
666
677
662
663
662
661
659
654
654
651
653
651
654
652
20
632
652
639
639
637
637
636
635
635
634
633
634
632
633
629
630
632
627
633
629
636
641
645
648
644
648
647
647
643
644
648
643
638
638
630
632
625
626
626
632
633
632
632
634
633
633
633
632
632
636
633
634
638
636
634
633
645
630
643
647
650
661
657
660
648
643
638
632
624
624
617
610
608
607
599
592
590
588
591
594
593
594
598
604
608
607
611
616
621
625
625
627
633
633
631
625
621
621
622
623
626
629
631
629
632
634
640
643
648
651
656
660
660
661
662
663
663
662
662
660
662
663
664
666
668
668
667
665
666
666
665
661
662
662
661
660
660
659
655
652
652
653
649
647
647
650
650
647
648
651
652
649
648
651
653
650
650
650
649
651
642
643
657
643
650
635
659
652
636
647
653
652
650
653
653
649
645
645
648
663
657
639
651
655
653
652
655
656
655
654
657
657
659
655
656
659
659
669
658
667
655
669
27
643
667
653
653
654
657
656
648
649
671
666
667
653
662
663
658
660
659
657
661
658
658
659
657
654
657
658
657
656
657
659
661
664
665
667
667
667
671
673
677
677
678
679
681
682
684
681
683
678
680
676
677
678
677
676
673
669
665
665
666
680
24
657
666
669
669
675
674
676
678
675
674
674
675
676
682
683
683
685
684
679
676
676
670
667
663
663
668
658
655
659
659
659
652
647
644
647
651
638
643
638
638
638
626
626
626
624
616
612
609
607
599
595
595
585
587
180
408
755
176
579
582
576
573
571
576
571
564
576
572
576
579
578
581
588
587
592
595
598
587
598
601
605
610
609
615
621
621
620
621
620
620
625
624
624
624
621
620
621
619
618
620
621
622
629
643
638
640
648
653
658
660
660
663
658
658
666
674
672
672
677
679
683
682
680
681
679
680
676
666
20
646
633
639
625
632
617
616
614
614
622
623
628
630
633
631
627
622
614
623
619
622
632
632
643
654
664
674
686
699
711
703
703
697
688
680
673
671
21
651
640
638
633
634
636
637
640
644
652
663
672
678
678
678
675
662
657
667
19
649
644
640
633
629
625
624
627
630
631
637
645
655
668
673
672
677
673
668
661
657
639
630
628
627
628
631
625
626
625
627
630
635
642
652
659
663
663
660
657
652
645
642
633
625
615
608
609
611
608
612
611
615
619
619
623
626
633
640
646
651
650
653
649
635
646
651
640
631
620
622
623
624
622
621
623
624
628
634
637
645
653
660
663
661
655
652
645
638
635
632
625
619
613
614
614
611
615
617
618
623
626
634
640
646
655
663
664
662
659
653
645
638
630
626
614
603
601
599
599
596
596
598
600
604
609
616
620
625
634
643
645
646
648
647
644
640
625
641
627
611
606
604
604
603
604
601
605
609
613
613
616
623
630
639
641
641
639
634
632
628
624
619
610
609
602
608
616
611
611
614
610
613
615
620
624
620
620
618
617
618
618
616
615
617
618
615
18
597
600
604
599
599
609
606
600
609
615
620
625
626
629
632
630
631
630
631
628
630
628
629
626
629
629
630
630
636
635
636
637
643
643
642
646
649
643
648
639
648
638
639
633
642
630
636
626
633
633
634
637
636
635
637
639
639
641
642
641
642
645
641
641
643
639
635
633
630
630
630
627
633
637
638
639
637
655
649
650
655
644
646
652
651
649
644
644
634
643
638
631
638
633
624
637
624
635
633
632
631
631
630
632
627
627
626
625
622
621
619
623
622
619
621
626
613
617
625
616
625
617
625
624
618
620
620
608
614
615
618
604
613
623
616
615
618
619
620
619
617
625
626
614
623
626
628
634
635
637
635
636
635
630
630
629
625
624
622
622
617
616
618
614
614
614
613
625
617
614
613
615
616
602
619
616
615
611
609
597
601
605
609
599
611
614
614
605
611
616
618
622
626
629
631
632
635
638
638
638
639
637
637
635
633
629
631
633
634
639
642
645
649
652
654
659
659
661
660
656
656
655
651
649
647
645
640
641
632
632
642
644
647
641
657
672
661
680
670
671
671
664
656
654
648
643
646
642
644
646
646
34
613
637
629
630
633
636
637
645
651
647
634
644
656
21
635
636
641
636
637
636
635
639
639
640
641
643
650
651
651
653
655
656
651
655
653
649
648
648
644
637
642
645
3999
3999
3999
3999
3999
3999
3999
3999
3999
3999
3999
3999
3999
3999
3999
3999
3999
2597
578
580
575
580
576
577
212
365
777
207
570
567
567
569
570
568
564
567
563
559
561
560
552
557
554
553
552
552
550
553
551
552
548
550
553
547
553
555
553
556
551
553
552
550
551
556
551
550
556
553
552
553
555
555
553
557
562
561
560
557
564
568
561
561
561
560
563
565
563
564
570
564
562
577
573
570
577
576
572
578
578
574
573
573
574
564
575
559
559
557
557
560
557
555
559
560
559
564
572
574
575
575
586
584
586
587
589
576
583
586
585
589
589
582
587
587
589
590
591
594
595
601
603
609
610
608
613
614
616
618
623
621
625
625
626
625
626
625
626
626
626
629
628
630
632
633
632
637
641
642
647
640
641
641
640
638
638
639
640
642
639
641
637
638
636
635
631
632
631
632
629
629
628
629
629
630
627
627
627
629
626
628
629
629
631
629
626
623
614
611
610
613
607
608
606
608
613
614
616
613
617
622
619
615
611
614
609
603
610
612
612
617
621
623
628
634
640
640
643
645
643
646
641
641
638
634
629
626
625
623
620
618
623
624
625
623
625
627
630
629
630
632
634
627
629
630
627
625
621
626
626
628
631
635
641
644
643
643
643
644
642
642
646
648
651
654
655
656
659
664
664
666
669
673
672
676
677
679
682
687
688
692
693
692
693
692
698
690
690
687
686
684
683
681
686
684
685
687
693
696
701
701
706
702
699
693
692
687
682
680
680
683
682
686
688
693
693
689
692
691
689
690
699
25
674
666
663
656
648
636
632
625
622
618
612
608
606
604
609
613
618
621
626
634
640
644
648
658
663
666
665
663
664
667
669
667
671
671
667
666
669
668
668
665
668
662
665
663
665
663
659
660
654
648
644
636
638
644
645
650
644
653
658
661
663
664
666
670
673
677
684
684
688
688
691
688
688
686
689
691
692
693
696
698
697
695
695
691
692
694
696
694
691
690
691
687
683
677
675
671
670
667
671
671
672
672
672
670
671
667
668
666
665
661
659
660
660
649
650
641
649
648
647
650
658
669
680
690
701
707
711
714
717
716
716
710
707
707
703
701
698
696
699
696
695
697
694
699
697
696
688
692
694
694
701
704
706
710
712
715
712
710
712
711
713
711
707
711
710
708
708
708
712
713
716
720
721
723
720
712
706
697
695
690
686
683
685
682
684
682
686
688
691
689
691
693
693
692
690
689
688
686
684
683
683
680
680
679
678
673
674
678
681
682
684
685
687
690
690
690
692
693
692
693
693
691
690
694
688
686
685
685
686
682
682
683
684
682
682
681
681
679
680
680
683
683
683
682
684
686
685
686
688
692
690
688
688
688
687
686
684
684
683
682
683
682
683
682
685
683
683
685
686
685
689
688
690
691
695
698
697
696
694
694
691
687
685
686
684
681
680
681
683
683
685
687
684
681
679
679
684
698
23
675
684
691
698
692
690
691
694
691
688
688
685
684
683
680
684
689
684
688
691
692
694
694
696
700
695
694
691
690
695
695
696
693
696
703
700
699
694
691
694
691
689
682
684
686
683
684
683
682
682
681
677
678
680
681
682
686
689
693
698
704
701
699
699
694
691
688
684
681
674
668
666
666
655
655
654
662
666
670
674
677
684
688
691
693
694
694
694
693
693
691
689
687
684
682
681
677
675
673
678
672
670
671
674
674
676
676
680
681
682
682
681
683
683
679
679
680
681
682
682
685
682
684
680
679
677
676
680
679
680
680
682
680
676
674
663
660
644
648
638
634
631
629
628
640
624
631
633
625
611
610
602
593
583
584
580
577
576
574
569
564
569
569
569
567
571
571
574
567
568
570
576
578
583
584
584
590
588
600
599
598
592
595
597
588
584
583
577
569
570
562
558
556
553
552
551
550
550
551
551
549
548
548
551
545
548
552
552
556
555
551
550
547
545
550
547
547
546
542
544
540
544
539
534
537
536
530
532
532
527
528
528
526
522
522
523
522
516
519
520
514
511
520
514
512
513
514
511
510
505
511
514
509
507
502
501
500
497
498
500
495
494
497
492
493
490
494
489
491
488
489
490
479
484
485
480
480
484
480
478
474
472
475
472
468
472
473
469
467
468
468
467
468
460
467
468
458
461
465
463
463
456
462
463
461
458
464
459
459
459
450
458
460
451
455
461
452
458
446
461
452
444
447
453
446
454
18
436
450
441
444
447
14
434
448
436
435
445
437
436
439
435
428
445
441
435
423
437
438
16
423
438
19
420
443
437
18
420
427
438
17
422
437
21
416
440
17
424
432
427
428
420
432
427
14
414
437
18
419
435
24
412
437
18
419
423
431
433
430
16
415
432
428
428
425
424
429
431
428
416
435
432
431
423
427
433
434
425
430
433
436
431
430
433
433
434
430
432
437
433
429
430
439
433
428
433
434
430
434
427
428
435
435
429
430
438
432
427
427
437
432
433
429
437
430
431
427
431
440
431
427
430
436
433
430
428
54
375
103
273
643
209
435
434
432
441
15
427
451
28
423
450
22
428
447
21
427
450
23
428
450
19
432
448
436
448
436
460
29
432
460
29
432
462
28
435
462
25
438
463
27
437
463
26
438
465
27
439
464
24
440
464
24
441
461
19
443
470
26
445
470
28
443
474
32
442
474
32
443
477
36
442
479
36
444
491
50
441
497
57
440
499
61
438
499
55
444
500
57
443
499
52
447
499
57
442
502
55
448
501
51
451
505
51
454
509
40
469
500
34
467
505
39
467
506
41
466
505
37
469
504
36
468
506
38
469
506
35
472
501
44
458
509
44
466
517
30
487
496
490
500
490
508
21
488
511
23
489
516
31
486
519
29
491
516
29
488
521
26
495
523
512
515
504
530
28
502
533
27
506
532
524
525
510
541
28
514
545
20
526
545
26
520
551
17
535
535
531
541
533
545
543
542
538
544
544
544
543
549
546
548
553
554
559
562
564
565
565
562
561
559
557
557
559
561
566
565
566
568
566
566
564
565
565
565
566
565
567
569
567
568
566
564
565
568
571
578
583
583
586
584
583
581
576
576
572
569
568
568
569
568
568
564
569
569
574
581
582
589
592
596
596
598
594
591
586
582
580
572
571
571
573
577
585
590
588
596
599
599
596
594
595
598
18
581
583
583
582
583
579
578
578
580
581
580
578
578
579
580
577
576
577
577
579
577
577
579
577
580
579
578
578
578
579
580
580
581
580
579
581
580
577
577
579
581
580
580
581
581
580
580
581
580
582
581
583
582
583
583
582
583
583
583
583
582
583
581
583
582
583
582
581
582
583
580
581
580
583
583
584
585
586
583
581
583
583
582
583
581
580
580
581
582
583
583
581
582
582
583
583
583
581
583
581
582
580
580
581
580
581
581
579
579
579
583
590
580
585
590
592
595
593
593
593
594
594
597
592
592
591
593
593
590
586
585
593
590
596
608
617
616
624
627
627
631
618
625
624
619
615
628
616
612
19
593
603
603
616
608
608
597
601
604
604
605
605
598
597
599
602
609
616
621
627
624
611
624
625
623
620
617
616
613
629
618
616
616
600
608
611
625
613
613
19
595
608
609
609
608
609
610
610
607
604
604
606
617
20
597
601
605
608
606
606
609
610
609
609
608
608
605
604
602
604
604
602
601
601
602
601
602
601
604
602
603
604
606
606
605
605
606
609
608
608
609
610
608
606
608
607
613
612
610
619
620
607
615
618
617
615
615
614
614
613
612
609
609
616
603
598
602
606
607
610
617
619
622
624
626
625
623
622
622
19
603
618
613
612
612
611
611
612
608
606
607
609
610
612
613
615
614
614
616
618
620
620
620
621
622
624
624
625
625
628
629
629
630
628
628
628
625
625
622
622
620
619
617
618
620
617
613
614
616
612
609
610
612
625
617
620
623
608
617
621
637
27
611
620
622
624
621
621
620
622
618
615
614
617
614
612
612
611
612
611
611
612
616
614
612
614
616
614
615
614
615
615
613
613
616
616
615
616
620
621
619
618
622
620
618
615
614
612
610
609
609
612
610
608
607
609
611
610
609
609
612
609
608
610
611
609
606
605
606
608
602
604
605
611
607
608
607
611
617
612
614
618
616
609
607
611
616
609
611
615
614
611
613
614
614
608
612
610
608
602
609
608
608
610
608
613
607
608
606
603
602
601
596
597
601
599
590
599
600
601
613
604
18
587
602
603
602
603
603
600
591
598
598
606
18
588
598
588
596
21
575
582
592
585
579
584
588
575
583
581
583
586
589
591
597
594
601
597
595
598
600
614
605
602
597
606
607
602
603
606
590
596
600
591
586
591
601
586
585
588
591
588
578
583
583
582
576
581
577
1314
1037
277
1159
1352
879
473
546
539
144
395
2277
2700
199
2501
1597
905
1748
1487
261
1380
3999
3999
3999

