05-08-2022 - 9:30 - Correr
Angelica Márquez
Intervalos entre latido y latido
1065
1123
1153
51
1102
1150
1159
40
1119
1144
1157
59
1098
1129
1137
32
1106
1114
1115
1104
30
1075
1116
35
1081
1096
1088
33
1056
1082
1078
29
1049
1084
1067
29
1038
1083
1061
29
1032
1077
1070
1044
1087
1070
1052
1077
1083
35
1049
1068
1094
34
1061
1078
1096
35
1061
1079
1096
1077
1077
1101
29
1073
1078
1096
41
1056
1089
1077
1085
1075
1110
1088
31
1058
1097
1094
40
1055
1089
1117
38
1079
1094
1104
1079
1084
1099
29
1070
1059
1082
1071
1053
1099
1103
1078
1111
1099
43
1056
1101
29
1073
1069
1108
1087
1081
1121
57
1065
1067
1077
1062
1069
1097
1083
1078
1124
1117
47
1070
1119
1114
1085
1114
1113
45
1069
1103
1114
1087
1098
1133
1108
1111
1120
1092
1115
1118
31
1087
1086
1118
1096
1105
1121
1120
36
1084
1112
1099
35
1064
1107
1132
42
1091
1106
1126
40
1087
1111
1125
1099
1104
1139
68
1072
1076
1111
32
1080
1083
1118
52
1066
1117
1141
63
1078
1111
1145
63
1082
1130
1144
54
1091
1142
32
1111
33
1078
1137
1130
30
1101
1154
1130
39
1092
1165
1136
1124
1151
35
1117
1119
1137
67
1071
1119
1145
38
1108
1144
1159
57
1102
1173
1160
36
1124
1161
41
1120
37
1084
1132
54
1079
1118
1113
54
1059
1117
1125
51
1075
1150
1163
1136
1142
1136
1125
1158
1166
49
1117
1160
1135
1124
1168
1143
50
1094
1160
1149
59
1090
1152
1143
54
1089
1125
1132
63
1070
1120
1145
61
1085
1114
1111
36
1075
1153
1144
42
1102
1143
1154
40
1115
1163
1137
1121
1162
1145
35
1110
1180
1167
65
1103
1125
1125
1096
1140
1117
1098
1146
1136
47
1090
1158
1164
38
1126
1181
1169
47
1123
1168
1157
31
1126
1165
1166
48
1119
1169
1146
1125
1174
1186
1172
1187
45
1142
1132
1154
1124
1140
1178
49
1129
1120
1150
45
1106
1179
1177
34
1144
30
1114
63
1051
1066
45
1021
35
987
1134
97
1038
38
1000
989
993
995
992
989
1033
1011
1011
1027
34
993
1016
1086
1132
1203
83
1120
82
1038
1020
1060
1142
1177
67
1110
37
1074
1089
64
1026
1031
1019
43
977
964
943
947
960
32
929
914
908
892
881
882
869
871
891
887
875
880
862
879
26
854
848
849
858
865
884
883
887
897
896
904
889
897
886
874
888
875
921
39
883
894
886
883
879
877
873
875
874
865
876
893
896
906
907
917
902
908
897
890
871
874
858
857
836
829
833
814
811
796
40
757
793
59
735
779
55
724
737
742
772
50
723
773
764
777
783
788
789
786
791
785
794
792
787
794
791
791
806
799
798
798
796
791
788
780
785
791
781
771
780
771
754
752
748
735
731
725
723
722
710
719
718
712
716
714
713
719
715
719
725
728
731
738
735
738
741
744
740
21
719
745
734
729
729
723
737
755
767
797
804
840
842
868
871
44
827
939
82
857
906
41
865
875
876
872
900
888
1026
1039
1125
1177
109
1069
33
1036
1035
93
942
969
968
1162
1206
132
1074
55
1019
1022
1001
983
1000
991
1045
36
1010
1075
53
1022
1058
41
1018
1026
1042
34
1009
1073
1081
1152
60
1092
1151
1127
1203
1291
1350
61
1290
133
1157
1177
1156
99
1057
1102
1092
1077
80
997
1239
49
1191
47
1144
56
1088
1076
1078
30
1048
1102
1102
1183
77
1106
1229
67
1162
1206
103
1103
1109
1117
1092
1071
1112
30
1083
1138
1141
1113
1145
58
1088
1100
1108
1084
1181
69
1112
1111
1167
70
1098
1128
1127
1106
1115
1154
44
1110
1109
1139
60
1080
1140
1115
1094
1099
1119
57
1062
1123
1099
35
1064
1053
1155
58
1098
1125
1099
1126
1121
1092
1114
1125
1103
1117
1156
1157
58
1099
1159
1140
1156
1136
1124
1143
1153
37
1116
1122
1131
1151
37
1114
1128
1118
1113
1093
1139
1153
1147
45
1103
1153
1157
49
1108
40
1068
1134
1127
1115
1098
1119
1106
1115
1123
1139
34
1106
1136
1127
1123
1158
1139
1135
1111
1120
1123
1120
1103
1113
1118
1126
1125
1126
1123
1114
1093
1126
1127
1121
43
1078
1097
1100
1112
1114
30
1085
1110
1119
41
1078
1097
1122
1108
1090
1158
1140
35
1106
1142
1131
1134
1124
1111
1115
32
1083
1079
1107
1115
1120
35
1085
1099
1104
1110
1112
1106
1095
1074
1063
1091
1101
1107
1106
1089
52
1038
1077
1084
1098
32
1067
1090
1130
1124
1133
1144
36
1109
44
1065
1130
1120
1127
54
1074
1085
1114
1105
1130
36
1094
1117
1143
1133
1141
49
1092
1113
1145
1157
1160
48
1112
1123
1144
1153
1167
1159
1135
1144
1162
1185
1187
51
1136
1142
1130
1142
1143
1151
1152
1152
1161
1150
55
1096
1141
1121
1139
30
1110
1141
1131
1132
47
1086
1124
1139
1127
1125
1147
1130
40
1091
1128
1140
1117
1117
1132
1161
65
1096
1117
1121
1117
1095
1116
1119
1118
1153
1148
40
1108
1151
1127
690
438
1440
87
1354
128
1226
1247
1250
44
1206
1225
42
1183
88
1096
1107
1094
1099
1139
1126
1105
1151
1123
1104
1131
1147
41
1107
1150
1160
58
1102
1134
1135
32
1104
1180
32
1149
33
1116
1148
30
1118
1131
1210
32
1179
1168
1144
30
1114
1164
43
1121
1125
1153
62
1091
1112
1170
68
1103
1108
1114
36
1078
1090
40
1051
1060
1081
1058
1087
1121
39
1082
1102
1094
1103
1138
1121
1169
1181
1174
1156
31
1125
1112
31
1081
1099
1122
36
1086
1116
72
1044
1022
1060
1048
1048
1110
1144
42
1103
1149
1149
34
1115
1149
1178
55
1123
1105
1158
1139
1148
1176
62
1115
1104
1135
44
1091
37
1055
1036
1111
1116
46
1071
1129
1159
1137
1132
1179
38
1142
38
1105
1153
1165
68
1097
1106
1145
1148
75
1074
1155
1139
57
1083
1137
1126
44
1083
1140
1140
37
1104
1142
35
1108
1155
1146
49
1098
1119
1135
1125
76
1050
1110
1126
1129
1121
51
1070
1118
1096
1087
1125
1121
42
1079
1140
1155
36
1119
1173
1181
44
1138
1167
1170
1153
42
1111
1118
1170
55
1116
1164
1153
1138
1185
49
1136
1173
1198
53
1145
1187
67
1121
1188
1188
31
1157
1203
1178
48
1131
1147
1147
1124
1152
1143
35
1109
1083
1139
62
1078
1125
1105
1083
1142
1170
69
1102
1124
1166
39
1128
1132
1187
1171
36
1135
1182
1187
34
1153
1143
40
1103
1156
1127
1167
1212
119
1094
1138
1110
1107
1135
1133
76
1057
1117
1159
1133
1105
1174
1157
1166
1192
61
1131
1156
1157
59
1098
1147
1165
56
1109
1144
1149
1139
1169
45
1124
1164
1150
1157
1134
1126
49
1078
1085
69
1017
1027
1082
1054
1132
1127
1144
1168
49
1120
1198
1206
59
1147
1180
1166
1155
1180
59
1121
36
1085
1114
1136
48
1088
1104
1157
48
1109
1123
1166
1165
1182
1211
83
1129
1156
1174
63
1112
1136
1172
1197
39
1158
1148
66
1083
1109
1096
1087
1117
1089
1119
1138
43
1095
1153
1129
40
1090
1153
1183
59
1125
1152
1196
1171
45
1127
1190
1168
53
1116
1136
1166
1144
1187
1168
63
1106
1109
1124
1118
39
1079
1122
1129
31
1099
1167
1170
1162
1195
1173
43
1131
1160
1139
1122
1163
1157
1133
1168
39
1130
1193
1168
1155
1204
47
1157
1186
1170
1173
1200
35
1166
1179
1168
1176
38
1139
1190
31
1159
34
1125
1144
1160
37
1123
1141
1163
42
1121
1159
1142
1143
59
1085
1095
1162
1162
1146
1123
1150
1163
37
1126
1130
1115
1090
1143
1144
49
1096
1125
1113
1129
1154
1158
1164
42
1122
36
1086
1127
1104
1118
1133
41
1093
1147
40
1108
1092
1132
1134
1124
1161
34
1127
1142
1165
1153
41
1113
31
1082
1078
1088
1077
1083
1110
1115
34
1082
1137
1157
1132
1167
1190
39
1152
1128
1146
1142
1117
1130
1128
1107
1148
1141
1175
33
1142
60
1083
1103
1113
46
1068
1082
1080
44
1036
1077
1103
41
1063
1102
1128
44
1085
1126
1150
1138
1138
1109
60
1050
1098
1117
32
1085
1124
34
1090
1089
1119
1149
53
1097
1102
1117
1100
1112
1161
1143
1120
1118
33
1085
1102
1108
1089
42
1048
1096
1077
1052
1096
1088
1075
1130
1124
1117
1186
1172
58
1115
1171
47
1125
1142
1166
38
1128
1162
43
1119
1098
1120
1110
1130
61
1070
1115
1129
52
1077
1146
1129
1166
1174
72
1103
1118
1153
1124
1177
1208
67
1141
1137
1164
48
1116
1134
1174
32
1143
31
1112
1133
1163
1168
72
1097
1129
1145
30
1115
1121
1105
1115
1107
48
1060
1114
1129
1114
1098
1121
1112
49
1064
1053
1103
31
1072
1091
1121
1108
1148
1151
1171
61
1111
1123
1135
1130
1166
1162
1159
41
1118
79
1039
1064
1083
1086
1114
32
1082
1134
1151
1176
78
1099
1136
1162
40
1122
1128
51
1078
43
1035
1075
1079
1122
36
1086
1142
1173
31
1143
1130
1141
1142
53
1090
1118
1108
1094
1136
35
1102
1140
1117
1110
1083
1148
63
1086
1125
1131
51
1080
1117
1166
1222
1232
76
1157
1155
1187
1173
55
1119
1172
1229
60
1169
1160
1176
1191
1164
1144
1148
1170
64
1107
1163
1135
44
1092
1132
1153
1140
1137
1128
1141
1145
1149
1125
1101
1108
44
1064
1056
1041
1074
1094
1069
1087
1111
1098
1128
1142
1127
1121
41
1080
1062
1085
1090
1107
1089
1125
33
1093
1157
1131
1168
1167
48
1120
54
1066
1105
1111
31
1080
1097
1125
37
1089
1103
1138
42
1096
66
1031
1103
1109
1096
1118
1094
1067
1077
1066
1068
1050
1093
1069
1083
1088
1113
1102
1116
1139
1127
1131
1112
1139
1144
1155
1126
70
1057
1083
1085
31
1055
1082
1067
1095
29
1067
1046
1068
1081
1084
1111
1123
1152
41
1111
1132
1134
37
1097
1127
1136
1148
1135
1130
1114
1101
1112
1144
1169
175
995
1266
185
1082
1121
1126
1098
1134
1145
1116
1103
1126
1127
33
1095
1125
1115
41
1075
1097
1109
31
1079
1064
1126
1148
33
1116
1161
81
1080
267
813
370
444
1114
34
1080
1110
1129
1116
1102
35
1067
1090
1115
1126
1136
1132
686
447
701
1115
1103
1129
1151
1138
51
1087
1131
43
1089
30
1060
1114
594
521
588
1120
601
519
577
1125
1135
1148
1131
62
1070
53
1017
1211
69
1143
1128
1146
37
1110
1111
751
360
786
209
577
611
1144
40
1105
1087
1123
67
1056
1264
101
1163
70
1094
1115
1117
1124
1121
481
640
222
418
1087
1078
1099
1110
1152
1127
1148
1199
1194
168
1027
1298
76
1223
648
575
617
1204
63
1141
1176
1149
1152
1142
52
1091
1147
1164
37
1127
1183
1228
52
1177
1164
1168
131
1038
1265
458
807
531
277
1059
1055
1061
47
1014
1026
53
973
968
968
977
1000
37
964
977
988
1004
1022
1054
1036
1024
1024
1080
35
1046
1095
38
1058
1035
1031
58
973
33
941
920
921
925
936
930
982
995
986
969
951
928
910
26
885
31
854
28
827
889
889
873
853
852
30
822
846
833
821
863
846
895
933
1031
1211
107
1105
1139
71
1069
1166
1176
123
1054
1149
1209
107
1103
1147
30
1117
1136
1120
1091
1069
1082
72
1010
1007
990
1037
1033
1014
1045
30
1016
993
1036
1015
1022
1016
1009
1073
1049
1027
1073
1074
1066
1095
42
1053
1062
1093
58
1036
1110
33
1078
1061
1085
36
1050
1039
1076
36
1040
1039
1069
1064
1061
1116
1103
1106
1114
38
1076
1121
1098
1096
1149
1139
1135
1171
1153
47
1107
1097
31
1067
1085
1097
1084
1066
1084
36
1049
1067
1089
1125
1168
41
1128
1153
1150
49
1102
1149
1165
100
1065
1111
1117
30
1088
1093
1118
1106
1103
1117
1124
1096
1159
1166
1148
1142
1177
1161
42
1119
1166
1156
1150
1184
38
1147
1118
1096
1081
1079
1123
40
1083
1114
1133
1123
1103
1089
1105
1142
91
1052
1063
1075
1047
1059
1099
1085
1062
1077
1050
1075
1110
35
1075
1096
1072
1097
1107
48
1059
1128
1156
1164
1136
1171
64
1108
1113
1132
1108
48
1060
1094
1101
32
1069
1083
1103
1097
1098
1138
1118
1091
1132
1134
54
1081
1105
1079
46
1033
1049
1062
1050
1083
1083
42
1041
1082
1126
51
1076
1125
35
1091
1103
48
1056
55
1002
1036
1015
28
987
998
1014
1037
1089
1062
38
1025
1059
1061
1084
1093
35
1059
1044
1041
1022
1084
1062
1101
76
1026
189
837
1201
156
1045
46
1000
1024
30
995
995
982
992
55
938
915
40
875
26
850
24
827
821
807
811
834
847
868
854
896
876
868
866
872
850
840
821
809
811
826
830
842
844
852
857
892
875
856
865
875
861
897
892
886
915
929
39
891
885
923
919
964
27
938
1038
67
971
39
933
937
960
1011
32
980
995
1215
109
1107
1087
1088
1066
1057
83
974
69
906
931
27
905
1014
1068
1051
1215
41
1175
39
1137
1164
1138
1160
1194
1174
1153
1194
1223
1214
45
1169
1189
75
1115
83
1032
1092
93
1000
1154
1131
1139
1148
1165
44
1121
1155
1171
79
1092
1073
1139
1115
1145
1119
1176
1163
50
1113
1087
1139
34
1106
1160
1152
1169
1192
59
1133
1180
1186
57
1130
1188
55
1133
1139
1132
1190
1176
1153
1150
1147
38
1110
1099
1107
61
1046
1111
1089
1074
1112
1083
1107
1109
1118
1167
49
1119
1135
1111
1161
40
1121
1168
82
1087
1146
61
1086
1079
1106
1083
1111
1195
54
1142
1204
44
1160
1172
1182
1157
1139
1161
1175
1160
65
1095
37
1059
1115
1102
32
1071
1115
1144
1117
1113
1131
48
1084
1122
1171
1191
1195
36
1159
59
1100
1101
1167
1152
1130
1159
1154
1143
1178
1191
60
1132
1165
1197
1207
59
1148
1190
1216
60
1156
1166
1165
41
1124
50
1074
1088
1086
1084
1089
43
1046
1101
1140
1127
31
1096
52
1045
1028
1056
1071
59
1012
1024
1010
53
958
47
912
929
957
35
922
907
946
40
906
981
1099
1097
1254
115
1140
1263
1232
1220
1275
35
1240
135
1105
1248
1260
160
1100
1155
1149
1184
94
1090
1229
42
1188
132
1056
1085
1100
38
1062
1056
1090
1136
70
1067
1052
1082
1091
1075
1118
1093
74
1020
1038
1051
1051
1084
1086
1095
44
1052
1056
1052
1094
1106
1094
1104
1093
1112
1154
1191
33
1158
40
1118
1142
1140
1128
40
1088
1109
30
1080
1126
1132
33
1100
1142
1154
60
1094
1070
1125
1152
59
1093
1140
1179
82
1097
1129
1132
32
1101
29
1072
1117
1129
39
1091
1105
1137
1111
1126
34
1093
1086
1144
1143
60
1084
1099
1138
1158
31
1127
1125
1103
37
1067
1112
1131
1138
1118
1172
1170
1173
1161
69
1092
1113
1109
60
1049
1095
1115
31
1084
1118
1139
1132
1130
1141
1164
1153
1135
1174
1156
1150
1171
40
1132
1158
1152
33
1120
1142
40
1102
43
1060
1092
1097
1073
1116
1103
1101
1143
1121
1112
1145
1132
1109
32
1077
1103
1093
1124
1140
1171
1174
1188
1238
81
1158
1201
1192
86
1106
1139
49
1090
1092
1074
1118
42
1076
1117
1113
1086
1120
1118
1128
1114
1089
1120
52
1068
1077
1097
40
1058
1079
1106
44
1063
1103
1125
1108
1088
1106
1092
1107
1127
1125
1148
45
1104
1125
1114
44
1071
1102
1077
60
1018
1020
1027
39
988
1029
1016
1017
31
987
1005
1020
996
1019
1006
1007
1010
1038
1040
1071
49
1022
1015
1002
32
971
1003
1022
1045
1067
38
1029
1036
1035
1025
1012
1030
1071
36
1035
1061
1058
46
1013
989
998
998
972
965
966
1022
1020
1041
45
997
1008
996
984
996
989
32
958
36
923
932
923
929
910
891
913
911
926
917
915
891
899
28
871
878
869
875
900
931
944
960
942
1000
980
980
1009
1051
42
1010
1019
1001
985
959
960
976
1007
1142
1217
127
1091
1134
113
1021
1027
1079
1133
136
998
1186
1160
50
1110
1111
1147
69
1078
1073
1068
1082
1154
1176
1162
1144
58
1086
1116
74
1043
1050
1145
1138
1177
1165
66
1099
1136
1145
66
1079
1125
37
1088
1071
1116
41
1076
1106
1082
1119
62
1057
1119
1106
1088
1107
1138
1158
55
1104
1141
1140
1137
1169
41
1129
1163
31
1132
1115
1211
74
1138
1159
1191
49
1142
1141
33
1108
1149
60
1089
42
1048
1042
1076
1071
1140
1167
1156
1213
52
1162
1170
1205
62
1143
1138
1179
1166
69
1098
1182
1155
1200
1211
67
1145
1206
62
1144
1174
1175
1155
1188
58
1130
1149
1182
62
1121
1154
1174
83
1092
1126
1111
1144
1147
88
1059
1110
1081
69
1012
1058
1107
1157
1150
1225
34
1191
73
1119
1113
1212
1261
1281
1367
1384
83
1302
1342
1330
1303
1316
45
1271
46
1226
1238
101
1138
1146
1131
1152
1221
1220
113
1107
1132
1213
1224
1244
55
1189
1205
73
1132
117
1016
1222
48
1175
1210
1215
1208
1207
1198
1181
1173
1205
1218
1232
64
1168
1185
75
1111
1084
1116
1097
1082
1112
1136
1143
1172
1241
1228
1226
1259
1245
1265
73
1192
1208
1217
64
1154
1130
1140
34
1106
1170
1269
52
1217
1231
1249
72
1177
1213
1206
1208
33
1176
1180
1167
53
1115
1143
1196
1217
35
1182
1195
1217
37
1181
1213
1221
1220
55
1166
35
1132
115
1018
1140
1278
1333
119
1215
35
1181
1223
1214
1232
1210
51
1159
1219
1235
1205
54
1151
37
1114
1085
1065
1079
1104
1131
71
1061
1047
37
1011
1070
1051
1083
1106
33
1074
1128
1126
1109
1088
1119
1143
1124
34
1090
1129
31
1099
1142
1137
1146
1126
1149
1154
1141
1144
1139
1133
1150
1140
1118
1148
31
1118
1096
1121
1171
1142
1125
1186
50
1137
1179
1188
1177
1162
36
1126
35
1092
1154
1125
1103
1113
1137
1137
1140
1150
30
1121
1168
1175
1162
45
1118
1155
1172
1173
1162
1133
1167
1175
1157
1154
1185
1174
79
1096
1173
1196
1197
1206
1190
1162
40
1122
1149
1153
50
1104
1103
1133
1113
1137
1151
45
1107
1125
1167
1166
48
1118
1141
1151
49
1102
1149
1160
31
1129
1121
33
1088
1100
1105
1098
42
1057
1069
1083
1081
32
1049
1059
1115
1111
1085
1092
1137
1111
1118
1140
1132
1107
1127
1102
1152
1174
1165
32
1133
1109
34
1075
1110
1105
1126
1130
1127
1140
1140
1172
65
1108
1152
1178
1178
47
1132
1174
1155
1136
1196
37
1159
1137
41
1096
1126
1154
37
1117
1163
1184
41
1144
1140
1177
1163
1173
54
1120
1121
1098
1079
34
1045
1061
1095
1127
1115
1143
1158
1135
56
1080
1129
1130
1136
1158
1173
74
1100
1130
1165
52
1113
1119
1120
44
1076
1081
1113
1123
1120
1128
52
1077
1093
1125
1127
1139
1144
1136
1174
1183
72
1112
1140
1208
1184
1168
1190
1212
1216
1199
384
816
1678
331
1348
39
1309
110
1200
1195
1170
1142
1222
1285
103
1182
1190
1201
1189
73
1116
1159
1181
1172
35
1138
1169
39
1131
1157
1196
37
1159
1209
42
1168
1220
1197
1216
1204
1194
1168
1166
44
1122
1187
1194
34
1160
1184
59
1125
1142
1181
1160
1180
1223
67
1157
1224
1194
1250
1220
1262
1263
63
1201
1198
1188
48
1141
1184
1176
1210
52
1159
1233
1216
1187
1235
35
1200
1241
40
1201
1220
1219
67
1153
1178
1163
1156
1205
55
1150
1224
47
1177
1207
1197
1175
1224
1208
1189
1166
1212
1185
1169
1158
55
1103
1164
1166
1146
1173
1153
1166
1167
1165
1218
1202
1179
81
1099
1108
1141
30
1111
1133
1171
1145
1203
1214
38
1177
1208
1206
59
1147
1167
1183
68
1116
1172
1199
1175
1204
1225
50
1175
1203
1212
47
1166
1195
1169
1141
1225
1228
64
1164
1175
1205
41
1164
1175
1201
55
1146
1170
1182
58
1125
1139
1182
1163
1180
1165
56
1109
1107
1126
52
1075
1123
1120
60
1060
1098
1092
1073
1126
1116
38
1079
1109
1099
36
1064
1115
1151
1176
1157
33
1125
1129
1172
1166
34
1133
1152
1125
1127
1124
1137
1167
1178
44
1135
1143
1136
49
1088
1148
1167
48
1120
1181
1156
43
1113
1187
1209
51
1159
1219
58
1162
1175
1188
1170
1173
35
1139
1201
1214
81
1134
1160
1197
1175
1210
1225
92
1134
1136
1168
43
1126
1180
1185
71
1115
1130
1173
1224
51
1173
1191
57
1134
1140
1148
1167
1138
1215
1190
1177
1197
1174
31
1144
102
1042
1067
1102
1116
1182
1181
48
1134
1173
1183
42
1142
1161
1196
40
1156
1147
1195
1181
63
1119
1149
1194
32
1163
1196
59
1137
1191
1195
1168
1176
1186
1185
123
1062
1264
130
1134
43
1092
1116
1120
1161
36
1125
1162
31
1131
1133
1134
1132
1131
35
1096
1144
1171
51
1120
1170
1195
249
947
1461
179
1283
85
1198
1176
1220
1214
1211
1198
40
1158
1192
1211
46
1166
56
1111
1167
1161
1139
1181
1159
1210
1205
1200
1213
1250
52
1199
1227
40
1187
1231
1285
1309
64
1246
1261
1288
93
1195
1242
1314
67
1248
1226
1197
1204
1178
1167
50
1118
1166
1172
1146
1181
1199
1194
31
1163
1192
1165
1186
1208
43
1166
1241
60
1181
1171
1183
38
1145
1161
1178
1186
1233
1223
34
1189
1235
43
1192
1231
1251
115
1137
1179
1154
1191
1213
71
1143
1165
1175
35
1141
1193
1242
54
1188
1194
1203
1173
1179
52
1128
1125
1129
1125
1129
1189
1205
1216
66
1151
1152
1215
1218
51
1168
1213
1208
1232
1207
1206
1232
78
1155
1201
1216
1206
1191
53
1138
1166
38
1129
1159
1133
1119
1098
1152
1181
1160
1184
1238
99
1140
1173
1208
1205
1185
1220
1212
1204
1236
1218
1209
73
1137
1179
37
1143
1181
1157
1127
1183
1208
59
1149
1174
1175
75
1101
1130
1125
1153
1159
52
1107
1159
1198
1168
1186
54
1132
1140
1184
1166
52
1115
352
763
387
377
1091
1073
1131
1124
1139
31
1108
1162
1154
1135
1182
33
1150
1172
1287
115
1172
1250
1270
122
1148
1145
41
1104
1110
1185
45
1141
1197
35
1163
1227
99
1128
1178
1188
1160
1130
39
1092
1105
33
1072
1072
1130
1165
59
1106
1163
1177
37
1141
1172
1149
1166
1213
1213
1237
1279
110
1169
1193
1172
53
1120
1114
1159
68
1091
1160
1177
74
1104
1147
1158
37
1121
1176
1196
1169
1217
46
1172
1229
47
1182
1195
1202
79
1123
1158
1143
44
1100
1174
36
1138
1125
1098
1160
55
1105
1110
53
1058
1059
1048
1108
1087
41
1047
1027
1033
1125
1186
74
1113
1207
1197
1219
1193
1193
1240
1266
1259
1235
1233
1204
1249
1275
1261
83
1178
54
1125
1137
1126
1151
69
1082
1161
1151
1182
1163
1140
1184
1206
1229
64
1165
1206
1243
1245
48
1198
1205
1233
46
1187
1192
1216
112
1105
1142
1146
56
1090
1139
1161
1193
103
1090
1160
1184
1169
1192
1214
1211
1208
33
1176
1193
1203
1178
1174
1180
1173
94
1080
1094
1128
51
1078
1125
1140
1124
1170
1203
47
1156
1201
1222
61
1162
1204
1201
1199
1185
1219
83
1137
1141
41
1101
1171
1150
1159
1148
34
1114
1173
1177
1168
1211
57
1155
1213
1231
53
1179
58
1121
1163
1192
1231
1229
1226
72
1154
1190
58
1132
1120
1130
1107
1079
1076
51
1025
1074
1135
40
1096
1177
1176
42
1135
1199
1212
1210
1252
39
1214
1219
37
1182
52
1131
1184
1168
1179
1213
57
1157
1141
1146
1217
1220
83
1138
1168
1141
1152
1166
69
1098
1113
1160
1133
1138
1157
1166
1194
33
1161
1146
1159
34
1125
1165
1149
90
1060
1107
1168
1173
31
1142
1157
1149
53
1097
1153
1161
1172
82
1091
1152
1184
1185
75
1111
1153
1165
1204
81
1123
1166
1198
1200
34
1166
1207
41
1166
47
1119
1142
1193
1215
47
1169
1190
35
1155
1162
1250
1223
721
502
1361
1375
52
1324
1353
114
1239
1297
1281
53
1228
1204
1224
1269
69
1201
1187
1255
47
1209
1221
1242
1243
1266
1286
47
1239
1307
1363
1348
1363
95
1268
1297
66
1232
1265
1269
1272
1287
55
1232
1269
1260
67
1194
1244
1258
46
1212
1195
44
1152
1163
34
1129
1119
1238
1259
49
1211
1251
1226
1278
1301
1304
140
1164
144
1020
1256
1286
36
1250
1352
46
1306
1384
77
1308
1301
1310
78
1233
1274
62
1212
1260
1289
62
1227
1250
1275
1256
1257
1313
47
1266
1283
1299
1289
54
1235
1282
1274
42
1233
1282
1297
81
1216
1306
1332
85
1247
1276
1423
74
1350
71
1280
1269
37
1232
1266
1309
45
1264
1288
64
1224
1293
1342
72
1271
1275
1331
71
1260
1267
1256
1242
1299
1338
57
1282
1324
1314
87
1227
1236
1245
1229
1255
1276
1278
1268
45
1224
1266
1370
89
1281
1306
1301
1269
1289
1263
1272
1245
1259
1277
48
1229
1214
1248
1288
1270
35
1235
1302
1276
34
1242
1259
1273
1252
1268
1272
38
1234
1267
1262
64
1199
1214
1272
87
1185
1205
39
1166
1231
1244
40
1204
1253
40
1214
1235
1244
1248
46
1202
1265
1291
86
1206
1290
1301
70
1232
1240
1212
1264
1337
101
1237
1255
1316
1291
74
1217
1264
1313
94
1219
1254
1277
44
1233
1296
53
1243
1287
1306
49
1257
46
1212
1276
47
1229
46
1184
1222
1287
1389
140
1250
1228
1245
1244
46
1198
1250
1234
1254
1300
66
1235
1266
46
1221
1262
1275
34
1242
1284
47
1237
1275
41
1235
35
1200
43
1157
1229
1248
70
1178
1195
1213
1194
1179
45
1135
1142
38
1104
1145
1200
45
1156
77
1079
1145
1157
1159
1134
1162
1232
1283
1303
89
1215
1255
1315
1355
1337
1331
1304
1337
70
1268
1310
44
1266
1257
61
1197
1186
1240
1231
71
1160
1252
1333
1391
85
1307
1327
1341
109
1232
1205
1227
90
1137
101
1037
1263
130
1134
1280
38
1242
48
1194
1166
1188
1189
1248
1239
79
1161
1157
1178
1249
1290
1263
1271
1311
1337
1406
73
1334
1352
79
1273
1305
1371
48
1323
39
1285
1291
68
1224
1264
1318
66
1252
1279
1291
1280
1287
74
1213
1273
1251
1222
1260
1256
1249
1267
1297
73
1225
72
1153
1191
1195
1165
1195
1239
67
1172
1202
78
1124
1141
1221
1224
1242
1279
1337
1354
114
1241
1241
1295
1305
46
1260
1247
1244
1232
1280
1284
1321
1317
1304
122
1183
1199
1238
1210
1208
1229
64
1166
1230
32
1198
56
1142
1149
1213
37
1177
1216
1255
1228
41
1187
1224
1213
1218
75
1144
1195
47
1149
1205
43
1162
1246
1361
94
1268
1269
45
1225
1264
1349
1433
110
1323
1352
92
1261
1257
1305
48
1258
1317
1288
40
1248
1250
64
1187
1209
1269
576
693
136
558
1233
1267
1264
44
1221
1234
1241
46
1195
1167
1212
1187
91
1097
1125
1135
1232
1337
59
1279
1310
47
1263
83
1181
1232
1274
1294
1284
1258
1227
1218
1268
1243
1286
1365
118
1247
1274
1302
65
1238
1307
1285
1329
1359
1335
71
1265
1276
52
1225
1299
84
1216
1270
1325
1305
1312
65
1248
37
1211
1272
1242
1223
1294
1290
1294
38
1257
78
1180
1231
1250
59
1192
1263
1288
62
1226
1285
1337
136
1202
1230
69
1161
1188
1197
1245
1311
69
1243
1253
1281
96
1185
1196
1236
1216
1259
1276
45
1231
1312
1327
1303
105
1199
1174
1219
1204
1249
1261
41
1220
1215
46
1170
1189
1180
1229
1273
100
1174
1240
1260
90
1171
1230
54
1177
1198
1243
33
1210
1195
52
1143
1198
1212
1190
1230
1218
1228
1252
96
1157
1221
1250
1223
1261
1252
54
1199
1207
60
1148
1195
1222
1193
1203
1220
39
1182
1242
1282
1303
52
1252
80
1173
1221
1224
50
1175
1268
1260
55
1206
1250
43
1207
1259
1235
1257
1297
1300
1270
1260
55
1206
1215
1217
38
1180
1178
1181
1191
1232
1219
1203
1249
1281
87
1194
1238
1250
34
1216
1296
1373
66
1307
1308
41
1268
86
1183
1261
1266
68
1198
1276
1343
143
1201
1252
1325
1333
39
1294
1269
45
1225
1303
1396
112
1284
1314
59
1255
1258
1298
1281
1285
66
1219
1228
1238
1218
46
1173
1217
1265
47
1218
1258
51
1208
72
1136
1186
1224
1242
1231
1224
1271
1287
1287
1320
1328
1302
84
1219
61
1159
1209
1246
38
1208
1266
1262
1286
1307
103
1205
1206
1180
1159
1232
1215
72
1144
1180
1229
1271
1254
1255
75
1181
1213
1254
1245
1291
1313
84
1229
1273
55
1218
58
1161
1178
35
1144
1156
1207
1221
1209
63
1147
1182
1245
1239
1253
1285
1269
1247
1216
1217
1253
1251
1236
54
1182
64
1119
1174
1217
50
1168
1204
1243
54
1189
1179
1188
52
1136
1194
1229
59
1171
1237
1233
58
1175
1221
1199
1247
1226
1252
1301
60
1242
34
1208
44
1164
1197
1198
1200
1214
1197
1251
1332
99
1233
1252
1224
1271
1245
48
1197
1235
35
1200
1267
1269
79
1191
1238
35
1203
1231
1251
48
1204
1227
1253
104
1149
1165
1141
1141
1194
1180
1166
1262
1252
61
1192
1247
1302
102
1201
1225
70
1156
1159
1200
1213
52
1162
1211
1256
85
1172
1162
1182
1214
1251
1228
1236
51
1185
1156
1209
1209
1261
65
1197
1181
1171
39
1133
1185
41
1145
1153
1225
1220
1251
1236
57
1179
1208
1191
59
1132
1204
39
1165
1181
1216
1281
71
1210
1247
47
1200
1214
59
1156
1177
1219
37
1183
1186
1188
50
1138
1195
1198
52
1147
1245
64
1181
1198
1223
83
1141
1201
55
1146
1204
1190
76
1114
34
1081
1169
1199
1251
1237
1207
1221
34
1188
1176
1219
1242
43
1199
1214
1243
1250
51
1199
1264
1304
87
1218
1210
1179
1168
1200
63
1137
1125
1154
1166
1137
1198
1254
89
1166
1163
1226
1271
1251
85
1167
1208
1203
1203
61
1142
1164
1185
1180
1170
1195
1204
1177
1179
1159
1218
38
1181
1235
1249
49
1200
1198
1213
48
1166
1191
1208
58
1150
1188
1227
61
1166
1177
1215
49
1167
1186
1203
1202
1195
40
1156
1193
1203
46
1157
1153
1208
1312
105
1207
1229
1238
1207
1210
1250
1248
1245
1238
37
1202
48
1154
1165
46
1119
1100
1149
34
1115
1123
1200
1199
1177
1216
1225
1213
1225
1250
85
1166
1138
1182
1225
1212
1219
1219
1212
1227
62
1165
44
1121
1132
33
1100
54
1047
1093
1119
69
1050
1100
1157
1164
75
1089
1110
1126
52
1075
1117
1119
53
1066
1119
1163
1157
41
1117
1158
61
1097
1130
1202
1210
105
1106
33
1073
31
1042
1102
1105
61
1044
1144
1161
60
1101
1083
1147
1173
59
1115
1144
1165
96
1069
1113
1142
31
1112
1093
1133
1113
1100
1144
1166
42
1125
1157
1182
57
1126
1164
1182
1207
89
1118
1147
1146
59
1088
1077
1138
1182
69
1114
1136
1183
53
1130
1130
1169
43
1127
1148
1153
1158
51
1107
1148
1121
38
1083
1114
1101
51
1051
1102
1129
52
1078
1107
1139
48
1092
1106
1155
40
1116
32
1084
1164
1161
1148
1139
1119
1099
1118
1106
1130
44
1087
47
1041
1087
1106
33
1074
1129
1152
69
1083
1160
1174
65
1110
1175
1156
73
1083
1078
1139
32
1108
29
1080
1150
1152
56
1096
1165
1204
1193
1222
61
1161
1168
1226
1240
1210
1282
1289
1286
1301
84
1218
40
1179
38
1142
1153
1164
49
1116
1203
1204
1198
1226
1250
43
1207
1308
62
1246
1264
1292
56
1237
1255
1247
1229
53
1177
1228
1236
75
1161
1219
1223
54
1170
1232
1257
36
1222
1228
1254
1243
1222
1192
36
1156
1173
52
1121
1192
63
1130
1167
1140
1120
36
1084
129
956
1181
1175
1180
1195
1248
1291
1261
1288
1334
73
1262
1296
53
1244
1267
1313
1309
97
1213
1276
1278
1296
71
1225
1267
1294
1311
75
1236
1260
1243
1239
1267
38
1229
1205
1235
1244
66
1178
1253
1282
1258
39
1220
1235
1278
61
1217
1231
1259
97
1163
1192
1232
47
1185
1231
1233
1208
1241
1279
1260
55
1206
1250
58
1193
1197
1270
1299
69
1231
1221
1248
1295
1267
1245
1260
1269
43
1227
1257
1275
43
1232
1235
43
1192
1250
74
1176
55
1121
1140
1145
47
1099
1104
1150
46
1104
1151
1233
1237
1208
1225
1271
1303
43
1260
1308
1342
1320
1311
1343
1314
1293
59
1235
1286
1302
1304
54
1250
1301
1326
50
1276
1300
1311
1338
39
1300
1292
80
1213
61
1152
1196
1195
1166
31
1136
1164
1197
52
1145
1214
41
1174
1154
1213
1266
1285
65
1221
1200
1254
1261
1276
1302
1325
94
1231
1275
1320
96
1224
1220
1201
1187
1234
1207
1207
1235
1230
100
1131
1133
1259
1353
1363
1370
1363
1375
1443
1425
131
1294
93
1202
49
1153
1136
1226
43
1183
1222
1236
1213
1252
80
1172
101
1072
1071
1069
1098
1096
1099
1124
43
1081
1101
1130
1127
36
1092
1132
1188
62
1127
1162
1210
1182
34
1148
1199
1217
1229
1214
58
1157
1210
1196
57
1139
1151
1148
1175
1172
1202
1191
1161
1151
56
1096
1149
50
1100
1085
1128
1139
32
1108
1175
1161
1161
1131
1108
1172
1202
1207
41
1166
1221
58
1164
1139
1122
1141
56
1085
1139
1168
1155
49
1106
32
1075
1088
1127
1111
1170
1170
1148
1127
1155
1149
1163
1197
1199
1214
1241
110
1132
1149
1183
1216
34
1183
35
1149
1184
1208
1183
1187
1189
1199
1193
31
1162
1182
1169
1176
48
1128
1177
1229
86
1143
1206
1211
67
1145
1161
1166
1150
56
1094
1136
1177
1157
1175
1217
33
1185
1175
1201
1191
1196
1231
1207
1183
1221
1241
72
1169
1231
1222
42
1181
32
1150
45
1105
1106
1155
63
1092
1142
1161
1154
1236
99
1137
1187
1167
1186
1201
1192
31
1162
1217
72
1146
44
1102
1127
1128
34
1094
1174
1184
50
1135
1202
37
1165
55
1110
35
1076
1132
31
1102
1162
1189
1259
1254
43
1212
1212
61
1152
1231
1233
44
1189
1237
1219
1208
73
1135
1183
1183
1212
41
1172
1254
1282
66
1216
1252
1256
59
1198
1214
1200
1175
1237
1259
74
1185
1242
1240
62
1178
47
1132
1166
39
1128
36
1093
1150
1165
40
1125
1153
1173
58
1116
1101
1119
1165
1149
34
1116
1111
1099
1139
1171
1200
61
1139
1185
1209
68
1142
1190
1195
34
1161
1166
1197
1177
1166
1198
71
1127
1166
1202
32
1170
1191
67
1125
1166
1206
39
1167
1188
1205
46
1159
1179
1224
41
1184
1179
1207
1189
1208
1227
1240
64
1176
1171
1203
55
1148
1201
1187
1202
1232
1203
1219
1229
51
1179
1204
1213
64
1150
1180
1204
1199
32
1167
77
1091
1173
1193
50
1143
1146
1170
39
1132
1169
1179
1162
1164
1244
1219
32
1187
1218
1237
67
1170
1206
1202
1199
1242
1265
1281
71
1210
109
1102
1080
1088
81
1008
1057
107
951
1293
1301
1299
1310
62
1248
1284
1291
53
1238
85
1153
1143
1238
1232
1285
1280
1281
1261
48
1214
1264
1314
1319
1293
1322
100
1222
1270
1293
1291
1297
1293
1284
1261
1253
1222
546
677
86
591
1226
1224
1211
58
1154
1128
1104
1122
33
1089
1089
1066
1043
105
939
999
51
948
993
50
943
962
1003
1013
1039
1048
1086
1177
1230
125
1106
114
992
976
54
923
924
1043
1233
1294
88
1207
1197
1203
1186
1223
1242
1272
1278
1286
41
1246
1235
1216
1241
1232
1268
1309
58
1252
1277
1278
1267
1253
1281
1308
1279
1269
1309
1330
1359
53
1306
1312
1296
1327
74
1254
1263
1297
51
1247
1273
43
1230
1302
1282
1260
1302
45
1257
1271
1274
1244
1249
1283
53
1230
1262
1312
52
1260
1303
1315
36
1279
1315
1300
37
1264
1260
1269
58
1211
1254
40
1215
45
1171
1175
1267
40
1227
1204
1263
88
1176
53
1123
1145
1119
1316
77
1239
1255
1244
62
1182
1261
1322
35
1287
1281
1354
40
1314
1282
1279
1308
1305
1292
1308
1297
1304
1289
1320
1334
1367
58
1309
1279
1274
60
1214
1193
1309
1384
1383
1361
85
1276
1250
1252
35
1218
1189
1272
1343
1350
66
1284
1274
1256
60
1197
1200
1315
1359
1351
70
1281
1284
44
1240
1211
1221
1375
1400
1500
73
1427
101
1327
1304
139
1166
1215
1262
1362
74
1289
65
1224
63
1161
1186
42
1145
1154
1356
1436
1513
160
1353
44
1310
1332
94
1238
38
1201
1371
1356
54
1302
63
1240
38
1202
1228
1221
34
1188
1223
1207
1293
1375
1444
1465
97
1369
1418
1486
109
1377
73
1305
90
1216
1237
1225
1237
1236
1254
1230
1247
1290
1333
100
1234
58
1176
1164
1152
1138
1137
1127
1127
1108
1109
33
1076
1075
1064
57
1007
998
54
944
988
1116
1108
1209
35
1175
75
1101
1133
1178
1208
1208
1230
1218
1206
1204
1227
1212
1220
1207
1211
1252
1301
1303
44
1260
1258
36
1222
1212
1262
1266
1269
1280
1283
39
1244
1228
1260
1331
1308
58
1250
1219
1247
1250
1225
1212
1243
1274
1280
53
1227
1305
1280
87
1193
1181
1193
55
1138
1143
1141
1151
1165
1166
1166
1160
1183
1212
70
1143
66
1078
1094
104
990
68
923
1175
1247
42
1205
1273
1345
1356
1459
45
1415
1429
49
1381
1350
1364
1389
46
1344
36
1309
1320
1351
1372
1361
84
1278
1249
1269
1269
1259
1267
1250
1287
1268
1263
1266
1262
1257
1254
1228
60
1168
1197
97
1100
1138
1119
1108
1092
1141
1154
1141
1184
1218
1250
1250
1237
1223
1230
1236
1221
1226
1225
1205
1222
1253
42
1212
1201
1243
34
1209
1233
1228
54
1174
1221
1244
1229
1217
1266
1292
49
1244
1242
47
1195
1213
1236
1215
1208
1238
1221
65
1157
1182
1201
41
1160
1213
1211
1184
1217
1237
1211
1265
1235
1261
1276
1338
47
1292
1305
1340
1317
1348
1381
109
1273
1277
1282
1260
1232
1273
1278
46
1232
1263
1243
44
1199
1243
1228
1247
1243
1252
35
1218
1263
1233
1217
1248
1220
1200
1250
1220
1230
1243
37
1206
1223
1245
1214
1227
1251
46
1206
1267
1270
1238
1264
1243
1218
1252
41
1212
1223
1256
1259
1248
1224
1219
1227
1259
51
1209
1240
1269
51
1219
1263
1273
40
1233
1261
35
1227
38
1189
1229
1214
1192
1237
41
1197
1210
1224
1211
1234
1239
1211
1244
1258
51
1208
1249
39
1210
1214
1249
1220
1213
1232
51
1182
1198
1233
44
1190
1206
1248
1231
1243
1264
1250
1282
1254
43
1212
1270
1314
63
1252
1269
1249
1242
1250
35
1215
1247
1249
1217
1250
1223
1208
1235
1253
1232
1269
1243
1234
1277
56
1222
1247
1255
36
1220
1263
1250
1250
1260
1236
1232
1233
35
1198
1235
1251
35
1217
1265
1256
33
1224
1260
1286
77
1209
1199
102
1097
1125
1127
40
1088
1118
52
1067
1091
1082
29
1053
1081
1083
1076
1064
1105
1151
47
1104
1109
1111
1167
1140
1192
1181
1200
76
1124
1110
1093
37
1057
1058
76
982
1007
105
903
939
958
965
29
937
936
66
870
966
972
101
872
939
928
919
67
853
948
953
78
875
964
77
888
916
26
891
882
42
841
885
896
51
846
950
42
909
30
879
946
34
912
924
915
60
855
952
930
917
928
926
914
910
895
898
923
26
898
931
927
909
921
929
29
901
910
899
881
874
873
65
808
820
811
846
70
777
832
58
774
802
838
66
773
809
804
792
818
804
796
806
837
48
790
809
803
798
804
817
802
802
824
811
792
816
23
793
807
802
793
784
804
23
782
782
793
775
798
782
786
795
795
783
825
38
787
812
811
809
820
809
27
782
818
32
786
815
812
816
827
821
820
814
814
817
807
804
797
48
750
810
65
745
802
28
775
42
733
806
31
775
789
790
38
752
823
825
818
837
840
45
796
914
45
869
864
881
395
486
1124
192
932
73
859
916
27
889
900
952
983
1149
1206
119
1087
1112
35
1077
1114
37
1077
1102
1084
1069
1052
1058
48
1011
1039
29
1011
1058
1034
1011
1069
44
1025
36
989
1020
1013
1021
1010
28
983
1019
1021
1022
1058
41
1018
1065
1125
94
1031
1103
1118
1093
1119
1109
1087
1131
58
1074
1120
1164
70
1094
1114
1152
67
1085
1110
1200
1175
42
1134
1183
34
1150
1200
61
1139
1149
1138
56
1082
1128
1104
1135
42
1093
1114
1151
45
1107
1160
35
1125
1126
1171
54
1118
1123
1129
47
1083
1125
1120
41
1079
1129
1124
32
1092
1150
1126
1108
1185
1169
74
1096
1126
1135
52
1084
1116
1169
1172
51
1122
1180
1201
43
1159
1137
1197
1185
77
1108
1131
1213
1211
1194
42
1153
1158
1184
1194
1191
46
1145
1149
1178
1185
1187
56
1131
1159
1197
38
1159
1152
1183
1208
79
1130
1145
1183
1176
37
1140
1151
1182
1179
1173
53
1120
1145
1168
1190
1204
1219
1201
1220
1201
63
1138
1164
1187
32
1155
1149
1183
1184
1170
1183
1169
1159
1191
1205
65
1140
1170
1194
39
1155
1186
1171
47
1125
1187
1188
1164
1203
1228
73
1156
1192
1186
58
1129
1173
1212
1192
1171
1226
50
1176
1157
1200
61
1139
1138
1179
37
1142
1168
1197
50
1147
1163
1172
32
1141
1173
1194
74
1120
1185
1198
43
1155
1215
1194
50
1145
1212
54
1159
1152
1197
1179
1151
1230
42
1188
1162
1212
1204
1173
1241
1216
1186
1254
1253
1223
1314
83
1231
1259
1274
65
1210
1262
1287
1261
1302
1296
1276
1290
49
1241
1279
1285
1256
1299
1268
1263
1299
59
1241
1269
1278
43
1236
1295
1288
85
1203
1259
44
1216
47
1170
1254
1250
1260
1272
1274
1330
44
1286
1294
1317
56
1262
1332
1314
53
1262
1291
1304
37
1268
1321
1296
1272
1321
1296
1285
1312
61
1251
1276
1317
47
1271
1287
1286
38
1249
1257
1240
41
1200
1276
1266
1249
1286
1258
1258
1290
35
1255
1254
1292
1272
1246
1286
1268
1250
1272
51
1221
1247
1258
1243
1269
1280
50
1230
1282
1266
59
1208
1278
1248
1220
1271
48
1223
1263
35
1229
1230
1267
38
1229
1234
1262
40
1223
1220
1254
60
1195
1222
1237
1207
95
1112
1312
146
1166
1233
1214
1184
1240
1219
1192
1254
1238
1259
1280
40
1240
1264
1293
93
1201
1207
39
1168
1156
1150
1138
1186
39
1147
1155
1152
1179
1170
1160
1235
1215
1220
36
1185
1179
1165
1192
1170
1203
1265
1292
1260
94
1167
34
1134
1161
1145
1179
1211
1209
1208
36
1172
1147
1189
1233
1271
1287
64
1223
1273
1278
1292
53
1240
1208
1221
1234
1252
74
1179
1211
1252
1264
59
1205
1243
1246
1237
1287
57
1230
49
1182
1228
1248
53
1195
1165
1162
1206
1233
58
1176
1183
1170
1148
1133
53
1081
56
1025
1093
1103
85
1019
1137
65
1073
1155
1138
1126
1160
1137
1125
1190
1179
1219
1227
1201
1220
1241
1314
1294
44
1251
1280
1263
51
1213
1210
1202
1180
1242
1279
1256
1263
1276
1296
118
1179
1299
1337
1364
43
1321
110
1212
1246
1287
1292
1277
1291
1313
64
1250
1318
1334
1322
38
1284
1342
1423
99
1325
1311
1306
45
1261
1250
1288
47
1241
33
1208
1273
34
1240
1250
1298
60
1239
1283
1254
60
1195
1285
49
1237
1224
1315
1337
78
1260
1265
1241
44
1197
1202

