18-08-2022 - 9:25 - Correr
Laura Velasquez
Intervalos entre latido y latido
651
654
648
659
666
679
695
687
674
659
652
652
665
673
677
673
665
667
667
670
666
657
660
658
663
660
660
654
654
646
653
653
654
663
667
667
675
664
666
674
677
673
676
664
657
657
660
658
666
666
666
661
657
666
661
667
665
666
662
667
665
669
671
664
664
659
652
657
665
666
666
665
662
652
673
673
672
670
671
673
666
663
666
666
674
672
685
680
678
679
687
678
681
683
683
681
669
664
668
670
672
667
672
669
667
666
670
668
669
661
653
662
656
663
665
669
666
669
665
669
670
666
664
658
661
659
671
676
680
679
685
676
674
679
681
685
682
676
679
665
669
672
673
686
691
685
684
683
685
679
680
680
679
676
666
665
670
671
683
682
675
675
671
671
673
670
669
661
663
657
662
665
669
664
664
666
669
675
680
684
686
684
681
677
675
682
683
682
685
677
674
670
671
671
674
670
662
665
669
669
669
669
666
664
664
666
667
667
671
665
665
665
666
667
669
667
664
663
664
666
669
677
671
668
666
666
664
656
640
645
647
647
653
652
654
663
668
674
681
682
683
684
684
684
684
693
685
681
680
670
669
670
673
677
681
683
682
683
680
682
691
696
700
703
702
699
703
706
705
695
689
686
686
686
690
694
693
690
682
683
689
694
698
699
699
691
679
682
678
676
680
675
675
678
685
688
689
690
690
687
684
685
686
691
690
697
696
693
686
684
686
689
692
698
704
707
699
692
695
696
698
699
705
707
703
708
703
708
711
716
717
708
708
712
717
717
710
715
712
706
699
698
694
694
691
691
690
683
680
680
677
678
685
682
682
684
685
686
692
689
686
686
688
689
694
694
694
694
690
689
696
699
706
709
703
697
692
692
693
693
696
695
691
691
689
688
685
687
690
690
687
686
685
670
663
658
653
654
656
663
666
669
664
662
662
666
675
678
684
686
683
681
686
694
689
688
684
680
676
672
674
680
681
684
689
685
680
684
684
691
687
682
685
690
694
695
695
684
674
674
673
671
671
675
677
674
676
683
684
684
688
685
686
689
688
692
699
697
695
697
697
700
708
708
709
706
708
702
699
699
701
703
705
705
702
694
693
690
698
704
703
698
692
680
678
678
681
680
679
671
672
673
675
674
674
666
668
667
666
666
668
662
664
663
666
672
669
663
659
661
661
653
654
658
666
660
653
659
664
669
664
658
647
650
653
654
661
664
667
659
666
669
668
676
678
681
680
685
679
671
673
670
671
667
652
646
649
20
629
624
622
615
612
612
605
603
606
608
609
608
603
598
599
602
602
601
601
603
602
593
595
596
596
592
586
574
581
580
580
582
580
577
586
587
584
591
596
593
596
598
593
597
594
594
587
582
576
577
565
567
562
568
565
563
563
567
564
566
558
563
560
565
564
566
561
561
562
561
557
555
557
557
555
565
560
567
564
566
567
566
571
563
571
565
565
565
561
561
556
558
551
555
553
552
555
553
554
553
553
551
555
552
553
559
556
559
558
561
560
564
561
559
560
554
547
544
542
538
542
540
541
542
541
541
540
542
542
543
542
542
541
541
541
539
537
536
537
535
537
542
540
541
539
540
540
536
538
539
540
539
539
538
537
533
530
528
529
530
527
530
531
533
534
533
530
528
529
527
528
528
530
528
531
526
526
525
520
522
525
530
531
536
533
531
531
528
529
529
529
526
527
523
523
514
517
518
519
522
519
519
517
522
520
521
521
517
519
519
518
518
519
520
520
518
518
514
514
513
515
512
516
517
518
515
515
515
521
518
522
519
515
518
517
515
516
514
509
502
505
504
504
502
501
500
499
500
499
499
497
499
498
496
495
494
491
494
493
492
489
488
487
488
487
487
484
480
480
481
482
482
481
479
479
476
480
480
480
480
482
483
486
487
486
482
481
485
488
491
493
495
487
489
491
497
493
494
498
497
493
488
56
433
443
574
72
502
496
495
494
497
494
495
498
501
508
505
506
507
507
511
512
513
511
510
510
512
512
513
513
511
506
506
508
507
508
504
505
503
507
511
512
516
516
519
519
514
514
518
515
513
514
518
516
514
510
508
509
512
514
521
519
520
523
525
530
524
533
531
527
524
521
520
522
519
516
516
511
515
520
528
529
528
529
530
526
524
526
527
519
517
522
525
524
524
522
520
518
517
518
519
518
517
514
508
508
506
512
520
526
537
540
544
547
552
569
571
568
565
554
549
546
550
545
540
541
541
538
541
541
540
544
542
546
541
538
541
542
539
541
544
546
546
549
548
550
549
553
551
541
535
532
532
530
525
521
522
517
514
513
512
510
520
521
525
524
531
536
532
530
532
534
536
533
539
541
543
542
545
555
546
546
546
541
540
536
528
526
529
530
530
524
523
519
516
513
512
510
511
514
516
520
520
517
518
516
514
509
509
507
510
509
505
502
503
508
514
518
522
521
523
524
523
523
526
525
524
526
529
529
526
524
516
515
519
522
527
523
521
524
525
530
530
532
541
548
553
552
552
553
544
551
547
544
537
529
529
535
535
532
534
537
530
522
526
524
523
523
526
530
537
535
538
539
537
535
541
542
552
563
569
570
574
21
553
557
552
552
549
550
548
552
556
572
574
573
573
564
568
574
568
576
585
594
598
590
583
580
585
587
577
581
587
590
595
581
590
587
593
603
605
598
585
579
590
596
606
604
606
592
611
610
615
609
605
18
588
583
579
594
600
621
621
623
19
604
611
617
630
631
20
612
601
593
608
608
614
606
605
608
607
603
606
597
591
590
590
595
591
600
599
596
602
609
624
620
627
625
625
619
633
629
623
619
619
617
609
602
607
610
616
617
611
623
626
630
625
623
626
627
630
632
629
619
623
623
620
631
621
627
633
639
653
638
633
641
650
649
651
635
636
630
637
644
644
644
633
646
651
662
659
645
651
654
650
636
633
637
651
665
672
660
652
662
665
661
670
653
655
652
667
661
655
23
633
630
627
625
617
616
613
609
611
617
616
621
616
614
615
625
619
617
606
605
606
606
616
618
618
612
613
616
616
611
611
604
608
606
601
604
606
606
608
607
608
603
600
589
587
592
588
589
589
600
600
605
607
604
612
612
617
615
611
614
619
623
620
622
618
619
621
622
625
614
608
607
602
600
605
596
603
614
625
626
636
636
638
633
632
628
627
625
627
629
635
639
639
639
643
645
639
644
640
651
641
632
628
629
634
650
660
646
650
641
647
649
647
642
637
644
643
643
646
652
635
640
656
655
664
658
651
648
642
645
649
639
636
641
644
652
651
661
656
641
632
626
639
642
646
636
635
630
632
635
639
640
642
636
651
657
665
663
663
661
20
642
637
625
619
641
640
637
628
617
617
622
619
622
620
624
627
629
628
634
636
636
639
636
635
635
633
633
634
632
630
625
625
627
634
636
649
647
643
636
633
630
626
626
624
626
618
622
623
633
625
635
640
633
625
627
618
618
618
624
620
611
613
609
612
610
610
611
616
609
607
605
609
609
616
616
617
615
610
621
625
630
635
640
645
649
655
650
644
637
642
640
646
640
635
630
635
631
626
613
608
611
615
611
615
621
614
617
617
610
607
610
612
613
615
609
606
614
612
613
612
601
600
600
602
602
602
603
601
605
599
597
588
594
588
591
594
605
604
607
612
622
626
634
639
640
649
650
637
648
647
645
650
647
649
652
648
649
651
640
628
628
622
623
633
642
643
656
659
650
656
654
648
640
640
645
648
647
643
637
639
646
642
650
642
640
630
630
624
612
609
603
604
608
610
609
606
609
613
612
620
618
625
616
616
617
625
625
630
627
637
628
622
618
617
600
602
597
601
598
603
605
603
606
601
601
600
593
598
602
604
603
198
405
802
208
594
592
597
604
604
611
625
627
630
629
640
635
627
633
622
615
18
597
595
595
597
596
597
599
600
604
610
619
624
628
633
643
635
640
624
625
620
615
621
618
620
615
611
605
598
600
604
606
610
618
621
626
639
645
660
662
652
640
642
640
634
622
622
618
614
609
610
604
612
611
615
618
617
608
609
596
598
595
606
616
623
635
645
654
661
672
656
645
633
632
640
650
662
669
666
667
665
661
665
668
669
656
654
663
670
679
667
666
688
687
694
680
675
678
683
701
695
691
688
670
676
672
672
26
647
253
394
851
167
685
669
656
662
661
661
659
657
660
655
654
650
640
640
629
636
631
637
639
631
646
643
643
644
648
641
646
645
639
28
612
606
603
594
591
586
575
572
572
573
575
571
570
569
567
567
569
570
571
581
592
606
614
629
639
655
665
663
22
641
646
643
631
633
631
634
623
631
628
626
621
613
621
627
616
608
593
586
583
575
570
568
571
573
575
585
591
596
598
597
601
592
602
586
582
578
573
579
577
571
571
573
576
583
591
588
148
440
761
166
596
597
598
598
594
590
591
594
600
606
606
609
607
601
595
595
588
590
584
587
596
607
616
625
633
624
615
610
617
615
617
621
619
620
616
617
611
609
607
608
603
601
595
591
585
589
590
590
592
588
596
602
608
126
482
721
106
616
626
628
649
655
662
662
661
656
652
651
646
631
626
631
636
648
654
647
634
633
630
648
639
633
632
632
632
631
629
632
625
627
620
615
602
594
593
596
601
604
612
606
605
605
608
608
618
621
632
629
625
616
611
616
616
610
611
608
609
599
603
597
599
599
604
606
607
613
620
624
617
618
603
603
600
600
603
613
615
619
607
609
612
612
603
604
610
613
617
615
598
608
614
613
625
617
629
630
633
636
634
18
617
615
615
616
610
611
615
617
631
644
642
655
662
710
26
685
720
29
691
688
21
667
652
646
645
644
646
647
656
650
634
642
647
651
655
656
649
647
637
632
626
616
609
608
604
607
603
606
600
589
597
595
611
624
625
628
629
637
642
647
646
643
642
625
622
607
626
628
632
633
619
617
621
621
626
638
636
640
641
640
625
612
603
604
615
624
632
631
632
643
655
645
634
632
630
624
625
627
622
619
616
607
617
613
608
593
594
598
600
604
601
612
616
608
607
604
614
613
612
611
605
600
596
593
592
594
593
601
608
616
245
372
866
261
605
608
606
610
616
628
627
637
631
628
625
632
644
648
656
662
655
655
639
626
617
616
607
604
605
612
625
639
635
641
636
628
612
619
625
636
640
632
631
631
625
624
611
604
599
598
597
608
614
607
614
618
633
647
654
672
670
665
649
655
642
635
19
617
616
615
624
625
625
618
633
639
638
631
630
632
626
627
635
629
638
624
628
625
635
645
640
638
650
648
656
657
663
671
674
676
674
670
660
659
655
654
643
19
625
631
624
622
613
607
611
612
623
625
612
625
612
603
591
594
593
603
614
629
648
652
657
663
664
34
630
631
638
633
640
640
634
633
639
650
657
662
678
688
674
660
662
646
633
625
634
637
636
633
632
639
643
636
643
639
640
630
632
633
639
641
632
637
636
635
646
652
649
650
640
638
639
642
649
651
653
645
642
647
647
648
646
642
631
637
642
643
642
645
635
633
628
625
624
620
615
614
615
618
612
611
601
614
610
604
594
593
590
591
592
589
587
584
583
588
590
592
592
597
589
586
589
582
576
578
577
575
578
584
595
604
620
642
650
649
22
627
638
18
621
618
609
614
601
593
593
583
582
587
584
585
583
585
579
583
581
584
581
573
582
585
592
592
592
603
603
608
600
600
592
593
595
593
597
598
603
606
614
613
609
608
605
617
625
625
639
635
639
626
627
636
646
639
640
635
631
636
648
650
660
651
639
637
642
644
651
660
657
646
639
647
656
667
672
667
657
648
658
659
666
661
649
650
635
626
623
624
639
649
646
638
629
614
615
613
618
631
656
678
669
679
671
670
667
666
659
26
633
642
19
623
609
604
606
604
616
623
633
632
640
648
654
650
642
629
634
628
625
620
609
609
618
608
612
617
606
624
619
625
625
623
22
601
613
607
600
603
607
616
618
601
610
603
604
613
624
620
626
627
630
623
634
633
633
632
623
611
615
604
607
602
600
600
610
610
618
616
625
634
644
639
627
625
616
611
605
616
612
611
620
627
630
624
613
597
597
601
605
607
607
618
616
616
612
611
596
595
593
594
600
615
627
637
627
623
619
611
20
591
606
599
603
598
595
589
583
592
589
598
605
599
595
603
610
619
633
640
646
637
625
634
619
620
625
621
20
601
614
611
610
598
606
602
603
592
599
598
602
589
605
607
609
230
379
850
240
610
603
610
607
603
595
595
602
606
622
619
623
623
633
642
646
658
666
666
660
657
642
643
639
629
627
634
645
648
640
635
635
624
633
627
637
637
635
628
613
609
607
601
597
589
592
594
603
609
618
607
617
621
623
625
619
614
611
604
612
620
627
631
630
625
18
607
616
601
600
601
599
598
602
614
624
644
657
663
668
662
657
671
662
655
658
651
633
633
634
638
638
641
643
650
638
639
633
627
619
613
620
625
619
625
627
641
623
628
626
624
632
638
639
637
634
627
621
606
602
601
585
594
591
598
596
588
593
596
595
593
591
589
605
613
619
616
626
640
641
640
633
625
627
618
616
609
608
604
591
593
590
594
601
609
611
611
629
629
621
633
623
630
622
624
608
610
615
603
593
587
590
591
595
592
597
599
604
608
615
626
623
625
641
636
625
628
641
646
650
652
641
626
623
608
620
622
643
663
700
681
713
701
703
697
689
680
665
659
658
656
655
655
21
634
641
646
651
653
658
650
645
639
632
632
633
644
655
653
646
640
642
639
638
638
643
646
640
624
612
619
616
611
614
620
612
609
606
601
606
598
582
591
594
602
607
606
605
595
608
606
611
609
609
601
601
605
608
603
605
594
589
594
593
594
601
605
608
613
612
18
595
601
602
611
610
600
594
597
597
598
607
621
615
625
624
625
624
610
625
624
638
636
636
644
645
635
633
631
623
619
618
621
620
616
622
626
631
619
629
640
641
642
645
644
646
632
639
625
621
620
616
611
606
606
592
603
600
602
592
592
591
600
602
606
611
618
622
621
622
608
614
611
617
607
605
617
619
629
634
629
631
636
646
633
639
632
624
620
607
608
607
607
596
596
595
597
599
606
603
601
604
593
590
591
581
582
579
582
580
592
595
597
603
608
611
609
618
619
622
620
612
601
599
603
604
606
604
594
609
602
615
611
609
607
611
623
630
635
646
656
663
672
679
668
668
24
645
628
21
607
617
614
613
616
619
626
637
660
663
662
665
655
642
635
652
655
655
638
632
21
612
621
614
614
614
606
618
608
610
614
617
621
616
614
606
598
605
603
602
603
612
610
611
616
621
624
625
617
624
621
610
618
618
611
609
613
624
625
629
636
646
653
653
647
637
19
619
623
616
607
598
595
599
601
604
615
610
630
634
650
666
682
694
689
690
704
699
694
690
681
679
673
664
656
649
653
652
652
647
653
655
652
652
650
639
639
641
648
648
641
652
653
655
660
665
667
665
666
676
681
685
692
689
692
685
679
686
684
682
677
676
675
667
669
668
666
664
656
650
650
649
657
655
656
653
655
638
632
640
632
635
632
638
640
638
631
633
637
639
639
639
638
635
631
630
626
620
616
620
623
630
630
635
642
654
672
673
665
659
664
679
680
675
669
659
669
661
658
22
636
646
21
626
639
636
632
626
627
634
632
629
640
633
636
626
620
626
626
620
620
618
609
604
602
607
618
631
641
646
657
669
667
678
684
681
685
23
662
646
642
627
642
636
643
641
632
631
625
621
628
623
631
631
630
622
617
606
612
609
609
604
598
605
614
615
626
634
635
633
640
650
660
667
663
32
632
645
628
622
613
624
631
632
636
637
623
626
638
640
647
648
643
641
648
643
642
637
25
613
627
630
627
622
625
626
625
623
625
622
624
625
622
609
617
616
627
624
620
616
620
627
633
626
630
623
624
615
615
615
616
609
616
619
613
616
630
643
661
649
654
669
653
662
660
659
649
649
663
665
679
668
664
667
660
666
666
679
688
697
681
667
657
656
665
663
655
645
650
653
658
656
644
638
639
652
645
640
646
635
634
630
625
612
614
600
602
612
618
625
630
637
624
641
644
648
632
643
625
616
610
609
600
604
611
620
623
623
626
620
627
18
610
621
614
616
623
623
606
608
611
630
635
641
653
649
632
637
639
646
657
650
656
656
653
645
634
630
628
637
643
652
654
653
651
639
642
640
649
20
630
640
635
628
619
624
629
638
644
650
638
638
640
642
634
21
614
618
624
624
620
616
602
614
616
618
606
616
605
589
593
604
611
621
617
618
631
628
625
626
621
628
634
640
641
637
636
620
618
619
628
636
638
638
641
639
647
638
646
654
654
647
644
635
635
642
643
644
643
633
632
619
614
21
593
588
591
581
579
579
583
591
603
607
606
619
635
646
670
684
682
702
706
696
22
674
21
654
649
644
630
632
624
625
625
619
628
629
638
625
611
606
592
582
569
564
556
551
549
550
552
553
551
549
556
552
557
552
555
547
553
561
566
564
574
577
589
600
601
596
592
578
566
560
567
570
579
581
587
588
599
602
603
589
604
605
610
609
610
18
592
599
595
601
608
599
593
592
17
575
575
572
573
581
581
607
664
661
688
305
383
375
662
697
698
682
672
678
687
692
697
699
701
694
687
682
673
669
672
671
676
673
672
661
656
656
663
664
668
664
666
674
678
674
674
672
667
663
649
643
642
640
634
631
22
610
605
591
598
590
581
591
591
605
597
591
587
597
598
596
600
601
593
582
583
585
591
593
585
589
599
609
606
607
608
610
614
618
612
617
627
631
631
625
626
629
634
645
638
631
626
628
629
639
640
644
627
630
644
648
637
636
645
653
636
639
625
634
635
629
620
613
21
593
603
600
589
583
582
570
579
572
571
565
562
557
549
547
553
560
568
570
571
579
582
603
599
604
598
591
585
585
596
593
596
599
594
591
586
583
581
575
570
562
559
556
561
562
564
571
578
586
592
601
590
596
596
593
585
587
597
596
590
599
591
594
594
596
595
588
592
584
579
579
572
560
550
560
562
567
571
575
579
584
578
583
588
599
597
593
600
596
598
591
587
594
590
595
592
596
597
601
601
602
601
597
586
581
573
577
584
595
600
599
596
599
592
590
582
579
577
584
594
601
612
610
612
614
613
615
607
606
603
611
613
608
605
600
601
595
592
590
587
591
591
595
602
609
603
598
603
604
612
618
620
623
611
608
616
614
607
607
599
592
586
582
588
590
594
598
606
602
622
628
636
642
636
633
630
623
617
609
595
608
606
605
602
607
609
611
604
589
585
595
597
606
605
614
613
621
620
610
608
611
621
618
621
622
624
640
626
625
615
609
595
593
584
589
588
588
3999
3999
3999
3999
3999
3999
3999
3999
3999
3999
3999
3999
3999
3999
3999
3999
3999
3999
3999
3999
3999
3999
3999
3999
3999
3999
3999
3999
3999
3999
3999
3999
3999
3999
3999
3999
3999
3999
3999
3999
3999
3999
3999
3999
3999
3999
3999
3999
3999
3999
3999
3999
3999
3999
3999
3999
3999
3999
3999
3999
3999
3948
638
638
635
18
618
609
600
601
604
606
608
609
600
604
603
605
610
613
616
612
617
623
631
626
626
623
617
611
605
605
602
597
605
605
610
618
615
617
615
620
619
615
620
630
626
625
615
626
625
624
618
626
625
641
641
659
664
666
658
653
639
631
625
612
613
608
593
595
592
592
586
586
590
594
596
595
599
603
611
613
620
612
613
600
612
617
622
638
646
651
656
664
670
663
656
660
646
634
627
24
604
603
611
625
632
630
632
636
636
624
625
617
611
608
602
596
595
595
594
18
577
586
589
592
590
585
596
607
618
623
635
652
656
657
667
666
654
33
622
644
638
630
625
626
625
629
623
612
623
618
621
610
612
601
608
614
614
606
615
611
607
608
603
594
585
591
589
593
588
594
594
596
586
590
583
573
589
599
602
619
619
629
636
629
623
645
650
649
634
635
624
624
629
630
618
622
624
624
625
625
623
624
613
606
610
610
625
627
632
632
630
621
617
614
616
621
625
619
621
616
613
608
611
611
613
614
613
611
614
609
604
601
605
599
596
602
607
614
604
604
603
609
608
610
604
603
608
618
617
611
617
630
636
638
647
645
648
648
631
643
631
638
650
653
654
653
638
643
643
648
656
646
637
647
653
657
662
656
650
27
623
641
636
638
630
625
617
625
617
627
624
626
624
620
617
603
606
600
591
595
593
590
579
573
570
575
585
596
582
593
593
587
589
594
600
607
595
585
588
587
594
600
609
610
611
619
635
631
640
623
626
624
634
648
656
666
664
671
661
646
655
647
659
663
699
710
698
726
22
704
688
684
703
718
744
21
723
743
27
716
703
708
698
28
670
665
649
679
670
678
665
657
665
678
686
688
672
672
677
703
742
33
710
718
708
708
702
695
701
682
674
661
646
20
627
632
617
619
611
612
611
626
629
630
636
628
634
630
633
655
676
681
673
670
694
683
681
670
659
658
664
670
678
24
655
660
656
647
648
27
621
628
631
632
625
623
621
632
644
651
650
652
669
685
704
701
694
692
692
707
703
720
719
708
720
703
21
682
664
663
676
680
688
685
678
682
671
680
693
685
22
664
678
670
675
683
689
682
674
661
658
19
639
633
633
648
676
700
701
703
717
709
713
36
678
668
682
686
687
703
708
714
712
702
684
685
675
671
26
646
639
647
661
658
672
669
670
668
666
687
708
714
734
749
753
755
744
739
756
764
755
749
749
747
735
732
724
732
748
758
756
750
741
752
751
744
735
732
737
730
735
740
734
742
741
735
741
748
747
733
730
741
739
740
725
727
726
726
719
720
727
722
718
715
711
715
717
708
717
710
709
704
704
706
707
700
692
693
693
686
680
674
666
665
661
649
644
645
646
642
651
650
656
665
663
21
642
658
642
653
639
633
629
639
636
626
631
633
645
651
663
676
681
685
677
673
665
681
686
698
709
702
708
719
710
712
710
692
684
678
686
680
677
667
661
666
677
683
695
696
691
687
680
668
22
647
657
662
672
677
666
687
678
667
663
653
646
642
638
642
651
658
661
665
657
646
650
650
682
725
724
728
736
750
759
759
754
750
745
738
744
730
731
729
725
732
737
743
750
747
742
736
737
734
736
738
735
728
718
719
723
725
730
740
738
736
735
726
724
719
709
699
706
699
697
697
693
689
24
666
665
666
669
670
687
691
696
695
29
666
681
695
685
676
685
680
666
652
661
665
672
675
665
659
653
638
634
637
648
642
655
677
689
701
686
672
688
724
729
729
732
731
725
727
727
727
736
740
740
750
752
758
758
751
743
746
745
747
747
736
733
726
713
20
694
693
696
685
692
708
716
719
715
714
711
703
688
694
25
670
681
686
695
697
709
700
684
678
699
701
726
739
23
716
703
20
683
701
695
683
681
667
662
655
656
677
700
711
723
732
726
717
707
693
674
706
702
715
711
31
681
685
699
697
728
730
728
718
711
716
708
708
36
673
19
654
656
659
667
681
693
675
673
672
684
701
722
744
29
715
703
30
673
664
681
691
684
682
676
709
721
728
711
714
697
683
676
685
687
689
708
719
708
727
723
739
748
27
721
20
702
694
680
680
692
702
725
730
727
749
738
767
749
773
24
749
765
750
36
714
705
731
753
43
711
735
749
22
727
725
737
43
694
701
695
703
708
701
712
714
756
761
27
734
25
710
702
702
717
717
717
728
715
704
707
692
705
716
736
753
736
726
728
738
728
725
36
690
686
29
658
661
650
653
663
647
651
644
639
636
629
638
645
659
662
666
677
682
715
705
719
47
673
674
660
643
22
621
615
606
605
611
608
621
635
640
653
667
668
668
671
686
701
722
734
23
712
698
708
708
711
24
688
710
706
692
27
666
681
673
686
694
699
699
691
28
664
672
22
651
648
666
678
702
728
722
747
24
724
763
50
714
722
711
709
734
27
708
715
721
723
37
687
678
670
673
675
679
696
698
726
736
718
723
735
745
766
752
760
38
723
709
713
737
735
718
705
702
699
24
675
674
692
684
685
21
665
666
666
671
673
666
651
671
672
676
695
695
22
673
683
697
703
735
27
708
714
699
687
688
680
21
660
648
650
658
674
692
708
742
740
750
750
745
759
753
758
752
743
744
749
744
727
716
20
697
690
688
669
683
696
21
675
686
698
707
689
702
40
662
656
652
645
19
627
623
625
620
620
618
612
612
614
617
613
606
595
586
580
583
589
596
609
618
615
613
616
607
609
603
591
592
595
600
606
606
612
606
610
608
613
614
615
615
609
619
624
623
632
631
630
628
623
620
618
616
623
617
631
666
676
712
737
744
763
776
782
794
791
783
22
761
755
750
745
749
735
723
722
721
714
708
694
680
666
661
20
641
650
668
687
714
718
725
732
724
715
722
720
716
715
712
708
689
690
686
688
683
682
680
678
672
666
667
668
671
666
666
668
668
670
671
667
666
665
657
664
663
665
663
665
666
671
680
693
699
700
689
684
688
683
691
690
694
707
707
704
696
688
682
671
661
660
655
646
645
26
619
609
598
594
590
593
592
591
598
604
615
628
636
648
644
652
638
672
675
23
653
641
655
663
677
680
681
27
655
669
661
19
642
641
645
643
642
642
655
657
661
650
652
651
634
622
632
647
658
666
688
681
729
44
685
698
694
686
685
22
664
664
666
666
722
706
718
715
713
28
686
689
702
747
25
722
741
730
737
738
729
719
702
709
738
747
753
23
731
734
714
720
720
759
35
724
727
725
717
719
28
692
20
672
689
679
679
23
657
656
658
667
701
697
695
698
739
31
709
715
716
720
26
695
694
697
685
698
731
720
728
748
28
720
736
45
691
679
675
689
672
656
652
653
657
660
673
686
700
698
697
679
675
682
688
698
708
744
36
708
750
32
719
753
55
699
703
715
736
717
22
696
700
714
721
718
738
778
44
734
770
44
727
745
33
713
707
716
725
725
729
713
700
709
747
748
733
720
713
26
688
687
706
712
727
710
711
704
23
681
685
695
698
708
708
691
708
696
701
684
699
688
20
668
666
672
683
681
670
672
669
672
674
682
685
690
693
675
698
24
675
678
668
657
649
655
655
656
643
647
656
658
644
643
635
637
643
646
657
642
653
654
655
646
651
656
656
689
670
660
653
659
651
653
655
653
665
660
662
682
682
681
670
670
24
647
656
658
660
650
656
654
650
649
661
666
685
677
680
666
666
661
654
658
660
679
690
686
704
693
692
686
699
708
708
715
699
698
701
709
729
31
699
699
682
671
663
672
665
673
672
666
666
653
660
660
672
676
675
669
656
648
635
639
634
628
621
616
631
637
650
643
649
642
638
636
629
639
647
641
646
643
639
645
674
686
705
694
689
675
703
706
713
706
707
693
690
22
669
672
691
691
686
679
683
693
692
679
668
666
678
682
695
690
20
671
682
685
700
706
701
692
682
672
660
651
645
647
660
668
687
682
684
688
710
742
34
708
703
684
703
718
724
715
722
709
698
698
694
682
674
676
698
708
704
694
21
673
670
663
647
638
635
632
633
629
627
629
637
636
649
658
670
673
666
673
672
670
666
659
642
643
646
659
677
668
665
666
686
708
749
31
718
715
716
728
740
731
723
709
718
745
741
740
46
694
686
684
25
660
650
656
665
669
670
668
653
647
637
650
648
644
658
675
687
701
707
699
20
679
681
671
658
651
655
648
643
659
665
669
24
646
638
642
643
656
652
647
662
694
702
692
677
684
37
648
655
654
667
656
655
639
630
619
620
617
611
604
597
609
624
634
633
633
616
611
606
609
616
625
628
652
660
672
704
712
721
705
708
707
700
699
703
711
715
718
721
722
719
711
697
695
691
687
669
667
665
683
690
708
732
725
708
710
717
722
727
722
731
731
717
721
706
698
683
670
657
20
637
34
604
598
601
616
620
640
638
653
653
670
701
731
761
774
792
793
793
792
784
787
776
774
766
763
760
742
736
745
749
752
750
732
21
712
711
719
726
728
736
739
743
735
748
746
751
740
723
724
731
733
733
733
721
710
710
708
712
722
727
729
23
707
716
708
712
714
702
710
707
707
705
698
692
686
667
667
658
655
652
649
647
645
645
642
641
641
644
647
640
644
651
653
654
656
654
645
632
620
630
632
648
647
649
668
694
721
737
761
764
765
752
743
27
716
726
718
718
717
716
707
711
722
719
727
730
735
734
729
735
731
730
720
708
714
724
730
731
23
709
709
708
703
698
705
708
704
708
692
701
694
696
697
688
687
683
680
679
668
672
664
665
667
670
670
661
662
670
676
688
694
691
694
697
687
693
684
21
663
658
664
666
651
663
670
665
670
659
677
676
675
669
25
645
647
658
652
648
654
642
637
638
642
654
661
668
672
663
653
665
661
670
663
21
642
651
655
664
659
646
643
652
674
679
689
26
664
664
678
695
712
726
734
732
22
710
753
73
681
673
680
705
708
719
703
696
692
696
712
748
28
720
752
51
702
700
693
719
719
724
727
727
731
25
707
705
725
732
728
713
31
683
698
683
694
706
720
713
726
706
701
692
683
674
672
670
657
649
653
643
648
668
674
700
730
727
747
746
741
737
736
735
717
722
721
721
712
708
704
702
694
696
688
685
674
683
682
682
681
674
674
674
685
694
707
716
729
762
760
762
777
805
812
820
819
834
827
821
813
810
802
799
790
792
791
789
782
778
773
770
758
745
742
747
750
759
768
765
756
744
25
719
712
717
715
716
716
712
712
706
700
696
692
684
680
678
675
669
663
667
671
671
683
707
719
737
755
762
753
756
752
735
723
724
731
736
737
742
742
742
736
738
727
730
747
750
745
739
733
731
726
722
719
709
693
698
702
702
705
713
720
726
732
731
720
710
719
726
723
729
732
738
734
751
762
766
771
765
761
747
24
723
718
727
718
714
708
697
692
683
677
22
655
655
658
659
660
671
672
679
688
684
668
672
666
674
699
702
704
708
711
704
691
700
693
692
685
21
665
658
666
667
671
668
19
650
658
665
661
654
657
655
661
667
664
650
656
654
659
655
652
654
673
678
674
673
676
674
673
678
677
663
674
657
670
672
685
680
673
666
652
666
658
655
665
663
645
645
636
651
661
676
677
680
692
725
725
762
747
37
710
20
691
715
734
754
744
765
758
21
738
722
720
728
731
748
760
749
755
743
743
743
749
754
764
777
778
782
774
767
752
752
755
761
771
774
779
778
766
751
749
752
751
748
732
717
727
730
733
730
718
703
691
693
695
701
699
709
710
712
712
712
714
711
708
703
688
693
691
695
704
707
707
707
704
691
699
704
704
706
707
708
689
696
692
690
696
694
681
685
689
692
703
705
709
714
722
723
718
708
713
715
717
721
708
719
723
721
721
718
715
711
705
20
685
690
689
685
676
672
666
659
657
671
674
676
662
656
668
681
696
695
711
721
723
721
736
736
736
733
722
728
731
740
743
744
734
725
728
725
718
710
721
723
736
745
733
731
733
736
734
727
724
725
725
724
722
722
715
714
708
702
696
698
697
696
696
694
691
680
20
661
659
665
678
682
699
697
688
692
708
719
719
709
698
24
675
673
671
670
670
678
22
657
664
669
681
685
673
668
677
674
675
675
670
672
670
22
648
654
654
664
661
666
674
682
687
685
677
668
665
665
670
672
662
689
686
24
663
683
689
685
674
669
666
673
674
675
687
686
699
690
692
720
709
723
743
23
720
743
36
707
723
708
697
681
680
665
683
734
24
710
719
735
737
734
730
746
34
712
729
740
23
717
729
723
716
22
695
691
680
672
674
661
663
661
660
648
659
657
660
653
645
646
645
647
647
640
625
626
641
640
658
675
696
696
701
710
700
692
700
694
701
694
686
687
686
703
691
681
683
676
670
673
667
666
674
667
663
662
663
660
652
20
632
642
639
626
613
621
622
623
623
629
18
612
623
634
641
649
669
678
687
687
687
698
27
671
660
674
678
678
685
689
687
671
672
666
677
687
692
685
670
656
665
653
641
632
622
627
632
637
654
655
663
656
662
681
690
693
691
684
698
709
700
694
686
20
666
662
666
668
671
668
682
689
705
695
694
691
681
684
700
709
722
725
723
715
701
686
684
689
694
694
679
681
688
683
32
652
671
666
653
642
643
643
631
630
623
624
632
637
641
631
652
662
671
675
687
693
691
679
682
20
663
646
645
646
645
649
653
664
654
645
637
635
636
639
645
639
643
650
658
663
676
675
708
708
714
703
709
706
700
720
752
736
767
753
23
731
736
747
748
766
41
725
748
25
723
757
742
763
32
732
744
753
43
711
742
723
724
711
33
679
667
682
686
694
697
699
695
693
28
665
677
670
670
657
665
671
680
687
685
688
693
688
689
692
678
673
668
659
654
640
664
659
659
658
660
653
654
645
656
641
643
653
671
691
711
716
707
732
714
21
694
24
671
653
653
666
676
694
684
681
716
715
704
698
21
677
675
685
676
669
661
659
649
647
643
634
632
645
652
670
683
683
693
683
683
679
697
703
708
705
704
26
678
674
661
643
644
634
624
627
636
638
651
235
416
916
279
638
638
634
640
647
648
652
655
647
639
643
651
643
650
664
673
668
666
662
666
671
670
666
666
664
656
639
635
629
633
632
635
645
652
656
653
656
659
647
657
20
637
637
633
637
641
636
645
641
630
634
630
633
645
653
667
674
682
675
667
670
682
686
679
680
671
657
662
20
642
636
636
645
649
648
647
655
666
680
689
691
675
677
664
663
670
670
688
674
685
703
696
684
694
711
720
713
701
699
686
670
664
647
663
668
664
24
640
653
657
657
660
663
662
672
673
669
676
671
22
650
658
660
670
684
676
682
685
688
679
676
667
675
664
661
658
654
641
638
640
655
658
660
661
667
671
688
700
705
716
717
714
703
707
692
24
669
657
641
639
624
631
636
648
662
679
691
687
680
696
708
727
749
31
718
716
718
702
34
668
665
666
672
683
682
689
691
674
663
653
667
695
704
710
705
708
699
21
679
666
651
648
678
687
717
731
747
736
759
747
729
21
708
733
734
755
31
725
731
719
706
716
722
716
20
697
703
712
737
26
712
703
685
688
690
687
705
690
681
668
658
657
666
676
685
695
679
673
658
648
645
639
651
666
679
690
688
690
698
715
710
713
705
709
22
688
25
664
21
643
639
641
636
648
647
642
643
647
648
654
660
654
649
648
655
654
655
654
655
639
654
652
639
649
655
660
653
667
677
685
685
684
681
664
655
648
635
631
627
627
635
643
651
654
648
634
632
635
649
638
646
656
668
672
22
651
657
669
674
668
699
716
729
715
705
694
697
687
683
674
669
677
681
686
695
711
697
695
707
31
676
20
657
669
682
670
683
694
691
685
685
681
669
664
652
638
650
650
653
670
678
673
668
668
670
689
705
712
24
689
683
691
717
754
759
742
743
749
29
720
718
20
699
693
681
693
707
701
700
28
672
662
660
644
647
22
626
628
622
617
611
610
606
608
606
606
621
630
642
646
638
632
639
20
620
609
622
625
623
632
650
659
691
707
715
725
734
730
747
31
716
715
708
34
674
661
660
669
675
685
676
674
668
664
669
674
692
700
716
723
711
700
694
696
23
673
673
666
664
666
673
672
675
677
677
668
673
665
658
658
643
640
634
630
641
647
653
659
662
662
668
667
668
670
665
677
664
662
663
646
636
630
619
629
623
641
641
638
644
645
651
665
665
670
679
669
666
661
656
656
661
674
680
669
655
647
654
663
667
666
655
661
662
681
699
718
21
698
688
685
676
682
691
692
697
686
687
699
701
711
29
683
679
674
661
660
652
646
637
634
629
635
640
653
666
693
685
677
683
696
23
674
663
670
656
659
661
660
663
654
638
659
654
649
636
641
641
644
642
644
639
635
637
630
639
639
649
649
644
652
660
655
661
658
660
655
654
641
625
636
636
632
631
620
620
620
624
632
626
623
635
652
662
670
681
687
22
665
664
678
681
671
671
670
666
658
660
661
658
653
655
639
633
628
634
649
673
673
666
669
661
646
643
652
661
667
661
676
667
654
659
19
641
19
622
614
18
597
601
595
593
585
583
574
574
578
582
586
586
583
582
577
576
579
573
586
592
598
599
629
639
661
668
688
702
709
692
23
670
684
672
668
659
644
641
625
612
618
625
647
649
637
656
660
677
670
672
662
652
19
634
644
648
654
661
650
649
659
673
682
706
722
24
699
743
37
706
693
28
666
665
662
661
693
703
743
724
36
688
699
692
689
696
699
726
711
721
24
698
691
691
700
707
688
679
669
671
674
677
695
693
700
723
746
31
715
728
740
739
35
705
692
21
671
659
670
674
675
674
687
693
688
690
685
668
651
661
648
669
671
669
688
692
699
702
697
692
22
670
670
672
668
671
672
667
661
656
643
646
642
643
656
666
658
670
670
679
666
675
683
744
746
749
743
728
44
684
32
653
656
648
666
660
661
667
22
646
658
656
650
648
654
661
653
643
648
651
663
675
682
666
686
679
679
664
655
661
676
699
707
698
696
690
692
706
689
684
28
656
644
633
619
20
599
598
590
595
599
618
638
656
661
679
682
699
695
691
29
662
28
634
632
629
639
642
646
656
650
649
644
644
642
661
658
661
654
655
652
19
633
640
632
645
643
647
636
635
629
626
626
625
639
638
648
655
648
635
627
640
648
651
659
662
26
636
651
658
659
655
662
671
676
673
679
675
679
670
664
655
646
642
633
634
647
649
652
663
673
676
665
662
649
652
656
660
644
643
649
648
652
649
657
660
658
643
654
651
651
641
629
630
625
18
608
595
592
593
581
578
583
596
593
591
593
598
598
18
581
583
583
589
586
581
582
589
586
583
582
583
585
588
588
592
588
586
593
599
594
598
602
600
605
601
595
603
601
599
607
594
594
585
580
583
584
586
588
595
599
604
609
603
593
585
581
586
591
593
597
595
589
589
591
592
595
594
593
595
598
594
595
594
592
598
601
604
600
607
604
602
604
600
600
601
606
604
616
620
620
620
616
608
608
603
606
606
606
609
608
612
609
610
612
610
611
611
613
608
614
607
610
612
615
619
613
611
605
595
588
583
587
595
596
599
598
596
593
590
592
598
603
610
619
620
620
614
600
591
585
586
586
593
594
599
604
606
609
606
621
620
625
630
626
622
619
613
612
612
615
616
628
641
659
650
638
635
631
637
629
623
620
629
627
631
620
616
621
622
631
630
635
638
642
642
642
650
654
23
631
619
628
619
630
635
641
637
644
643
649
646
642
637
640
636
625
616
624
615
623
613
604
603
589
586
586
581
584
583
581
581
576
573
573
576
581
574
587
596
599
606
612
614
614
619
614
611
606
607
601
597
591
595
599
603
611
617
613
607
603
608
612
609
598
593
588
583
582
574
575
578
587
591
599
600
601
594
597
590
579
585
581
576
571
571
570
563
565
565
568
567
568
570
577
573
577
583
593
595
601
603
599
594
589
586
585
581
580
580
585
588
592
592
589
584
577
579
575
576
573
576
575
574
577
585
583
587
582
588
579
564
568
565
568
565
575
577
583
588
580
574
573
576
581
579
583
589
592
594
606
613
621
614
623
614
611
604
593
595
599
602
594
597
602
606
612
612
618
620
616
621
627
631
633
628
623
618
616
611
611
621
629
635
640
649
640
639
629
630
625
624
625
625
623
622
620
621
621
625
625
633
634
638
633
635
633
629
635
631
629
615
612
606
596
599
597
605
601
610
613
613
611
619
621
620
619
621
623
620
603
595
582
584
583
583
582
583
590
594
600
602
598
608
598
594
595
595
598
595
599
603
604
597
595
591
602
609
616
611
602
601
603
624
631
633
19
615
610
607
604
601
603
600
594
598
603
589
590
598
586
585
585
588
586
585
588
597
589
588
600
607
623
620
632
632
626
615
619
624
617
615
604
594
588
588
603
611
623
616
619
623
621
613
610
617
625
637
634
627
643
640
648
650
649
645
641
644
654
664
672
658
647
642
650
657
651
652
646
652
648
637
646
25
622
621
618
613
616
616
612
607
598
597
600
600
601
603
612
616
623
625
619
618
615
618
628
632
635
631
638
648
649
668
683
694
679
684
697
694
711
705
23
682
675
687
688
695
682
21
662
662
666
677
678
666
661
19
642
643
647
653
652
640
633
633
633
641
639
629
636
633
639
638
629
627
615
616
617
619
627
629
642
649
648
650
643
642
642
636
636
633
631
619
629
627
629
619
632
634
650
645
650
642
644
632
630
625
624
614
611
617
617
628
618
25
593
671
27
645
649
662
661
676
683
668
667
664
666
675
676
666
676
679
683
668
666
650
654
653
655
666
672
680
686
696
703
705
701
706
713
721
731
735
27
709
700
718
706
706
707
706
709
712
722
731
730
736
739
735
738
732
733
734
734
732
733
717
708
715
723
731
731
728
719
725
725
731
734
735
731
727
724
721
719
718
724
719
731
726
719
715
705
702
692
694
697
706
712
719
719
724
712
708
701
698
689
696
692
686
683
692
697
702
708
695
696
700
702
707
708
708
707
712
712
716
726
726
718
712
716
724
725
729
730
728
722
729
728
734
730
724
716
717
713
711
704
699
692
699
700
701
702
700
707
708
712
715
712
706
697
688
690
693
691
691
703
711
708
706
704
701
699
702
699
696
703
708
715
716
714
712
706
715
713
713
716
714
712
706
701
708
708
712
714
711
722
729
721
716
715
715
707
712
713
705
703
707
708
708
711
710
710
713
717
720
719
713
721
722
721
718
714
723
720
720
711
708
708
708
712
708
700
706
713
722
725
724
721
712
725
721
721
707
696
689
685
679
679
670
681
681
681
678
688
682
689
680
672
666
654
20
634
19
616
609
602
608
606
609
624
648
670
675
694
702
720
735
742
737
721
733
728
727
728
720
729
726
732
727
732
721
712
719
722
717
712
704
708
707
707
706
701
699
703
696
699
691
684
689
691
693
695
701
709
708
711
712
710
709
701
700
702
699
699
692
687
693
692
698
699
702
703
701
701
709
713
713
713
716
715
713
717
718
713
715
717
720
718
713
716
716
712
710
703
700
706
708
711
713
708
703
702
708
712
705
708
705
693
693
693
697
701
708
712
713
714
720
718
725
721
718
718
722
726
724
719
718
719
718
717
723
720
712
713
712
715
711
703
691
688
690
691
687
686
680
683
689
693
693
703
712
721
723
726
721
716
711
708
705
696
698
688
684
686
685
690
695
689
690
687
688
701
713
724
728
726
718
709
702
691
687
676
671
678
682
687
693
699
698
689
687
690
693
694
682
685
688
688
685
702
708
719
727
723
727
731
733
733
728
724
716
718
719
726
729
723
720
727
732
732
737
736
733
736
732
729
729
724
722
711
703
704
698
701
703
705
700
700
706
708
714
715
707
706
710
714
717
720
715
710
715
722
721
723
722
723
721
713
721
721
718
715
716
705
706
708
717
720
721
720
717
712
708
710
710
712
713
710
701
696
702
703
703
708
708
708
710
711
717
712
708
708
709
712
711
717
720
727
725
726
725
715
717
717
723
729
727
720
717
720
728
728
719
723
720
702
704
691
681
676
666
659
22
637
627
631
634
636
650
649
650
658
670
677
679
690
685
20
666
669
666
664
668
679
700
702
703
698
705
705
715
716
709
701
700
710
712
710
723
717
708
706
689
695
704
711
710
701
706
712
708
705
714
709
713
710
713
697
686
690
687
679
693
699
688
685
676
674
662
661
666
651
662
649
650
648
663
673
672
683
691
699
700
702
708
711
708
707
700
690
682
671
673
672
673
673
667
25
643
19
625
625
622
626
638
647
676
688
697
698
683
692
683
677
681
683
684
678
676
662
664
668
671
689
680
689
690
689
684
679
678
25
654
656
642
639
662
663
689
701
705
725
740
756
764
762
758
749
743
738
735
725
712
711
710
717
721
716
718
722
719
721
723
728
720
721
722
720
715
714
705
710
709
714
716
719
719
707
699
702
703
706
709
700
700
691
678
682
679
667
666
660
657
643
640
638
640
630
628
626
625
622
635
661
670
667
666
675
689
705
709
711
26
686
687
690
697
696
707
693
714
708
711
23
689
682
665
657
648
638
623
615
614
614
632
661
694
711
708
733
795
787
795
783
780
35
745
732
42
691
694
693
691
685
682
675
21
655
645
644
651
660
663
659
682
688
708
720
708
710
701
712
700
698
22
676
30
647
648
640
641
637
627
648
649
647
634
629
634
636
629
638
635
638
621
616
624
628
634
639
643
644
627
619
612
611
609
605
604
609
617
625
642
661
647
650
657
659
656
660
652
646
648
663
666
675
663
672
678
676
659
659
666
670
669
663
663
658
672
672
677
20
658
660
654
647
643
634
635
640
657
663
680
678
666
662
664
665
672
660
657
666
676
678
671
659
657
650
664
675
681
666
664
667
672
666
656
654
664
668
679
673
686
696
711
717
24
694
681
675
692
703
697
720
22
699
693
703
703
692
696
696
731
23
708
699
701
711
700
34
667
661
651
661
672
685
20
666
655
650
660
666
681
685
725
733
750
43
708
28
681
688
687
681
700
687
669
658
656
670
672
662
660
662
665
693
711
704
693
680
696
681
668
660
652
643
646
650
646
655
19
636
633
628
637
643
655
651
644
636
646
649
686
686
696
720
715
716
20
697
684
690
687
682
684
672
666
669
679
671
655
647
640
640
658
664
663
647
639
634
637
644
655
649
636
637
624
622
637
646
658
660
664
666
666
669
667
659
651
653
663
25
638
625
626
637
638
642
639
639
654
647
656
657
651
667
659
645
647
650
667
688
691
690
23
668
666
661
658
672
664
657
645
639
643
640
644
654
648
671
680
666
651
643
635
639
637
643
639
637
643
648
643
636
632
631
641
655
666
657
653
647
657
657
664
662
651
644
646
664
663
664
662
22
640
639
651
666
679
668
20
649
660
655
656
648
638
653
656
666
660
647
645
651
655
653
647
633
628
628
633
639
637
625
620
624
629
618
614
605
593
592
595
595
602
612
620
625
620
624
625
627
636
638
642
641
632
633
636
641
649
651
646
637
630
635
634
634
641
658
665
663
656
648
648
652
660
659
654
655
658
654
647
646
657
660
660
663
23
640
634
626
630
645
662
663
666
669
666
673
677
693
713
721
708
707
700
25
675
666
662
668
672
671
677
668
661
657
648
655
651
658
655
654
666
667
666
676
673
663
657
653
653
659
664
676
668
669
659
653
666
673
680
674
673
670
665
651
636
629
627
635
639
649
637
626
625
612
607
606
611
617
615
621
635
648
654
660
660
663
652
645
648
651
652
653
646
629
625
623
623
634
638
640
630
626
625
626
638
644
647
643
636
634
638
649
662
658
658
652
643
640
640
643
646
653
650
658
645
644
654
656
655
658
657
644
635
630
626
633
632
637
634
632
636
638
647
648
651
640
637
638
641
660
652
654
644
640
636
637
644
645
651
642
636
634
635
636
637
635
623
621
621
617
616
611
607
618
621
619
626
628
629
625
625
626
634
634
638
633
623
613
616
611
613
617
625
620
617
613
612
620
625
626
627
628
629
625
625
628
627
627
621
622
618
625
626
629
620
615
609
603
609
601
605
603
604
602
608
609
612
608
603
601
599
594
590
595
601
608
620
623
632
630
640
640
625
617
610
607
603
600
591
585
581
586
593
597
601
602
603
603
605
608
614
617
620
620
616
615
618
620
622
620
619
623
625
625
630
620
624
618
618
620
621
626
622
619
609
613
607
614
611
612
613
615
613
618
615
620
625
625
633
633
637
639
644
641
632
639
631
632
629
627
620
623
625
626
630
638
637
640
639
636
643
650
657
662
651
659
651
651
651
656
656
653
33
621
630
616
621
610
608
608
606
615
621
627
621
607
608
606
613
620
625
630
628
624
615
608
606
615
617
620
623
627
629
631
628
629
630
637
639
651
654
656
660
649
643
630
629
636
652
666
671
697
701
692
705
704
703
705
705
701
695
687
680
671
669
23
647
656
652
650
656
655
658
660
666
661
646
643
630
623
616
623
627
645
657
664
673
681
672
676
686
676
22
655
646
646
651
663
666
661
647
632
631
625
625
616
608
600
603
616
620
635
651
664
680
679
666
664
654
642
635
650
647
657
655
648
644
631
618
609
603
602
605
617
619
624
627
635
638
637
637
631
623
622
624
625
629
640
647
645
20
626
618
606
601
601
604
619
620
642
654
654
665
648
649
634
630
643
644
641
637
638
640
629
617
611
605
606
617
625
627
646
652
666
657
661
658
650
632
627
622
626
629
625
626
619
611
604
597
598
598
602
614
618
617
621
618
625
621
623
617
610
609
616
622
627
625
611
607
600
600
607
615
630
639
648
651
654
653
653
648
636
642
670
692
694
692
30
663
28
635
625
617
613
620
623
632
631
635
633
639
637
641
637
629
613
621
632
638
638
634
632
616
605
599
601
616
617
627
625
624
621
629
629
631
628
633
630
634
632
640
642
641
638
626
618
613
606
608
616
625
631
640
647
640
653
649
652
653
648
656
659
655
638
24
615
616
613
605
609
610
625
621
627
623
613
609
604
609
615
614
625
630
627
627
625
628
627
625
628
626
625
614
619
624
629
625
629
621
623
623
625
624
630
625
625
620
624
619
619
617
617
624
625
627
626
622
625
622
619
612
610
602
602
600
604
603
602
598
603
608
615
616
618
617
615
615
613
616
616
617
614
611
604
606
607
613
616
619
623
619
614
612
608
607
605
599
602
614
622
636
636
631
631
625
625
624
624
624
622
620
620
616
618
612
612
613
606
605
606
601
605
599
598
599
605
604
609
607
608
609
606
614
612
604
610
614
608
605
600
602
607
613
605
616
616
624
620
617
626
616
624
612
619
616
617
624
631
625
622
623
625
626
625
626
624
633
648
640
643
640
649
646
643
641
637
633
618
615
607
599
608
625
626
639
642
661
679
710
749
51
699
706
723
22
701
27
675
23
652
655
649
662
682
695
712
733
718
708
693
704
736
725
726
727
720
727
733
740
742
728
720
723
729
732
737
730
717
718
726
730
737
735
737
737
726
714
722
728
735
742
742
724
725
722
730
729
21
708
708
713
718
714
713
713
723
731
739
741
727
720
725
724
724
726
715
720
720
726
722
708
707
709
710
710
709
705
702
706
700
696
699
699
701
704
702
704
704
708
709
706
703
706
707
708
711
707
703
705
706
709
706
699
692
698
702
708
715
720
732
731
730
741
746
750
753
747
742
727
718
722
730
739
748
750
742
25
718
727
738
742
744
743
745
732
727
717
710
41
670
654
649
645
664
655
641
646
646
635
627
626
628
18
611
613
615
606
608
611
614
617
610
609
617
620
617
625
638
640
655
653
647
654
662
666
658
664
663
681
692
703
695
694
20
675
686
685
687
679
669
676
675
673
675
668
673
674
663
664
671
672
663
647
634
627
626
628
627
633
640
651
651
646
645
635
635
623
623
621
627
643
666
679
675
669
671
682
688
687
693
681
681
678
671
668
671
671
663
666
658
666
679
685
690
690
691
689
697
689
705
706
20
686
693
708
718
744
748
746
22
724
717
721
728
720
721
715
704
695
716
714
725
739
734
23
711
715
710
731
730
750
732
730
23
708
705
705
711
728
723
734
22
712
697
701
708
723
717
703
702
709
718
708
715
708
698
701
701
707
710
723
22
702
700
696
699
706
694
698
715
714
720
712
702
706
708
711
706
712
704
709
720
723
726
721
723
707
699
697
698
726
725
734
26
708
708
701
703
697
696
702
691
698
698
702
705
710
700
694
691
678
691
705
712
730
733
719
707
713
716
717
726
719
724
709
712
706
709
720
728
720
711
720
722
723
721
712
702
703
695
701
706
694
701
682
682
680
689
688
690
693
687
677
674
686
679
699
698
698
708
718
717
725
729
720
708
724
713
721
705
719
701
708
710
715
708
695
689
679
680
680
689
703
702
692
689
687
689
694
695
702
693
689
694
700
707
711
709
704
704
709
715
718
721
714
703
695
697
705
699
700
690
677
684
688
696
710
717
704
694
699
706
707
711
709
702
687
690
676
680
685
681
691
690
697
694
718
732
735
740
720
733
728
732
734
751
29
723
718
719
725
724
715
699
702
700
715
711
727
722
712
711
720
720
744
750
22
729
717
720
722
715
740
735
21
715
712
720
709
717
714
707
713
719
720
723
719
710
703
692
690
705
705
716
710
721
725
733
729
720
716
728
724
733
719
710
711
722
719
713
699
690
694
706
706
713
700
691
694
695
704
703
693
692
695
697
692
695
689
693
681
684
691
690
690
698
713
730
725
719
702
705
696
700
702
697
692
686
690
687
700
702
699
713
707
711
708
698
684
690
691
698
686
672
667
664
673
688
685
681
678
670
685
681
684
672
682
670
664
672
672
659
22
638
648
655
648
659
673
658
20
639
646
629
648
648
645
635
632
624
614
612
615
613
616
617
623
622
617
610
615
609
606
609
608
612
606
596
599
601
598
598
614
607
606
611
599
602
611
602
605
614
602
603
605
601
611
601
597
598
600
593
598
594
587
593
589
590
588
586
577
583
577
575
578
574
568
572
569
565
572
569
563
572
566
561
564
566
557
562
562
554
558
557
547
552
550
544
551
548
541
547
541
541
542
541
534
540
536
532
537
533
530
536
531
525
531
523
524
529
524
521
525
523
523
520
522
522
520
516
521
514
518
515
512
516
513
509
515
508
509
507
505
507
506
507
508
504
505
505
498
501
500
497
501
499
499
500
496
497
496
497
495
494
496
494
495
495
491
491
480
490
492
484
490
492
487
495
490
489
493
491
489
494
489
490
492
490
490
488
489
491
487
492
493
488
490
490
485
489
485
487
488
486
489
489
488
492
486
491
491
485
491
486
486
488
487
489
486
486
485
477
480
478
480
481
479
478
475
476
475
472
476
475
468
471
467
468
468
467
463
463
469
465
459
465
462
462
463
462
461
461
466
466
457
461
457
458
458
457
456
454
457
453
452
458
453
450
450
451
451
446
448
448
451
452
450
448
448
451
453
449
450
447
452
451
448
447
448
449
452
449
447
448
450
451
448
447
446
449
448
447
447
443
448
443
444
439
446
445
440
443
445
443
442
443
445
445
444
443
443
445
449
447
446
447
452
450
450
450
452
450
450
448
451
453
453
453
452
454
455
457
458
458
460
458
467
465
466
468
468
473
471
472
470
469
467
468
470
467
469
466
468
14
455
464
463
461
460
459
460
459
460
458
461
459
461
462
462
464
467
468
468
468
469
472
471
473
472
474
476
476
478
480
477
477
477
474
469
474
474
471
471
473
478
480
480
483
490
492
496
497
500
500
496
493
490
486
481
478
477
473
472
475
474
479
483
491
499
495
498
498
495
495
490
489
486
485
487
487
484
484
488
492
497
499
501
503
497
495
493
491
491
487
490
489
495
499
500
500
499
497
499
505
507
511
511
522
527
533
531
532
534
535
543
544
542
543
535
524
518
511
511
510
518
521
527
518
62
457
127
330
323
607
60
548
546
542
544
544
535
537
540
530
524
519
513
518
523
531
538
539
540
541
543
544
544
541
534
528
530
526
526
522
514
519
523
532
539
540
530
531
532
533
534
539
547
563
569
568
564
571
585
588
581
576
571
576
585
594
595
589
589
595
596
593
592
592
601
610
610
602
603
601
611
623
615
617
609
594
581
574
583
583
584
580
566
552
555
558
568
579
591
589
582
574
570
587
595
603
603
601
591
591
600
606
608
608
594
589
583
589
590
595
603
595
598
600
605
607
612
606
606
603
589
588
18
571
566
571
576
580
578
583
583
594
601
598
596
593
595
605
610
619
624
613
619
630
633
641
649
638
634
643
646
647
636
637
645
636
626
616
606
616
618
627
625
622
622
632
644
643
641
632
635
631
20
612
596
593
588
591
585
593
590
588
583
575
577
581
578
581
583
587
592
596
591
586
592
595
601
603
601
615
624
625
632
622
622
625
631
640
644
285
360
84
276
648
728
60
668
661
661
661
658
658
655
652
644
640
643
646
646
642
634
631
636
639
627
625
625
622
620
621
621
616
611
606
601
595
598
598
598
601
605
604
611
613
620
623
620
620
613
602
597
590
592
585
594
602
600
591
598
601
608
607
609
619
629
625
621
622
626
631
634
629
630
632
619
621
606
601
605
611
617
621
620
619
623
626
628
633
626
628
635
641
645
643
646
639
643
635
644
649
653
652
650
645
638
641
647
651
654
652
646
22
625
636
631
635
634
632
625
626
616
625
624
618
609
599
616
616
626
625
629
627
625
637
642
640
641
632
634
636
637
636
639
634
638
634
633
636
634
634
642
642
649
647
651
641
646
650
650
650
643
638
645
641
644
644
636
638
645
647
653
661
657
670
678
681
684
677
672
662
673
666
668
665
661
656
656
662
662
661
659
657
655
649
649
648
654
652
659
651
649
662
660
662
661
671
661
662
648
644
640
638
643
645
651
647
653
655
662
659
657
654
658
661
657
655
651
654
657
658
663
659
656
656
661
659
666
660
656
662
664
660
669
665
668
666
665
670
659
23
636
637
639
648
654
652
653
653
644
651
656
656
659
656
649
655
662
660
657
649
657
661
662
665
661
649
653
658
652
658
649
650
660
665
662
664
652
650
658
658
663
664
660
657
662
645
635
633
641
653
652
650
653
662
658
664
657
658
657
656
649
651
652
650
653
639
644
643
643
647
638
642
638
625
620
619
618
625
625
625
620
615
619
620
616
615
612
607
610
609
613
606
599
606
600
601
607
614
621
626
621
629
626
630
629
628
637
629
627
619
618
617
617
621
625
624
620
625
625
624
625
618
624
625
625
625
624
622
627
625
625
625
622
619
624
621
626
628
627
629
625
627
626
625
629
622
616
622
622
619
620
619
617
621
622
623
618
618
622
619
618
620
624
616
614
616
616
613
613
606
599
598
597
593
597
589
584
582
587
583
17
566
571
565
568
568
575
583
592
602
613
619
620
625
629
635
633
636
626
625
634
632
634
635
629
624
624
622
621
621
623
615
620
619
620
618
615
616
615
613
616
610
611
611
609
605
593
593
583
585
584
580
582
581
581
581
579
579
583
588
586
583
583
587
587
591
592
595
599
603
610
613
614
615
612
617
622
625
624
621
620
621
624
625
626
617
625
633
628
626
624
617
611
605
606
599
599
608
619
625
628
632
630
638
641
639
635
632
631
629
632
631
636
637
640
642
634
634
630
625
620
621
623
623
623
625
622
621
616
619
624
625
628
623
631
627
629
623
619
622
624
617
612
611
611
614
616
614
618
621
618
623
625
630
630
633
632
629
629
632
630
626
625
625
628
632
629
626
625
628
627
624
626
624
625
624
625
632
626
625
631
632
630
633
630
632
631
633
630
636
633
638
641
644
637
647
646
645
641
634
631
630
633
634
633
636
641
632
630
627
630
629
628
630
629
635
640
645
637
635
635
633
637
633
631
626
631
624
608
608
605
607
605
602
607
606
605
599
599
597
594
593
595
211
385
797
210
588
589
591
594
589
587
586
583
584
583
578
575
576
576
578
582
583
589
589
592
592
588
587
584
584
587
586
588
586
583
244
340
824
245
579
583
589
593
592
592
594
591
593
596
600
601
602
598
597
598
601
601
602
595
598
593
594
598
602
605
605
606
606
605
606
605
600
602
592
592
590
590
589
583
581
587
591
592
590
590
595
595
602
599
599
599
596
590
300
291
297
586
583
574
575
572
570
566
571
572
575
574
574
579
583
588
589
320
270
11
259
278
15
263
277
268
271
269
280
11
269
268
271
277
856
575
282
1165
391
774
3999
3999
3999

