18-08-2022 - 9:25 - Correr
Juana Saldivia
Intervalos entre latido y latido
751
767
777
772
770
771
791
803
791
785
788
789
782
771
775
780
783
777
784
796
803
803
790
774
780
788
796
783
780
787
791
791
780
778
782
786
784
781
780
790
796
800
788
784
787
788
779
773
772
775
782
770
759
766
764
759
750
753
758
768
764
765
779
791
787
777
771
769
766
750
757
762
767
758
756
764
764
751
749
751
756
757
747
748
753
761
753
750
739
758
758
766
756
751
754
756
758
752
755
765
774
769
765
760
770
770
764
761
761
763
762
757
754
764
769
766
760
758
765
769
757
758
762
768
759
753
752
753
757
753
754
760
763
768
763
766
779
791
785
780
775
776
768
755
750
759
766
766
765
768
773
781
772
774
772
773
774
768
764
765
765
770
761
763
766
774
783
780
779
785
787
780
772
764
767
774
768
764
762
764
766
763
760
763
771
775
765
764
766
768
768
755
754
755
756
756
752
750
759
766
766
763
762
766
766
756
751
750
750
747
739
741
745
747
733
725
720
747
745
750
758
750
750
753
758
762
756
762
775
788
783
779
784
782
776
756
751
752
752
745
742
742
750
758
752
747
745
743
743
744
744
754
765
764
759
757
762
756
747
739
732
736
741
745
742
746
757
764
761
759
759
763
764
754
750
755
759
764
756
759
765
772
775
764
769
777
779
769
757
763
769
774
765
760
766
770
769
757
761
763
765
752
750
753
760
755
745
745
750
758
749
747
752
756
760
750
744
749
750
756
750
750
756
761
750
747
751
755
752
740
734
739
743
751
750
750
753
752
755
744
745
749
753
758
750
750
757
757
763
752
750
751
752
757
748
743
733
750
751
755
759
749
751
764
770
759
760
771
782
787
776
772
781
784
777
764
763
765
770
766
763
762
769
778
777
770
770
774
782
780
774
769
775
783
770
761
747
744
741
738
734
742
753
766
765
762
763
769
779
776
773
779
783
784
779
778
783
789
783
780
780
783
790
778
768
769
773
780
784
780
779
785
787
783
779
778
790
791
783
788
796
792
783
777
773
774
765
759
763
768
771
759
756
759
760
755
747
737
744
746
750
746
744
744
753
758
752
749
748
750
750
743
739
732
736
740
747
742
752
756
749
33
716
708
693
691
686
697
686
680
674
683
687
691
689
684
684
686
679
681
690
693
688
707
713
708
717
730
23
707
704
705
22
683
680
670
675
670
666
669
674
669
659
658
662
674
663
660
662
654
649
650
659
651
646
649
651
650
654
649
642
639
642
643
641
635
637
633
627
629
631
632
627
619
614
620
623
617
615
616
619
613
618
622
625
616
609
612
622
625
630
625
622
625
628
620
621
625
623
616
615
610
611
615
608
609
606
606
605
603
605
606
602
601
603
607
603
599
599
597
604
597
598
598
606
608
601
603
598
600
601
597
597
606
603
595
596
598
597
592
594
591
602
608
604
598
598
598
600
598
598
592
600
600
598
598
597
599
600
593
594
596
600
592
590
590
592
593
591
589
592
591
594
598
595
594
594
599
595
590
592
591
591
598
598
594
593
594
592
589
583
584
586
596
596
593
595
592
598
602
598
592
592
592
596
588
585
585
584
588
585
586
588
598
599
595
599
602
595
597
594
608
603
604
601
61
541
664
58
606
608
605
612
615
626
624
27
597
610
603
598
594
592
596
596
597
601
605
604
607
620
636
638
634
628
639
638
638
635
640
640
640
651
654
649
676
683
686
677
676
692
704
699
690
721
713
30
684
686
691
694
681
681
685
694
693
702
710
701
690
693
698
689
687
692
681
669
667
667
684
709
706
702
717
734
731
727
736
740
752
740
736
745
32
713
716
712
726
736
737
731
729
742
752
743
749
769
762
751
759
770
753
761
757
751
738
751
758
749
735
36
699
700
701
693
690
683
724
736
761
752
748
746
759
761
754
753
764
778
768
761
771
777
766
759
750
753
760
754
752
766
753
748
755
760
763
769
779
775
763
767
766
753
746
755
750
745
751
751
741
738
750
753
748
747
751
744
741
738
749
756
749
748
746
743
729
722
719
726
714
719
732
750
738
734
745
750
745
749
753
756
745
729
725
755
745
741
723
715
712
708
709
717
721
728
729
759
780
777
770
795
811
790
782
786
789
772
757
761
766
753
749
750
757
748
750
756
768
771
784
795
785
792
795
780
772
766
769
754
750
758
759
758
754
767
759
760
752
744
734
725
734
746
737
741
757
770
763
766
773
756
751
753
762
763
768
768
759
760
746
755
744
725
717
710
708
701
706
694
715
718
722
728
733
738
735
728
719
721
711
713
715
724
719
720
724
731
741
737
737
744
755
755
756
757
763
760
760
769
765
759
757
760
761
744
739
731
732
737
741
738
740
750
759
758
749
745
748
749
745
733
736
740
744
737
738
743
750
741
740
738
746
743
745
747
747
734
734
734
735
724
727
726
732
736
737
740
745
755
751
750
741
746
744
732
729
731
731
736
730
733
737
747
751
743
745
746
745
740
743
745
740
725
721
722
726
728
725
726
727
739
745
741
735
739
736
731
721
726
726
726
722
728
732
736
737
746
750
740
740
743
748
739
739
740
742
737
736
738
738
730
723
722
729
740
736
741
748
750
748
746
750
754
754
759
755
749
753
753
750
751
752
753
753
748
746
748
749
739
747
751
755
746
748
750
755
756
753
756
755
759
752
750
750
745
736
736
732
742
755
753
754
752
751
752
744
741
736
734
731
731
722
718
716
713
709
707
709
717
715
718
723
726
714
713
711
714
714
710
710
716
721
713
704
708
704
692
694
700
706
717
727
740
759
773
764
764
765
759
26
734
723
715
710
710
716
724
725
728
727
731
736
727
733
732
735
745
744
746
750
763
760
762
760
760
753
742
743
741
737
727
728
730
740
749
756
754
766
767
773
766
765
765
761
750
749
755
767
766
770
778
787
786
791
789
790
776
773
768
765
752
753
756
759
755
755
755
762
765
765
748
753
762
759
26
734
731
718
715
716
712
725
736
750
756
770
783
787
785
791
799
794
790
790
786
774
768
768
767
767
762
764
771
771
772
776
780
771
767
758
768
772
766
760
758
760
761
754
751
753
761
766
759
763
773
778
770
773
774
778
767
765
766
767
755
755
757
759
755
751
750
751
754
750
750
741
737
730
716
708
717
716
715
714
724
741
752
755
765
771
753
754
754
752
745
752
746
745
750
761
751
747
752
766
752
749
751
765
779
770
766
774
780
778
765
756
755
751
750
750
752
755
762
747
744
741
745
735
737
739
750
742
748
754
767
758
760
767
761
753
760
765
753
757
763
766
762
762
767
755
753
750
756
760
754
758
765
768
758
759
765
766
757
760
767
769
754
756
757
761
750
749
742
751
764
769
762
761
769
760
752
745
747
747
730
32
698
702
687
687
701
706
725
750
766
762
784
796
799
29
770
780
788
795
783
769
783
789
791
27
764
764
780
795
802
782
772
778
780
777
756
763
776
781
784
23
761
762
769
776
762
766
780
794
789
804
815
825
29
796
795
809
808
30
778
776
782
785
787
769
763
778
796
812
797
794
813
819
33
786
803
806
23
784
787
791
785
22
763
766
776
780
782
764
763
776
784
789
773
766
779
780
775
756
772
776
783
771
788
795
791
775
784
789
790
773
765
773
775
779
22
757
758
769
775
770
761
776
779
771
756
767
769
770
758
751
762
773
787
781
785
800
812
801
788
796
796
794
27
768
768
771
769
750
745
752
761
759
749
750
766
782
780
771
780
783
770
758
766
775
781
765
771
778
786
774
770
780
783
776
763
768
779
789
775
774
788
801
795
777
776
771
762
24
738
730
734
742
758
770
763
773
787
793
774
770
778
777
771
756
764
769
772
758
753
761
760
750
744
751
763
773
761
769
780
787
773
779
788
790
770
771
779
782
766
769
779
786
770
767
772
772
756
745
748
753
756
748
745
757
769
764
753
762
771
764
753
762
769
767
753
752
757
751
761
768
752
737
749
752
750
747
734
748
757
751
755
773
791
791
788
804
811
23
789
797
791
22
770
772
775
762
755
767
777
762
769
777
780
766
760
778
784
786
780
791
794
776
781
782
786
769
781
781
763
750
761
769
771
773
780
786
771
759
763
759
759
763
765
773
789
801
798
790
789
791
791
775
773
773
772
761
758
753
762
762
758
755
764
766
769
757
758
760
770
778
764
763
766
773
765
774
773
765
768
775
784
776
776
780
782
774
761
766
768
765
761
742
751
760
771
754
758
768
764
747
738
741
743
750
746
750
753
760
762
766
769
763
769
754
739
728
732
732
747
763
778
782
778
782
774
768
756
759
755
760
770
778
774
778
785
789
790
781
773
26
747
734
735
732
738
752
772
765
763
775
790
795
782
780
785
785
784
775
767
772
771
766
768
774
778
769
778
781
770
757
766
767
763
749
750
756
760
755
747
755
765
764
752
756
763
768
756
750
754
759
762
752
749
737
743
756
761
764
750
752
764
771
772
759
762
748
740
744
764
767
776
780
775
755
750
747
752
751
752
762
751
749
750
759
759
762
764
750
760
759
758
751
756
762
759
749
738
744
745
738
731
736
747
756
750
734
745
754
758
750
768
777
776
759
765
763
764
751
758
763
755
767
765
756
764
769
754
758
764
761
746
742
740
738
726
717
726
735
743
750
741
750
756
764
780
783
771
775
791
791
784
23
761
759
752
740
738
731
727
731
750
765
758
750
768
778
774
758
761
768
766
23
744
737
744
750
744
756
771
777
773
784
791
788
774
772
771
763
755
742
741
750
759
762
750
754
746
754
751
750
750
739
744
752
755
755
739
746
757
761
758
750
764
770
764
755
767
767
771
754
746
755
759
763
744
749
752
755
741
743
750
755
742
741
747
762
766
757
760
771
772
751
753
754
754
751
739
739
750
752
745
737
747
756
766
754
743
758
764
769
754
757
763
764
745
755
763
766
751
748
763
770
778
767
765
779
783
771
765
770
771
770
751
741
750
755
751
744
755
766
780
782
768
771
765
22
744
746
746
754
747
744
750
754
750
739
748
753
748
743
754
764
760
749
745
759
761
22
740
731
751
752
758
759
762
752
750
756
753
736
751
754
763
760
761
770
780
771
772
772
760
750
757
750
754
757
751
744
750
761
771
776
756
760
763
757
738
731
728
734
728
741
756
770
756
744
757
765
762
747
744
748
747
753
758
746
745
753
737
749
745
725
719
729
733
739
733
733
743
750
756
751
748
22
726
729
737
739
727
729
731
741
741
760
766
779
789
781
783
790
787
784
780
24
756
748
728
720
718
723
717
705
709
718
727
741
735
744
750
765
768
765
775
772
752
744
745
737
726
729
728
732
713
716
719
726
736
747
737
732
750
757
762
745
742
740
744
749
746
747
757
769
779
769
763
778
764
768
771
766
749
752
761
765
749
751
761
754
770
24
746
742
744
740
726
716
711
700
681
680
691
685
673
20
654
669
660
653
651
650
658
669
697
727
748
754
772
797
812
825
831
817
801
795
791
786
776
762
762
767
774
774
762
769
770
753
22
732
733
732
730
724
717
712
719
732
748
746
750
763
781
783
779
767
770
760
743
735
738
738
750
755
748
750
757
741
742
749
23
726
714
730
744
748
745
747
750
747
750
734
739
741
732
741
731
740
754
764
756
752
752
753
750
735
722
710
703
700
689
683
684
694
711
732
746
748
751
778
791
778
777
783
771
759
750
750
755
763
764
767
774
785
789
778
788
789
786
766
750
756
755
753
742
748
764
770
767
768
767
763
752
750
761
765
757
766
102
665
875
111
764
756
758
756
750
742
739
751
751
767
772
764
760
766
770
764
745
727
731
729
732
725
731
731
745
752
743
767
757
753
760
772
783
787
793
790
782
768
23
746
743
730
727
725
732
752
773
791
787
777
775
774
771
765
766
749
743
750
756
764
747
760
758
759
751
741
737
746
750
752
749
750
753
736
728
738
739
744
739
733
739
733
734
721
710
719
728
733
732
736
753
759
762
748
750
750
745
743
724
719
724
730
734
732
727
736
736
734
725
728
732
739
743
731
735
738
734
42
693
702
713
714
718
724
730
728
741
757
767
762
781
786
770
771
772
753
747
747
746
734
740
740
741
745
727
719
726
729
732
740
730
747
750
748
737
749
753
744
742
747
734
733
742
747
737
729
743
747
754
756
743
740
751
755
753
755
740
749
748
745
728
736
738
722
729
735
735
729
724
721
730
735
729
720
732
734
731
719
726
727
723
715
726
731
727
721
731
736
735
733
740
745
733
737
743
741
726
732
733
723
722
734
720
726
728
735
739
747
745
23
722
713
723
722
722
711
715
725
736
727
720
733
743
747
743
744
759
764
749
759
768
776
758
757
766
761
743
738
744
741
725
736
743
741
738
750
754
745
758
756
739
745
744
744
730
724
735
740
729
742
23
720
740
741
725
720
732
736
727
726
738
744
741
737
747
749
744
737
743
728
724
728
732
725
724
738
750
756
743
745
751
750
741
730
729
729
728
724
735
743
745
735
736
748
751
736
725
733
739
744
755
778
794
793
792
803
813
799
783
784
778
775
760
747
22
725
719
725
730
742
741
742
752
770
773
761
760
768
767
770
760
756
761
768
33
736
742
729
714
710
716
727
750
780
796
795
807
809
803
805
810
809
791
45
747
758
31
728
21
708
704
709
715
716
718
739
755
761
753
765
767
753
761
766
772
757
762
750
760
768
769
755
769
765
748
748
754
740
723
736
751
749
744
746
744
756
765
773
779
769
28
741
735
743
743
745
739
753
762
758
771
773
781
765
778
777
771
767
766
752
757
763
770
770
752
752
764
763
763
753
760
763
760
743
749
753
752
740
750
758
766
756
759
770
766
754
743
752
733
738
749
758
749
750
765
750
739
749
751
756
740
735
742
750
750
743
736
744
751
756
761
751
766
765
763
758
761
752
24
729
730
746
748
750
750
736
731
741
743
749
746
745
765
781
793
782
793
806
804
28
777
774
780
776
22
754
751
747
745
741
726
728
742
750
753
751
21
731
737
742
735
735
753
752
746
735
738
743
746
751
747
742
739
750
759
764
770
769
749
750
750
750
745
741
751
751
758
755
751
734
728
728
736
742
752
747
747
751
762
768
771
762
752
758
761
763
755
741
738
744
734
26
708
716
705
693
693
698
700
709
721
727
709
721
741
748
756
739
747
763
767
756
754
771
778
762
769
779
783
769
768
780
785
789
23
766
771
777
784
781
781
770
778
766
758
763
759
757
764
773
777
783
776
759
760
769
771
771
779
764
758
765
768
772
768
759
766
772
773
773
22
752
751
758
760
765
750
747
757
759
758
750
740
743
746
755
761
766
751
757
763
765
759
25
735
756
762
771
779
777
771
781
777
779
768
22
747
730
741
744
754
761
753
758
771
776
778
764
764
772
774
776
763
763
774
776
771
770
763
768
763
764
752
747
750
754
759
747
748
757
741
732
729
724
723
721
712
723
723
728
724
738
750
752
762
755
742
742
754
764
759
752
760
748
733
735
736
728
709
711
714
718
724
720
741
752
766
766
756
765
771
767
763
759
749
746
28
718
718
21
698
695
695
702
711
721
737
745
742
23
719
733
735
740
727
743
749
750
745
767
777
790
774
786
796
796
776
783
782
772
764
776
778
762
760
770
775
763
770
777
759
761
758
758
756
750
741
738
730
736
741
747
742
733
745
751
757
743
754
752
750
745
754
761
766
752
754
755
760
763
752
745
742
746
745
747
749
745
754
752
751
739
740
743
743
733
740
746
740
728
721
734
738
748
742
754
767
779
773
772
773
771
765
760
24
737
728
733
736
743
745
748
763
776
766
777
783
777
773
753
740
742
748
755
762
752
763
772
780
770
780
775
766
763
763
766
769
771
760
764
765
766
758
766
772
781
775
778
785
781
765
762
765
761
752
755
758
764
757
753
763
763
755
759
763
770
772
759
770
769
758
744
746
748
737
736
734
727
736
739
748
735
740
740
741
722
728
723
722
717
724
730
737
738
751
761
775
784
791
780
780
794
798
794
778
774
776
773
762
753
759
766
762
761
770
766
752
763
770
784
781
766
763
767
765
751
755
759
763
765
756
763
769
772
762
756
761
763
758
760
770
783
786
789
792
796
791
775
24
751
751
750
751
747
742
743
747
754
758
22
737
743
746
749
750
762
771
768
768
779
782
772
769
773
771
756
757
753
761
765
758
754
742
737
738
742
748
754
758
758
753
754
21
734
23
712
720
723
729
734
721
736
739
748
747
751
749
752
742
725
731
738
750
757
764
766
759
746
727
727
728
742
746
749
748
770
772
772
773
779
776
757
764
763
754
754
757
766
769
775
784
786
786
778
22
757
746
747
744
750
754
758
754
750
745
729
725
722
717
728
737
755
769
771
778
783
779
768
764
762
755
753
751
761
760
758
772
779
766
764
763
762
751
746
739
745
753
749
750
740
731
730
727
724
713
708
712
729
746
762
778
789
779
781
23
758
755
755
744
739
733
741
753
776
792
800
813
821
831
816
809
802
799
780
765
754
762
769
773
785
792
790
793
799
801
793
783
788
789
782
767
768
768
772
759
753
753
760
767
769
764
767
771
771
759
761
764
760
766
769
759
761
756
739
735
724
714
713
699
698
708
726
745
753
755
774
797
803
786
779
791
799
802
786
797
806
804
786
787
798
801
793
781
763
24
740
724
716
721
735
751
750
757
776
800
819
814
805
810
812
791
782
765
758
760
755
771
776
773
769
782
797
807
815
827
832
830
825
829
812
808
809
796
793
796
793
788
767
771
770
771
762
760
771
775
766
767
784
799
796
795
811
813
808
812
810
807
811
817
814
816
825
821
818
826
821
813
809
812
805
803
809
817
819
808
809
805
789
788
796
784
776
778
792
795
791
791
805
817
808
807
810
818
812
804
801
807
814
808
806
813
822
828
813
800
800
798
789
775
769
775
787
784
781
782
793
801
784
22
763
749
756
761
774
794
784
795
805
811
801
803
809
811
808
798
778
780
777
774
782
790
791
791
798
802
790
792
773
771
778
782
765
764
766
774
780
772
778
778
785
777
777
781
773
791
796
798
788
782
779
771
755
755
758
764
765
778
777
784
790
786
780
780
773
771
752
752
749
745
735
733
743
750
766
774
781
768
763
756
760
765
772
772
772
776
784
786
786
781
784
780
782
766
765
761
746
736
739
737
743
754
767
782
780
774
768
769
765
765
765
753
761
763
763
762
768
772
780
778
776
774
779
777
769
757
750
748
752
752
756
755
758
752
752
750
753
755
751
748
747
745
746
740
741
741
750
757
763
760
757
764
761
762
773
777
770
755
753
761
763
766
761
760
768
779
791
797
795
793
782
761
742
732
731
731
731
740
757
780
790
798
805
810
804
791
781
767
750
747
748
746
754
757
768
769
772
774
778
760
743
725
725
729
734
741
757
777
796
802
819
821
827
821
807
797
797
791
794
793
797
792
787
788
797
800
797
797
788
767
750
730
22
708
698
688
688
698
715
736
754
776
792
795
794
788
786
787
785
778
780
22
758
762
759
756
757
755
747
753
750
756
758
757
756
751
764
769
775
777
773
773
768
772
769
767
765
764
760
759
754
757
761
766
765
760
760
761
753
752
753
750
747
750
744
741
727
725
731
728
732
736
743
757
768
783
791
794
808
818
820
820
815
800
796
797
798
809
806
804
806
812
808
803
803
804
802
802
800
792
792
794
790
789
781
782
793
791
795
796
789
789
786
787
785
770
779
788
793
787
776
782
780
779
772
764
768
772
773
779
791
798
798
791
798
799
797
792
792
790
785
780
786
792
795
791
795
797
788
775
23
752
759
760
760
766
768
767
767
771
775
784
795
802
808
803
808
814
817
813
815
812
810
808
800
788
779
771
769
61
709
838
60
779
789
788
783
789
796
798
791
793
792
786
777
770
758
758
755
753
747
739
744
747
743
742
738
730
731
734
750
755
742
735
744
747
749
750
754
750
746
743
723
720
727
721
735
734
716
713
714
22
693
707
707
693
708
707
697
700
712
717
716
706
705
719
726
737
724
737
730
725
744
25
720
724
734
731
730
726
722
708
719
717
706
706
710
709
695
690
693
689
701
689
707
706
703
708
720
724
716
719
713
732
722
715
703
709
693
692
700
698
698
696
684
674
674
676
671
664
675
664
661
671
675
676
666
662
663
669
666
666
685
688
688
682
691
694
693
691
697
712
720
727
729
731
726
714
711
707
704
698
25
674
677
683
687
697
696
686
686
695
681
679
676
672
663
674
666
666
665
657
651
643
641
640
649
653
661
674
680
679
684
690
694
682
690
695
681
688
695
691
692
705
707
697
684
701
715
718
724
729
720
720
728
726
723
714
710
713
107
607
780
81
700
701
691
698
704
696
708
708
696
703
710
708
697
710
714
49
665
198
468
198
270
697
707
705
708
698
694
368
327
378
709
714
704
699
722
723
717
706
720
704
699
119
580
833
142
692
387
306
389
704
707
696
695
28
668
668
661
676
672
676
680
681
666
681
671
693
698
686
685
687
700
711
706
711
737
748
749
758
758
739
721
726
734
742
739
731
743
725
724
731
745
749
729
726
732
750
762
744
740
726
720
718
710
701
710
705
709
370
340
362
704
709
707
720
727
727
750
750
764
764
746
742
748
744
732
743
751
748
757
767
752
750
744
729
721
721
726
719
737
738
726
720
728
721
24
697
693
698
699
693
684
704
714
722
715
708
704
706
706
696
688
692
696
695
695
694
704
714
723
717
729
741
750
743
747
746
740
728
724
719
708
693
695
677
681
685
684
681
693
708
704
705
717
721
715
713
716
721
721
719
724
736
733
735
745
742
734
737
739
734
725
726
727
725
719
724
730
730
726
731
735
728
727
726
717
711
708
704
691
680
690
696
707
710
692
692
684
691
681
685
688
688
695
714
717
732
753
786
781
787
811
829
808
828
839
25
815
801
818
838
819
800
809
833
819
814
826
847
828
815
818
827
26
801
785
792
816
813
815
824
811
794
787
808
814
798
798
807
821
804
802
808
821
819
804
802
815
820
814
826
831
815
810
817
816
23
793
795
797
23
775
763
776
760
759
769
776
772
780
791
784
789
789
796
796
796
793
803
811
803
810
811
805
803
801
804
793
795
800
793
801
799
796
792
791
794
791
787
783
784
780
775
769
30
739
740
745
752
761
750
765
780
788
786
793
794
796
804
814
805
797
800
791
38
754
749
736
725
723
724
740
757
785
810
833
830
832
835
831
25
806
794
788
790
777
772
778
791
786
789
796
792
787
785
790
777
777
767
785
802
796
789
790
771
771
772
760
765
766
759
768
769
779
789
788
790
791
783
784
781
778
776
766
768
761
761
765
766
768
767
758
759
759
759
760
752
742
740
733
736
748
761
765
768
761
764
749
742
741
744
747
750
752
760
762
762
764
774
775
777
773
775
774
774
763
31
732
742
732
726
727
737
723
728
744
758
767
770
29
742
751
757
764
757
749
30
719
733
720
708
721
736
751
757
782
796
780
786
782
767
764
761
29
733
22
711
703
717
720
731
744
736
748
733
720
726
738
729
739
736
745
745
760
755
754
750
733
730
728
21
708
701
712
711
717
706
717
715
713
727
740
753
757
764
756
750
758
760
758
745
742
744
742
734
723
717
719
720
721
722
720
723
725
720
717
707
702
691
694
694
691
692
694
702
710
707
709
705
705
699
695
687
687
692
692
694
695
698
708
710
708
705
710
708
706
704
704
707
708
705
701
708
712
718
716
705
710
24
687
704
698
685
705
713
721
718
737
737
731
735
744
740
737
746
753
739
750
767
771
779
790
788
790
787
783
783
783
791
787
775
774
767
766
752
744
741
742
737
732
727
729
729
719
708
711
710
710
701
693
694
696
692
690
701
706
704
706
696
682
669
666
670
661
666
678
680
694
717
714
723
747
388
359
393
726
740
742
722
721
717
705
693
176
518
788
77
711
704
719
727
741
759
760
763
774
771
24
748
763
756
752
737
750
752
741
746
750
744
753
778
768
779
781
772
754
739
745
753
751
742
756
742
737
745
757
751
754
765
777
778
780
780
791
786
776
770
776
783
773
781
788
795
791
791
799
802
790
785
788
776
772
776
768
770
773
786
769
753
760
754
754
747
746
751
763
766
764
768
771
768
780
788
784
791
801
801
804
829
836
819
815
804
785
800
835
816
805
797
26
772
763
747
24
723
707
700
697
701
711
730
752
767
764
788
791
800
806
815
798
784
786
794
777
773
29
744
767
768
780
772
786
803
805
833
847
828
818
823
831
839
839
836
816
831
838
829
842
850
29
822
805
802
816
801
790
794
799
795
793
808
820
809
815
820
812
805
802
808
803
806
811
819
818
813
821
815
818
820
825
809
808
795
793
795
779
773
752
751
750
744
744
741
733
734
749
763
769
772
789
791
780
780
778
767
766
763
757
746
750
741
727
724
720
721
717
714
727
753
765
768
779
782
770
766
768
752
746
739
749
740
737
739
741
726
733
750
766
774
769
786
803
788
797
815
801
787
776
781
771
759
757
769
396
374
387
741
740
735
741
750
753
761
773
773
775
770
777
792
786
780
784
788
784
786
779
782
790
783
784
783
793
791
783
777
780
784
779
776
23
753
759
773
795
812
807
811
830
848
846
833
833
836
834
826
817
821
821
825
814
798
802
795
783
780
776
771
781
792
809
814
813
818
826
826
33
793
780
785
770
754
750
764
766
766
761
778
801
823
832
818
805
806
804
795
781
774
784
793
805
810
803
803
805
802
796
779
777
774
783
781
772
766
2205
1413
792
55
738
741
729
726
727
740
763
769
784
791
805
793
786
781
776
765
757
756
755
752
741
746
747
744
733
730
726
724
729
725
728
726
728
728
24
704
699
701
693
691
694
705
727
748
752
766
784
801
791
787
779
769
779
789
789
783
781
781
780
773
774
771
770
762
762
759
760
765
763
759
770
774
774
769
771
771
773
764
761
752
750
749
751
751
752
749
750
751
755
751
754
761
766
775
772
775
776
772
759
758
754
749
738
737
736
727
722
720
716
719
710
714
721
731
726
728
722
716
709
718
735
750
755
759
764
765
755
747
744
747
742
755
763
766
772
776
783
792
784
785
783
775
765
768
768
766
763
756
758
750
750
744
749
755
758
762
771
764
764
766
768
761
755
753
755
758
749
750
750
750
756
757
752
752
751
751
756
752
758
765
769
772
777
776
779
769
764
762
753
746
744
745
752
754
748
747
744
744
748
741
738
739
743
751
755
752
748
754
764
767
757
759
763
765
753
751
755
756
751
750
750
751
742
745
747
749
744
745
749
757
751
756
758
761
752
753
753
757
753
750
749
749
755
752
753
754
765
778
773
781
786
785
768
755
756
752
754
753
749
747
751
756
763
751
753
751
755
750
747
747
750
760
758
761
768
771
777
772
770
772
773
758
756
751
753
754
748
754
754
756
742
746
744
742
748
751
756
746
746
744
747
745
734
740
740
746
741
740
739
745
751
749
753
757
758
750
748
741
743
746
744
750
756
760
749
750
751
749
734
733
738
751
764
777
773
771
770
773
762
750
746
745
740
735
725
709
702
683
678
675
666
175
492
815
121
694
689
691
712
716
732
750
757
760
768
782
793
793
797
807
825
821
811
811
807
805
790
791
786
782
790
800
812
805
793
789
787
788
778
772
764
769
762
766
772
778
786
788
797
795
793
797
804
798
791
788
783
785
783
785
784
784
23
761
750
750
750
748
757
768
789
797
811
815
819
820
804
803
802
801
795
787
780
777
778
774
765
762
759
763
759
756
760
762
765
760
767
768
758
755
760
764
765
759
755
755
751
748
742
737
740
738
738
743
743
749
753
752
759
761
750
732
729
730
726
723
721
733
750
758
775
775
791
37
755
758
741
728
736
742
740
736
749
761
776
795
805
794
821
819
819
833
821
806
815
818
806
800
802
812
807
807
806
815
813
824
817
811
817
813
23
791
790
779
780
784
794
793
794
804
813
810
799
33
767
751
746
742
743
747
1525
754
771
757
750
759
749
32
717
745
744
735
729
720
720
727
725
734
723
725
727
722
731
746
747
754
753
740
745
747
732
722
722
707
723
708
699
706
701
696
702
700
694
679
689
681
678
684
690
695
698
686
708
701
691
703
705
694
688
692
692
684
675
674
666
670
677
689
700
704
704
696
691
680
21
660
652
644
642
641
637
638
639
647
655
661
667
670
667
661
649
641
633
636
630
629
626
643
661
688
692
686
683
695
698
694
686
685
682
684
684
680
679
688
700
702
702
706
712
713
708
698
693
696
689
697
707
712
715
712
721
725
724
708
699
694
697
701
699
699
712
729
731
730
735
717
719
717
709
704
701
713
734
740
3999
3999
3999
3999
3999
3999
3999
3999
3999
3999
3999
3999
3999
3999
3999
3999
3999
3999
3999
3999
3999
3999
3999
3999
3999
3999
3999
3999
3999
3999
3999
3999
3999
3999
3999
3999
3999
3999
3999
3999
3999
3999
3999
3999
2608
821
807
810
818
819
797
786
787
793
795
790
800
812
809
811
820
829
812
32
780
814
820
820
822
805
806
810
801
797
804
819
813
811
23
788
789
798
789
791
806
822
810
810
818
807
791
785
789
791
777
774
781
793
791
788
790
803
814
797
788
792
799
788
774
773
777
785
782
775
756
794
795
801
798
785
785
786
775
778
788
791
782
787
795
790
771
763
769
765
21
745
734
750
772
802
798
792
797
806
802
787
789
792
789
772
770
781
791
784
791
797
802
783
768
776
780
774
760
771
778
760
745
727
712
30
683
706
20
686
679
688
688
695
695
716
724
725
722
746
764
776
759
759
748
741
727
722
722
735
726
746
757
770
785
807
798
793
800
803
789
782
793
801
809
804
810
808
807
801
785
784
796
803
799
801
794
789
777
769
765
758
757
757
774
795
800
786
773
774
779
777
779
786
777
781
789
797
809
820
825
815
815
805
787
786
788
791
783
776
773
786
803
791
800
809
811
802
795
798
796
808
804
807
801
807
818
820
809
817
821
824
824
826
820
820
820
818
819
820
807
812
817
806
817
810
815
807
802
808
805
810
814
807
791
789
776
778
780
784
794
798
801
794
789
788
785
782
780
774
766
764
768
779
792
800
796
801
808
815
820
819
810
797
785
785
788
774
783
794
798
802
802
800
787
768
769
768
768
776
780
792
799
794
800
802
791
777
762
765
766
772
776
777
769
763
765
769
775
767
764
769
776
784
789
782
784
782
766
755
757
751
758
762
775
788
791
794
801
805
815
813
817
819
812
809
805
806
792
782
781
774
763
770
782
780
784
790
789
797
788
791
774
775
777
778
772
771
773
776
786
793
804
802
792
789
784
781
788
790
796
790
794
793
791
779
776
772
770
763
777
778
789
799
798
797
790
780
780
786
791
788
783
788
785
793
796
798
798
792
781
28
753
752
741
737
728
733
728
733
736
734
730
736
746
761
759
758
762
772
780
786
787
784
786
779
769
771
755
758
739
742
748
766
778
785
787
781
781
776
771
773
773
780
772
764
746
763
758
762
770
773
782
765
782
780
780
802
27
775
39
737
743
738
486
252
469
740
728
711
729
727
723
735
738
739
752
377
376
384
750
748
750
22
728
740
730
722
725
727
722
752
759
141
618
891
142
750
759
762
755
758
748
738
27
712
717
709
707
1406
695
711
715
715
708
696
697
702
705
696
693
699
703
706
696
688
684
689
687
695
689
683
675
671
658
649
658
643
662
659
667
665
668
679
694
701
701
697
703
704
696
691
683
690
696
697
697
702
713
708
715
722
732
732
733
736
724
717
714
714
708
701
697
703
702
702
703
691
682
688
693
695
690
689
699
706
708
697
704
714
717
715
79
636
809
70
740
199
541
937
182
755
758
769
779
779
29
750
766
767
758
747
736
749
756
772
766
760
769
23
747
762
759
29
731
713
723
742
738
727
749
737
726
712
725
724
719
708
716
705
717
728
732
718
708
713
722
758
23
736
721
725
733
716
722
728
731
721
718
743
755
741
739
739
741
744
726
727
741
763
772
767
761
761
773
785
27
759
744
753
759
758
750
762
778
773
762
768
784
777
759
765
782
762
756
759
750
773
789
789
773
792
805
796
785
803
823
832
24
808
811
828
812
799
812
829
822
804
818
841
23
819
814
830
832
23
809
790
803
813
800
792
803
820
823
24
800
808
812
797
787
791
791
775
776
791
807
794
791
804
796
23
773
786
791
779
771
790
776
764
780
789
25
764
765
771
778
789
774
782
793
796
781
791
814
844
833
850
854
30
824
823
31
793
779
778
791
789
784
796
818
806
813
820
824
25
799
802
823
833
818
831
841
828
830
838
845
24
822
831
817
817
827
828
23
805
810
825
833
32
801
811
808
810
805
789
31
758
750
750
762
767
791
820
825
839
854
855
33
822
832
828
824
32
792
798
803
803
785
801
815
814
797
812
815
23
793
806
803
787
801
803
785
795
801
794
780
790
791
775
758
761
771
784
799
786
802
810
793
779
784
779
762
759
753
751
760
768
771
758
774
778
767
769
781
780
789
809
821
800
797
805
806
791
796
806
811
793
787
804
821
821
804
822
826
812
798
810
817
798
812
820
817
801
810
814
810
796
812
818
808
819
821
811
817
814
798
798
800
785
789
796
805
792
802
807
797
797
806
809
791
808
809
806
790
796
802
795
781
793
803
805
789
785
796
799
789
792
803
810
794
808
815
799
810
811
797
798
801
811
799
811
824
811
818
825
822
23
799
805
810
807
795
800
806
803
795
808
819
811
798
805
813
798
792
803
805
791
793
800
804
794
804
794
802
810
797
815
812
800
810
811
795
803
807
807
800
809
813
804
799
797
802
782
778
790
794
798
788
791
791
777
766
775
780
784
768
783
772
760
762
776
791
784
805
826
821
808
814
825
825
809
801
807
808
801
802
806
804
796
804
804
793
795
807
816
809
812
804
828
814
26
789
772
772
783
820
805
788
24
764
749
744
731
716
717
712
714
729
734
742
750
757
768
775
795
815
826
827
833
835
830
821
815
813
800
802
801
801
796
798
797
800
791
791
789
789
793
800
808
807
809
819
820
815
815
810
800
794
779
769
768
774
775
776
763
761
752
752
750
748
753
766
784
790
796
797
796
788
789
781
783
780
780
773
769
760
748
763
766
766
779
796
806
816
822
821
817
817
817
820
825
828
822
818
805
815
794
781
773
761
756
23
734
728
722
725
732
745
745
754
751
745
725
734
747
750
761
769
760
784
798
793
802
811
814
818
804
803
815
819
824
815
801
799
792
786
770
774
778
786
794
801
796
793
794
805
808
800
799
807
801
794
24
771
768
763
755
739
750
757
768
778
781
794
805
805
802
802
796
791
781
771
26
745
739
738
739
744
761
790
815
815
812
824
832
822
815
25
791
782
777
771
771
759
763
768
769
762
756
741
737
744
757
778
798
808
818
830
836
839
829
807
803
794
783
775
763
768
767
769
770
784
793
798
800
797
798
780
30
750
747
749
750
767
779
781
796
810
825
832
812
801
800
797
788
773
772
778
786
785
787
797
804
802
787
785
781
774
765
770
773
759
745
749
750
738
724
735
735
738
739
730
737
726
730
735
750
751
773
781
781
791
798
797
785
786
778
766
752
750
746
745
742
740
752
765
760
754
756
753
746
739
746
739
724
717
733
727
735
742
745
738
745
752
756
751
742
755
767
766
759
765
771
754
750
761
771
776
759
778
789
789
788
795
802
782
778
780
779
759
758
763
763
753
747
751
773
792
792
802
797
781
787
791
780
777
788
789
774
772
2307
1558
749
762
767
768
759
750
762
774
769
787
800
802
800
812
823
810
800
808
795
791
795
793
784
787
786
775
782
783
770
769
771
775
773
776
794
790
787
790
793
775
759
761
763
747
742
752
755
762
746
754
758
752
747
750
752
763
771
785
792
793
806
795
796
793
785
26
759
762
765
770
764
775
782
780
781
786
788
22
766
749
760
766
775
766
754
761
776
789
793
776
786
788
783
765
755
768
771
775
764
779
791
787
782
797
807
806
800
809
794
778
787
784
784
780
788
791
783
787
793
797
785
780
784
791
781
785
789
792
781
791
793
785
791
779
766
772
779
772
771
774
778
771
22
750
755
750
741
724
711
721
726
738
738
745
747
736
21
716
716
726
737
750
786
810
836
831
833
842
838
829
25
804
791
785
787
784
787
788
780
777
768
767
763
760
750
747
762
783
804
801
812
816
802
802
797
787
780
782
793
804
799
805
807
811
821
802
803
785
785
782
788
776
776
784
783
788
793
789
779
793
797
804
793
775
772
772
778
778
763
770
796
810
815
823
813
813
806
787
769
25
744
738
745
752
754
776
798
829
830
833
842
833
24
809
807
805
801
799
786
777
782
788
791
778
781
783
771
769
772
773
765
21
744
748
755
745
737
745
750
736
730
737
746
760
772
758
751
757
767
761
774
774
775
776
783
782
789
803
804
792
801
798
789
792
789
782
761
746
755
770
779
785
796
798
785
773
785
786
791
782
785
797
789
797
800
799
802
807
814
796
799
799
794
793
798
804
794
793
794
791
777
779
783
785
773
755
755
755
764
772
768
759
751
746
750
758
780
800
794
29
766
775
777
762
764
772
766
758
764
778
791
800
793
781
790
791
788
776
758
751
753
767
776
778
783
789
780
774
775
779
779
25
754
754
753
752
743
750
750
748
21
727
721
728
734
742
750
740
737
754
765
774
771
756
749
749
752
751
754
771
786
771
794
813
823
812
803
802
798
789
780
770
752
750
746
748
756
765
768
788
788
780
789
798
797
777
778
777
762
751
746
750
762
750
742
751
761
768
772
22
751
748
758
768
776
775
761
761
774
788
790
783
777
777
770
766
765
751
747
755
764
779
783
781
782
771
776
768
758
749
737
736
736
750
768
763
774
779
778
777
772
764
27
738
718
721
720
734
752
772
776
785
774
758
743
748
750
740
739
753
761
770
771
762
760
745
732
729
735
750
771
771
784
797
810
803
26
778
27
751
750
748
745
749
750
752
734
724
727
727
716
726
750
787
814
826
821
32
790
779
773
762
758
754
748
738
742
736
720
708
709
721
734
748
760
770
767
760
765
771
780
779
772
758
746
732
732
734
733
735
733
746
738
750
769
781
766
786
794
790
781
22
759
741
738
740
755
775
786
780
766
764
773
775
768
752
750
750
751
732
727
733
734
752
768
778
785
783
795
796
28
769
772
765
760
761
757
748
740
729
22
707
708
699
690
696
705
740
798
825
815
831
833
826
827
830
826
810
801
803
794
779
775
783
799
800
811
791
788
790
789
773
784
782
777
759
772
778
780
769
753
746
751
752
755
747
752
762
767
789
800
807
30
778
775
776
773
766
756
750
759
764
775
764
773
772
772
776
777
775
772
779
771
775
764
766
757
757
765
772
776
774
782
779
22
758
753
751
753
752
750
748
752
757
751
747
755
760
766
765
755
762
758
746
727
717
729
724
720
731
748
772
788
781
795
807
791
789
788
781
783
770
774
779
783
768
771
774
782
785
784
766
768
775
780
767
762
746
758
766
755
764
758
763
768
761
764
23
742
780
773
767
772
783
790
27
763
751
759
768
764
761
745
743
751
767
782
800
798
781
792
775
766
768
772
759
757
768
777
771
758
770
769
768
779
782
777
780
776
768
770
773
774
767
776
785
796
787
772
774
774
38
736
722
739
738
751
766
777
801
818
831
850
845
861
866
853
25
828
827
820
811
26
785
782
791
799
786
801
803
791
809
809
825
806
824
816
795
800
799
783
771
773
779
780
782
775
779
788
788
775
789
791
805
804
798
805
785
795
791
784
27
757
746
759
769
782
771
780
786
786
773
779
779
779
766
776
784
791
781
783
791
791
782
791
790
771
769
772
778
778
772
781
789
779
780
789
799
788
783
789
791
786
773
25
748
742
744
746
757
780
806
810
811
828
833
838
827
29
798
795
792
781
770
774
774
778
776
793
796
787
797
797
780
773
775
780
780
774
776
777
760
749
755
757
761
757
766
778
785
781
784
788
786
793
793
784
785
785
768
774
769
765
750
758
764
750
751
766
758
763
768
769
761
767
772
776
778
765
768
776
778
765
765
773
782
783
790
805
814
817
796
794
794
783
781
778
760
768
768
774
25
750
750
758
771
761
769
781
788
770
773
777
781
776
787
773
777
785
798
789
790
793
795
780
784
774
767
773
780
787
811
815
815
824
817
805
806
795
781
775
773
781
773
762
775
780
787
781
784
784
784
769
779
787
794
795
797
800
812
810
791
787
783
788
789
782
781
787
795
806
811
795
28
768
778
776
780
778
779
769
771
778
793
801
808
806
794
778
779
778
764
768
777
790
793
775
785
791
24
768
753
752
32
721
718
23
695
702
697
703
703
708
700
718
718
715
720
725
712
721
729
719
715
727
739
739
726
722
736
748
756
749
737
753
771
791
804
813
796
787
785
788
782
767
767
769
776
766
765
770
789
798
787
788
780
783
778
770
775
784
798
820
841
853
864
872
877
868
850
844
834
827
824
26
798
814
878
873
869
852
26
827
811
826
829
838
833
843
828
818
805
785
777
777
786
812
833
838
856
865
860
846
825
822
853
896
892
875
31
845
825
818
832
833
818
804
801
800
802
805
824
850
860
28
833
850
896
944
922
43
880
860
27
833
35
798
794
780
26
754
749
750
766
763
755
772
775
809
836
816
813
838
871
872
852
835
28
808
28
781
765
757
764
776
791
822
822
808
843
856
897
877
858
835
814
793
774
33
741
734
731
741
779
787
801
817
831
855
859
885
885
905
38
868
27
841
29
813
794
780
769
767
776
793
806
801
834
849
831
825
815
844
836
824
33
791
775
765
768
779
795
818
814
826
842
833
891
879
31
849
24
826
817
27
790
769
757
751
760
773
795
812
840
833
843
850
837
839
831
822
805
785
770
755
741
740
747
769
803
804
833
889
924
928
29
899
36
864
844
26
819
803
791
36
755
745
737
739
749
751
755
773
830
838
863
887
40
847
840
25
816
25
791
778
766
756
748
21
727
717
711
705
710
718
750
781
806
809
791
796
780
771
759
757
755
757
762
763
765
772
779
774
765
759
746
727
724
710
716
719
738
758
773
799
791
817
796
797
783
26
757
758
754
1482
763
719
719
21
699
697
695
700
713
713
704
756
765
758
757
744
738
732
714
712
707
703
711
726
736
746
750
750
741
740
732
725
726
721
713
714
730
741
742
745
745
740
720
721
708
709
719
732
745
744
762
750
749
746
746
732
729
741
740
737
747
754
744
732
735
746
744
748
761
760
762
776
771
776
782
773
774
779
778
763
766
762
758
752
763
772
764
767
779
766
761
766
759
759
760
756
755
761
762
762
752
758
773
765
760
765
767
750
745
744
739
731
745
756
757
767
778
767
21
747
751
753
741
747
757
771
772
784
803
806
798
804
803
799
798
791
789
774
772
776
769
774
782
791
789
795
794
785
774
768
762
753
749
753
767
765
770
770
773
763
758
23
735
725
724
712
704
694
689
693
709
719
729
733
747
745
744
756
768
771
767
763
775
785
776
22
754
767
791
795
776
792
800
789
783
788
795
793
800
781
766
778
784
778
769
774
781
788
797
806
790
787
793
798
799
788
778
772
777
785
771
772
780
789
797
784
794
792
790
778
780
791
786
779
796
802
787
783
791
793
780
779
782
782
784
772
775
778
778
23
756
770
778
766
778
792
800
26
775
790
23
767
765
758
750
733
743
751
773
773
23
751
764
779
784
772
776
786
779
766
776
788
804
795
802
808
811
26
786
778
781
782
773
775
783
787
778
789
794
798
780
759
772
774
765
773
783
796
789
801
804
797
782
787
784
769
761
767
776
773
787
793
796
779
759
764
773
768
762
780
797
798
794
809
827
822
811
814
815
794
796
797
799
783
785
794
806
802
798
805
810
805
795
775
773
774
762
759
768
783
795
798
791
804
804
796
776
760
753
752
758
761
764
779
784
794
783
772
774
769
765
761
757
744
749
750
757
769
776
765
758
764
769
775
776
775
758
771
777
779
767
776
782
785
777
781
784
785
777
765
769
775
783
776
773
782
787
783
764
765
769
778
763
758
767
766
758
766
770
765
770
763
746
735
730
715
697
693
697
702
703
726
717
21
696
703
702
715
722
724
742
766
796
801
809
825
832
817
819
823
827
821
821
823
821
25
797
790
777
788
787
785
791
811
841
851
855
861
868
862
849
852
851
849
838
817
827
837
844
840
852
873
890
897
880
862
875
869
26
843
833
830
830
819
805
806
815
829
815
825
827
834
838
840
838
842
837
816
818
817
799
802
791
794
796
806
822
815
820
823
828
823
818
821
823
820
827
826
815
820
816
813
816
801
791
783
782
789
784
804
797
804
806
792
789
777
785
795
807
803
803
804
804
804
791
794
790
800
804
806
811
801
799
800
803
791
794
791
782
776
772
789
809
803
814
811
813
812
800
799
803
804
804
802
808
811
815
802
805
803
802
791
789
787
781
779
779
790
800
796
799
800
800
796
801
804
812
804
806
806
808
809
801
802
801
815
821
821
809
805
793
790
777
788
791
795
800
800
802
801
805
813
809
800
803
805
801
791
791
782
784
783
787
797
792
805
813
820
819
803
809
812
814
814
814
805
789
813
814
813
816
805
811
808
805
807
806
808
802
814
798
797
791
782
777
771
750
747
738
723
728
725
722
725
722
727
718
717
730
743
741
736
743
741
741
738
739
737
727
734
739
729
738
744
754
759
757
742
730
746
745
741
748
759
748
761
755
748
750
218
533
953
219
734
718
711
708
705
686
691
690
685
680
687
684
673
678
682
673
684
686
670
665
672
671
662
660
664
649
650
656
658
651
648
657
655
653
644
653
652
646
645
650
651
643
648
643
640
630
629
628
637
628
632
640
643
633
634
643
639
634
631
634
633
630
627
628
628
626
620
625
625
623
617
620
622
617
613
613
613
618
611
609
614
612
612
608
609
606
604
606
605
606
607
605
597
602
603
599
598
603
603
608
70
538
662
58
604
607
603
599
595
602
599
595
597
598
598
599
594
591
594
596
597
599
603
605
599
601
604
603
595
593
591
598
600
601
598
598
600
601
589
596
338
259
337
353
725
26
700
108
592
592
184
408
768
185
583
586
590
588
238
351
821
312
509
666
83
584
589
596
590
596
592
597
232
366
818
394
424
758
176
583
1182
591
591
591
589
587
589
250
340
89
251
379
616
763
169
595
595
591
597
602
603
594
585
597
584
587
595
601
606
606
610
617
624
638
638
632
642
638
638
642
645
650
648
649
663
662
656
669
670
672
676
668
667
665
667
668
673
670
673
685
699
22
677
661
667
1331
659
672
697
689
703
731
729
713
699
707
704
696
687
686
694
692
699
704
714
708
24
685
717
719
725
721
717
719
724
714
708
711
722
720
724
732
737
731
717
714
713
704
700
710
715
722
723
736
740
736
736
747
750
746
742
740
741
737
742
739
747
746
743
740
750
762
760
757
761
754
750
745
748
745
737
741
753
766
762
756
763
750
745
744
744
739
740
754
764
765
769
773
765
758
759
765
759
762
765
770
766
763
766
762
750
27
723
731
741
735
734
750
781
793
803
807
822
810
806
811
813
809
809
818
832
826
822
827
831
815
814
818
805
806
808
823
817
816
822
823
819
812
818
824
813
811
811
805
798
786
788
778
763
769
779
800
797
800
813
818
809
812
823
809
804
827
844
826
823
838
832
818
803
815
820
805
797
810
815
799
779
785
788
778
783
787
804
795
799
807
805
807
814
814
810
803
792
26
767
764
765
771
768
766
749
748
745
732
740
741
764
813
820
807
814
833
847
845
26
819
23
797
34
764
754
738
726
719
707
722
725
729
740
767
768
776
787
800
805
808
812
818
815
823
833
819
807
809
810
808
803
803
804
802
810
814
799
782
764
789
22
767
764
752
750
769
804
812
841
850
862
877
875
884
893
875
871
859
863
861
849
841
838
846
854
842
823
827
832
828
819
820
833
839
825
821
831
839
842
832
827
823
824
812
815
824
832
843
833
836
836
832
822
817
803
794
794
811
829
822
829
837
845
845
829
828
815
799
791
796
798
805
811
809
813
802
806
818
806
819
817
821
807
811
804
803
788
792
788
786
791
790
803
825
828
830
833
834
830
812
811
807
805
793
795
791
798
804
802
802
806
814
811
807
800
796
797
787
791
795
800
806
793
799
793
791
780
776
775
781
778
783
783
787
800
793
799
793
800
802
798
782
772
769
765
754
752
750
751
741
725
729
726
739
749
759
770
768
777
785
789
781
786
786
796
808
804
796
796
799
810
828
824
834
842
844
836
831
824
833
833
837
837
820
822
818
820
819
822
822
827
810
813
812
816
808
804
804
807
814
806
810
804
806
813
810
814
812
816
824
816
819
815
811
815
803
813
814
823
829
808
809
800
802
785
789
791
800
797
801
803
822
827
814
819
816
803
797
796
792
787
793
796
804
809
804
804
807
801
801
804
806
798
803
804
815
820
813
815
813
803
799
800
807
800
805
806
819
825
817
813
816
822
812
812
808
816
820
815
813
817
814
816
812
822
828
821
819
827
831
818
813
815
822
814
805
805
812
808
805
805
809
801
799
792
796
800
800
807
816
812
819
817
824
817
820
815
820
821
809
807
813
818
822
818
822
819
824
815
812
807
800
791
797
796
805
799
801
805
822
814
819
813
815
801
801
797
800
791
791
793
802
800
801
805
805
796
786
791
791
780
784
783
789
793
793
794
801
803
800
810
813
810
813
810
814
797
804
804
809
810
816
822
815
816
812
819
805
798
795
788
782
779
22
757
744
751
754
761
763
783
808
824
833
858
863
868
873
869
27
842
833
835
818
798
803
808
803
804
814
822
821
812
826
830
821
817
823
833
823
810
806
791
780
775
775
767
763
756
767
759
750
743
727
714
711
714
729
743
757
767
786
797
791
789
794
797
790
790
793
790
787
783
794
801
793
795
789
789
788
775
784
788
791
787
787
808
811
802
791
802
809
819
817
813
810
811
798
795
793
798
801
794
794
796
790
777
779
786
782
779
25
754
751
745
748
756
756
774
787
796
780
785
770
476
294
302
467
207
261
546
23
524
183
342
337
43
295
644
132
513
1366
1106
261
340
376
3582
3287
295
15
281
416
70
346
1247
898
349
93
257
671
302
369
2106
1667
439
1487
3999
3999
3999

