08-08-2022 - 10:03 - Correr
Gloria Vrdoljak
Intervalos entre latido y latido
870
895
28
867
883
906
30
876
883
873
878
884
864
861
865
883
881
875
884
885
906
887
899
938
916
914
918
922
932
916
29
888
895
893
881
869
875
896
875
866
873
872
884
881
882
879
885
888
885
864
872
880
889
893
877
892
895
885
875
871
872
883
876
890
871
881
888
896
902
887
885
899
882
884
875
887
884
890
883
874
880
882
887
885
884
878
884
888
883
875
875
880
888
884
892
893
887
883
893
903
895
883
892
899
888
897
902
894
895
899
880
875
883
892
889
902
904
900
900
905
885
880
891
894
900
891
882
889
900
907
894
907
906
899
897
886
890
886
28
859
39
820
828
833
850
849
851
867
873
873
879
881
880
875
885
891
891
884
891
885
889
884
878
869
872
878
880
865
872
879
895
892
882
880
880
888
890
876
879
894
901
898
890
875
872
890
892
884
886
887
896
890
889
887
884
878
888
897
901
887
898
893
905
883
879
879
883
888
897
888
900
899
897
889
875
888
887
878
881
888
878
110
769
1000
113
888
895
902
905
900
892
891
884
888
883
876
884
879
879
874
878
877
887
894
886
882
872
877
886
885
896
901
882
882
886
892
888
879
887
887
887
882
883
878
869
873
875
877
884
881
884
878
882
882
899
897
893
885
895
904
906
896
894
911
914
907
899
900
895
893
890
894
886
887
885
880
886
880
891
903
899
905
910
912
906
905
899
890
888
893
887
882
866
865
865
873
875
865
863
865
858
839
30
810
821
833
850
864
857
872
872
866
867
868
871
873
879
879
882
876
886
883
887
889
902
896
897
879
887
887
879
889
881
893
883
900
893
894
884
900
880
875
871
859
867
867
38
829
821
821
812
27
785
769
753
761
27
734
756
747
733
736
887
117
771
38
734
25
709
708
708
20
689
690
691
688
690
684
685
695
743
42
702
708
721
733
729
728
728
721
725
725
732
742
750
751
765
767
763
755
752
770
756
772
758
767
769
755
752
752
750
744
763
756
771
775
781
791
857
32
825
828
26
802
820
840
34
807
801
793
787
798
806
797
777
778
773
764
762
761
758
787
778
777
779
789
779
791
793
808
808
24
785
795
795
804
863
874
32
842
834
821
27
794
776
50
727
714
705
694
688
685
681
680
674
676
668
667
666
663
663
655
650
648
644
646
643
646
648
642
644
643
641
634
629
634
640
635
627
620
618
624
618
616
618
610
610
606
610
599
600
600
603
596
592
599
595
589
596
584
586
590
586
581
584
585
582
583
577
580
580
580
580
579
581
579
574
570
23
547
573
572
578
564
563
568
563
562
562
557
557
560
558
552
554
553
552
550
550
546
545
545
543
540
539
537
540
542
532
535
538
538
531
533
530
530
528
525
525
523
529
524
520
521
519
516
518
513
521
513
513
514
512
516
509
506
513
510
510
506
511
506
504
503
508
508
503
503
500
506
500
500
504
500
501
497
497
495
497
496
494
496
498
494
488
499
493
491
496
491
488
488
497
490
489
490
487
493
487
491
487
485
490
486
485
485
487
485
480
482
483
486
481
481
485
482
478
480
480
481
477
477
476
479
473
476
474
478
474
476
475
477
474
474
474
474
474
467
481
471
474
475
470
472
471
477
471
469
475
471
472
476
479
473
476
476
485
483
481
485
487
485
493
487
488
498
503
500
500
504
503
512
525
520
524
527
543
536
537
540
549
544
542
550
563
564
557
554
556
576
580
565
571
571
581
597
583
580
577
602
599
586
582
585
602
23
580
572
561
557
559
549
549
556
559
561
565
574
568
570
577
586
580
579
584
585
584
587
599
593
586
585
596
592
585
583
573
569
562
563
573
573
574
580
598
604
602
615
627
620
612
621
635
631
621
640
642
631
615
618
605
605
618
610
605
615
619
615
631
636
19
618
626
630
614
629
640
623
620
632
622
619
629
617
615
621
628
625
637
656
647
21
626
625
629
621
630
643
640
647
660
646
645
654
636
621
619
634
655
19
636
635
635
633
640
655
647
639
651
666
659
656
646
643
631
625
623
621
624
629
644
656
660
666
666
663
669
674
669
664
664
666
669
691
690
681
692
708
713
699
709
732
736
721
725
758
750
36
714
23
692
679
668
662
660
659
664
669
677
686
682
673
666
671
677
678
675
681
683
669
663
658
663
659
656
666
677
694
706
710
708
702
704
715
713
694
693
711
722
713
702
696
700
702
686
682
690
708
731
752
748
32
716
705
708
718
723
720
727
759
764
32
732
717
708
726
763
770
764
787
788
39
749
743
759
772
764
26
739
744
756
737
751
777
779
775
39
737
754
778
784
792
779
761
751
756
768
765
781
823
814
24
790
787
808
830
833
32
802
798
817
823
809
28
782
788
804
793
776
783
811
795
28
768
25
743
735
751
778
782
774
786
804
790
787
807
791
781
792
792
773
786
811
810
807
827
855
838
41
798
811
826
824
820
825
834
819
28
792
802
808
800
812
833
828
830
821
825
838
829
825
840
843
834
837
844
829
838
832
829
838
840
849
867
865
28
837
825
827
805
30
776
764
776
786
795
799
791
777
779
774
768
792
821
816
800
791
808
826
824
835
844
833
819
810
828
851
852
843
853
866
865
858
865
877
864
847
867
877
875
854
842
849
859
29
831
818
828
822
822
829
810
806
787
773
774
784
804
816
802
799
791
789
773
767
768
792
804
788
789
800
818
834
833
850
867
878
878
879
889
877
875
890
892
891
869
865
858
866
880
862
877
862
849
859
850
847
838
819
822
812
816
825
821
824
819
799
790
790
797
788
769
764
764
776
776
778
785
797
805
799
794
801
790
790
780
774
786
788
798
803
800
811
797
804
822
836
843
855
852
854
867
870
857
849
862
871
870
871
882
875
862
869
869
854
866
854
345
509
186
324
845
886
895
889
885
866
850
831
833
827
817
829
837
849
845
838
845
848
853
865
861
874
606
268
605
857
24
833
26
807
795
795
23
773
771
771
783
807
833
844
844
864
874
867
859
885
879
875
26
850
32
818
820
814
808
818
831
829
828
843
857
856
850
853
859
878
888
881
884
882
887
875
867
853
857
840
824
835
828
817
830
843
857
838
828
818
833
833
827
286
541
281
260
793
793
798
815
832
826
817
826
815
810
815
832
842
845
852
849
829
810
811
801
817
831
840
856
868
882
870
869
878
877
862
872
880
873
880
885
893
895
891
880
45
836
829
851
836
843
865
873
876
865
862
863
857
842
822
826
819
826
847
863
854
873
880
24
857
837
836
844
840
849
515
335
531
885
901
910
897
886
881
871
858
847
841
846
866
869
879
880
866
867
868
860
865
862
873
894
910
895
910
899
905
79
826
1008
129
879
870
867
848
828
815
25
791
790
794
802
810
839
840
849
872
875
894
890
881
875
889
898
890
900
894
909
894
125
770
875
91
785
782
783
775
797
890
1018
79
939
923
27
896
916
916
42
875
870
878
899
901
891
903
26
878
882
895
877
878
895
899
891
891
892
24
868
878
862
880
889
515
374
515
852
839
848
869
867
850
850
856
857
875
887
882
886
884
887
893
876
879
862
882
24
859
863
872
886
871
875
881
896
894
907
883
879
870
880
881
888
98
790
956
65
891
920
907
975
56
920
956
942
54
888
913
901
885
878
878
881
889
889
884
879
921
39
882
872
872
881
887
885
897
896
113
784
1006
124
883
469
414
469
871
872
874
879
872
874
863
876
907
35
872
884
889
895
893
870
871
853
838
840
846
865
852
853
863
862
859
856
921
924
28
897
888
885
866
866
867
868
854
866
863
873
855
844
833
844
845
841
846
838
852
299
554
249
306
845
844
871
858
867
855
871
881
876
582
295
565
880
868
875
872
863
898
940
938
40
899
875
45
830
828
848
854
854
866
875
865
864
860
868
874
873
921
946
40
906
889
886
871
857
866
873
863
860
865
859
864
868
846
858
870
857
856
873
873
854
916
922
923
904
115
789
900
942
64
878
865
867
879
887
891
904
880
859
867
876
881
875
865
869
877
865
862
877
866
871
925
29
897
41
856
876
867
849
866
853
853
848
857
856
860
860
871
862
937
916
923
36
888
890
875
858
848
50
799
807
831
842
840
833
837
829
834
833
828
824
49
775
38
738
758
784
818
818
819
815
822
809
801
793
780
771
785
780
776
780
788
786
805
794
22
773
783
765
756
746
750
758
785
780
789
810
973
39
934
46
889
121
769
793
791
797
792
805
791
802
798
46
753
788
35
753
764
770
25
745
758
755
770
778
785
946
29
917
28
890
887
869
54
816
1020
69
952
46
906
900
897
897
905
891
133
758
1014
66
949
939
914
53
861
851
31
820
825
834
836
832
838
857
875
856
851
860
861
860
865
875
859
870
850
921
927
918
902
889
882
879
878
875
877
871
920
930
914
30
884
890
882
869
861
846
847
837
832
833
860
886
900
887
882
878
878
866
858
856
865
856
873
865
870
926
937
130
807
909
1020
89
931
44
888
885
872
857
850
39
812
816
834
843
855
859
849
840
830
832
26
806
822
816
809
814
817
827
831
835
882
897
888
890
32
859
863
867
859
865
871
867
936
929
919
897
888
883
877
874
872
915
944
44
900
56
845
843
848
858
863
865
863
853
852
846
843
842
844
75
770
782
798
812
802
787
798
804
805
800
799
802
793
784
790
791
791
804
784
789
791
795
790
791
794
804
815
823
826
824
820
832
818
841
836
844
832
824
839
840
826
816
822
824
825
829
830
820
809
800
803
801
806
814
812
792
780
782
780
791
794
786
769
779
941
30
911
53
858
26
833
830
834
838
835
834
831
828
832
839
831
834
838
825
833
869
853
865
878
887
874
868
874
862
863
859
914
932
919
905
895
875
886
875
873
872
872
862
925
35
891
890
881
875
888
878
873
874
881
875
866
864
904
893
873
877
888
24
864
864
870
875
880
24
857
869
874
869
862
905
30
875
861
870
877
870
866
854
842
833
826
833
827
824
822
823
833
849
865
29
836
848
845
848
843
863
41
823
24
799
810
809
818
827
822
820
821
816
826
833
825
873
47
826
845
904
77
827
818
824
816
831
877
40
838
829
819
803
812
809
802
811
813
815
824
805
807
811
816
818
813
797
791
824
817
833
829
834
833
816
824
826
817
861
28
833
812
800
791
797
805
804
791
786
788
792
802
790
787
234
553
1023
238
786
778
790
772
761
763
788
812
803
813
826
836
845
858
902
928
123
806
1039
50
989
48
941
925
912
891
888
873
861
860
873
29
844
836
834
845
841
826
829
28
801
787
791
791
802
800
818
827
814
818
804
795
797
794
847
866
858
865
866
852
865
863
866
866
937
948
173
776
865
881
921
117
805
797
803
814
826
821
817
840
859
849
841
835
839
828
876
30
847
25
823
838
845
841
831
821
833
839
856
836
833
843
874
41
833
842
846
849
871
24
847
836
428
409
408
841
826
862
36
826
830
823
841
858
875
870
852
858
871
870
889
932
938
29
910
897
887
869
851
861
869
846
873
861
850
28
823
812
805
804
796
794
775
780
787
798
810
832
850
834
835
825
833
819
817
875
867
849
852
851
851
79
773
872
963
57
907
892
26
867
854
858
870
883
57
827
1009
87
923
27
897
904
915
938
957
164
793
1020
106
914
911
25
886
902
905
901
885
885
889
871
878
861
856
864
869
863
856
872
857
878
900
883
890
876
863
865
860
890
872
849
872
889
871
863
853
859
877
918
918
895
885
875
875
32
843
883
903
78
825
818
839
857
861
877
856
848
860
847
861
928
934
916
892
885
888
884
878
869
927
931
51
880
867
867
861
867
854
843
842
862
865
878
890
889
894
896
886
880
892
887
929
935
63
873
863
862
861
861
864
850
845
846
847
839
840
843
841
833
833
30
803
811
802
795
788
769
755
745
744
743
734
719
712
714
705
713
708
711
700
696
704
705
702
700
696
697
695
696
701
712
715
710
710
707
700
705
705
710
707
718
735
749
759
30
730
738
745
750
742
741
3999
3999
3999
3999
3999
3999
3999
3999
3999
3999
3999
3999
3999
3999
3999
3999
3999
3999
3999
3999
3999
3999
3999
3999
3906
685
680
675
682
675
670
672
674
670
666
668
667
667
669
669
668
666
655
643
636
633
632
623
620
616
612
608
606
603
600
597
591
592
592
593
587
588
589
599
604
611
613
614
617
623
628
628
631
634
633
634
641
648
643
638
642
646
638
631
634
636
642
643
650
652
651
650
646
645
646
648
643
651
654
657
654
651
652
642
651
645
646
648
641
648
648
652
647
640
640
646
652
653
666
672
666
659
658
661
662
665
666
672
662
662
658
662
648
648
651
662
657
649
658
658
650
655
663
666
657
660
661
659
650
651
647
653
661
656
661
664
674
685
679
672
677
683
678
684
678
675
686
683
684
685
696
693
687
685
699
708
20
688
680
686
21
666
662
664
666
656
657
668
670
663
666
666
665
669
678
674
667
660
664
658
655
657
666
667
174
494
823
164
659
21
638
635
645
653
666
674
669
657
665
666
668
675
668
665
660
654
657
651
652
654
659
652
653
652
648
647
645
643
642
645
642
637
635
632
629
626
617
621
624
627
635
633
637
634
633
633
637
639
637
636
630
628
635
634
640
645
649
652
660
664
668
674
678
677
673
682
693
698
696
694
700
707
705
700
697
696
702
704
698
684
678
676
684
687
697
699
705
704
693
683
190
494
828
181
647
650
640
646
649
657
652
637
640
639
645
648
652
657
666
668
672
676
669
665
660
660
659
666
666
664
668
677
673
674
675
684
689
692
701
716
724
734
742
745
755
742
69
673
682
685
701
689
697
708
733
738
737
721
723
734
744
746
742
747
754
751
763
755
768
760
773
759
752
746
741
30
711
726
717
715
699
695
703
710
29
681
703
688
691
694
686
699
704
702
703
699
689
688
693
697
690
696
708
699
698
703
701
691
692
688
682
679
683
688
692
692
698
690
690
702
708
699
689
699
699
702
708
709
709
722
723
716
712
703
702
713
721
718
719
726
735
739
735
724
729
737
746
759
760
754
744
738
747
756
759
752
734
730
739
750
756
760
764
760
761
764
771
767
762
753
758
757
751
753
753
750
760
767
759
765
768
776
768
750
741
741
735
738
756
761
752
743
725
718
715
715
29
687
704
702
700
696
699
707
710
702
698
700
699
693
691
678
682
686
679
686
688
685
704
715
718
704
693
691
682
682
686
682
692
692
260
432
908
132
776
27
750
734
21
713
708
704
700
691
22
670
684
687
690
681
688
691
697
704
713
707
699
690
683
681
672
673
682
686
691
696
699
694
683
675
676
678
677
677
686
688
688
689
688
692
674
672
666
674
669
675
677
680
682
687
701
706
707
702
698
701
706
708
724
728
733
725
731
725
728
735
733
741
721
717
709
708
704
694
686
696
689
695
693
700
702
702
702
706
709
701
701
696
689
691
683
666
662
666
672
671
673
677
681
674
671
670
670
666
667
674
678
672
672
673
667
665
671
677
682
685
692
703
715
724
723
716
709
691
697
692
694
696
696
705
711
711
717
723
730
743
747
754
754
25
730
722
727
715
714
731
744
754
743
21
722
716
712
722
728
718
715
726
746
728
723
722
726
721
710
715
731
755
776
765
757
21
737
730
722
736
730
729
736
731
742
731
721
719
733
751
750
779
807
816
797
799
793
782
783
785
797
793
791
793
785
766
768
771
793
805
813
828
807
788
787
782
777
785
797
799
791
790
797
797
832
854
868
868
24
845
871
43
828
824
824
813
823
827
831
845
843
834
37
798
790
793
790
796
829
851
853
855
874
868
30
838
28
811
808
835
853
860
867
882
899
908
28
880
869
875
872
881
871
870
877
863
864
873
883
869
878
24
855
838
847
841
831
841
852
844
827
31
796
779
774
765
779
781
819
831
833
853
863
886
891
86
806
928
1004
148
857
25
833
820
824
834
842
858
874
867
872
883
883
25
859
848
859
878
881
892
882
25
858
835
839
854
862
882
860
866
936
55
882
872
865
28
838
830
810
806
830
830
821
850
882
900
890
898
892
901
906
887
930
923
31
892
887
890
894
886
886
891
880
875
875
879
875
880
875
884
887
890
878
890
883
884
876
882
888
875
863
878
883
882
870
862
869
866
868
865
855
871
876
861
854
864
865
873
25
848
859
873
880
870
881
866
868
851
331
521
221
300
823
832
847
854
847
860
875
875
876
886
901
893
888
888
886
886
875
875
883
874
872
872
884
901
908
887
892
906
913
900
905
882
877
874
863
887
876
901
910
915
911
912
900
897
888
32
856
841
830
842
868
876
888
893
908
913
911
903
33
871
863
882
887
903
924
32
893
887
962
32
931
927
914
918
916
927
929
915
27
889
879
879
888
893
895
900
911
920
932
919
913
894
912
26
886
885
894
897
907
897
907
912
916
895
875
880
891
894
900
900
907
917
905
889
888
885
881
880
891
903
908
917
901
909
916
923
935
933
923
27
897
884
867
887
899
912
921
912
907
911
918
916
900
885
894
906
898
901
904
921
926
916
902
888
888
891
882
876
881
881
875
24
852
852
835
23
813
814
836
857
877
855
841
853
867
858
848
863
876
952
34
918
897
899
899
916
913
904
913
915
950
951
45
906
907
922
926
912
916
914
924
926
928
919
912
908
920
901
908
921
924
903
916
921
30
892
885
30
856
876
875
878
873
870
884
889
896
900
891
29
863
848
849
869
875
890
899
895
888
947
953
50
903
910
911
916
923
916
910
918
905
910
939
923
914
26
888
909
936
946
957
950
927
922
920
906
905
917
905
77
828
1049
109
941
37
905
894
902
899
898
899
437
462
44
419
881
876
877
880
880
869
848
856
861
864
872
864
890
38
853
839
844
865
885
438
448
444
897
879
868
942
961
38
924
911
26
885
881
876
863
855
849
860
856
845
828
830
843
864
869
892
29
864
879
866
25
841
76
766
783
797
805
832
837
861
850
833
865
844
831
829
825
826
817
803
811
811
820
839
854
863
867
874
28
846
865
846
840
842
845
834
849
831
817
40
778
790
797
800
829
842
837
836
839
833
824
833
832
839
838
842
852
852
841
846
843
828
859
846
838
835
827
823
823
816
821
812
816
828
810
815
803
814
823
807
825
28
797
805
795
797
799
804
800
790
809
813
833
829
809
820
821
839
845
860
857
844
849
861
858
852
847
849
857
869
861
855
844
857
848
869
33
836
836
843
860
860
876
27
850
864
866
873
872
878
884
26
859
881
28
853
849
859
854
841
851
845
873
863
878
876
863
868
873
868
870
874
871
851
866
848
851
847
829
844
836
841
845
845
856
846
831
838
828
824
818
832
40
792
806
793
809
797
816
822
828
834
833
818
825
833
828
842
832
834
820
26
794
821
809
821
828
818
803
802
811
827
835
862
32
830
852
864
865
857
856
848
830
847
854
30
824
835
835
816
25
792
804
808
791
34
757
738
725
758
52
706
824
811
45
766
772
767
750
743
736
742
754
765
767
751
741
730
724
734
758
789
793
780
786
765
22
744
741
732
730
748
791
852
878
863
855
67
789
979
108
871
901
926
923
26
898
917
947
163
784
871
42
829
31
798
844
44
801
797
816
879
1024
121
903
28
875
36
839
834
27
808
800
810
836
849
862
844
844
864
865
870
886
93
794
1041
93
948
937
916
900
917
928
925
33
893
890
914
915
904
889
904
908
905
887
886
34
853
848
836
845
873
893
886
891
909
908
908
920
905
101
804
1050
118
933
918
1000
55
945
957
37
920
40
881
861
872
898
908
923
928
34
895
888
891
887
897
899
881
27
855
873
863
862
870
863
843
855
881
895
908
905
904
894
902
907
902
917
900
986
1002
165
838
920
78
843
57
786
789
799
855
30
826
842
1077
68
1009
69
941
58
883
25
859
865
882
891
40
852
50
802
791
788
774
765
773
787
796
812
823
836
844
846
862
867
34
833
882
25
858
879
881
35
847
27
821
809
809
808
830
839
843
848
862
874
875
863
879
868
858
849
841
33
809
795
790
782
796
796
791
805
787
777
797
822
853
875
886
45
842
855
869
848
854
867
845
845
856
864
875
858
875
890
872
867
872
884
895
921
975
976
44
933
36
898
930
37
894
106
788
1057
72
986
31
955
53
902
904
898
897
903
45
858
850
846
855
877
877
891
883
886
874
24
850
840
865
875
886
913
903
112
791
1026
99
927
915
917
36
882
862
863
860
874
892
912
905
905
895
881
882
868
874
873
871
886
891
881
884
896
897
884
876
865
870
858
869
868
861
860
848
852
866
25
841
846
846
839
836
822
840
853
865
27
838
836
847
844
849
30
820
820
835
843
852
833
41
793
810
829
837
867
883
34
850
860
907
929
35
895
889
891
883
925
918
46
873
871
881
875
875
858
851
835
826
850
866
885
876
866
858
863
25
839
829
828
855
871
851
861
839
858
846
857
868
868
867
851
849
868
861
862
867
883
877
875
890
882
36
846
858
855
844
844
853
24
830
840
842
857
870
847
837
26
812
828
844
849
845
859
857
839
867
869
859
905
946
28
918
902
889
27
862
845
843
873
32
841
847
839
826
817
832
837
840
845
846
828
828
811
793
23
771
794
818
831
842
837
841
859
919
925
69
857
69
789
813
874
859
864
884
880
888
901
915
912
34
879
875
27
848
40
809
820
847
864
872
865
874
877
875
865
865
870
895
37
858
871
865
886
881
42
839
856
867
866
845
848
864
867
870
873
883
863
851
850
30
820
837
23
815
27
788
787
791
816
840
847
871
881
28
854
857
30
828
820
800
826
831
831
845
842
863
866
871
863
864
864
845
831
852
834
835
822
803
814
825
827
846
862
881
876
854
859
866
848
831
836
23
814
819
804
31
774
775
769
777
760
770
783
781
795
782
775
763
796
777
786
773
815
960
49
912
39
873
873
879
79
801
1007
112
896
31
865
857
868
866
870
868
46
822
814
829
848
862
864
874
887
903
894
902
886
888
876
885
904
912
896
896
910
918
909
896
30
866
854
870
875
876
886
905
919
929
26
904
902
903
913
898
887
884
868
875
866
865
863
875
885
882
875
877
876
866
874
24
850
841
865
874
858
861
888
912
898
89
810
948
1022
106
916
942
930
932
943
960
45
916
37
880
868
866
853
866
868
849
844
846
862
884
909
915
894
35
859
849
845
849
851
843
854
861
865
871
856
858
837
839
844
856
870
875
881
902
910
39
871
881
897
885
903
906
898
891
874
908
909
81
828
820
828
830
851
859
851
866
875
880
881
868
861
864
858
25
833
51
783
786
775
756
763
782
780
770
769
775
778
782
23
759
741
733
737
750
761
751
747
748
739
759
779
799
799
797
805
806
802
805
817
895
888
868
851
854
851
841
849
847
831
887
916
897
38
860
867
866
847
838
853
858
858
265
593
1085
250
836
863
854
842
841
848
858
864
25
839
850
850
886
884
877
868
875
857
860
882
880
871
865
873
884
890
27
863
869
876
885
923
32
892
93
800
30
771
776
29
747
753
744
762
760
774
786
790
791
796
815
810
808
795
785
779
774
797
805
802
44
759
762
754
753
745
752
762
773
778
777
791
792
778
762
751
22
730
738
720
720
718
723
749
781
790
790
774
780
790
805
806
793
26
768
765
787
775
761
745
742
736
738
742
750
753
753
757
759
764
772
764
754
746
741
746
769
750
742
739
733
729
735
744
750
754
752
752
761
764
757
753
753
762
757
762
22
741
728
725
727
725
735
745
748
746
746
747
754
761
756
743
729
713
715
708
704
704
705
714
728
740
749
758
766
777
794
23
772
792
790
800
789
789
801
790
23
767
754
748
750
756
768
769
779
796
814
806
800
781
769
763
763
788
814
31
784
24
760
757
752
750
753
755
753
754
757
762
769
761
753
744
728
733
759
768
21
747
737
732
728
724
729
733
737
737
737
738
740
740
728
729
735
734
758
777
781
761
762
759
760
757
773
777
788
807
818
804
802
808
809
22
788
781
29
752
751
758
753
743
732
722
722
732
733
731
738
745
747
745
749
754
769
796
786
772
769
760
756
747
740
738
734
721
714
717
721
725
734
741
743
750
747
748
761
751
745
748
760
761
756
750
758
757
750
761
771
771
776
779
779
785
775
767
760
755
762
748
756
759
786
775
769
759
750
748
742
734
733
724
726
731
731
735
734
737
739
737
738
728
733
734
734
729
732
735
745
743
21
722
714
707
703
710
717
715
718
726
737
737
742
750
744
744
741
743
749
745
743
733
737
739
749
745
733
742
750
749
752
755
764
765
757
764
767
750
757
758
768
761
753
781
803
804
794
800
26
775
773
784
778
770
773
771
784
783
787
793
782
784
787
788
777
774
777
780
771
771
765
770
773
779
776
778
785
789
791
793
783
805
797
35
763
747
731
723
740
745
748
744
740
730
731
726
722
727
732
739
732
730
726
734
744
755
780
793
811
824
833
833
813
832
816
858
42
816
28
789
836
439
398
479
858
45
814
37
777
27
751
759
768
781
806
798
794
784
775
764
746
738
742
765
779
789
790
810
801
28
774
786
805
830
840
847
854
866
855
85
771
945
954
45
910
907
896
42
854
31
824
807
832
843
840
851
861
879
882
882
863
870
856
43
814
811
827
838
849
875
898
903
908
907
906
905
915
919
907
890
898
899
885
900
958
34
924
907
913
915
40
875
27
849
841
845
845
868
875
867
862
878
886
875
874
888
900
908
900
908
907
891
900
910
894
890
898
890
884
871
880
889
877
884
892
894
884
892
893
25
868
37
832
837
832
859
875
887
886
894
910
904
914
903
891
895
909
908
914
910
915
908
936
38
898
908
910
896
875
907
898
887
59
829
824
832
810
821
847
870
887
906
918
918
907
912
939
950
976
48
928
915
900
916
919
918
904
904
916
914
901
901
897
890
875
36
839
833
840
859
867
865
869
879
881
881
868
868
885
892
884
876
884
895
930
29
902
905
900
901
905
908
899
898
908
903
887
890
894
877
891
897
895
890
897
909
898
890
884
878
875
889
890
894
896
893
888
884
887
943
34
909
917
917
906
905
900
145
755
1008
112
897
884
29
856
843
838
28
811
791
796
818
827
815
811
798
794
787
776
767
774
785
824
844
855
873
895
881
867
81
786
1040
51
989
52
938
929
933
931
926
905
892
903
915
958
35
923
922
40
883
873
854
883
895
30
865
849
850
865
875
871
886
900
897
921
907
903
903
899
896
899
905
904
907
901
903
910
892
890
904
905
893
887
886
888
882
882
868
30
838
825
817
832
851
875
889
879
876
878
957
968
30
939
32
907
914
921
904
889
924
905
910
33
877
875
884
879
878
892
899
902
898
910
921
925
911
916
909
914
923
927
929
919
928
920
916
914
915
957
39
918
916
25
891
871
866
867
864
870
859
837
833
836
839
833
838
824
816
809
819
816
804
802
812
806
795
776
789
797
793
804
806
802
820
834
822
818
812
803
806
812
805
807
833
817
827
842
32
811
791
812
816
831
842
853
836
885
916
911
897
26
872
863
852
865
858
857
865
858
847
892
30
863
852
31
821
31
791
799
817
824
826
833
855
869
866
859
868
855
851
847
857
858
835
871
926
921
928
915
908
895
916
909
952
969
35
934
71
864
52
812
799
32
767
753
755
756
749
749
732
715
710
703
703
704
702
701
704
713
716
714
711
711
721
712
713
718
710
704
703
703
696
693
698
701
695
689
684
672
668
667
655
659
655
656
646
645
639
635
633
633
629
628
627
620
623
620
617
618
612
611
604
609
606
608
604
601
602
600
599
598
594
597
593
591
592
587
587
589
581
579
579
577
577
568
571
569
566
569
563
563
562
561
560
556
558
554
557
556
553
554
550
548
547
546
551
545
543
543
544
544
541
541
539
541
540
537
536
535
535
534
530
531
532
530
527
528
527
528
527
524
524
525
526
521
522
525
522
521
519
521
524
517
521
516
520
520
518
519
516
522
517
518
515
514
514
520
519
516
515
513
520
513
511
509
513
513
511
509
508
513
508
510
502
511
509
506
505
504
507
504
503
505
509
506
504
500
507
505
508
509
506
504
508
511
507
503
507
504
505
503
501
505
503
502
499
505
498
500
495
502
500
498
497
494
499
496
494
493
493
493
497
496
493
492
492
498
490
491
491
498
495
492
499
506
506
511
504
518
518
525
514
518
513
513
513
516
523
527
534
537
534
538
541
543
548
551
553
553
563
573
578
581
576
588
614
609
606
624
634
636
640
658
666
664
655
672
662
659
657
51
606
604
601
598
588
586
586
589
589
586
587
593
603
600
594
594
588
582
573
573
571
575
573
571
581
590
592
595
600
599
594
596
601
594
592
599
605
606
613
617
619
623
633
653
661
657
694
693
21
672
669
675
26
650
645
668
651
633
633
650
701
727
710
708
743
746
735
735
747
21
726
714
743
736
61
676
676
696
681
679
709
750
757
22
736
754
757
29
729
735
748
28
720
740
815
830
69
761
744
725
25
700
716
735
36
700
715
774
24
750
26
724
732
723
718
762
783
22
762
750
760
35
726
708
707
24
683
670
680
693
689
680
698
741
747
23
724
723
779
771
61
711
716
728
21
708
719
753
785
27
758
35
724
732
774
803
785
39
746
758
812
793
779
807
844
39
806
43
763
767
803
796
23
774
806
815
41
775
25
750
25
726
708
719
726
708
732
762
750
760
760
765
794
774
757
775
811
796
780
795
800
30
771
796
775
27
749
756
748
737
736
742
767
791
796
803
24
780
777
799
811
790
32
758
754
771
797
808
788
831
845
31
814
810
803
817
26
791
27
765
792
825
803
806
25
781
773
766
754
764
788
802
28
775
29
746
766
779
777
773
764
762
773
789
22
767
758
751
756
776
791
785
785
804
827
34
793
808
837
23
815
23
793
808
33
775
22
754
743
739
725
740
740
740
743
742
731
740
748
743
24
719
731
717
721
723
723
725
735
731
734
742
737
726
716
726
719
732
744
750
750
752
765
749
759
778
791
794
780
31
750
23
728
722
715
715
712
711
711
709
713
710
707
702
710
717
718
711
705
692
715
710
716
713
708
704
710
694
691
700
709
727
744
760
784
792
786
781
778
785
776
794
811
30
781
766
764
772
785
781
801
819
807
821
828
26
802
795
809
819
814
831
845
851
850
846
854
859
854
841
859
860
850
846
833
823
808
812
813
834
839
838
864
874
852
870
872
872
28
844
839
853
32
821
822
816
817
819
822
817
824
833
822
817
828
829
841
843
852
871
873
855
871
874
876
864
875
882
876
888
897
890
893
898
877
26
852
858
847
841
844
862
871
863
867
877
882
882
901
903
884
889
892
885
891
903
909
894
906
913
914
27
887
884
879
858
853
865
875
874
863
870
872
864
885
880
858
872
859
842
859
849
847
858
870
868
872
888
900
907
887
905
900
881
892
875
24
851
863
847
841
847
864
850
845
830
823
832
846
847
842
836
839
33
807
29
778
774
768
760
745
741
734
745
749
752
754
762
773
792
803
789
22
767
752
738
728
726
726
724
709
704
705
702
699
696
682
669
678
672
669
659
656
653
650
652
648
645
638
634
628
628
625
623
624
619
625
635
638
639
642
645
644
645
643
634
627
624
627
629
637
655
672
694
725
729
744
738
749
742
734
746
746
745
753
750
740
727
715
708
708
706
713
733
751
751
763
774
765
777
790
789
770
775
772
779
780
771
791
798
796
794
846
873
864
33
831
823
811
844
852
845
831
840
846
864
864
872
861
854
849
833
821
821
808
809
802
798
794
24
771
769
792
782
789
802
819
826
831
848
850
26
825
818
808
827
812
804
810
811
808
802
782
779
783
776
800
816
819
797
804
811
807
804
793
797
789
785
772
773
776
768
751
746
736
731
729
739
733
719
714
715
705
699
684
682
682
681
671
669
666
668
665
655
648
645
641
637
639
633
632
634
633
631
352
279
375
88
287
312
397
3999
3999
3999
3999
3999
3999
3999
3020
250
281
25
257
265
257
257
281
24
257
281
281
24
257
281
24
257
265
257
257
281
25
257
265
257
257
281
24
257
281
281
24
257
281
24
257
281
281
25
257
264
258
257
281
24
257
281
24
257
265
257
257
281
24
257
281
281
25
257
265
258
257
281
24
257
281
281
24
257
281
24
257
265
257
257
281
25
257
265
257
257
281
24
257
265
257
257
281
24
257
281
281
25
257
281
25
257
265
257
257
281
24
257
265
257
257
281
24
257
265
257
257
281
25
257
281
281
24
257
281
24
257
265
257
257
281
24
257
265
257
257
281
25
257
281
281
24
257
281
24
257
265
257
257
281
24
257
281
281
25
257
281
24
258
265
257
257
281
24
257
265
257
257
281
24
257
265
257
257
281
25
257
265
257
257
281
24
257
265
257
257
281
24
257
281
24
257
265
257
257
281
25
257
265
257
257
281
24
257
265
258
257
281
24
257
281
23
258
265
257
257
281
25
257
265
257
257
281
24
257
281
281
24
257
281
24
257
265
257
257
281
25
257
265
258
257
281
24
257
281
23
258
265
257
257
281
24
257
265
257
257
281
25
257
281
281
24
257
281
281
24
257
281
24
257
265
257
257
281
25
257
281
25
257
265
257
257
281
24
257
265
257
257
281
24
257
281
24
257
265
257
257
281
25
257
265
257
257
281
24
257
265
258
257
281
24
257
281
281
25
257
281
25
257
265
257
257
281
24
257
265
257
257
281
24
257
281
281
25
257
281
281
24
257
281
24
257
265
257
257
281
24
257
265
257
257
281
25
257
265
257
257
281
24
257
265
257
257
281
24
257
265
257
257
281
24
257
281
281
24
257
281
24
257
265
257
257
281
24
257
265
257
257
281
24
257
265
257
257
281
24
257
265
257
257
281
24
257
281
24
257
265
257
257
281
24
257
265
257
257
281
24
257
281
281
24
257
281
24
257
265
257
257
281
24
257
281
281
24
257
281
24
257
265
257
257
281
24
257
265
257
257
281
24
257
281
281
24
257
281
24
257
265
257
257
281
24
257
265
257
257
281
24
257
265
257
257
281
24
257
281
24
257
265
257
257
281
24
257
265
257
257
281
24
257
265
257
257
281
24
257
281
281
24
257
281
24
257
265
257
257
281
24
257
281
281
24
257
281
281
24
257
281
281
24
257
281
24
257
265
257
257
281
24
257
281
22
259
264
257
257
281
24
257
265
257
257
281
24
257
265
257
257
281
25
257
281
24
257
265
257
257
281
24
257
281
281
24
257
281
281
25
257
281
24
257
265
257
257
281
24
257
265
258
257
281
24
257
281
24
257
281
281
24
257
281
281
24
257
281
24
257
265
257
257
281
24
257
281
281
24
257
281
281
24
257
281
24
257
265
257
257
281
24
257
281
281
24
257
281
24
257
265
257
257
281
24
257
281
281
24
257
281
24
258
265
257
257
281
24
257
265
257
257
281
24
257
281
281
24
257
281
24
257
281
281
24
257
281
23
258
265
257
257
281
24
257
265
257
257
281
24
257
281
281
24
257
281
281
24
257
281
24
257
265
257
257
281
920
3999
1855
2144
999
1146
3999
3999
3999

