17-08-2022 - 15:04 - Correr
Raul Navarro Barrientos
Intervalos entre latido y latido
665
656
666
668
20
649
658
667
659
653
658
662
649
642
646
646
634
636
648
648
641
639
669
708
719
21
699
683
22
662
657
652
646
645
653
661
658
653
660
667
660
666
676
682
685
674
683
689
692
679
676
685
691
681
675
678
683
675
663
669
676
669
662
668
673
667
660
668
677
671
658
670
680
677
662
671
679
679
23
657
666
674
671
658
667
675
668
651
664
671
669
652
663
670
668
659
659
669
675
667
657
669
674
664
649
663
673
670
655
657
666
671
658
658
665
670
664
650
657
668
671
668
658
670
682
684
665
676
688
679
666
680
689
680
22
659
679
694
679
667
667
693
711
22
690
682
684
693
707
723
20
704
20
684
688
693
694
683
668
660
653
643
633
625
625
633
642
644
641
638
651
658
660
646
649
656
660
654
647
656
663
664
657
646
658
667
669
655
658
670
678
666
661
668
674
666
655
666
673
667
658
668
678
674
662
673
681
681
23
659
673
682
679
670
668
685
758
855
833
36
798
25
774
22
752
54
699
702
700
25
676
666
666
671
662
658
664
668
656
665
672
676
658
666
676
681
672
665
669
674
669
655
666
673
670
658
664
666
662
647
653
660
655
639
650
650
654
642
645
653
657
645
648
656
658
648
639
649
655
649
637
644
653
648
641
647
653
657
643
652
661
659
646
654
661
657
647
655
660
652
649
657
662
652
653
661
665
656
649
655
663
657
646
655
661
651
643
653
655
645
642
649
652
648
640
646
652
653
645
639
650
663
664
652
663
671
667
657
666
673
666
652
662
674
674
19
656
664
673
671
659
653
665
668
659
660
666
670
661
656
665
670
657
664
669
670
657
666
675
671
19
653
663
673
669
658
655
666
677
673
662
670
678
674
658
665
671
672
659
658
668
669
663
652
661
674
672
657
663
672
674
664
661
684
730
741
25
716
24
693
21
673
656
652
651
638
647
655
654
647
652
653
651
643
650
656
659
646
657
666
668
656
663
668
670
658
665
673
669
656
661
667
666
652
661
666
664
647
657
662
663
652
653
658
658
652
641
651
662
660
649
643
650
656
650
638
644
650
643
633
642
650
644
635
636
647
647
637
639
646
653
646
639
646
653
651
640
650
661
655
652
661
666
662
650
660
667
664
647
657
667
666
653
662
669
665
657
663
670
666
653
665
675
668
657
664
669
665
648
656
661
657
644
652
659
658
651
645
656
664
663
652
648
656
666
666
649
658
668
664
650
656
662
663
656
650
657
662
657
650
655
678
693
683
683
682
679
664
662
663
659
648
653
654
646
647
649
655
646
650
655
655
653
656
651
656
661
663
655
664
666
669
664
659
664
666
665
656
657
663
662
659
656
662
664
667
668
667
655
657
662
657
642
647
650
647
637
643
646
652
648
638
638
640
634
633
640
646
647
638
633
635
639
641
642
644
634
635
639
634
629
631
635
633
626
633
638
639
631
636
642
647
642
643
654
659
656
656
665
668
655
665
670
666
656
654
658
663
658
653
660
666
658
650
656
663
657
649
657
666
664
652
660
666
663
655
662
668
662
661
665
668
657
656
663
666
651
658
666
663
653
663
673
667
661
670
714
728
22
706
34
672
662
659
662
653
654
658
659
649
651
653
656
649
652
657
659
651
654
664
665
658
664
669
661
670
678
666
674
685
676
672
681
685
668
675
681
676
666
669
671
664
656
661
667
660
662
670
673
669
665
674
678
670
660
664
668
663
659
666
667
656
654
663
664
648
657
666
663
650
661
666
661
647
658
663
656
646
656
663
658
651
656
664
658
660
666
667
661
654
663
668
662
650
662
671
666
654
663
666
661
653
659
664
658
660
668
672
657
661
668
671
21
651
660
664
666
656
651
655
656
643
647
654
653
637
647
653
652
641
655
667
675
665
665
672
676
666
655
664
669
662
655
668
680
685
687
690
679
674
673
675
661
651
653
655
648
633
641
646
642
631
641
648
648
635
640
648
653
648
637
648
658
657
639
652
661
658
644
658
665
666
653
662
666
670
659
657
664
667
656
652
662
668
666
650
662
669
661
20
641
655
664
661
20
641
655
661
651
637
639
674
706
720
717
702
694
23
671
671
670
657
652
655
656
644
652
661
663
646
649
649
651
651
646
636
626
624
617
605
606
602
603
598
593
589
590
591
590
584
586
590
593
586
586
586
584
586
588
584
584
584
587
586
582
580
581
580
573
574
577
578
574
574
574
576
575
572
572
574
574
572
571
573
572
575
571
573
576
577
576
577
580
578
580
575
579
572
569
573
576
574
573
576
581
580
577
579
575
576
591
591
589
600
595
592
590
593
588
583
585
586
582
581
580
583
579
576
578
578
575
580
578
574
575
573
579
577
573
574
572
574
569
564
569
571
570
568
567
577
570
564
571
571
568
563
564
566
564
559
561
565
568
564
562
570
570
567
564
567
570
564
560
563
566
566
562
562
571
565
561
558
564
567
564
562
567
569
566
563
565
569
565
559
559
558
557
554
550
552
551
557
552
552
552
557
556
550
547
548
549
550
544
545
547
546
545
544
542
541
542
541
540
540
541
542
538
536
541
540
537
534
538
539
535
531
536
537
538
535
537
539
539
534
534
541
557
565
561
556
553
546
546
543
541
539
533
538
533
532
530
532
531
530
528
527
528
528
526
524
525
527
522
524
524
521
523
517
518
519
519
522
520
518
515
523
521
516
515
519
518
517
514
515
520
518
515
514
515
517
517
511
515
517
515
515
510
511
517
530
535
535
532
530
524
528
526
529
525
527
521
516
519
516
517
514
514
509
516
517
514
510
516
514
518
513
515
522
525
529
524
529
532
532
533
533
533
533
530
530
534
535
534
531
532
539
541
538
538
543
546
546
542
543
548
553
554
547
549
551
560
563
564
566
568
576
583
574
576
580
586
578
576
572
573
566
565
559
560
568
567
569
564
562
568
573
567
566
570
573
573
568
569
576
581
584
576
578
583
588
580
582
587
593
585
587
593
601
599
590
599
612
604
596
613
610
609
610
609
597
594
604
600
614
611
601
602
594
603
592
591
596
595
587
581
589
579
579
587
599
18
581
592
596
591
20
572
585
577
576
584
585
586
580
585
597
611
603
603
609
619
625
620
613
615
625
637
628
624
638
647
635
625
633
683
724
725
715
699
40
659
664
665
22
643
638
645
647
631
637
649
656
640
641
653
656
19
638
637
647
646
19
628
632
644
645
633
635
654
661
645
643
682
755
774
32
743
29
714
44
671
662
666
19
648
21
627
635
642
627
621
627
632
619
625
639
647
637
632
646
651
21
631
636
647
645
627
631
640
637
625
633
641
641
629
629
639
646
634
623
633
645
641
627
635
652
650
633
641
657
657
19
638
647
657
654
19
636
644
652
646
630
635
648
646
629
642
644
639
625
637
647
640
626
639
649
641
627
638
655
654
20
635
644
658
659
644
648
660
661
19
642
648
659
653
19
634
647
656
649
640
665
720
750
27
724
31
694
28
666
23
643
635
636
633
624
631
639
644
632
643
660
662
645
655
669
666
655
665
668
23
646
644
649
647
631
635
632
633
619
616
618
604
604
612
600
608
603
606
600
599
596
582
590
583
583
583
594
596
597
601
611
624
619
618
619
623
628
616
621
610
609
615
618
609
624
632
626
627
631
625
643
659
666
660
654
658
665
674
669
659
666
669
655
662
678
679
670
669
685
697
682
674
686
689
671
669
672
670
671
682
688
692
20
673
665
672
680
666
662
669
668
659
667
703
738
722
29
693
26
668
22
647
651
657
650
652
661
670
666
654
665
664
652
671
670
662
669
683
686
671
671
683
678
667
671
672
684
673
670
680
677
674
19
655
663
666
658
648
659
668
661
656
666
672
667
656
666
675
665
660
670
677
666
661
669
671
660
662
673
671
664
678
688
676
663
658
666
664
648
646
654
657
656
22
635
636
636
628
625
613
612
623
637
637
633
651
661
666
656
658
657
648
660
677
678
667
681
689
672
675
685
679
666
674
685
672
665
668
674
694
682
667
666
671
677
683
681
20
661
658
662
661
664
667
671
676
672
672
663
669
673
671
675
676
685
679
662
665
673
663
658
673
679
677
665
666
678
670
661
662
675
682
674
668
669
679
689
24
666
665
669
681
666
655
662
669
660
656
664
672
659
655
660
651
640
642
635
635
652
661
657
653
661
673
672
663
671
678
670
666
688
678
672
680
685
682
687
690
693
695
697
23
675
668
663
674
664
655
666
673
663
655
663
670
665
657
668
680
669
662
670
683
687
690
681
666
679
683
669
658
667
672
663
657
657
658
662
666
668
671
664
657
664
649
668
666
661
21
640
638
635
637
640
649
637
631
627
631
629
633
630
629
633
635
635
635
637
636
635
633
634
626
614
616
615
617
619
620
620
615
611
610
612
611
614
621
620
617
616
617
619
620
617
611
608
613
620
620
624
623
626
627
628
627
625
626
626
613
611
611
613
615
625
610
625
614
613
619
625
631
636
637
636
634
636
629
628
641
658
652
647
663
674
677
666
663
674
714
776
774
24
750
22
728
21
708
22
687
688
689
681
682
679
679
681
19
662
649
653
655
656
656
644
643
653
658
651
645
656
664
657
658
666
666
659
671
676
666
662
671
678
671
660
668
674
670
663
659
674
671
658
670
681
671
667
669
669
677
679
677
675
672
665
655
654
640
636
625
628
627
620
612
626
630
629
622
627
635
637
633
636
633
641
642
646
659
642
638
649
642
637
654
661
660
649
654
650
661
657
644
653
663
660
655
660
672
673
676
684
696
687
21
666
665
673
659
645
646
639
638
630
620
629
635
625
625
628
620
605
610
610
602
596
602
599
597
590
599
598
590
591
612
629
632
635
635
625
608
613
614
604
609
614
611
600
610
609
609
598
600
600
593
588
585
591
587
589
583
589
590
596
590
591
583
583
581
582
579
570
571
569
568
573
574
575
573
572
571
569
563
563
566
568
569
567
576
575
572
577
578
583
580
581
584
590
585
578
583
587
585
578
581
585
585
578
579
583
583
583
585
584
580
576
573
581
276
580
575
584
613
638
631
625
620
609
601
600
600
587
585
584
586
576
574
579
579
572
573
576
578
571
571
575
578
576
574
574
579
578
576
580
580
581
581
580
578
586
575
578
583
583
577
581
582
578
578
579
573
567
567
571
576
573
566
571
569
569
578
583
579
591
601
609
599
609
615
624
617
609
614
620
618
613
600
606
607
600
601
609
611
608
602
594
596
600
596
594
598
601
591
596
595
590
588
588
584
583
573
576
575
574
564
570
575
571
571
575
578
568
574
579
580
572
572
579
580
573
568
583
579
572
563
570
576
563
562
567
558
560
555
562
567
575
568
569
568
565
565
566
556
555
556
556
551
543
547
560
554
550
556
565
574
582
581
581
577
574
572
570
570
567
564
561
567
553
556
556
557
562
559
552
560
580
605
597
596
601
590
591
593
590
587
582
578
576
576
572
571
570
570
570
570
570
570
572
569
569
569
564
552
556
559
563
553
554
555
559
562
557
552
554
558
557
556
562
572
571
577
580
576
577
573
568
563
561
562
560
561
562
565
563
563
566
567
566
565
569
570
575
579
582
580
578
576
571
571
570
568
565
571
565
562
565
568
571
566
563
563
562
564
563
564
562
562
561
558
558
554
552
550
551
547
549
546
544
544
542
544
545
546
549
550
551
556
562
567
571
571
568
567
562
560
559
559
556
555
559
556
551
552
554
557
557
558
559
562
565
567
568
566
566
562
560
558
559
560
559
560
566
581
586
586
586
583
578
573
569
564
565
565
562
561
558
559
558
559
557
558
558
560
558
556
555
553
554
558
558
555
554
555
555
552
551
550
552
548
549
556
557
569
571
570
567
569
566
563
560
557
554
553
551
548
548
548
546
543
542
541
541
540
538
536
536
535
535
528
524
525
521
522
524
522
527
527
529
530
531
534
536
539
539
539
539
538
542
540
538
539
538
536
541
541
541
543
546
548
548
549
549
552
549
553
558
558
557
557
556
554
558
558
555
557
558
562
565
565
569
584
600
600
594
587
582
576
569
566
564
565
561
557
556
557
556
554
554
555
554
553
551
557
558
561
566
571
570
568
565
562
563
561
560
557
560
559
559
559
560
558
557
557
557
560
560
559
560
562
562
559
557
561
567
570
569
568
561
558
557
554
555
555
554
552
553
551
550
549
548
549
539
541
540
539
542
542
539
539
538
536
534
535
536
537
539
541
543
541
541
537
540
541
541
544
544
547
545
545
548
549
550
548
550
553
560
568
568
566
563
564
564
567
561
557
557
556
556
554
548
558
554
553
556
556
556
557
557
557
555
555
557
554
555
558
558
556
554
554
552
549
551
549
547
549
548
545
547
549
549
551
555
558
562
561
558
558
556
551
554
558
558
561
564
572
574
576
572
568
563
560
552
555
557
554
554
557
560
559
560
560
561
558
566
569
571
571
569
561
564
563
561
558
556
556
556
551
560
562
565
559
565
566
573
574
580
567
566
571
577
576
574
578
576
564
559
566
566
561
565
578
599
610
607
605
602
590
578
573
578
580
584
585
588
591
594
598
600
597
596
599
598
598
595
620
631
3999
2077
630
628
638
647
638
632
642
649
641
638
652
659
651
645
644
652
645
633
628
634
640
631
626
642
651
655
638
22
617
601
605
614
623
619
616
623
633
635
631
645
647
634
636
656
655
638
639
653
647
642
647
654
649
643
639
633
634
627
619
624
631
639
636
633
646
658
659
646
646
654
648
631
631
635
635
626
626
636
637
630
635
646
649
636
642
648
641
632
634
641
640
632
638
644
641
633
641
651
651
648
660
667
665
669
681
674
662
670
685
685
666
669
682
680
668
680
701
696
678
685
702
692
678
686
699
688
673
682
696
683
671
681
695
684
669
677
685
672
664
674
689
675
662
666
666
656
654
663
662
651
646
654
661
658
658
3999
3999
3999
3999
3999
3999
3999
3999
3999
3999
3999
592
655
651
649
659
663
658
656
662
660
653
648
656
651
652
663
666
659
665
3259
678
679
665
671
680
679
666
670
682
679
668
678
684
674
666
675
680
671
663
674
686
682
669
677
688
686
678
690
788
1080
140
940
138
803
61
743
41
702
23
679
24
656
666
675
672
661
666
675
666
664
669
664
652
660
666
673
674
678
684
680
673
679
683
674
675
682
682
670
671
679
676
660
667
676
671
662
671
679
675
666
671
679
671
666
674
681
670
667
676
677
670
665
673
680
671
669
678
680
672
674
687
687
671
679
697
692
681
689
682
677
668
23
646
638
626
626
623
610
602
612
614
606
598
599
600
590
593
589
580
583
585
587
585
576
577
584
583
571
583
586
581
576
584
585
579
582
579
572
572
576
570
572
577
577
569
580
582
581
577
583
584
580
578
583
582
578
581
584
583
580
587
592
592
598
606
601
598
603
609
602
600
602
606
597
599
599
602
593
599
599
596
591
602
602
595
596
601
594
596
611
638
647
629
628
18
611
614
609
601
593
587
591
596
591
591
593
597
599
592
601
603
597
588
590
591
587
592
597
594
595
603
609
601
608
625
625
629
620
616
610
610
602
598
600
597
595
590
587
584
586
579
576
572
577
568
565
564
562
569
565
560
567
569
570
565
569
572
577
573
581
585
589
584
586
592
605
606
604
610
624
622
621
627
635
625
627
639
641
633
634
641
642
628
642
649
643
635
639
647
635
643
646
638
643
653
648
641
647
648
636
646
648
636
644
646
639
639
647
646
638
635
648
651
636
640
645
646
629
633
642
635
624
629
635
629
627
635
638
629
630
644
635
629
636
638
629
624
630
620
622
627
619
609
627
624
615
615
615
606
608
605
594
593
590
595
597
598
595
592
588
585
582
583
17
567
576
566
562
568
574
571
568
573
579
578
573
575
581
584
578
581
597
629
650
648
646
23
624
611
600
606
608
602
604
616
628
622
619
628
643
650
638
641
658
665
20
645
651
671
671
655
656
678
687
26
662
674
708
707
30
677
688
711
20
692
25
667
678
693
21
672
665
680
698
29
669
677
696
690
675
690
707
31
676
671
678
688
23
666
656
671
688
22
666
663
672
690
672
659
672
688
24
665
661
679
684
26
658
666
687
679
26
654
666
681
675
24
651
662
682
682
21
661
677
694
23
671
669
691
688
669
683
703
21
682
669
682
689
32
657
672
689
672
659
677
685
20
665
668
687
689
24
665
678
698
686
22
665
680
691
24
668
678
701
694
22
672
686
705
693
21
673
693
715
697
680
681
698
705
33
672
678
691
684
25
659
670
686
677
665
659
687
685
21
665
681
700
21
680
665
675
686
668
658
668
677
667
663
673
685
20
666
663
670
677
672
661
673
686
678
21
658
668
677
665
655
665
656
662
685
698
682
677
677
672
675
681
671
666
662
665
680
686
672
657
664
650
643
633
647
664
673
672
685
688
686
705
697
704
716
705
699
700
706
711
696
694
695
689
677
670
695
693
20
674
680
680
681
672
666
659
665
662
19
644
659
661
655
643
663
667
668
658
674
693
694
689
700
682
696
699
701
702
691
675
666
658
658
666
673
683
672
658
672
676
662
666
683
691
689
692
696
680
682
693
690
675
690
700
693
679
692
696
684
699
758
809
802
807
33
775
43
732
713
703
703
695
21
674
688
693
682
678
697
702
696
680
699
708
700
684
700
704
687
701
710
704
689
707
711
696
694
703
693
690
702
692
695
706
692
676
686
674
692
684
20
665
667
671
658
648
645
647
657
658
649
670
677
665
665
674
687
685
20
665
676
689
692
679
671
675
676
690
701
708
699
23
676
696
704
23
681
682
692
682
669
684
690
695
693
678
695
699
689
687
683
696
688
681
682
692
700
697
708
714
708
27
681
679
688
21
667
673
685
684
674
687
680
678
679
680
700
711
703
699
695
701
24
677
661
670
671
660
671
682
669
684
694
679
693
707
702
690
697
692
20
673
689
693
700
697
20
678
661
672
677
665
663
679
679
666
680
698
692
684
691
689
693
692
694
712
702
686
696
700
690
679
694
710
709
696
702
20
682
686
692
695
687
679
696
696
681
681
681
694
704
708
698
681
691
692
686
674
674
684
695
685
666
670
685
679
665
685
702
690
676
700
693
685
689
698
707
28
679
676
687
673
670
684
673
666
681
691
673
675
694
702
686
705
719
708
20
689
708
712
22
691
689
726
752
36
717
25
692
697
708
706
20
686
696
702
706
20
686
697
707
712
708
717
730
744
739
742
757
756
24
733
33
701
716
713
27
686
701
712
721
706
709
712
20
693
708
712
700
698
688
706
707
695
693
694
714
707
693
702
716
703
687
700
714
703
691
705
715
700
686
685
675
671
685
707
708
697
690
689
707
715
705
686
701
701
693
696
695
684
702
716
720
707
689
697
707
696
681
694
702
692
681
691
705
700
691
688
696
708
714
707
20
687
692
703
696
680
690
693
687
699
704
706
717
706
703
701
702
703
702
705
703
708
704
709
702
696
684
686
695
698
682
680
693
687
681
689
708
709
714
717
700
694
706
711
700
689
701
714
708
693
687
703
711
702
690
704
711
700
695
703
705
695
686
706
700
703
717
728
732
728
723
707
710
700
684
695
707
691
685
706
701
693
698
713
705
703
718
712
703
706
715
704
693
693
701
685
689
718
748
743
735
30
705
697
20
678
671
666
664
667
660
656
668
672
664
666
684
687
674
697
692
693
693
713
704
697
699
715
726
726
731
718
20
698
697
691
712
709
697
710
711
22
690
701
693
676
673
680
674
678
693
696
691
694
708
711
699
691
708
715
709
693
712
712
704
707
728
725
720
731
722
20
703
695
691
683
696
708
719
718
710
25
686
696
703
708
693
702
710
710
694
707
720
715
710
702
734
722
724
740
731
24
708
722
728
25
704
709
717
706
698
697
708
728
726
22
704
700
713
709
20
690
704
712
698
687
702
710
697
691
695
697
691
699
708
715
716
721
717
714
702
21
682
691
701
689
676
694
690
688
698
697
719
718
714
713
698
691
691
688
685
680
683
686
679
676
672
674
30
645
648
649
646
646
648
635
631
631
634
637
637
637
637
634
632
631
633
618
621
621
625
615
621
622
631
634
638
637
637
638
637
637
637
627
624
631
636
640
632
640
651
642
631
636
639
639
640
642
643
642
639
639
626
625
625
629
626
628
630
617
622
623
627
630
627
622
626
631
638
638
638
639
636
633
627
628
612
602
607
616
603
608
612
603
602
602
605
592
602
594
595
603
607
610
624
640
648
657
662
660
656
652
649
639
633
627
629
615
607
611
621
627
625
633
638
645
651
656
659
653
656
21
635
637
635
631
632
619
613
616
625
615
624
626
628
635
629
622
625
625
623
622
623
608
612
19
593
601
600
610
603
601
602
619
625
621
633
654
665
653
665
678
667
659
675
680
664
654
662
667
660
22
638
638
646
659
666
671
702
735
729
23
707
693
701
696
21
676
686
695
689
682
725
836
1041
92
950
45
905
71
834
26
809
25
785
769
775
765
754
778
828
851
877
28
850
833
43
791
43
749
46
703
37
666
657
662
677
662
668
683
21
663
670
679
687
685
676
668
658
653
19
635
642
630
628
635
620
613
629
627
630
636
646
652
640
650
668
680
688
695
706
699
22
677
684
698
693
682
698
705
695
693
708
738
30
709
731
743
21
722
706
716
714
698
682
702
706
21
685
702
719
719
22
698
696
709
717
42
676
682
690
691
677
662
670
688
701
694
691
686
690
691
24
668
664
671
683
664
680
703
21
682
693
718
727
32
695
706
716
697
26
672
685
666
654
658
661
656
661
666
695
692
708
734
742
26
716
717
740
728
714
732
749
39
710
726
761
770
756
36
721
732
747
23
724
709
731
737
36
701
720
708
706
718
36
683
708
726
23
704
695
705
714
715
714
709
707
707
689
25
664
675
690
678
673
679
679
679
690
699
704
728
729
37
692
708
725
22
704
696
683
688
699
707
714
24
691
696
708
702
693
711
725
714
697
689
708
704
25
679
695
685
670
681
26
656
656
654
644
650
22
629
649
637
654
663
650
666
684
675
679
701
708
689
713
731
25
706
695
767
831
820
27
794
31
764
55
709
711
713
23
691
679
699
711
726
28
699
717
732
729
738
24
714
719
732
734
27
707
722
738
726
23
704
715
731
711
702
718
737
720
726
757
750
41
710
730
746
29
717
703
716
726
24
702
702
718
723
32
692
709
725
25
701
701
713
711
32
680
699
715
719
37
682
708
733
735
40
696
713
725
714
34
680
696
712
694
680
699
703
28
676
695
714
26
688
693
712
698
24
674
696
710
24
686
687
700
708
29
679
694
712
702
686
707
721
28
694
717
749
732
23
710
735
756
737
29
708
724
730
36
694
701
711
717
700
691
745
804
826
841
830
55
775
765
757
40
718
710
713
714
26
689
708
721
716
20
697
710
721
34
688
702
715
723
27
697
717
740
30
710
709
721
725
34
691
701
717
708
27
682
707
726
21
706
708
722
724
30
695
699
723
712
708
731
743
30
713
719
740
725
21
704
721
739
29
710
711
735
717
713
712
721
723
714
711
707
708
695
27
668
666
667
666
665
661
653
646
643
642
638
645
639
635
640
643
647
651
650
652
645
647
654
654
653
654
652
650
647
645
644
643
636
624
625
644
667
681
678
678
694
716
736
743
744
733
720
21
700
692
681
676
665
661
25
636
634
642
642
626
647
659
647
663
693
698
21
677
670
690
700
30
671
690
27
664
664
678
677
685
721
742
726
725
752
763
28
736
25
711
724
735
771
785
24
762
50
712
739
771
752
742
769
773
37
737
763
784
774
756
767
773
36
737
750
762
770
750
29
722
744
755
735
25
711
722
716
704
716
711
695
685
688
714
730
726
727
748
750
735
725
735
742
733
723
745
757
748
747
765
771
753
756
755
737
742
752
745
729
747
753
743
736
752
759
749
738
749
737
722
729
739
742
27
715
718
730
731
722
710
724
719
717
717
715
725
744
22
722
724
716
24
693
708
718
714
710
713
706
703
705
726
762
770
756
24
733
716
730
735
726
710
731
723
714
736
721
733
746
752
732
23
710
729
739
720
716
729
736
719
712
708
706
689
702
715
710
711
20
692
20
672
674
672
672
688
682
668
663
676
686
685
681
702
718
720
703
700
725
715
23
693
701
712
717
715
709
713
707
707
724
735
732
727
719
709
712
22
691
684
684
681
673
657
678
682
685
682
696
707
702
22
680
709
694
696
710
720
704
712
731
746
727
24
703
720
720
25
696
711
724
708
694
711
709
21
689
708
717
718
727
711
693
680
695
705
686
671
673
683
680
680
681
700
705
726
724
722
738
736
21
715
727
735
21
715
726
720
727
730
767
789
798
790
37
753
756
743
27
716
725
738
729
21
708
729
746
738
719
747
783
770
769
766
747
735
729
747
745
731
719
708
696
683
673
666
659
29
630
640
635
642
634
618
630
627
621
628
631
632
631
630
631
622
608
617
629
632
629
651
672
697
693
718
741
742
744
774
788
22
766
32
734
23
712
716
711
709
704
692
693
681
665
677
693
681
695
716
718
716
750
787
775
756
750
775
779
22
757
38
720
722
24
698
684
689
684
686
705
719
25
694
698
27
671
696
686
694
705
714
707
694
701
719
736
732
23
709
737
766
758
770
801
808
792
793
785
768
813
834
28
807
40
767
760
753
32
722
726
748
743
732
722
750
751
745
773
775
22
754
757
774
766
750
763
753
745
727
796
841
52
789
59
730
713
704
685
702
717
708
694
718
732
715
709
739
732
31
701
729
753
28
726
719
738
721
707
723
738
718
706
732
24
708
724
741
740
27
713
724
743
723
728
746
728
23
706
722
731
721
707
688
701
704
709
705
697
685
680
685
682
672
670
669
662
659
650
646
647
639
640
640
634
644
634
632
635
646
631
617
624
615
615
613
609
605
602
600
599
599
600
598
600
601
602
602
603
600
609
613
609
617
620
622
625
625
624
623
620
617
620
621
618
611
613
614
612
607
606
611
610
608
613
610
609
617
619
22
597
611
621
605
602
612
617
603
604
599
586
588
592
583
573
573
581
573
566
567
572
568
569
567
567
568
569
560
556
564
554
549
555
546
548
550
559
554
551
557
559
558
559
551
555
551
552
559
557
543
541
547
541
540
544
545
541
541
541
536
531
535
534
529
527
536
534
530
537
538
530
531
531
539
536
532
537
538
537
541
541
549
543
541
550
552
557
553
554
559
551
553
567
576
585
585
575
583
584
582
575
583
594
587
582
594
610
599
613
625
615
619
635
627
614
624
635
624
614
624
632
620
625
647
656
639
641
689
741
743
724
41
684
674
678
29
650
652
663
649
642
655
653
636
650
665
19
646
651
670
657
644
658
664
24
640
649
665
662
22
640
655
666
648
656
677
676
19
657
668
684
30
655
659
673
666
20
647
665
682
21
661
644
660
666
25
641
645
660
648
640
656
663
22
641
649
666
663
19
644
650
672
664
646
664
677
19
659
645
663
680
666
652
670
688
20
668
663
681
697
680
668
684
688
670
672
749
955
961
164
798
46
752
40
713
698
26
673
667
679
683
24
660
671
687
680
666
683
694
32
663
677
695
27
668
674
692
686
23
664
669
671
20
652
671
690
24
666
670
695
699
27
672
686
708
23
686
681
696
692
25
668
684
704
30
674
680
706
20
686
680
702
708
34
674
687
709
28
682
682
702
696
28
668
687
710
692
691
715
717
29
689
708
736
29
708
705
732
25
707
694
712
708
30
679
701
719
34
686
697
718
27
691
694
722
712
695
711
721
37
685
691
714
703
686
702
716
31
686
696
719
706
695
725
722
38
684
696
713
33
681
690
715
706
29
677
702
708
32
677
693
712
722
24
698
691
705
725
26
700
695
719
715
34
682
700
722
21
701
693
714
723
35
688
707
729
23
706
697
715
724
39
686
695
718
710
30
680
700
727
21
707
696
712
726
30
697
696
709
708
36
673
691
712
703
23
680
698
720
702
23
679
698
723
710
32
679
696
715
708
23
685
703
1109
133
977
957
64
893
40
854
832
30
802
44
759
748
738
37
701
710
736
34
702
715
743
740
27
713
726
747
38
709
709
722
710
693
703
719
23
697
699
712
722
26
697
699
714
717
33
685
699
720
715
25
690
707
726
722
28
695
708
724
23
702
699
707
706
23
684
689
707
705
687
698
704
29
675
687
701
687
682
695
697
27
671
687
701
696
679
696
712
701
688
702
704
685
675
683
667
662
649
664
679
675
678
694
707
24
683
685
696
689
23
666
682
694
699
21
678
682
701
693
684
1052
1115
150
966
118
849
63
786
47
739
44
696
31
665
664
657
655
22
633
640
641
646
630
638
645
648
636
645
654
657
648
657
665
670
670
661
666
670
670
662
661
668
663
659
666
676
672
663
670
681
671
667
678
680
663
671
678
688
670
675
688
678
667
676
684
678
663
669
677
671
665
674
681
668
669
680
688
22
667
679
693
695
29
666
679
690
681
666
680
686
670
671
680
686
21
666
677
691
689
25
664
676
690
692
26
666
680
693
687
26
662
676
688
683
21
663
676
686
680
666
677
685
676
667
676
688
675
672
683
684
666
673
686
682
671
681
689
690
694
692
22
671
673
675
668
654
659
664
653
657
666
670
664
680
701
694
697
710
708
693
706
708
20
688
703
704
20
684
696
706
25
681
687
693
681
666
649
642
633
628
626
620
613
622
620
610
616
612
613
604
598
606
605
595
589
590
598
593
583
586
586
581
583
577
576
578
581
584
585
583
584
588
592
590
590
593
595
598
596
601
607
610
612
610
610
614
611
611
612
608
603
602
607
605
600
606
609
614
606
606
606
609
606
605
605
610
610
607
607
611
612
607
609
611
606
601
602
602
596
606
616
615
611
612
619
614
610
616
616
608
609
614
613
606
612
620
622
612
620
627
630
622
624
631
634
628
629
637
638
630
642
702
741
29
713
22
692
682
669
660
659
651
650
654
649
647
652
659
657
659
665
662
663
666
666
657
658
660
652
649
652
652
645
644
650
647
639
642
648
648
640
643
650
649
643
645
647
640
633
638
642
638
636
641
642
634
632
641
643
639
639
642
640
636
642
644
639
635
637
640
634
630
635
638
631
636
642
639
633
633
639
632
644
656
648
638
641
645
638
632
633
634
633
631
634
633
631
630
626
628
626
620
613
610
606
603
598
597
600
606
607
604
613
617
614
614
612
618
623
622
620
624
625
622
619
625
627
627
628
637
637
634
637
645
642
640
647
649
643
640
647
647
642
640
648
651
645
644
650
651
645
641
647
647
646
644
641
24
618
622
630
627
621
625
617
620
618
619
615
608
607
611
606
595
600
605
606
602
607
607
606
613
612
610
609
612
616
618
618
624
625
623
629
634
632
631
635
637
625
625
631
633
625
625
633
635
630
632
639
640
633
634
642
637
631
631
635
636
633
635
641
642
640
640
643
644
639
642
646
646
642
645
649
645
639
641
647
643
637
638
646
646
643
649
657
651
649
654
656
647
643
649
650
646
644
650
648
640
638
639
634
627
633
633
621
625
623
620
620
619
614
613
615
607
606
604
598
590
594
597
593
592
591
601
597
609
641
691
690
673
30
644
631
629
625
610
611
613
606
608
603
606
614
617
616
623
613
606
608
606
596
595
600
595
595
598
606
609
608
592
592
592
591
591
595
591
586
584
587
586
574
572
583
577
566
579
574
571
573
569
565
570
572
573
575
576
569
559
566
570
558
570
571
560
578
574
576
579
588
600
597
584
588
598
599
596
580
593
582
583
583
584
593
587
587
577
578
588
586
581
580
584
600
606
597
594
612
628
21
608
610
622
19
603
601
613
600
592
607
20
588
594
595
600
592
589
580
568
570
572
570
557
567
555
564
558
557
553
552
553
551
542
553
545
546
552
558
558
569
564
553
554
560
555
554
543
539
550
544
542
551
554
548
547
555
554
549
564
564
557
555
563
556
560
562
554
554
556
554
553
554
556
549
550
560
556
556
566
568
560
563
572
564
565
569
577
570
574
581
589
583
592
604
608
599
600
603
610
606
603
605
607
610
597
594
598
603
598
598
612
624
626
629
640
645
630
627
635
635
625
631
641
638
633
633
648
648
638
640
651
653
642
641
648
642
631
633
639
629
625
625
628
620
604
600
610
624
621
623
631
642
635
632
642
650
640
635
648
657
647
653
671
675
660
665
681
671
659
664
677
668
657
666
675
667
652
669
677
663
666
677
684
667
670
675
667
654
654
660
669
656
657
666
677
665
661
673
688
677
668
676
686
669
664
672
679
668
665
676
683
666
662
678
688
670
670
756
1095
138
958
69
890
73
818
41
777
28
749
38
711
34
678
676
680
664
673
692
679
687
702
695
20
675
691
707
21
687
671
681
695
20
675
672
682
690
677
666
674
680
666
666
679
679
24
656
660
670
664
648
657
666
658
651
660
661
647
651
665
656
650
652
669
669
665
662
681
684
20
665
675
674
22
653
676
661
654
660
661
28
633
649
25
625
625
626
24
603
613
619
623
617
610
618
625
632
635
645
651
639
634
649
651
643
642
652
644
634
632
652
673
667
660
675
693
678
666
680
697
686
667
680
700
684
686
708
700
683
702
714
28
687
708
724
31
694
718
728
34
694
710
724
32
692
702
718
702
693
687
714
699
702
732
723
29
695
703
721
26
696
692
702
708
690
693
711
713
27
686
698
699
708
33
676
685
682
20
662
650
666
651
655
670
656
647
666
679
28
652
665
674
658
664
676
673
656
670
682
672
670
707
791
827
806
797
47
751
31
721
708
705
715
25
691
686
699
694
682
696
690
680
687
707
695
698
711
704
24
680
698
705
686
679
698
702
685
690
709
704
22
682
697
707
20
687
687
705
698
688
682
695
710
694
693
687
703
703
23
680
680
685
21
665
666
676
681
664
670
658
662
662
666
674
675
671
671
660
649
660
669
656
660
670
677
666
663
674
670
667
673
686
685
674
671
671
678
665
650
643
650
664
663
659
668
683
678
675
674
665
690
690
687
685
708
706
693
697
708
689
689
703
691
676
692
699
683
675
689
692
23
670
690
710
706
20
686
700
716
707
694
704
709
695
686
674
691
684
665
678
697
685
672
684
695
680
672
683
702
696
682
695
711
21
691
697
708
689
678
677
687
691
675
670
703
786
819
44
775
755
27
729
35
695
702
708
698
691
702
712
715
727
733
724
717
718
708
23
686
674
673
679
677
665
672
677
672
673
674
674
670
666
664
655
648
646
641
636
635
634
632
625
618
630
629
637
642
649
656
21
635
642
650
23
628
637
625
621
627
633
644
641
636
655
647
651
658
662
652
645
652
660
651
645
650
663
670
662
658
667
677
19
659
652
652
662
676
671
680
695
709
694
681
666
662
648
637
642
638
630
632
627
625
628
622
618
625
623
621
630
629
625
633
628
625
635
627
630
625
619
617
608
607
612
610
607
609
602
601
605
601
592
594
604
599
595
592
586
590
598
589
590
605
603
610
606
612
609
619
615
601
606
612
603
600
603
609
612
600
605
610
602
600
600
602
601
613
632
639
632
652
663
672
666
660
673
682
673
661
674
684
666
668
678
685
669
681
697
685
675
700
693
686
699
714
21
693
693
705
698
25
673
690
707
690
683
707
720
703
702
722
729
719
716
723
721
722
743
758
746
749
770
768
750
755
759
27
733
735
740
41
699
713
730
719
29
690
20
671
693
683
665
28
637
648
637
629
622
614
614
612
597
604
611
613
607
591
598
604
597
586
598
604
596
593
598
601
590
592
599
592
593
601
597
598
599
596
588
589
580
583
595
594
586
596
608
606
596
602
612
605
595
604
613
606
600
610
622
613
610
625
623
611
620
628
624
610
623
633
626
617
627
640
628
620
634
643
630
625
647
711
737
22
715
708
42
666
660
665
24
641
627
620
614
604
604
600
612
622
641
643
663
678
697
701
697
31
666
669
681
682
667
671
662
660
673
682
687
697
686
687
669
662
653
665
674
690
690
687
681
670
22
649
666
669
656
661
675
681
667
677
690
680
682
710
711
694
711
713
24
690
694
708
694
679
696
696
22
674
690
691
678
697
700
20
680
690
696
22
674
682
685
667
678
686
672
673
682
671
666
685
685
672
691
703
691
701
700
693
705
703
692
696
691
674
673
681
683
667
676
689
677
685
705
690
689
708
700
694
706
688
681
699
692
677
691
688
671
689
689
677
694
696
679
695
703
685
696
699
684
694
696
677
685
695
681
677
689
673
673
686
672
671
686
675
668
685
676
662
677
671
658
670
667
651
666
669
654
666
678
666
674
680
670
684
688
23
666
677
690
679
692
689
673
690
701
683
688
694
686
26
661
679
690
675
659
668
672
661
659
669
662
653
667
669
652
667
674
22
653
673
696
719
724
24
701
43
658
662
650
650
643
628
615
611
622
640
633
639
660
662
650
662
679
671
674
681
678
681
683
688
713
745
739
752
750
749
744
35
709
709
714
704
37
667
670
665
662
653
20
633
639
636
637
626
645
654
661
649
667
676
19
658
678
707
719
702
687
704
686
682
700
690
21
669
662
664
670
681
23
659
673
694
677
666
683
701
685
677
689
706
727
21
706
696
708
720
37
684
695
719
25
695
695
712
723
36
688
708
739
24
716
709
729
751
33
719
728
738
750
742
726
715
726
734
734
21
713
738
745
725
714
733
750
747
728
770
828
26
802
28
775
767
757
52
706
703
714
718
32
687
686
693
23
670
678
685
680
680
701
708
696
716
736
718
736
753
738
759
759
745
754
25
730
721
736
730
26
705
697
701
723
732
718
34
684
722
753
742
28
715
731
738
729
31
699
733
785
786
769
25
744
741
732
23
710
692
674
680
696
690
704
723
723
21
703
727
735
722
29
693
715
737
725
718
745
751
26
726
724
740
728
717
738
742
24
718
712
732
728
26
702
724
736
21
715
712
731
734
23
712
711
725
725
25
701
723
750
730
711
731
742
31
711
708
726
723
706
714
715
699
724
742
726
731
745
738
720
725
733
723
709
721
720
712
723
717
705
723
731
718
721
738
735
716
729
739
720
710
719
718
702
718
728
716
704
718
729
21
708
703
719
724
27
698
704
708
691
692
708
702
683
700
711
694
687
704
710
694
688
705
701
682
696
707
699
692
704
704
687
694
706
695
683
696
702
20
682
685
697
694
24
670
684
784
899
41
858
32
827
34
793
32
762
742
25
718
26
692
695
703
692
700
713
717
708
717
723
709
712
724
725
21
705
708
713
705
693
703
702
700
22
678
686
702
693
674
694
701
685
676
687
690
676
676
694
684
670
689
702
683
680
692
688
676
686
690
675
681
694
692
675
689
704
698
21
677
692
698
686
675
695
705
20
686
698
715
708
700
707
704
690
704
710
695
703
711
700
700
717
712
700
714
715
702
711
719
708
692
703
702
21
681
697
714
705
692
715
719
26
693
728
749
737
724
711
694
681
31
651
647
652
655
25
631
645
654
641
638
663
681
675
687
710
32
679
682
24
659
658
651
658
34
625
641
23
618
631
641
649
634
637
637
637
636
633
635
639
646
638
640
652
658
670
687
672
669
679
694
708
32
677
685
700
711
699
683
697
713
736
729
29
701
704
723
719
707
699
681
677
691
692
708
740
754
756
797
826
814
813
817
796
783
780
760
24
737
746
757
742
738
757
751
732
753
771
34
737
738
739
748
741
32
709
20
690
695
683
687
701
697
686
704
721
706
719
738
721
744
754
740
762
747
738
759
755
737
756
749
739
750
750
733
757
774
24
751
760
772
26
747
741
740
721
731
737
24
714
727
735
716
724
736
719
726
714
701
717
715
708
721
720
706
720
711
705
719
709
710
708
21
687
698
709
698
698
716
706
709
818
965
91
875
33
842
32
811
24
787
32
756
744
730
716
724
730
720
730
731
724
733
729
720
728
732
715
730
733
724
733
741
723
718
727
710
710
725
706
698
706
698
694
709
22
688
699
707
696
686
702
695
685
703
700
687
706
699
682
699
694
20
675
692
708
694
676
688
695
680
690
705
690
701
715
702
712
721
707
711
727
714
706
723
708
709
722
24
699
696
706
690
695
712
702
698
713
698
693
710
700
690
703
21
682
677
690
675
691
699
24
676
689
680
676
696
686
676
698
684
673
689
682
673
686
678
671
683
674
672
692
681
684
691
678
702
703
686
705
717
24
694
699
699
22
677
689
681
698
731
744
732
714
36
679
671
672
662
660
667
676
666
666
677
676
678
665
681
692
701
692
685
708
710
694
710
719
20
699
707
722
23
699
705
714
695
702
710
693
701
713
697
701
696
24
672
686
710
720
20
701
702
712
699
683
698
706
20
686
696
703
692
674
689
698
682
695
710
707
691
715
732
734
717
733
744
730
25
706
719
723
719
710
694
689
700
707
696
693
709
719
706
701
711
715
28
688
684
697
698
23
676
682
694
688
675
690
699
684
690
705
698
20
679
694
702
690
685
696
685
674
687
687
22
665
683
691
675
681
694
695
678
696
707
693
681
687
700
702
21
681
691
692
20
673
693
701
21
680
685
696
688
688
701
707
20
687
702
715
709
22
688
699
708
694
697
709
699
685
698
707
689
686
698
691
677
698
688
20
669
689
696
677
684
707
695
696
710
702
685
705
713
705
686
701
702
27
675
708
776
810
812
37
776
56
720
29
692
682
679
672
687
701
693
691
703
710
719
711
713
706
704
725
716
707
713
716
700
708
715
708
704
713
717
22
696
705
713
695
696
706
711
700
707
692
690
695
680
685
695
692
678
694
704
688
685
700
697
678
696
703
686
688
701
697
20
677
688
696
678
682
699
689
674
693
700
683
690
706
700
691
705
712
698
691
705
704
688
708
717
706
709
725
718
703
712
711
20
692
707
703
21
682
696
703
26
677
695
709
20
690
698
711
702
692
709
704
687
699
701
23
678
686
696
684
682
697
692
22
671
687
695
678
681
697
688
678
693
692
21
671
688
695
683
682
697
702
22
680
698
704
691
691
706
696
693
706
694
680
688
693
677
682
682
671
19
653
664
675
666
686
695
688
678
685
700
726
721
22
700
711
713
712
721
713
24
690
696
694
678
689
697
701
688
682
732
819
857
25
832
811
27
785
770
756
32
725
721
731
21
711
734
756
761
29
733
746
739
732
728
724
715
725
725
24
702
705
708
702
703
717
714
699
719
728
714
733
730
21
709
722
718
26
693
708
708
22
686
700
704
23
681
691
701
691
678
692
683
677
689
696
21
676
686
697
679
685
697
689
678
688
680
670
679
678
666
681
691
677
675
687
690
23
668
682
692
684
675
689
697
25
673
695
701
24
677
685
694
23
672
680
691
691
21
670
682
694
686
681
696
692
693
713
707
705
726
743
723
730
739
24
715
719
719
22
697
709
708
689
704
715
711
694
698
697
22
676
685
697
691
676
688
701
688
684
697
706
21
685
696
705
23
682
692
709
20
690
699
710
699
693
710
710
696
710
716
698
707
718
699
704
708
28
681
700
704
689
708
718
25
694
709
719
25
695
687
702
699
683
698
709
21
689
688
701
705
691
707
716
713
700
714
714
27
688
702
704
29
675
689
704
692
687
700
711
694
708
721
709
709
721
719
707
715
719
26
694
708
718
715
699
716
728
711
713
737
28
710
708
742
734
48
686
695
703
692
673
667
664
678
675
30
646
666
681
22
660
661
652
24
628
633
640
646
651
637
647
664
672
672
679
678
25
654
663
674
665
653
662
672
669
669
688
695
676
692
710
693
694
713
708
21
687
693
703
692
673
684
702
690
681
692
705
687
698
719
717
704
714
730
32
699
709
737
738
33
706
725
758
740
23
717
731
748
730
26
704
706
732
744
42
702
710
718
718
709
700
684
668
23
646
665
677
688
23
666
681
693
705
689
686
701
717
702
688
700
714
705
687
706
725
718
28
690
705
719
702
691
704
715
708
694
703
710
20
691
694
711
693
695
706
719
719
21
698
711
725
730
39
692
711
744
732
715
731
752
32
721
728
749
752
36
717
732
752
750
34
716
727
741
24
717
712
725
736
33
703
714
736
724
29
696
710
726
724
36
688
706
724
24
700
693
710
708
691
713
768
792
43
750
745
744
728
42
687
690
687
681
671
669
665
655
642
652
656
655
659
653
642
653
666
664
652
663
680
682
680
714
793
812
44
768
48
721
714
21
693
703
718
717
705
721
734
25
709
728
748
26
722
730
750
772
33
740
748
767
786
41
746
749
756
758
763
39
725
732
737
754
739
723
737
738
743
35
708
718
725
716
30
687
704
721
717
32
686
712
735
736
39
697
711
724
724
708
21
687
690
703
715
704
693
706
720
721
32
689
708
729
731
31
701
722
749
742
22
721
738
757
24
733
728
743
755
41
714
730
750
738
35
703
720
739
21
718
705
718
731
35
696
715
738
725
30
696
715
732
715
702
718
726
37
690
708
720
707
691
703
716
27
689
696
716
715
30
686
708
729
725
710
708
708
697
708
716
25
691
693
707
703
708
691
688
677
663
664
665
659
648
632
634
646
654
643
627
625
630
636
627
618
623
630
621
617
632
645
648
651
646
633
634
625
623
628
628
625
634
645
652
647
652
660
664
654
658
670
672
669
666
674
683
678
666
671
684
696
690
687
700
705
688
690
706
700
24
676
685
699
692
680
694
701
22
679
692
709
702
20
683
700
720
702
699
714
710
23
688
703
723
22
702
705
728
730
34
697
710
728
730
34
697
706
725
723
28
695
711
735
731
32
699
715
743
734
22
712
708
731
735
37
699
715
735
721
32
690
704
721
716
32
685
701
723
718
21
698
722
743
732
734
1126
123
1004
27
978
64
914
58
856
27
830
809
788
34
754
753
759
22
738
718
743
782
772
763
780
797
43
755
762
787
33
754
752
775
806
812
40
773
774
782
37
746
742
763
763
46
717
731
750
735
27
708
716
729
712
706
713
722
707
701
713
724
28
696
707
720
714
28
687
700
716
708
691
704
715
706
696
709
723
22
702
707
729
735
30
705
724
748
735
29
706
723
749
743
39
704
716
735
733
27
707
727
749
30
719
723
747
749
30
719
735
754
26
729
720
736
740
32
708
713
730
730
31
699
706
723
722
23
700
713
735
722
714
732
728
711
717
731
21
711
709
721
719
26
694
708
728
716
707
723
731
30
702
715
742
730
727
748
749
32
717
731
750
31
720
723
743
749
34
715
734
751
39
713
726
745
23
722
722
744
728
715
731
734
34
700
715
732
24
708
706
727
731
33
698
716
743
741
29
712
726
741
28
714
712
728
724
27
697
710
724
709
697
708
717
699
702
718
725
24
702
712
730
720
719
825
930
75
856
63
793
50
744
26
718
703
25
678
688
699
689
684
698
716
725
708
727
757
763
743
756
765
31
735
744
759
745
735
746
753
752
31
721
732
754
745
33
713
731
756
775
769
42
728
746
771
751
33
719
735
761
746
24
722
739
758
21
737
738
760
764
39
725
743
768
24
745
726
743
751
36
716
718
735
743
35
708
716
734
723
22
701
719
742
731
713
730
739
36
703
717
737
733
24
709
723
741
722
719
733
731
33
698
715
737
720
714
732
748
31
717
723
748
747
27
720
732
750
34
717
726
744
733
714
727
735
35
701
711
735
729
21
709
723
745
732
716
731
738
25
713
708
723
726
30
696
709
730
721
706
720
735
717
710
725
732
714
716
1135
141
995
971
109
863
26
837
29
809
796
41
756
24
733
734
21
713
709
726
746
21
725
747
786
765
765
768
780
38
742
742
752
742
32
710
722
731
722
23
699
718
741
733
715
731
750
25
726
724
733
741
34
707
720
732
732
718
730
745
735
27
708
723
744
727
22
706
717
727
711
694
710
720
23
698
706
727
725
27
698
710
727
724
707
718
731
24
708
712
725
725
26
700
714
729
714
706
719
724
27
698
712
735
721
712
732
746
33
713
718
735
34
701
707
703
699
20
679
661
658
653
649
632
634
637
627
625
621
619
613
609
599
602
602
601
593
592
586
591
582
581
582
586
586
585
590
594
595
595
594
597
598
597
594
594
597
595
595
598
597
594
591
596
599
593
585
587
590
593
587
589
592
593
593
586
588
593
590
583
587
588
582
573
578
582
578
577
579
575
571
569
574
574
575
567
572
571
570
566
564
573
573
567
563
562
569
566
561
560
564
563
558
553
560
555
554
551
555
553
547
548
551
552
548
544
546
551
550
543
545
543
548
544
541
546
547
550
544
544
547
546
542
539
538
544
542
537
538
537
544
541
536
536
540
541
541
537
539
541
543
538
541
542
541
539
534
544
569
588
591
583
576
565
566
562
555
554
550
545
537
543
541
537
537
534
539
536
530
530
535
532
524
521
529
525
518
523
523
520
517
519
521
522
514
515
517
522
520
510
512
519
515
512
508
519
513
510
516
511
518
516
517
508
507
509
513
516
511
509
509
518
514
509
512
514
518
521
515
511
516
521
517
514
510
521
515
514
518
514
522
520
517
520
520
529
523
521
529
537
538
532
530
535
540
535
531
539
537
542
537
540
541
541
533
541
536
544
541
535
537
543
546
541
542
543
550
542
544
545
549
544
546
559
567
564
568
560
554
556
563
556
555
568
594
607
603
592
594
590
584
580
581
578
574
573
566
560
555
570
583
574
580
594
595
586
589
602
608
601
604
622
624
614
627
652
643
628
647
654
20
635
640
659
659
26
633
642
656
19
637
634
671
678
34
645
663
693
23
670
666
22
645
659
692
25
667
666
700
721
31
691
46
645
655
675
23
653
643
664
672
25
648
651
677
688
29
660
656
680
674
27
647
654
678
671
25
647
663
700
699
33
666
686
714
26
689
23
667
692
707
36
671
673
705
695
30
665
685
724
20
704
29
675
693
704
37
668
665
686
680
32
649
659
692
21
672
25
648
665
694
25
669
19
651
674
679
28
652
665
691
685
27
659
673
695
27
668
663
688
686
27
660
663
686
680
33
647
663
676
20
657
648
662
669
658
650
688
806
878
57
822
89
733
53
681
665
650
645
658
675
666
656
671
691
697
23
674
674
696
704
32
672
680
704
700
25
675
685
708
693
688
708
711
31
681
689
707
696
677
698
710
27
684
691
715
707
20
687
697
702
32
670
674
688
680
20
661
670
682
672
661
671
680
664
663
674
676
667
685
696
21
675
677
697
688
24
665
665
664
655
646
651
659
658
650
658
666
665
657
664
676
676
667
677
687
671
676
694
689
674
683
698
693
681
693
694
20
675
679
696
693
685
721
815
880
868
91
778
36
742
735
30
705
25
680
689
699
684
684
698
696
681
695
712
712
23
690
695
708
699
683
687
699
694
682
690
707
701
687
697
707
697
683
683
692
687
675
680
692
684
679
689
697
681
693
709
702
697
702
715
720
22
699
693
702
695
680
684
690
678
682
694
690
683
695
703
690
688
694
691
683
682
683
693
691
677
678
685
683
675
675
685
680
676
687
691
686
681
690
696
686
687
698
702
693
696
700
690
681
687
686
676
676
689
684
675
679
690
687
684
694
708
701
693
706
705
717
813
1046
111
936
87
849
47
803
56
748
54
694
34
660
644
636
625
631
641
654
658
655
667
682
683
675
682
698
703
693
688
703
710
706
698
711
728
734
720
730
750
23
727
718
728
738
723
706
716
724
27
698
706
723
721
703
708
723
723
20
704
712
725
707
705
718
719
21
698
693
705
708
692
694
710
710
692
690
700
694
680
687
697
691
684
701
708
689
691
701
694
682
683
694
696
682
677
685
692
689
679
691
697
686
685
693
692
677
680
686
687
678
687
693
693
684
687
693
693
682
685
692
690
677
683
690
693
681
688
698
698
681
683
691
688
674
675
681
681
671
676
685
679
671
680
692
690
681
693
701
683
687
701
703
687
690
705
703
21
682
688
707
712
24
689
696
716
719
704
707
720
712
702
698
688
679
670
656
643
636
625
625
625
625
625
622
620
621
619
614
609
609
609
605
604
606
606
605
604
612
610
609
605
608
609
605
598
592
593
597
594
593
268
326
58
268
594
2185
1893
293
1708
1371
337
371
3999
3999
3999

