05-08-2022 - 9:30 - Correr
Ana Barrientos
Intervalos entre latido y latido
877
884
890
888
906
903
890
885
902
893
885
905
891
884
897
908
894
890
905
906
913
916
912
891
898
911
902
903
917
916
902
908
921
915
897
915
920
29
892
889
901
901
884
879
886
883
870
876
891
875
871
875
880
864
870
886
884
870
880
890
878
879
900
897
883
877
884
897
881
885
889
893
873
883
883
871
865
879
879
874
893
894
877
877
887
892
875
865
865
869
25
845
850
861
861
855
868
884
864
875
889
883
870
875
892
890
874
886
884
879
876
896
899
884
898
908
902
882
901
904
26
878
894
898
887
885
901
895
877
894
894
890
880
891
897
878
906
903
894
891
905
899
883
899
899
884
874
895
901
880
890
904
902
881
891
895
875
867
884
881
875
875
888
894
875
874
890
886
874
867
879
879
866
864
880
891
870
875
886
891
871
873
884
876
864
872
881
885
875
881
884
878
869
880
894
889
881
899
903
889
871
889
890
24
866
865
876
870
855
852
861
866
870
856
859
867
868
850
858
873
872
861
882
882
875
880
882
885
871
868
891
899
878
883
893
896
24
872
890
893
881
876
883
888
886
874
885
887
889
872
887
894
880
877
888
899
891
880
895
896
880
875
884
882
879
861
874
873
868
852
868
873
871
856
868
876
869
860
875
887
874
866
878
883
880
863
889
883
875
864
881
875
864
857
871
867
860
853
871
880
871
861
883
878
875
869
882
888
877
873
883
895
880
889
893
908
891
893
903
914
31
883
906
920
906
920
927
924
912
913
935
926
913
929
928
918
908
923
922
910
918
933
931
916
923
926
924
906
925
917
900
917
921
924
907
909
916
903
896
914
913
900
890
905
900
885
895
898
906
883
904
900
886
868
885
884
27
858
854
869
859
843
851
859
859
851
860
885
872
32
840
855
857
25
833
854
839
835
846
853
838
822
847
847
869
864
862
865
26
840
853
833
862
876
37
840
838
856
178
678
997
167
830
835
840
849
49
801
830
31
799
814
815
807
816
29
787
789
789
796
788
793
803
807
801
813
800
801
810
806
791
791
780
785
782
770
765
762
760
768
750
751
750
751
744
746
726
733
734
721
706
721
28
693
704
728
733
746
735
725
737
740
737
720
721
735
727
734
733
713
704
719
702
704
704
703
719
723
728
22
707
711
705
714
696
714
699
702
697
689
698
699
696
691
698
692
691
701
690
693
694
700
682
686
121
565
815
131
684
688
701
702
696
702
704
687
696
683
683
679
681
679
688
705
708
721
38
683
666
690
25
665
670
680
677
682
684
673
682
681
48
634
682
673
665
658
661
674
29
645
669
662
656
663
668
661
657
666
671
662
678
669
658
659
675
663
650
674
671
678
684
689
32
657
666
664
651
649
652
669
24
646
658
659
668
20
648
670
653
676
676
690
31
659
669
652
660
667
26
642
652
663
645
664
666
679
686
671
686
675
674
677
42
636
638
255
384
739
152
588
707
142
565
748
73
675
676
665
666
665
648
671
671
21
651
651
649
637
650
659
660
655
20
636
648
635
636
646
652
662
646
662
669
674
31
643
643
653
21
632
657
649
641
636
53
584
719
46
673
683
20
664
660
679
681
663
666
674
683
681
666
681
687
698
692
682
694
705
706
25
681
688
705
710
694
681
706
715
708
22
687
705
717
718
699
707
728
747
26
721
714
728
740
722
707
718
729
726
717
734
752
751
735
749
766
762
744
744
765
755
22
733
732
758
767
765
28
737
750
773
779
35
744
756
777
786
25
761
762
777
796
31
766
761
778
802
32
771
770
780
799
782
762
783
799
784
22
762
772
793
786
774
776
795
792
787
796
827
834
29
806
806
822
825
805
808
824
836
35
802
803
808
817
23
794
792
818
811
790
790
822
820
25
795
787
804
796
776
792
808
800
25
776
789
810
811
814
830
853
841
823
826
828
807
791
807
798
795
802
827
822
810
832
860
845
834
849
857
33
825
833
847
839
836
844
858
851
842
851
859
850
842
851
862
875
858
870
886
879
878
888
876
860
872
884
27
858
851
862
880
858
855
860
864
842
852
868
867
850
867
870
873
852
863
869
862
852
867
874
858
863
869
868
849
861
870
864
848
863
874
853
854
865
866
844
852
858
847
844
853
858
854
831
841
847
827
832
839
841
822
833
838
833
823
827
838
822
820
829
834
817
823
827
827
818
829
828
823
810
821
826
814
807
816
824
825
828
841
860
852
847
864
869
856
851
868
878
875
864
887
897
876
885
896
878
875
888
897
875
890
898
887
880
900
907
897
883
906
913
892
904
909
912
901
903
912
912
896
912
915
902
580
323
563
897
895
872
869
886
878
866
893
899
882
890
901
900
880
893
894
897
879
890
892
887
873
875
882
881
881
899
902
884
887
904
900
877
887
899
889
888
903
903
902
893
897
903
892
895
907
909
894
893
908
901
884
876
889
898
877
864
875
874
862
857
863
869
848
850
874
876
862
878
890
892
881
898
911
903
885
900
904
891
899
903
890
882
888
892
880
878
890
892
873
874
885
875
872
875
869
873
893
883
889
31
859
883
887
892
877
868
881
921
907
27
880
880
888
58
831
37
794
949
60
889
900
26
874
32
842
841
837
820
821
24
797
817
795
827
849
845
837
25
813
802
819
827
830
827
833
836
822
832
854
861
882
871
869
879
870
880
874
866
864
25
839
842
855
855
25
830
842
856
843
821
827
813
825
829
839
854
855
845
855
26
830
825
47
778
788
28
760
770
784
810
809
813
793
788
801
788
820
802
805
807
797
27
770
801
799
791
788
790
29
761
775
798
786
789
33
756
775
777
776
778
781
42
739
757
747
738
753
761
758
760
773
761
783
792
807
819
822
42
780
817
806
23
784
786
789
38
751
770
768
766
770
773
771
768
37
732
752
751
747
750
750
750
741
744
746
744
24
720
732
725
744
754
770
773
757
753
764
750
768
775
786
774
782
801
813
805
822
33
790
812
824
815
30
786
771
777
785
799
817
823
820
825
35
790
770
777
779
24
755
759
780
773
777
798
796
836
861
862
861
847
49
799
812
808
820
814
33
782
812
833
836
840
53
788
820
821
822
810
25
786
805
804
804
793
32
762
769
769
758
765
771
762
785
795
814
836
874
26
848
855
860
861
840
26
815
810
805
792
780
774
779
782
775
766
29
738
754
756
737
737
731
732
719
722
708
740
748
756
758
762
756
28
729
734
738
736
751
756
764
769
772
763
755
750
745
744
737
739
747
750
750
749
749
29
720
712
712
712
703
711
715
731
747
757
741
752
764
761
768
777
56
722
728
729
723
733
738
743
756
767
25
743
738
746
744
747
756
767
773
24
750
769
777
795
802
29
774
765
774
779
765
762
766
773
778
796
801
791
797
806
788
819
828
844
843
835
823
802
789
29
760
773
767
788
790
782
764
775
791
807
789
804
819
845
30
815
819
797
810
811
818
803
22
782
783
791
22
769
772
764
773
777
780
779
774
758
765
40
725
737
739
748
739
758
767
771
769
763
771
781
782
777
788
796
789
783
786
29
757
762
762
759
749
757
751
756
54
703
734
740
740
750
754
22
733
742
740
27
714
736
746
753
757
767
766
21
746
752
756
756
38
719
742
723
733
741
743
751
29
723
743
758
758
760
765
757
26
731
732
736
756
768
789
804
809
793
779
795
800
32
769
778
782
783
777
795
792
780
787
787
796
809
801
809
62
748
779
777
27
751
754
771
802
806
24
782
805
818
823
820
819
827
817
55
762
781
787
784
782
781
781
40
741
768
781
791
48
743
771
773
785
787
777
789
803
815
29
787
791
791
790
22
768
769
763
771
776
790
799
804
803
810
797
799
789
781
767
778
22
756
772
36
737
768
768
770
777
779
38
741
761
766
771
759
769
767
761
28
734
753
28
726
742
755
766
783
766
776
791
789
791
781
776
764
769
775
43
733
755
756
754
757
34
724
749
740
750
754
767
33
735
761
770
771
760
764
757
766
756
757
34
723
754
769
778
778
784
22
762
758
758
758
761
764
754
759
767
31
737
766
776
782
787
769
785
778
761
776
759
758
771
775
25
750
788
791
771
789
798
800
806
799
794
781
765
773
780
23
757
764
768
788
791
33
759
757
762
761
763
770
780
782
785
70
715
768
774
778
770
30
741
773
787
800
802
36
767
795
796
799
802
22
781
788
796
805
791
29
763
775
776
778
772
28
744
767
779
781
795
40
756
777
782
780
787
789
37
752
761
767
23
744
755
758
755
762
766
787
798
803
804
803
785
770
768
22
746
759
775
760
756
760
765
772
791
804
803
801
807
41
767
780
778
23
755
770
774
784
785
775
36
740
759
41
719
746
757
760
769
777
776
773
772
752
758
762
773
756
773
788
793
798
807
23
785
786
788
786
791
35
756
774
775
760
758
741
741
747
751
760
780
806
826
834
56
779
809
817
812
810
799
794
45
750
777
772
778
770
783
795
30
765
779
794
803
806
802
791
24
767
790
777
796
807
819
801
808
817
818
810
794
802
807
791
30
762
784
793
801
806
53
753
791
797
804
804
815
821
23
798
800
795
802
802
808
39
770
801
809
809
824
817
29
789
793
793
804
808
809
33
776
801
805
803
804
811
812
39
774
798
23
776
792
801
800
793
794
804
812
815
819
822
801
808
817
823
821
820
819
806
805
791
785
778
24
755
779
782
791
792
797
32
766
762
771
775
773
789
772
759
778
799
806
822
833
828
809
816
819
39
780
805
804
802
807
65
742
781
785
789
807
811
812
807
787
790
797
34
764
779
792
792
789
797
810
820
820
815
43
772
791
785
780
38
742
768
766
775
755
778
789
799
794
792
800
796
797
807
795
793
40
754
776
784
787
772
761
781
793
805
804
783
796
786
788
792
779
777
765
771
781
764
779
772
758
25
734
756
775
773
755
776
791
799
815
813
815
54
761
780
775
776
768
35
733
765
774
786
795
803
811
797
782
793
795
27
769
772
775
787
783
788
37
751
762
772
769
773
763
49
715
731
732
753
758
767
779
795
814
819
807
34
773
786
784
780
763
746
763
777
780
786
790
796
797
50
748
775
777
782
779
35
744
745
764
777
783
43
740
766
785
776
784
792
800
797
797
807
811
815
35
780
770
796
804
811
804
811
24
788
792
787
794
778
789
800
802
23
780
805
813
823
835
52
784
816
828
824
828
808
822
813
805
802
794
792
786
767
767
781
764
781
791
801
809
814
814
795
40
756
772
784
782
784
41
743
781
790
41
749
784
792
796
801
803
806
791
776
768
765
773
782
784
768
770
777
778
28
750
770
769
764
748
760
772
782
764
783
49
734
771
761
763
771
22
750
765
774
761
774
784
803
784
808
814
810
798
781
781
772
790
799
806
804
806
39
768
784
789
782
781
771
33
739
762
769
777
796
780
810
26
784
793
797
789
795
791
791
64
727
760
767
772
775
780
30
750
764
761
775
779
782
789
39
750
774
775
783
31
753
774
774
765
782
788
788
785
33
753
774
786
795
810
792
35
758
793
791
40
751
781
794
793
773
772
754
771
784
802
807
826
824
824
31
794
807
797
806
801
35
766
781
785
36
749
775
773
785
770
780
791
797
804
797
798
805
795
22
774
778
774
765
798
797
807
805
802
785
774
755
769
779
804
33
771
765
773
791
805
808
789
791
809
811
791
798
800
808
805
814
26
789
803
808
808
819
816
818
821
46
775
774
793
799
788
41
747
770
771
784
792
772
794
797
792
795
791
784
771
768
763
775
777
787
24
763
790
789
778
780
787
787
785
36
750
762
763
765
769
778
780
40
741
750
761
769
780
784
774
34
740
750
751
761
780
762
782
768
751
770
784
797
818
830
837
825
854
860
27
833
829
836
819
804
829
827
813
833
845
37
809
838
832
832
835
832
833
831
833
62
772
780
784
785
795
791
803
814
43
772
788
795
26
770
791
796
798
804
807
807
809
43
767
781
779
774
785
792
800
792
778
772
779
789
796
779
789
806
819
42
777
799
803
813
823
829
825
822
60
763
796
801
32
770
784
782
790
812
32
780
801
788
794
795
798
805
788
791
810
827
23
805
826
24
802
30
773
804
809
793
778
809
825
831
840
838
858
29
829
828
823
825
824
48
776
810
808
806
33
774
804
797
800
803
808
808
811
804
812
802
807
814
816
814
815
827
827
32
795
806
821
816
815
807
801
30
772
789
797
801
804
806
810
808
35
773
799
807
788
807
812
826
819
810
794
818
822
817
809
810
795
790
797
781
781
786
775
791
795
798
779
776
788
783
787
22
765
21
745
765
25
741
753
771
791
25
767
788
23
765
772
775
790
794
802
804
804
795
791
34
758
772
783
32
751
770
770
760
752
754
742
751
748
768
788
794
804
805
798
45
754
780
781
775
765
28
738
782
778
25
753
769
773
782
778
775
767
755
755
751
777
790
784
789
795
798
22
777
791
790
789
788
30
758
778
758
758
769
782
793
789
778
776
788
774
798
792
804
802
813
814
819
837
827
818
801
803
805
806
787
37
750
771
790
773
787
782
789
783
769
764
28
737
765
762
770
22
749
754
760
760
34
727
814
78
736
759
752
761
42
720
748
764
766
772
774
786
774
777
761
744
742
755
753
756
758
756
752
752
24
729
716
734
732
737
29
708
737
745
751
766
759
761
35
727
730
730
726
725
724
737
745
743
748
757
771
781
761
775
782
783
785
794
786
791
786
771
772
788
804
799
815
823
851
847
839
831
811
801
32
769
789
795
797
781
794
817
827
831
831
823
41
782
821
24
797
804
824
833
844
832
834
839
23
817
810
819
42
777
766
775
791
790
784
788
54
735
762
763
770
785
787
793
785
791
795
791
786
239
547
967
218
750
744
738
746
754
753
743
299
444
152
293
730
711
717
724
722
728
730
738
733
21
713
731
740
21
719
738
738
723
722
731
729
740
741
734
725
710
715
723
734
735
743
761
752
27
726
739
729
719
737
744
750
24
727
733
742
757
770
751
772
777
781
29
752
768
768
763
764
32
732
737
729
743
741
739
751
754
751
748
734
725
726
738
750
745
757
776
764
789
805
809
38
772
784
791
791
800
808
41
768
774
774
760
773
767
790
798
794
781
767
791
794
806
785
820
828
825
35
790
784
789
807
815
799
833
832
840
850
838
832
830
808
803
28
776
768
788
775
798
823
823
816
23
793
818
835
849
843
26
818
822
821
35
787
791
791
34
758
778
776
773
773
761
771
776
766
772
813
823
837
828
23
805
813
831
824
817
44
773
759
769
754
789
778
789
805
821
801
797
823
845
853
868
31
838
848
837
835
815
833
827
835
35
801
813
812
816
30
786
789
796
793
792
771
31
741
740
761
771
778
765
777
791
777
796
816
824
824
25
799
807
787
22
765
775
790
789
777
789
804
811
833
814
811
827
831
819
27
793
818
808
27
782
789
794
805
797
791
804
828
845
855
859
860
853
838
819
818
821
814
33
782
777
778
759
782
808
817
815
815
826
824
817
800
23
778
800
803
807
794
783
794
806
815
819
34
785
798
803
793
787
796
781
800
816
814
805
810
813
23
790
781
778
781
780
764
773
791
817
847
850
25
825
834
825
814
807
791
22
769
763
753
742
750
766
791
809
811
800
30
770
774
784
787
771
778
801
791
803
802
802
793
773
772
786
780
767
793
805
805
806
806
797
791
778
763
747
730
741
750
757
26
732
757
760
771
33
739
747
750
770
764
766
769
773
42
732
751
754
757
759
759
765
771
768
774
771
39
733
751
35
717
736
745
755
760
771
37
734
750
750
748
750
756
26
731
753
757
758
768
775
766
770
771
770
42
729
753
742
751
752
760
753
753
754
21
734
750
758
762
764
764
22
743
751
757
753
754
755
754
750
732
740
745
30
715
732
735
21
714
724
723
727
735
736
742
723
746
28
718
739
752
749
743
755
762
780
782
786
767
748
746
754
749
747
763
797
801
27
775
798
810
30
781
796
815
809
25
785
765
775
768
748
789
819
827
821
828
835
833
833
36
797
814
815
819
820
812
49
763
783
775
779
787
784
782
781
790
28
762
792
793
794
791
784
783
788
22
766
772
770
770
788
801
804
815
58
758
785
786
787
27
760
781
764
762
41
721
748
750
761
751
767
775
781
773
771
769
763
48
716
750
764
768
777
781
796
795
24
771
754
27
728
745
754
765
28
738
774
794
24
771
781
787
43
744
765
787
816
824
831
822
820
809
23
786
788
776
774
755
765
767
775
772
23
749
768
766
772
773
784
783
778
781
793
22
772
790
44
746
773
786
789
803
800
794
777
801
811
818
26
793
803
23
780
800
796
810
817
822
39
783
786
791
791
24
768
800
811
810
815
59
757
780
788
783
784
793
51
743
768
768
758
755
777
787
806
814
805
801
798
795
791
776
755
759
761
759
759
26
734
754
766
30
737
753
739
740
743
756
758
747
760
766
759
762
34
729
743
747
750
751
24
728
754
756
763
43
721
748
750
742
749
740
765
21
744
753
748
731
742
756
768
749
782
797
793
804
802
807
791
773
780
760
756
29
728
749
750
753
759
753
764
794
819
839
845
840
45
796
803
784
782
773
854
890
909
916
38
878
887
880
866
851
845
828
814
37
778
788
783
783
782
785
788
787
785
786
794
795
802
797
804
801
807
807
799
798
782
784
792
793
774
785
784
765
761
770
787
786
778
760
768
775
769
760
742
747
750
751
741
754
762
770
772
775
762
764
776
773
759
766
765
782
806
812
810
35
776
791
791
775
758
748
758
756
769
754
771
781
784
777
766
768
782
802
811
811
815
813
804
787
774
762
758
751
749
763
775
781
760
776
763
787
800
810
815
814
813
799
792
788
47
741
751
751
742
753
753
772
777
785
787
780
762
757
753
744
743
747
736
744
733
749
737
750
761
769
770
766
752
758
761
746
749
754
750
759
748
760
766
772
770
773
773
25
748
750
760
757
761
761
761
761
757
752
745
751
751
744
744
749
46
703
739
742
745
34
711
728
715
727
749
744
761
763
772
775
30
746
763
757
757
764
35
730
749
744
747
743
43
700
726
746
748
748
747
21
726
732
737
748
760
764
758
763
762
761
758
754
741
741
746
730
737
741
744
726
727
746
750
754
26
729
736
740
747
747
742
741
733
747
737
749
756
760
763
759
762
38
725
748
747
754
753
23
731
747
750
752
756
763
743
764
768
773
772
781
765
760
49
712
740
746
749
756
44
713
748
763
768
772
767
757
26
732
726
740
752
752
760
770
776
779
772
764
773
768
767
771
776
793
785
765
774
788
799
803
810
37
773
784
790
808
813
816
825
27
798
816
807
789
793
783
788
781
778
791
797
798
801
797
795
24
772
766
758
769
764
773
767
772
766
769
771
764
767
767
22
745
754
756
770
782
781
766
764
35
729
749
751
762
770
778
765
771
777
782
782
781
783
780
766
40
727
759
763
762
770
771
28
743
763
764
21
744
760
765
749
770
778
759
781
778
777
775
756
753
760
769
768
766
775
26
750
749
749
749
68
681
744
744
757
773
793
44
750
780
782
781
776
785
25
760
774
781
788
788
25
763
766
751
751
748
21
727
744
749
752
43
710
741
745
752
769
778
778
789
795
795
794
27
768
764
763
767
770
774
34
740
753
748
753
757
760
765
760
45
716
752
761
769
773
784
47
738
767
773
782
770
760
764
771
773
781
28
753
766
775
783
785
772
770
778
793
794
796
45
752
772
779
784
33
751
776
777
787
775
787
791
790
785
44
741
767
768
771
776
47
729
764
771
772
26
746
768
774
768
771
780
776
772
761
764
762
767
24
744
767
772
778
783
787
771
771
772
38
734
755
761
776
788
791
792
794
789
783
782
41
741
755
736
743
731
751
767
778
787
772
777
780
773
779
774
776
771
762
765
39
726
734
740
754
761
23
739
769
767
770
770
775
781
760
772
780
783
784
782
786
44
742
765
777
777
775
773
28
746
756
767
779
778
765
783
776
772
35
738
763
772
762
767
759
25
735
750
773
29
745
759
774
24
750
771
780
793
791
26
765
22
743
747
743
755
765
773
783
781
28
753
764
768
772
774
764
28
737
765
778
788
792
793
787
790
69
721
753
755
763
769
38
732
772
785
795
38
758
749
735
750
760
778
806
795
785
803
822
829
834
846
850
845
841
835
832
831
47
785
815
826
28
798
799
802
798
809
800
802
783
791
793
796
804
802
806
798
802
806
23
784
787
778
774
777
783
33
750
769
772
774
779
783
786
787
779
779
778
770
771
773
765
752
762
775
782
762
774
780
37
743
741
760
764
755
772
777
790
791
38
754
770
771
775
772
776
25
752
761
765
746
755
755
751
748
733
750
753
757
757
751
759
760
753
753
753
765
772
25
748
765
762
768
764
749
745
746
753
735
752
760
766
756
745
755
749
760
779
791
805
43
763
781
787
777
780
784
780
37
743
770
758
776
765
781
793
798
793
779
768
770
762
763
755
751
21
731
747
758
762
21
742
753
764
772
778
782
779
771
773
25
749
758
25
734
750
750
747
742
740
23
718
746
751
758
747
736
750
755
761
766
769
770
38
733
750
739
22
717
733
32
702
734
744
743
760
757
775
787
798
799
801
805
794
40
755
761
33
729
744
738
748
759
772
781
780
782
46
736
770
777
758
779
789
801
799
797
799
22
777
771
775
789
780
787
798
796
785
786
772
774
767
768
763
765
27
738
762
765
761
765
763
762
30
733
723
738
764
771
775
783
795
31
765
768
785
783
787
770
791
800
802
801
799
796
800
791
788
787
29
758
770
766
770
24
746
744
756
762
40
723
751
763
773
757
746
767
781
781
798
791
25
767
760
750
740
751
751
742
769
788
807
822
828
822
812
800
45
756
769
777
772
778
769
769
771
760
749
774
784
773
796
789
809
825
822
816
806
39
768
762
777
777
782
788
786
788
786
794
806
815
816
802
800
806
811
27
785
798
802
815
824
820
814
26
789
780
798
796
810
822
822
41
781
791
793
31
763
774
783
792
790
40
750
764
781
778
784
764
23
742
767
767
774
773
786
788
773
772
773
780
765
774
774
792
28
765
792
800
807
791
811
812
812
801
802
53
750
755
760
770
791
804
25
780
787
769
792
783
795
833
836
815
28
787
795
784
22
762
754
756
766
767
748
762
770
779
767
763
791
801
798
802
797
782
26
756
778
778
764
782
782
802
783
781
791
793
789
787
777
777
777
766
40
727
731
743
731
747
756
762
778
26
752
760
782
798
796
781
780
781
28
754
773
776
758
774
805
810
812
813
809
50
759
775
757
776
787
774
765
23
743
757
27
731
762
787
792
774
790
808
826
805
806
821
824
832
845
55
791
821
827
831
832
68
764
795
796
809
807
821
829
826
49
777
784
30
754
756
772
787
788
775
780
797
795
802
24
778
787
798
800
798
787
770
779
789
778
772
766
767
781
772
772
49
723
756
759
778
781
801
820
806
334
473
120
354
774
798
27
772
35
738
774
768
795
828
817
802
31
772
817
26
791
796
812
817
32
786
790
780
787
794
795
775
766
773
759
745
760
766
767
762
782
779
762
770
796
820
837
840
26
815
33
782
804
803
802
791
803
813
801
815
827
834
815
25
790
802
800
803
789
804
825
822
829
827
814
798
813
818
823
817
828
811
826
831
827
25
802
821
816
811
37
775
773
776
771
762
769
766
764
751
763
769
761
756
785
764
760
776
768
783
786
798
40
759
753
750
750
759
756
752
744
747
759
748
746
759
753
755
773
787
791
38
754
760
751
753
756
742
781
775
778
784
34
750
770
762
759
760
751
734
730
736
743
750
752
767
756
22
735
737
742
750
750
739
738
724
724
718
708
714
24
691
711
724
730
34
696
733
723
738
750
753
751
748
750
757
756
43
713
721
709
727
738
748
749
739
726
741
736
36
700
725
711
719
731
718
740
751
757
764
758
42
717
732
731
730
743
749
764
769
757
763
31
733
746
23
723
730
740
750
760
774
790
803
809
795
779
762
742
22
721
746
751
767
778
788
785
29
756
767
770
771
770
771
41
731
736
750
751
774
781
791
783
52
731
759
752
755
766
764
779
785
798
807
807
801
811
36
775
773
778
25
754
765
774
779
790
797
800
808
54
755
775
783
786
790
785
784
782
767
763
755
737
740
752
776
788
775
783
791
799
808
46
762
783
791
794
799
803
803
809
813
794
787
32
755
760
753
760
762
767
769
768
45
724
739
739
751
765
762
755
30
726
745
743
750
24
726
754
24
731
203
528
891
101
791
785
785
776
783
789
796
32
765
770
767
773
781
777
760
756
758
760
772
767
779
767
751
762
764
770
775
786
789
791
56
736
764
763
759
768
777
770
755
757
408
349
407
733
719
743
765
772
776
757
760
768
777
778
785
50
735
759
768
777
31
746
744
762
769
773
772
752
29
724
745
732
749
769
778
779
791
793
778
780
780
43
737
750
22
728
747
765
773
753
778
791
797
793
791
41
750
764
770
768
772
768
756
746
730
737
741
748
754
25
730
745
753
760
765
768
766
771
762
748
752
755
746
745
753
757
763
29
735
755
763
765
761
750
754
27
728
742
738
719
727
730
738
741
743
745
737
32
705
736
740
742
750
753
751
747
750
731
25
707
705
733
739
728
737
749
758
23
736
742
753
747
741
739
741
730
27
704
728
729
736
737
724
709
733
739
741
721
748
761
784
25
759
760
765
793
801
811
29
783
773
770
776
765
755
767
758
776
802
781
788
780
23
757
783
787
790
769
769
783
809
805
809
22
787
787
799
38
762
782
787
766
776
774
765
773
757
769
775
772
775
29
746
771
760
27
734
750
768
782
778
782
798
803
791
773
774
778
767
27
741
766
756
740
750
747
740
775
794
801
823
828
37
791
813
832
832
821
821
807
816
38
778
770
763
766
758
741
769
775
783
776
775
792
795
807
806
56
750
769
772
773
766
756
757
760
763
765
747
761
753
762
773
778
789
793
807
813
824
28
797
45
752
762
743
755
773
28
746
767
783
782
25
758
754
781
791
797
792
793
790
780
797
805
808
817
815
802
786
774
782
791
779
795
813
808
804
26
779
774
796
784
798
808
806
792
790
797
802
810
819
810
792
39
754
777
760
781
782
789
444
345
415
771
783
781
769
798
806
796
805
812
822
823
811
791
806
807
809
31
779
810
805
787
777
788
780
807
828
820
801
825
825
823
816
799
780
795
808
804
784
795
792
822
825
829
829
829
43
786
776
777
780
789
791
799
795
786
786
772
767
774
762
746
777
790
801
786
24
762
784
799
805
796
24
773
793
25
768
787
786
30
756
740
760
765
758
783
798
829
841
834
833
816
26
791
795
798
801
806
812
814
810
800
312
489
180
309
775
759
757
758
745
764
785
794
797
800
804
22
783
772
759
753
781
791
798
798
780
766
762
791
791
809
801
791
791
456
335
463
761
775
758
761
772
785
31
754
771
784
789
788
782
775
787
771
761
753
737
723
731
725
723
724
731
724
747
755
769
777
791
795
800
795
804
804
809
810
809
31
778
776
22
754
777
779
772
784
791
801
803
803
785
36
750
765
765
760
758
769
774
781
768
775
780
774
776
802
813
817
815
807
38
769
795
801
803
28
776
790
803
791
781
775
778
793
788
800
821
804
829
830
33
797
36
762
770
757
782
785
795
791
809
820
811
837
863
27
836
815
821
828
826
816
23
793
779
781
811
844
857
861
851
854
834
26
809
823
824
818
801
789
773
766
773
777
776
770
781
779
769
765
755
762
759
750
759
766
775
768
761
766
762
41
722
751
734
725
748
745
734
720
717
741
753
759
765
774
778
769
23
746
750
40
711
738
733
733
732
21
712
723
727
717
723
725
718
730
735
731
750
747
758
767
775
765
761
757
761
25
737
719
717
742
743
758
780
783
784
773
39
735
726
728
716
711
749
753
762
754
772
777
26
751
21
731
718
722
711
720
723
726
32
695
698
717
24
694
706
715
721
721
714
717
728
717
727
719
734
749
761
752
751
742
744
753
753
765
768
36
733
746
749
750
748
742
753
756
752
748
765
765
749
755
770
762
24
739
744
748
750
734
736
745
725
739
732
736
729
732
727
724
717
713
699
711
693
147
546
873
158
715
719
730
738
744
736
719
707
718
724
726
731
31
701
721
708
726
732
732
724
726
728
22
707
728
718
740
742
756
27
730
743
736
737
724
723
731
726
710
27
684
694
680
688
691
698
700
704
711
722
708
714
710
701
694
713
706
716
700
21
679
708
697
685
681
702
699
701
705
708
711
705
715
720
727
713
716
27
690
692
702
696
697
705
691
695
698
698
690
694
707
713
724
727
42
686
725
728
735
734
32
703
702
706
709
715
721
25
697
708
711
714
712
718
710
718
730
729
725
737
742
748
752
742
24
718
24
695
730
714
732
748
765
764
753
31
723
724
739
733
740
743
748
730
31
699
718
705
705
693
701
719
722
724
708
710
732
736
202
534
955
228
727
756
763
764
24
740
761
764
752
749
760
778
775
765
773
786
774
775
783
791
783
26
757
762
771
766
754
742
750
757
759
747
748
752
756
738
738
746
750
747
741
746
756
751
738
740
752
750
25
726
740
747
750
733
729
740
731
718
741
732
42
691
725
718
21
698
711
710
713
721
734
749
752
753
754
749
748
736
31
706
725
736
733
728
729
733
719
727
717
700
686
686
687
686
690
701
701
23
679
688
688
681
687
695
695
692
688
676
674
685
682
670
680
676
685
686
669
680
678
680
681
670
686
680
678
673
674
20
655
668
652
662
660
659
658
654
21
634
647
641
645
641
638
641
641
646
640
635
649
646
647
638
650
26
625
647
640
656
663
651
645
650
643
653
649
650
639
648
650
644
642
654
652
644
671
679
693
696
688
696
682
673
681
31
651
666
668
670
27
644
651
650
641
647
650
651
636
650
644
651
650
646
650
636
643
634
91
543
727
87
641
646
643
646
656
645
651
649
651
21
630
646
637
637
639
632
622
639
639
630
642
645
647
645
651
635
648
646
649
653
644
635
638
645
640
651
647
653
636
653
650
663
651
644
655
655
640
639
630
644
641
643
643
635
628
637
639
653
658
53
605
625
644
641
36
606
627
636
638
622
232
390
833
160
674
34
641
652
652
658
667
30
638
662
664
661
652
654
22
632
660
665
655
663
673
677
684
23
662
666
681
666
676
686
686
22
664
671
687
691
695
701
20
682
697
708
716
701
706
699
25
674
689
689
707
708
708
46
663
693
700
686
48
639
685
686
687
670
681
692
696
34
662
695
699
29
671
693
711
709
34
676
704
696
687
679
706
706
687
708
700
28
672
706
718
727
724
717
35
682
682
697
696
677
684
695
692
676
686
705
707
29
678
689
708
708
716
727
732
729
35
694
725
725
708
694
712
711
694
690
707
710
23
687
699
711
708
718
719
739
755
762
765
768
770
764
757
764
44
720
750
747
750
751
749
22
727
21
706
710
738
744
726
726
750
736
743
776
780
775
777
767
48
719
728
718
734
757
774
36
738
755
762
766
761
751
770
777
770
777
789
822
824
807
789
790
771
772
792
813
800
25
776
787
819
800
807
818
811
799
48
752
751
761
26
736
753
766
776
764
779
791
803
785
796
820
833
812
814
805
34
772
797
777
772
790
791
808
805
798
801
799
792
28
765
21
745
730
733
722
729
740
743
750
752
740
741
750
767
754
764
773
768
30
739
737
749
734
749
763
766
766
766
35
731
750
766
755
763
773
783
793
23
771
762
749
753
769
769
761
767
763
774
779
763
767
780
791
787
782
30
752
750
769
779
787
786
775
24
752
767
768
782
805
810
796
32
765
773
781
788
770
801
792
794
808
804
827
27
800
26
775
799
807
821
808
36
772
793
789
789
797
1536
763
773
766
762
29
734
744
756
764
764
748
758
759
752
753
753
753
756
749
742
749
743
736
738
724
716
717
702
711
709
707
713
710
22
689
718
737
737
731
713
740
747
756
21
736
727
743
743
732
735
732
746
735
751
767
795
796
790
786
772
791
795
792
828
809
840
836
826
24
802
39
764
774
777
782
795
23
773
793
791
802
813
817
805
801
818
830
841
826
26
800
814
822
819
802
818
837
835
33
803
804
818
810
804
825
829
825
830
849
854
836
847
859
24
835
845
858
852
25
828
848
828
807
792
817
46
772
772
773
784
790
791
782
787
792
803
825
828
24
804
821
815
809
798
800
798
806
51
756
763
768
781
796
803
790
795
797
792
782
785
797
786
781
788
792
773
776
780
783
769
778
784
778
773
38
735
742
744
748
739
750
749
752
759
769
774
754
750
763
757
22
736
734
744
736
726
746
754
743
746
761
768
766
781
791
788
771
778
791
792
777
779
784
771
794
810
805
790
785
799
796
791
791
794
789
778
781
787
788
32
756
769
759
758
753
756
742
752
759
755
771
768
786
783
779
772
795
776
777
779
781
795
794
22
773
759
755
750
759
751
754
761
755
752
747
741
748
752
769
766
766
773
764
761
750
737
740
37
703
711
710
720
724
735
742
752
22
731
750
738
741
738
739
736
730
728
31
698
713
719
731
21
710
733
742
748
746
32
714
730
736
719
24
696
714
710
706
24
682
700
704
708
690
707
719
710
736
760
763
746
774
766
777
787
56
731
749
760
752
757
775
784
768
761
775
779
785
810
804
815
795
280
516
243
273
779
30
749
758
775
791
808
24
785
793
803
786
795
790
770
750
777
763
774
768
795
803
818
825
828
820
46
774
782
786
47
739
759
771
777
780
788
38
750
770
775
772
30
742
770
784
797
793
46
748
787
794
789
802
808
811
44
768
765
783
768
790
800
791
788
23
765
785
799
810
813
800
35
766
787
787
790
776
772
785
797
796
780
785
795
796
22
775
792
796
35
762
777
789
791
775
783
791
774
762
781
789
790
781
38
744
758
771
774
779
30
750
768
771
22
750
742
750
764
764
756
751
759
772
26
746
748
762
765
23
743
757
758
755
741
746
756
753
738
750
759
763
747
758
764
769
759
763
773
776
758
765
776
775
762
767
783
789
790
777
764
779
784
780
768
781
788
780
765
776
790
774
778
782
769
71
698
825
421
404
58
346
764
770
780
765
773
778
788
774
769
786
789
776
764
781
784
27
757
770
776
772
770
758
765
767
771
757
763
769
773
769
763
760
761
772
767
751
757
767
764
768
766
749
755
763
770
761
744
756
760
750
761
767
771
23
748
755
760
766
757
750
765
761
766
771
777
760
760
779
772
773
756
747
762
750
753
758
765
757
750
758
761
759
743
742
752
750
741
748
749
754
762
745
750
753
756
741
731
741
742
737
737
747
755
751
739
750
750
744
757
759
771
766
759
762
753
750
758
755
762
769
758
753
767
766
757
759
765
751
755
758
756
743
735
733
760
765
778
775
764
767
764
756
744
754
747
747
737
724
731
729
742
745
738
731
720
732
743
750
743
751
768
758
774
772
776
765
47
719
734
733
740
742
744
751
753
763
760
743
740
738
753
757
774
777
26
752
744
753
751
748
757
23
734
736
735
750
775
758
790
785
778
28
750
755
759
758
758
744
747
748
30
718
724
737
739
759
752
756
757
777
23
754
742
758
766
22
745
744
746
747
745
762
765
773
775
781
779
779
139
640
851
86
765
762
758
26
732
755
763
770
765
767
763
754
30
725
739
745
753
757
759
761
205
557
923
174
750
757
768
26
743
757
759
759
766
770
765
32
734
718
730
739
743
754
761
771
772
31
741
333
409
24
385
847
58
789
771
771
756
771
767
766
42
725
746
745
748
760
769
778
788
780
61
720
753
752
751
763
762
778
776
768
763
769
770
773
773
774
764
770
765
772
779
779
776
27
749
759
766
747
748
749
755
741
749
752
758
757
755
760
763
762
763
772
46
726
750
756
765
778
775
784
783
765
757
754
759
762
745
759
756
769
765
746
756
758
774
763
786
807
29
778
799
785
767
775
786
782
33
749
776
777
778
32
746
774
773
777
774
771
22
749
765
764
21
744
756
760
773
778
28
750
763
781
791
778
794
790
791
808
794
785
34
751
762
774
773
794
797
804
817
800
28
773
773
769
769
781
772
773
757
766
776
785
778
786
786
789
780
772
786
798
793
796
793
789
785
23
762
768
774
764
33
732
763
754
766
770
35
736
764
774
48
726
763
769
776
766
766
775
763
773
39
734
737
748
746
748
28
720
740
753
767
775
777
761
762
769
776
30
746
23
723
739
730
732
734
728
729
739
743
759
784
798
798
32
767
786
801
799
794
49
746
761
771
90
681
810
45
765
775
25
750
758
22
737
757
779
806
823
824
815
812
818
822
47
775
785
795
799
795
796
801
808
806
791
25
766
29
738
760
751
759
797
808
825
35
790
23
767
791
794
791
26
765
790
792
790
784
772
797
799
805
793
815
824
831
817
820
835
836
833
840
848
830
848
837
42
796
794
797
787
772
44
729
758
770
751
738
749
755
766
773
764
24
740
743
745
739
724
729
727
729
737
742
756
773
41
732
755
766
771
34
737
753
744
734
727
731
724
749
754
738
749
756
25
732
748
744
728
751
769
786
771
759
756
770
753
754
750
64
686
710
719
710
703
713
703
712
750
753
761
24
738
750
752
30
723
740
768
791
36
756
739
741
760
754
763
769
44
725
760
760
761
762
753
26
728
750
766
775
770
758
797
809
812
798
792
809
826
32
794
814
831
850
23
827
815
842
853
851
832
832
843
821
846
867
848
847
829
849
853
849
842
855
861
839
849
858
852
26
827
839
850
854
833
24
809
791
830
943
983
963
33
931
62
870
868
861
27
834
829
829
822
802
804
819
823
833
841
826
820
846
850
846
36
811
822
837
836
26
810
821
841
834
54
781
780
774
775
790
79
711
1114
236
879
890
870
855
26
830
850
836
167
670
974
162
813
823
815
872
860
33
827
820
821
845
824
820
801
815
827
839
830
23
808
815
808
825
817
816
796
789
781
789
810
803
812
852
861
839
24
816
815
823
33
790
782
769
767
766
805
817
800
805
828
833
24
809
26
783
789
772
773
763
767
779
789
779
768
792
794
815
796
26
771
773
768
761
754
765
759
770
769
783
794
32
763
777
776
756
753
752
751
746
747
752
761
772
781
779
800
32
769
775
758
760
750
766
764
21
744
749
756
771
772
24
749
739
750
759
29
731
741
735
739
764
758
766
788
807
815
808
806
33
774
767
38
730
734
727
723
727
735
755
773
763
785
771
781
768
748
754
737
738
729
724
732
747
757
755
764
775
776
26
750
756
757
746
740
750
745
753
756
742
748
747
763
764
751
732
739
750
765
773
779
758
781
790
794
794
796
51
746
756
755
745
725
729
726
717
729
731
718
726
732
735
736
729
729
725
728
724
721
723
730
733
172
562
877
119
759
757
741
750
747
36
711
711
722
723
717
718
712
714
702
701
682
19
663
688
688
680
669
687
694
702
29
673
687
695
699
695
25
670
690
695
698
697
687
705
719
716
701
714
728
717
718
740
748
754
23
732
746
765
747
747
765
772
761
759
777
791
805
786
781
789
792
815
796
796
804
820
26
794
800
806
826
31
796
796
811
823
831
29
802
819
826
810
812
831
835
34
801
814
834
844
27
817
811
829
839
829
816
830
851
872
859
863
881
878
861
839
855
860
854
32
822
830
847
854
31
824
824
847
852
24
828
837
854
846
841
851
867
845
860
868
858
843
865
876
24
853
859
865
855
840
851
857
28
829
828
847
852
831
822
835
835
24
812
805
823
828
27
801
802
804
811
797
791
807
808
794
790
803
812
791
793
809
827
809
807
827
835
825
829
829
830
823
835
853
846
829
842
833
819
823
835
857
860
29
831
818
839
844
824
824
838
841
824
832
841
849
25
825
815
828
843
29
814
807
807
832
812
814
829
841
838
824
811
816
826
31
795
791
805
812
813
795
815
826
826
27
799
801
813
819
806
806
820
830
818
823
833
847
830
835
844
833
818
833
843
842
824
837
852
849
23
827
848
865
872
27
845
844
859
871
44
828
839
841
856
857
837
848
854
846
833
833
851
857
25
833
822
843
837
830
832
843
846
826
835
829
837
816
818
833
847
843
830
842
862
857
26
831
840
863
872
34
838
852
867
864
31
833
838
850
852
831
831
846
853
835
846
854
855
854
860
864
871
33
838
851
853
857
26
832
834
837
840
842
823
829
843
846
825
832
851
852
25
827
832
855
861
849
833
836
851
863
851
833
850
855
833
840
853
868
35
834
843
853
856
838
832
844
854
26
828
830
846
853
835
846
866
874
31
843
848
850
853
31
822
833
848
847
828
833
848
852
834
839
845
858
846
830
844
859
849
831
839
860
857
28
829
834
847
862
31
831
840
851
861
842
836
844
863
852
832
840
844
826
814
841
859
846
827
838
852
851
830
840
861
875
24
851
840
863
866
845
843
854
851
838
861
869
875
27
848
860
875
877
856
856
875
871
869
30
839
839
847
843
833
833
855
877
883
33
850
852
855
877
863
852
860
876
881
25
857
860
869
874
34
840
843
865
896
884
879
37
843
35
809
808
803
800
785
41
744
771
777
36
741
751
759
767
775
758
762
761
750
760
21
740
750
751
750
730
731
719
740
747
23
724
731
730
725
738
720
724
728
738
724
725
718
716
721
714
707
706
707
712
707
722
709
696
703
714
702
714
713
716
711
717
724
724
723
719
39
681
706
694
676
671
681
666
676
681
689
676
687
686
678
666
679
25
654
658
664
663
648
656
667
667
677
668
668
670
672
20
653
666
673
656
665
660
650
660
668
658
665
669
655
663
653
663
662
666
656
668
668
661
660
666
672
658
673
667
667
672
681
680
686
687
693
35
659
675
678
683
680
34
647
679
678
670
666
666
681
26
655
660
670
668
675
665
27
638
657
666
21
645
660
658
666
21
646
665
677
678
666
686
691
690
683
666
662
661
666
672
672
672
663
35
628
646
649
660
656
21
635
648
657
28
629
649
658
655
661
25
636
661
648
636
641
643
659
25
634
644
657
651
642
654
657
669
654
669
653
636
629
645
651
663
672
689
690
684
41
644
670
665
30
636
661
657
646
640
656
663
23
640
657
657
19
638
640
656
99
558
767
112
656
675
680
27
654
661
665
666
669
678
668
673
673
665
664
21
643
657
665
655
648
656
662
671
673
666
677
686
692
675
689
700
712
30
683
698
710
714
696
704
719
718
733
714
22
693
710
717
706
698
719
736
736
753
31
723
737
722
732
732
744
63
681
718
721
32
690
711
725
713
20
694
723
723
705
721
714
30
685
694
726
736
29
708
719
736
752
738
729
738
757
738
736
742
767
756
29
728
752
768
750
22
728
726
733
764
762
32
731
744
761
767
747
749
770
786
775
759
774
788
804
44
761
753
780
810
801
39
763
777
807
803
39
765
776
804
805
35
770
777
790
797
33
765
767
787
796
35
761
767
786
801
787
768
784
801
25
777
762
779
791
811
37
774
781
803
811
791
785
796
805
796
780
789
805
815
30
785
785
792
810
27
784
781
811
827
35
792
793
804
816
23
794
785
807
808
801
22
780
786
806
792
790
808
830
820
805
809
828
816
795
799
818
810
789
782
802
808
27
782
785
804
799
788
809
807
820
24
796
797
818
813
27
786
792
817
814
24
791
804
819
813
798
811
815
819
27
793
799
807
812
791
791
823
825
30
795
794
816
833
814
810
825
849
29
821
828
826
834
34
801
809
823
825
812
797
815
826
830
810
818
839
833
25
809
813
829
844
825
828
852
863
845
832
853
859
27
833
834
838
848
831
833
835
839
820
811
826
835
828
822
840
852
846
830
840
847
854
33
821
827
841
835
826
824
838
850
835
822
841
843
828
830
843
871
876
857
864
884
862
860
865
863
856
31
825
840
853
851
833
835
849
859
24
835
841
854
841
832
826
842
841
26
816
815
824
837
35
803
802
813
820
800
804
813
824
807
798
804
828
811
797
805
816
813
791
796
816
810
807
794
813
809
815
796
810
817
810
800
820
831
838
825
837
849
860
25
836
837
854
869
851
843
852
869
867
27
840
853
872
876
29
848
852
862
858
836
837
863
866
850
838
849
871
871
24
847
861
873
881
869
867
880
883
872
858
869
875
863
841
845
849
843
823
829
850
848
837
839
852
845
26
820
823
838
846
24
822
834
864
853
836
843
862
846
846
851
862
853
843
860
864
861
856
870
884
883
866
875
878
878
92
787
929
54
876
25
852
854
864
863
853
852
859
859
843
856
869
865
847
857
868
859
848
852
869
851
833
847
867
851
849
832
850
853
862
863
33
831
833
849
856
29
828
845
852
851
841
851
869
873
859
863
871
884
880
862
873
877
890
885
894
900
888
867
875
879
875
852
864
868
854
839
844
856
26
831
826
835
846
25
821
818
825
835
818
801
836
851
866
37
829
817
812
827
833
826
848
833
885
50
836
825
218
607
963
592
372
421
797
2457
556
1901
2292
3999
3999
3999

