11-08-2022 - 9:35 - Correr
Maria Angelica Morales
Intervalos entre latido y latido
741
747
21
726
720
720
734
742
736
738
745
734
720
22
699
688
702
709
724
743
744
21
723
712
708
703
709
712
721
731
722
722
731
732
739
750
746
744
753
763
772
779
784
785
782
776
775
782
787
785
794
792
781
766
763
763
765
772
774
774
775
761
759
761
767
776
775
762
758
768
769
778
778
758
752
760
760
764
771
22
749
752
752
749
745
21
724
711
708
701
710
718
726
743
750
747
748
752
757
757
760
746
737
746
748
746
747
750
754
739
729
740
743
749
764
763
751
755
760
766
766
765
750
746
748
753
761
750
739
745
748
750
736
738
739
748
747
748
744
744
751
751
751
750
746
751
763
771
764
761
767
763
753
751
755
757
744
748
737
742
741
727
735
750
754
773
759
759
764
764
772
770
753
747
742
746
751
752
741
738
747
753
761
771
760
756
761
757
760
745
743
749
756
769
768
761
772
782
786
768
763
762
763
764
750
746
754
766
764
759
761
772
785
780
776
778
780
791
781
779
784
788
791
778
776
791
801
794
790
794
790
783
771
775
780
778
761
760
753
750
759
741
736
745
746
750
738
740
746
752
754
739
743
754
762
759
749
753
759
767
766
752
748
750
759
749
739
743
750
764
771
755
751
760
764
772
773
756
755
764
772
769
759
755
760
767
774
759
753
761
767
766
753
753
757
757
774
778
770
758
761
764
773
779
24
755
754
752
759
768
754
745
751
757
764
772
758
759
767
778
785
794
774
766
766
763
763
747
746
755
757
767
766
757
752
760
763
767
21
746
745
743
743
750
733
733
745
747
750
738
746
747
749
754
736
735
742
743
751
744
737
743
749
755
762
757
750
751
752
763
771
772
764
765
769
775
784
769
766
765
772
776
766
760
764
767
781
787
783
793
791
792
782
776
778
775
775
757
753
754
762
757
752
757
766
774
773
763
765
768
782
771
765
768
768
766
768
754
750
752
760
769
780
759
763
765
771
759
750
750
749
753
756
739
738
739
744
746
743
742
750
760
777
774
756
756
754
762
763
747
747
759
762
769
753
750
758
760
771
772
767
774
788
795
802
784
775
782
774
773
761
768
789
801
822
810
800
804
804
808
791
787
793
787
788
780
786
784
769
752
750
21
729
30
700
705
691
683
677
664
652
656
651
651
645
635
629
642
632
640
651
655
663
666
649
647
639
647
644
652
646
638
640
645
652
652
651
654
660
665
676
677
677
669
660
649
651
650
640
633
638
637
638
632
636
632
632
627
630
626
613
608
608
607
600
594
593
594
592
584
583
582
583
582
578
576
572
576
574
572
567
567
566
569
562
560
560
554
558
556
553
547
550
550
549
541
541
542
542
536
534
537
539
534
539
534
536
537
537
532
533
534
534
534
531
524
528
531
525
528
522
519
520
522
519
519
514
512
517
519
517
514
513
508
512
512
505
514
512
516
514
513
508
516
517
515
517
518
516
520
515
511
510
515
513
514
504
509
507
507
506
502
499
495
500
497
494
490
488
493
488
491
478
481
479
481
478
475
470
469
471
472
473
467
463
461
463
459
462
461
458
458
452
458
458
458
456
450
455
456
453
458
449
451
450
450
451
451
446
447
447
450
448
447
444
443
441
444
441
442
438
438
439
438
436
438
432
430
437
433
431
431
430
429
432
430
429
424
423
428
424
431
425
421
423
425
420
426
419
426
419
418
422
419
423
419
418
416
420
418
421
422
424
421
416
420
417
422
419
419
415
421
418
424
417
417
416
420
418
417
418
416
413
420
418
417
416
416
416
417
421
419
418
416
416
426
420
416
418
420
426
423
424
421
425
431
428
426
426
427
436
431
430
429
433
437
435
433
433
437
437
438
439
438
438
441
442
445
448
449
448
451
452
458
461
459
459
461
460
470
468
469
465
469
470
477
473
471
473
478
482
482
480
483
483
488
489
488
485
488
493
497
494
491
492
500
500
499
493
494
499
500
500
497
499
500
504
501
501
499
507
505
514
510
502
501
500
500
498
499
500
508
507
507
505
509
519
518
522
516
520
524
532
537
535
533
544
544
551
541
542
546
552
549
545
543
551
557
558
553
554
564
568
570
563
566
574
574
571
566
571
578
577
566
564
567
573
570
567
565
565
573
580
575
19
556
546
552
554
552
563
561
569
567
563
567
570
562
565
562
571
580
581
570
561
560
567
576
592
592
596
594
591
603
601
600
586
582
578
583
590
591
581
570
568
566
578
596
605
615
618
609
614
611
609
603
604
595
604
616
617
615
613
612
626
639
658
659
649
641
660
665
650
640
628
633
638
642
630
630
625
637
643
649
649
643
642
660
665
663
653
641
645
654
659
650
644
640
658
661
661
657
647
653
655
651
653
25
628
631
651
658
656
646
643
658
656
653
641
642
656
659
657
647
641
650
657
653
650
647
657
662
672
668
666
668
688
693
693
674
679
686
686
683
666
674
672
675
670
653
655
669
669
661
662
656
663
666
678
678
668
666
679
674
670
662
665
672
688
678
684
666
675
683
696
688
685
680
701
707
691
697
20
678
688
691
689
680
663
660
672
682
698
685
682
674
690
684
697
679
683
693
713
697
705
688
703
704
689
696
686
707
704
701
711
21
691
706
711
719
720
704
707
711
732
23
710
721
21
701
707
718
712
721
23
699
705
697
717
715
708
697
710
706
720
27
694
705
689
713
26
688
682
682
674
682
22
661
647
644
654
667
686
691
706
692
699
698
727
714
745
37
708
707
710
728
723
719
28
692
702
692
703
696
691
696
688
713
705
714
699
695
709
707
712
713
695
703
693
709
712
734
717
721
720
736
734
726
733
723
741
754
756
21
736
717
730
738
751
736
726
742
746
750
742
729
741
748
763
757
21
737
740
735
750
750
776
22
754
745
747
751
765
763
752
739
745
750
777
779
29
750
770
760
791
777
789
26
763
757
773
760
774
29
745
750
755
767
768
755
759
791
788
797
26
772
763
748
760
759
752
743
728
747
742
773
28
746
750
747
770
773
759
754
738
752
751
755
737
729
739
749
759
771
36
736
751
737
770
774
775
36
740
753
748
772
758
780
29
752
744
761
748
738
745
733
757
755
24
732
737
23
715
750
735
743
741
721
715
717
723
739
734
730
715
727
718
738
740
741
744
724
727
731
737
746
750
23
728
726
729
734
731
721
728
722
746
737
727
722
730
750
754
21
734
736
745
749
754
754
25
730
729
733
737
744
736
21
715
705
710
724
728
715
718
711
716
702
693
701
694
698
708
724
705
687
678
690
691
694
686
700
709
705
708
722
724
724
723
731
744
732
727
733
721
738
754
741
747
727
736
33
704
710
718
727
728
711
732
748
757
752
744
756
781
770
771
763
756
21
735
749
754
765
752
762
780
768
795
44
752
743
724
736
718
701
698
706
710
694
701
694
678
668
671
676
669
669
673
674
686
689
682
688
697
687
680
692
695
695
686
691
684
675
677
665
661
663
680
686
692
728
739
27
713
728
735
739
726
714
701
23
678
679
25
655
654
650
650
650
641
639
650
654
643
633
624
638
644
661
664
668
681
684
667
673
670
666
654
650
647
633
631
635
636
633
629
621
615
614
604
590
579
575
578
585
589
586
592
596
602
598
593
598
603
602
591
595
594
598
593
596
602
610
619
620
621
625
642
651
648
639
630
618
622
631
641
651
662
651
666
660
656
22
634
635
627
622
623
627
634
629
632
636
642
651
657
667
671
669
662
666
21
645
633
635
633
627
627
626
631
630
631
633
626
623
615
609
599
599
593
589
593
601
607
604
604
603
602
601
599
594
592
587
586
581
583
583
587
589
589
585
581
582
579
563
572
574
572
575
572
570
572
572
562
566
567
566
556
555
558
567
578
587
596
610
618
624
24
600
599
601
610
619
629
625
623
620
618
622
610
597
598
595
593
596
596
600
601
596
593
592
595
598
599
599
608
616
614
603
601
608
609
612
601
593
593
592
593
596
601
599
594
593
594
600
606
610
607
605
594
586
586
586
577
576
577
579
580
578
577
576
573
571
583
591
598
600
18
583
586
585
582
576
580
20
560
568
571
577
571
572
568
571
577
583
583
578
570
574
573
576
578
580
579
581
580
582
583
581
580
580
580
583
581
583
583
583
586
590
584
582
582
577
580
584
583
589
592
585
590
587
588
588
585
586
587
587
584
591
586
583
589
583
585
586
591
592
594
590
596
605
600
593
592
594
585
581
586
583
584
592
593
598
608
608
604
613
617
613
610
612
604
593
591
597
595
596
599
599
603
609
612
614
612
617
622
620
624
625
629
616
620
619
631
625
615
626
626
626
621
618
622
615
614
623
628
631
629
629
634
641
632
628
634
639
649
19
630
641
648
653
637
627
625
633
635
625
620
629
635
630
627
630
638
22
617
614
617
625
623
616
612
616
617
611
609
614
618
605
612
615
608
599
604
610
614
620
617
621
632
637
635
632
641
649
644
642
641
643
643
639
20
620
603
600
609
631
641
651
656
661
660
649
637
632
621
625
626
627
643
657
655
666
679
681
676
699
703
688
693
689
697
682
687
691
700
690
694
694
695
688
709
712
710
725
726
717
700
699
705
703
689
678
684
691
691
21
671
685
691
27
665
666
668
670
666
676
687
695
694
690
711
705
714
735
738
732
715
735
21
714
709
724
731
747
751
732
742
737
734
722
723
729
747
750
750
22
728
30
698
697
711
713
727
726
22
705
702
708
714
708
695
695
715
725
738
742
30
712
721
724
733
717
719
731
736
23
713
716
727
732
717
707
700
714
723
733
734
717
708
713
720
718
720
702
697
701
708
719
735
728
721
715
730
25
705
708
703
720
726
728
719
724
729
722
709
721
725
717
724
734
741
730
725
729
731
725
719
718
720
23
698
684
686
682
685
702
710
718
719
708
716
714
713
707
705
714
726
732
722
725
726
727
712
717
729
736
750
731
25
706
703
708
699
710
708
711
710
700
683
682
683
696
701
700
708
725
741
758
769
765
759
753
747
737
732
28
704
701
709
719
738
743
747
752
752
754
22
733
728
730
738
737
731
727
726
740
746
746
28
718
723
723
718
712
721
736
739
750
755
34
722
721
740
728
729
721
717
722
721
726
741
22
719
728
740
746
744
740
733
26
708
699
710
708
701
700
716
725
731
723
716
721
720
707
711
707
699
704
705
703
22
681
676
676
677
680
702
705
695
697
703
711
712
708
719
729
746
755
748
754
752
753
30
724
736
731
737
24
713
22
692
703
715
712
708
709
696
702
702
698
688
681
682
675
668
657
666
663
657
654
646
639
628
629
634
645
657
665
669
669
685
691
699
696
691
686
679
670
670
666
667
657
655
659
661
665
666
669
666
674
679
691
687
687
688
684
673
667
671
666
666
667
659
652
650
655
663
676
692
695
699
698
698
683
20
664
679
676
674
678
684
686
686
684
676
670
666
657
650
646
646
648
651
648
656
656
647
649
652
650
636
634
637
635
627
634
637
641
635
649
656
650
646
648
21
627
637
641
641
643
644
652
659
666
665
673
679
674
667
672
679
677
664
674
675
672
661
653
659
660
658
654
654
657
651
646
644
654
653
654
656
656
658
662
658
659
659
658
652
656
658
658
658
20
638
639
628
624
611
612
622
623
624
626
636
633
628
627
633
633
631
632
638
635
631
635
627
619
617
619
621
620
621
615
609
605
601
598
599
603
612
616
623
621
642
632
639
641
640
646
650
645
643
629
619
622
620
626
639
638
632
625
625
621
612
607
602
593
608
626
646
642
646
641
648
642
640
641
643
633
628
644
645
648
655
655
657
660
669
668
676
682
27
655
642
673
669
691
688
708
719
732
742
766
834
37
798
38
761
742
737
749
756
49
708
732
712
698
687
713
21
693
682
675
676
665
650
642
641
634
629
623
624
624
625
625
627
623
616
616
615
616
613
612
610
608
613
605
604
606
599
592
590
587
592
597
604
608
610
606
608
608
612
620
619
610
602
595
591
591
596
615
625
632
633
636
627
611
613
613
623
630
633
635
633
637
646
660
671
669
673
676
667
653
657
671
682
689
693
691
678
684
666
669
665
666
656
651
657
657
658
656
661
666
679
691
692
690
690
697
708
707
688
688
689
676
666
666
658
666
661
652
655
656
652
640
637
637
635
640
639
627
625
623
622
622
623
625
629
638
641
638
636
630
630
627
626
621
624
622
620
622
623
625
625
615
616
611
610
613
610
618
631
641
649
662
671
662
91
571
673
42
632
640
633
649
661
673
657
673
680
685
677
677
679
29
650
637
626
642
651
652
650
651
658
664
668
677
685
694
701
703
697
680
681
672
660
656
655
652
646
640
635
637
638
632
626
635
632
636
641
646
638
633
631
632
630
625
615
611
613
612
602
604
608
610
603
596
605
603
608
611
618
618
623
623
620
623
627
631
623
625
628
638
636
641
651
654
644
655
665
648
650
652
650
649
654
656
669
682
675
20
656
645
642
630
620
624
631
633
637
635
623
623
632
640
645
655
654
659
662
664
659
666
661
652
642
646
642
634
638
632
645
651
659
652
650
651
659
670
678
683
679
668
668
669
663
660
661
652
653
655
655
654
650
646
634
628
630
636
635
641
649
653
645
650
649
648
652
660
665
665
656
648
647
647
638
648
642
636
634
636
644
639
641
644
652
658
654
650
651
664
666
657
663
671
681
681
681
676
674
677
20
658
641
640
633
622
613
605
601
610
624
618
625
623
631
639
636
644
658
667
677
671
687
700
706
726
732
751
760
743
751
748
760
757
744
751
762
764
749
751
742
739
723
713
698
699
707
717
713
721
723
709
709
719
725
706
711
717
736
749
762
770
763
757
762
770
775
780
773
764
769
778
778
792
797
781
783
782
789
781
774
790
801
805
804
787
784
782
787
783
772
772
774
765
767
769
755
760
773
776
779
770
23
747
754
748
735
729
737
737
736
732
732
728
715
724
729
712
728
733
731
730
730
26
704
712
710
705
22
683
696
693
682
686
681
684
683
678
682
691
677
690
684
690
687
699
700
696
720
720
722
715
727
733
30
704
724
738
723
731
738
21
717
720
723
722
730
730
731
21
710
712
724
727
723
724
707
698
692
693
687
679
691
695
696
706
710
724
727
734
727
25
703
692
689
688
699
698
699
700
705
709
711
702
712
716
708
708
710
717
729
720
708
712
717
724
723
715
726
728
741
742
744
725
721
730
735
748
754
746
744
746
736
25
712
709
714
720
713
706
697
689
694
689
689
696
708
735
750
758
751
737
746
755
753
760
744
756
768
772
772
781
801
810
809
796
804
802
811
796
784
794
800
801
784
772
773
781
778
764
765
774
774
778
778
35
743
751
751
744
743
731
729
735
742
746
739
749
748
750
744
749
762
762
752
747
763
764
772
759
771
782
791
778
758
742
746
752
764
761
765
751
764
769
773
781
780
768
779
782
787
767
759
767
761
765
778
771
757
761
750
735
718
28
691
701
699
701
715
712
718
730
747
754
767
776
770
761
750
754
761
765
771
761
758
774
778
780
780
764
763
768
776
781
776
758
770
770
777
783
784
27
757
761
765
766
779
768
757
765
764
766
757
752
756
762
769
775
754
768
750
744
727
739
739
732
719
720
730
742
757
754
754
765
766
768
766
27
739
739
741
745
747
750
738
746
761
771
780
771
769
779
773
760
752
760
758
759
752
747
752
751
753
747
754
761
764
754
751
753
752
738
737
741
728
739
738
737
737
724
724
733
736
740
732
746
752
737
728
739
748
769
771
762
769
766
749
746
749
750
744
745
732
724
732
741
750
755
742
735
741
736
734
714
698
679
671
673
665
677
689
696
704
708
714
21
694
688
685
688
692
678
676
680
691
694
678
679
685
690
702
708
711
724
721
727
743
740
729
729
736
734
717
713
708
707
708
718
711
723
730
751
743
728
735
728
725
720
716
702
695
693
685
672
668
664
656
649
649
648
646
648
652
653
654
652
658
647
644
642
639
633
627
626
620
617
617
611
613
611
609
605
607
607
603
603
603
605
612
612
615
612
616
616
611
610
607
617
624
625
646
667
677
674
671
678
686
673
666
664
665
657
657
661
651
657
656
648
648
652
661
663
658
658
654
660
659
662
663
662
660
665
663
655
652
652
645
641
636
633
629
625
620
622
618
616
615
614
610
608
610
615
612
612
616
617
613
610
605
605
603
601
600
597
595
593
592
585
593
596
597
602
608
596
606
605
603
609
622
631
637
642
656
667
675
671
680
691
693
702
686
690
701
712
724
740
740
738
749
746
749
729
728
734
734
729
731
744
753
749
731
735
748
748
735
739
730
727
712
708
702
710
709
711
697
702
705
715
705
719
723
735
730
733
732
725
726
748
742
742
757
769
779
23
756
760
772
781
766
769
775
800
798
781
785
774
791
809
845
827
843
858
846
847
865
901
905
900
877
875
870
864
858
869
887
876
881
868
888
867
874
864
841
823
811
810
805
805
787
768
770
792
791
789
25
764
766
766
752
741
741
747
750
755
749
759
761
762
779
766
748
743
735
729
719
713
717
724
736
723
725
747
770
785
781
781
803
783
797
803
812
823
827
840
30
811
811
807
803
799
786
780
785
787
29
758
756
759
764
767
759
748
747
743
745
729
717
711
715
726
716
714
719
728
732
734
751
765
775
23
752
21
732
721
712
715
711
716
707
717
721
739
737
755
748
750
745
738
735
731
730
721
730
742
727
720
728
730
749
762
765
752
24
729
721
708
691
694
712
718
715
720
737
744
732
745
754
761
768
762
777
782
788
771
768
776
787
798
41
758
28
731
734
731
732
732
732
742
30
712
707
710
728
733
756
765
797
802
804
40
765
791
790
776
790
791
792
38
755
750
27
724
716
709
721
726
729
745
750
751
765
768
752
748
747
750
759
766
775
777
775
773
23
750
748
752
755
766
773
762
744
750
746
743
729
734
741
745
739
729
737
740
743
744
746
732
729
730
730
739
21
718
710
711
717
712
705
711
716
715
718
715
718
722
705
709
706
697
690
699
708
705
687
701
704
718
720
725
731
727
736
741
721
733
737
747
750
742
740
736
727
716
713
722
725
728
726
21
706
711
713
710
711
703
693
694
698
699
695
705
697
683
691
703
712
699
706
703
702
687
691
695
702
707
699
690
698
699
704
705
686
686
688
697
703
704
699
698
711
707
700
685
675
676
680
688
693
708
706
701
709
715
20
696
716
722
726
732
724
723
731
729
737
726
734
731
723
709
701
706
713
720
719
719
724
733
717
720
724
729
717
708
718
716
717
706
707
709
707
703
703
710
708
699
701
708
693
689
685
686
682
675
681
688
688
695
705
719
722
722
721
721
724
718
720
725
713
711
716
723
727
715
714
715
714
723
718
712
714
721
720
710
710
709
708
706
22
684
682
683
684
679
687
697
715
727
709
711
715
720
726
723
720
716
708
702
702
708
706
709
715
717
721
712
717
713
720
712
705
708
710
712
709
696
694
693
692
683
667
659
666
665
684
705
715
21
695
690
684
682
688
679
691
698
696
704
706
699
693
705
705
707
715
722
709
711
714
716
717
708
704
710
713
715
725
715
20
696
701
702
704
704
717
731
729
729
711
700
693
690
688
684
674
675
677
686
694
702
700
684
682
682
688
692
692
680
678
682
685
693
700
684
672
677
679
683
688
691
687
685
688
698
698
700
691
682
678
677
674
686
692
690
687
688
699
714
719
734
739
752
750
25
726
722
728
722
716
706
706
711
720
730
739
750
734
720
723
726
728
739
732
728
725
708
707
706
703
709
698
695
697
694
696
693
696
689
693
686
679
679
683
695
699
699
697
685
687
683
687
676
670
668
674
678
689
687
692
689
687
692
698
717
719
708
715
719
723
728
722
719
720
719
729
729
720
727
730
722
718
715
717
712
709
708
708
704
715
713
716
718
726
730
739
747
736
736
739
739
740
747
731
721
727
724
714
710
711
718
720
714
719
733
737
755
760
747
742
733
722
720
28
693
691
688
689
697
703
701
701
688
680
681
678
674
682
690
704
708
697
702
710
703
701
701
717
708
694
698
708
701
689
674
667
672
681
700
705
717
730
746
750
749
750
744
735
740
738
731
720
738
742
742
739
722
737
738
745
753
761
758
745
733
748
754
748
752
753
762
23
739
747
752
753
753
744
739
739
744
739
741
23
718
723
722
715
713
717
730
731
732
733
741
737
729
730
727
715
723
719
712
707
718
732
736
739
723
716
720
722
709
711
720
729
733
719
719
721
723
712
709
714
718
723
719
722
726
740
739
729
732
748
748
22
726
721
722
724
724
713
708
710
709
706
695
706
707
717
711
711
720
725
736
717
720
724
733
741
750
735
733
729
736
729
713
717
717
703
703
710
716
727
708
714
719
729
742
730
716
717
721
727
725
711
714
719
719
708
706
708
718
727
721
727
737
736
733
21
713
711
717
708
710
714
735
742
740
734
734
736
717
724
723
727
744
736
736
739
750
739
26
714
725
730
738
743
23
720
727
730
736
739
727
715
723
723
709
706
714
718
726
726
724
729
732
728
713
722
732
734
746
744
735
747
746
747
750
36
715
723
723
730
714
20
695
703
702
714
732
736
716
721
716
717
21
696
691
691
697
704
718
720
711
720
718
718
704
700
708
709
722
733
737
718
728
730
729
736
729
726
728
734
729
724
728
730
735
724
21
704
711
715
719
725
723
712
702
701
708
719
710
713
717
727
735
731
714
719
719
719
707
716
725
728
739
725
710
716
722
730
732
724
712
706
705
688
20
668
660
659
662
674
685
711
744
760
768
763
753
754
767
768
767
31
737
736
738
741
748
758
759
750
745
741
729
712
716
722
727
736
739
735
716
720
722
722
716
705
715
719
720
732
733
21
713
719
725
724
724
706
698
692
682
668
662
666
657
662
664
673
689
704
711
705
690
693
695
683
676
678
684
691
699
696
701
707
710
716
717
700
701
702
703
714
721
723
720
718
723
733
741
733
737
736
733
25
709
707
713
718
727
720
712
720
720
724
728
717
706
709
716
704
699
707
708
720
20
700
702
693
688
681
675
680
692
689
680
687
698
707
701
705
712
715
711
703
700
690
31
660
659
659
665
684
709
721
743
735
732
736
724
729
22
708
716
708
711
702
704
706
708
725
720
719
710
709
23
687
677
671
679
679
697
701
715
719
718
715
715
714
712
716
726
716
712
723
738
747
753
750
752
752
757
31
727
716
715
715
722
724
720
730
736
750
21
730
717
719
724
729
725
721
729
735
737
733
25
708
714
716
726
726
709
716
722
723
730
716
706
706
708
694
679
679
679
686
689
695
699
701
700
694
691
687
680
674
665
662
664
676
686
701
697
701
689
690
672
675
677
680
692
694
683
688
693
689
676
671
675
680
684
683
666
670
669
669
679
671
676
680
693
696
693
676
682
676
680
683
678
686
694
697
692
678
670
662
665
666
673
682
694
704
687
692
694
700
696
691
698
709
715
721
712
706
707
709
696
696
700
709
723
742
738
720
723
713
701
696
705
709
710
706
702
710
711
708
706
701
708
708
722
716
706
714
717
718
716
710
710
721
721
733
724
725
724
736
730
26
705
708
708
716
721
715
716
722
724
712
704
708
714
700
697
706
705
696
683
680
682
691
703
697
696
700
720
729
720
713
708
709
698
692
695
697
705
723
742
737
729
727
726
732
718
715
720
729
710
701
705
705
714
731
723
718
717
720
718
20
699
695
698
703
704
698
697
704
707
709
707
719
731
743
750
24
726
737
736
24
712
708
711
713
727
724
728
730
738
742
734
734
739
739
724
709
705
712
23
689
679
20
660
665
677
692
717
731
725
727
713
20
694
693
699
689
685
688
688
697
708
718
20
699
689
704
701
724
714
724
719
715
707
700
699
26
673
670
674
675
680
687
696
702
701
703
705
695
698
708
710
710
708
713
718
720
720
727
730
732
720
723
717
721
715
706
705
708
711
714
717
713
722
716
710
703
696
689
686
682
685
686
686
687
686
683
688
684
676
679
669
665
662
656
657
662
660
667
680
675
681
683
693
705
689
682
688
685
695
688
22
666
663
665
663
658
656
654
660
647
653
658
659
661
661
658
656
650
638
635
626
628
635
639
639
643
646
654
655
661
666
671
681
675
694
703
709
699
696
701
696
697
683
667
663
647
644
638
635
638
646
650
652
670
712
707
714
713
721
722
718
710
696
692
732
766
770
28
742
723
21
703
694
688
689
670
696
688
669
659
645
639
636
631
642
654
674
659
652
639
632
623
619
632
642
683
665
22
643
633
626
619
611
609
605
616
615
618
614
616
626
635
18
618
610
610
600
597
597
599
599
604
615
625
629
628
624
619
615
610
607
603
600
593
592
592
594
612
626
633
641
648
644
636
642
637
642
644
656
657
662
655
661
22
639
648
650
659
666
672
666
658
662
666
665
660
666
669
669
672
662
656
647
643
650
654
679
708
730
773
792
774
778
801
818
805
809
822
839
29
811
843
47
797
849
934
985
140
845
96
750
745
741
751
741
737
729
22
708
704
700
701
704
700
695
25
670
672
661
649
636
630
622
626
627
633
631
640
652
659
661
665
666
672
687
703
722
731
738
740
731
727
736
738
732
729
727
732
733
742
741
729
741
22
719
715
705
714
707
710
707
716
731
735
731
721
718
726
730
716
22
695
689
685
686
693
697
706
707
709
713
718
709
710
717
718
720
715
711
708
708
710
708
714
722
723
716
717
718
710
704
695
685
683
694
701
721
718
732
743
750
753
753
755
757
28
729
733
735
740
745
745
753
763
773
763
782
24
758
745
737
741
738
748
741
737
738
736
736
741
22
719
719
708
710
700
696
685
683
679
676
672
672
669
666
666
661
666
681
693
705
709
725
746
766
21
746
747
762
777
782
28
754
751
759
765
769
767
775
26
749
750
753
757
751
738
740
753
760
764
761
748
748
750
750
757
771
773
764
768
777
781
782
764
759
775
773
780
782
775
754
750
738
722
708
692
694
687
701
705
723
733
730
744
735
747
764
767
766
26
740
731
715
709
20
690
689
693
704
706
703
705
709
723
743
758
774
785
782
791
789
791
33
759
767
769
778
788
798
814
815
810
818
40
778
777
784
767
755
21
735
721
719
708
716
708
704
697
693
691
700
708
697
704
718
720
722
714
720
726
735
750
737
742
737
721
716
715
715
708
698
708
718
740
755
771
781
784
768
779
765
759
750
749
741
732
736
727
722
706
708
707
702
687
685
677
676
684
695
713
737
766
771
750
750
750
753
757
740
739
743
735
725
741
750
750
764
751
757
755
770
775
26
750
744
752
746
753
741
729
733
743
750
751
754
762
768
773
768
753
754
761
754
744
751
745
743
743
754
759
774
767
758
762
766
26
741
755
749
32
717
713
718
735
718
718
729
723
721
23
699
691
696
698
702
696
707
698
695
683
676
673
679
672
657
660
658
666
669
673
693
696
716
725
736
731
725
716
708
692
679
668
657
644
634
629
632
649
672
692
712
723
738
38
700
683
666
665
687
692
708
713
720
734
729
734
720
728
24
705
703
694
688
682
679
663
661
660
664
671
690
707
716
728
729
731
726
711
715
21
695
682
672
671
667
660
26
634
636
632
628
635
649
653
652
656
676
693
700
705
716
710
20
691
677
663
649
646
646
649
632
627
625
632
650
653
676
691
697
693
697
684
685
21
664
655
649
650
655
659
667
666
23
644
640
636
635
648
651
666
680
675
682
681
687
679
678
663
646
635
623
620
619
614
609
594
593
591
597
614
646
649
671
701
694
692
690
685
35
651
658
22
636
634
630
633
634
646
659
664
658
24
634
629
623
628
663
659
668
676
679
679
691
682
666
674
665
660
650
633
625
625
624
627
618
605
606
606
612
625
646
650
644
643
638
641
644
655
652
642
634
626
633
638
643
650
655
643
627
620
615
610
619
626
638
639
649
656
659
660
657
656
643
625
618
611
611
609
617
623
625
628
647
664
675
676
674
667
671
678
679
688
680
681
670
659
654
650
657
656
656
659
676
703
699
705
704
700
708
694
691
699
708
712
703
691
680
676
666
661
663
673
687
699
705
710
705
686
21
666
654
658
674
675
686
698
702
692
674
670
676
682
685
704
715
718
713
707
691
676
682
695
696
702
708
708
710
709
708
705
709
697
706
708
725
706
689
679
668
671
665
666
679
680
679
686
690
690
692
691
688
695
26
670
681
676
666
667
651
646
642
638
642
644
643
651
662
654
656
674
675
674
676
678
678
676
675
673
669
666
666
664
663
666
668
662
664
659
657
657
647
647
19
628
624
623
621
619
619
620
623
627
627
629
625
623
615
610
602
598
596
595
599
603
607
613
608
607
605
601
597
594
597
604
604
607
613
617
621
618
621
612
613
617
617
621
619
615
615
612
611
616
610
603
597
610
608
609
619
622
619
630
634
635
636
640
643
646
641
649
654
659
662
670
672
674
668
668
656
644
646
646
644
645
643
639
631
627
625
625
625
629
629
633
630
631
634
639
644
649
656
655
654
650
654
660
647
655
666
674
686
687
670
658
652
640
639
644
649
641
650
657
664
700
706
703
709
716
718
20
699
714
710
710
718
723
738
725
733
722
719
708
695
700
705
689
692
703
708
697
694
698
695
704
693
698
707
716
717
719
709
694
692
688
677
675
684
685
699
710
701
701
703
699
710
703
697
23
674
676
663
656
662
661
666
672
679
690
701
707
698
684
682
681
677
681
681
685
688
690
680
682
683
684
689
691
678
676
682
677
683
688
693
703
712
701
700
701
704
708
698
698
704
706
708
712
697
694
702
704
695
703
708
723
726
712
719
717
722
729
720
719
718
715
718
707
694
693
689
686
689
694
702
720
709
712
723
726
731
724
719
712
696
683
690
694
696
709
723
730
723
730
735
744
726
727
731
732
717
719
708
695
701
693
705
715
727
725
720
726
720
709
699
21
679
684
694
694
703
708
715
735
748
760
745
745
749
752
753
763
31
732
732
725
706
691
690
697
710
711
723
735
748
776
781
773
764
759
763
753
749
740
29
711
700
701
696
685
686
695
707
726
740
731
739
750
756
763
751
744
735
734
732
722
715
701
693
706
717
717
719
730
745
759
746
741
737
742
741
724
708
704
705
703
708
719
748
777
22
755
751
769
767
769
762
23
739
753
748
753
736
750
758
768
759
750
756
751
741
727
727
727
724
741
760
748
767
775
763
759
776
779
783
762
753
771
770
759
744
750
758
778
782
777
759
776
788
794
791
773
757
765
768
788
804
812
827
820
812
793
25
769
750
22
728
728
713
729
747
779
778
786
812
822
809
802
813
816
824
23
801
798
811
797
797
781
779
764
751
736
752
772
778
776
797
810
819
822
27
796
802
811
809
791
804
811
29
782
774
786
24
762
769
780
790
779
770
787
782
765
749
742
732
724
736
745
761
754
742
751
756
764
754
751
758
769
769
755
22
734
725
710
710
715
727
746
763
744
747
755
766
23
744
743
756
762
769
776
757
757
766
767
771
775
26
749
750
755
749
741
727
715
724
728
724
718
725
740
751
762
764
752
762
772
780
762
782
789
781
765
782
24
759
770
782
776
776
28
749
758
762
772
34
739
750
761
764
22
742
728
731
735
768
778
777
808
831
824
815
817
39
779
779
785
782
774
762
775
760
758
21
738
740
763
779
761
764
772
769
773
775
756
23
734
726
712
713
714
717
734
748
768
776
22
754
759
767
781
791
791
23
768
770
766
770
29
742
750
756
761
769
23
747
750
751
755
745
751
756
770
776
778
26
752
751
750
742
22
720
708
708
714
707
710
713
733
743
747
761
755
739
734
748
770
770
767
784
792
785
770
775
785
783
769
757
763
764
771
758
751
754
752
753
737
744
750
754
753
759
760
762
23
739
740
746
737
738
723
712
708
716
705
706
710
726
716
723
733
744
750
734
743
747
755
760
748
741
749
751
755
766
749
759
759
771
779
781
778
23
755
757
765
768
761
751
744
737
743
735
718
720
708
702
714
715
712
703
711
725
735
747
756
746
742
750
749
762
769
773
780
781
784
777
761
769
773
792
817
817
816
798
808
808
809
808
27
782
780
780
791
797
799
801
799
794
781
791
806
799
802
782
782
789
795
796
800
802
804
802
797
791
28
764
748
744
748
748
755
760
741
733
738
733
728
712
700
689
670
679
673
685
691
689
690
695
706
717
708
703
706
713
721
729
737
739
722
719
723
727
741
749
751
754
761
759
759
741
738
740
746
749
750
736
730
729
733
736
740
720
719
725
736
748
750
746
737
745
754
764
766
750
755
753
758
768
30
738
740
733
724
722
718
710
707
705
710
728
737
735
728
746
795
777
790
793
799
787
790
790
792
27
766
772
769
22
748
753
761
774
784
770
756
743
743
756
764
759
772
758
765
775
785
798
799
779
794
798
820
824
827
832
825
32
793
34
760
775
768
758
753
34
720
727
728
743
758
775
777
772
756
750
44
706
708
718
718
729
738
745
37
708
719
717
721
735
755
22
734
24
710
713
727
722
712
705
703
692
697
700
696
689
699
684
675
666
657
661
648
641
633
638
634
631
623
627
625
625
617
624
623
623
625
625
626
617
619
620
619
607
613
617
619
617
602
608
610
609
611
606
614
612
605
600
608
606
607
610
615
612
602
610
613
613
604
590
596
596
590
582
583
583
578
566
559
569
567
558
548
553
546
538
534
540
537
535
524
519
527
524
523
16
508
516
512
512
513
505
503
505
507
507
500
500
500
499
496
498
500
504
506
506
506
500
495
494
491
500
500
500
497
494
491
493
497
495
489
487
491
493
491
483
485
485
490
487
480
481
483
483
482
477
476
478
478
477
471
471
470
467
474
473
472
469
467
465
461
464
459
462
466
463
464
459
458
458
455
458
458
458
455
452
453
452
452
454
449
449
447
448
449
449
448
441
443
439
445
446
444
444
439
441
437
436
440
439
440
441
437
438
437
440
439
438
439
435
438
438
443
438
441
439
438
442
441
438
439
440
440
443
438
438
437
442
439
444
437
437
437
442
441
440
437
436
439
442
440
438
435
439
437
442
437
440
435
438
435
444
439
440
434
438
437
443
443
440
442
444
445
447
449
448
445
444
442
452
451
451
447
445
447
452
458
457
459
458
457
454
460
458
462
463
465
463
466
462
464
463
465
468
469
468
469
471
475
482
483
481
482
484
491
494
493
493
497
497
509
512
510
509
506
506
511
524
522
524
518
514
521
523
525
526
525
530
530
526
522
523
524
538
555
559
572
571
566
17
549
541
549
554
556
555
548
545
553
558
569
571
560
556
570
577
579
573
570
579
593
591
589
580
591
603
596
582
577
582
586
587
577
572
577
586
601
600
593
606
612
619
609
601
608
611
602
592
579
583
579
590
605
615
622
626
625
640
651
647
21
627
613
622
635
639
632
619
631
639
639
632
628
640
651
651
650
643
656
659
658
653
649
652
656
657
648
644
657
663
665
655
650
654
660
659
644
646
656
653
650
640
646
648
656
656
652
647
651
655
663
661
656
648
660
666
668
668
656
652
655
659
660
657
653
657
666
674
667
668
668
675
681
679
671
673
678
690
687
686
679
679
684
688
671
668
673
681
686
683
664
669
678
679
687
683
668
664
666
661
20
641
637
639
627
640
649
663
671
670
665
676
685
685
672
675
675
679
679
670
669
680
682
683
675
671
683
675
678
668
668
677
685
689
687
680
686
696
706
698
689
687
697
699
698
691
679
693
684
698
685
678
683
682
694
686
690
680
696
702
709
695
681
693
682
702
27
676
689
671
696
679
688
675
698
688
707
690
705
689
715
33
682
696
680
706
24
682
705
30
675
698
684
708
702
710
692
714
703
723
24
699
709
698
728
712
732
29
704
718
704
736
28
708
718
702
726
22
704
710
692
684
20
664
674
661
676
672
681
677
677
675
697
696
693
687
705
698
722
709
718
700
723
718
737
33
704
727
708
730
716
724
26
698
699
694
698
688
695
706
726
717
733
741
749
732
744
732
754
35
720
731
722
739
731
748
30
718
730
726
748
731
731
722
743
739
758
757
750
737
748
741
760
748
739
727
739
732
740
23
717
733
716
733
723
718
710
725
723
723
720
718
725
727
738
725
734
725
737
739
720
729
723
723
709
713
720
722
726
718
726
733
747
744
746
727
736
741
745
744
734
731
740
736
750
26
724
730
725
737
728
724
718
726
730
717
719
721
722
725
715
722
722
725
710
716
715
716
720
713
713
729
728
740
737
741
745
749
752
744
747
746
750
761
26
736
743
738
744
743
736
735
744
744
737
736
736
735
736
731
731
741
745
730
735
740
738
740
731
742
737
741
743
737
734
743
749
750
738
735
735
732
724
724
724
733
733
725
720
722
723
717
714
704
706
700
694
694
699
700
702
696
693
698
697
697
694
691
696
698
696
695
705
708
709
709
700
708
715
711
704
711
710
22
689
672
661
677
674
677
691
705
715
731
732
717
710
713
712
713
708
713
714
716
704
708
705
704
705
696
704
701
705
708
711
717
718
720
718
720
714
708
711
710
712
708
700
699
697
680
670
671
681
32
649
657
655
654
649
652
650
646
640
637
632
628
619
616
610
607
607
604
603
607
616
625
620
617
616
611
612
609
608
608
606
606
598
592
594
597
602
609
610
610
615
614
608
614
607
607
601
597
595
590
590
594
597
596
596
591
585
582
585
586
591
596
594
592
594
59
536
661
64
597
596
597
592
590
592
593
597
596
598
592
589
586
590
591
595
590
591
595
600
595
596
256
340
21
320
482
117
366
3999
3550
449
1905
968
938
2013
1613
401
586
191
396
567
253
315
692
179
514
584
262
323
29
294
35
260
3999
3999
3999

