17-08-2022 - 15:04 - Correr
Maria Rosalia Barrientos
Intervalos entre latido y latido
649
654
653
658
657
657
648
649
642
638
632
632
640
647
655
653
661
655
660
670
670
666
659
656
651
664
657
658
658
658
653
656
646
643
644
648
653
654
660
667
669
666
663
660
663
665
665
657
657
658
655
662
659
655
655
665
669
674
670
666
655
655
657
667
660
662
653
652
657
662
662
659
666
672
671
682
680
677
675
669
661
658
657
661
662
657
656
655
658
667
664
666
664
663
663
655
665
664
659
661
656
658
665
671
660
659
648
662
664
660
664
652
650
648
651
654
668
668
659
661
650
635
626
628
628
640
660
664
669
673
668
667
670
666
674
670
666
666
665
663
660
663
671
678
680
678
686
681
692
689
682
677
673
681
685
678
668
666
673
670
669
671
681
679
683
688
688
679
680
677
681
678
670
666
662
658
659
661
655
649
654
653
666
677
676
669
676
673
680
686
673
670
663
661
666
669
666
666
670
670
681
678
671
672
666
678
689
686
687
685
675
674
673
672
671
668
664
659
664
671
667
660
655
651
659
664
675
678
679
678
683
705
694
685
677
678
686
693
692
684
683
676
682
680
675
670
669
670
664
667
671
669
672
683
677
675
668
671
676
674
669
669
665
666
673
671
671
656
667
669
670
670
671
658
659
669
677
671
666
656
661
659
664
667
670
666
663
651
664
671
671
672
670
679
673
678
668
661
659
651
651
655
652
652
647
654
657
647
639
627
632
641
644
666
678
675
681
685
676
665
664
675
675
682
694
692
702
692
680
670
670
684
700
707
701
22
679
672
674
672
678
670
666
660
653
654
657
655
647
643
650
653
655
657
653
650
657
663
660
660
656
653
653
666
667
675
669
666
658
660
666
667
663
658
657
661
662
669
660
659
661
672
673
668
666
665
678
678
680
669
668
663
676
673
664
657
642
646
647
640
644
638
637
653
666
662
660
646
647
654
662
656
656
656
659
672
674
678
672
666
666
669
667
666
663
661
671
672
678
669
669
666
669
670
669
668
661
666
669
674
672
674
667
667
666
663
666
672
671
668
668
668
672
676
677
670
671
664
675
676
673
665
660
654
656
657
662
666
656
649
650
654
659
657
655
661
676
675
661
656
658
655
654
664
658
672
681
681
681
684
690
676
674
671
674
676
674
668
657
656
665
666
666
661
654
655
661
671
681
690
684
674
670
663
665
656
654
651
646
654
647
646
661
675
677
666
650
646
649
643
643
627
629
636
648
664
666
680
683
674
678
674
685
692
691
694
697
702
715
21
695
694
690
693
694
686
681
680
680
684
688
683
684
679
670
668
670
667
656
654
650
666
661
655
650
655
661
668
661
660
647
661
657
655
642
639
644
645
650
646
642
654
648
648
662
658
645
653
645
651
660
657
652
653
646
654
661
658
654
655
657
661
666
663
659
656
647
653
655
659
656
655
664
681
691
675
665
668
666
663
660
658
652
649
657
657
661
655
658
664
672
666
658
647
654
656
662
664
653
656
657
666
673
667
664
663
671
669
666
662
660
657
664
667
666
666
675
666
666
676
679
673
666
666
672
676
668
667
664
672
670
667
664
658
653
657
665
663
665
665
661
663
665
663
664
659
661
667
657
660
649
648
647
651
642
640
639
647
657
655
646
651
661
656
660
655
651
652
652
647
642
646
653
650
656
647
864
643
646
657
665
663
662
655
659
660
662
666
658
657
663
665
671
664
656
650
649
654
645
641
626
629
630
628
644
651
658
663
656
649
648
651
653
655
657
650
651
647
653
652
651
653
656
655
671
669
662
659
646
653
648
657
660
652
657
649
656
661
666
659
653
645
644
640
645
644
636
633
636
637
639
627
638
647
654
642
639
643
646
659
654
658
648
656
667
666
667
663
655
661
655
651
642
637
634
637
639
640
628
631
642
651
653
667
671
667
662
656
659
660
661
659
656
653
663
675
669
653
651
643
642
634
639
665
666
653
653
655
652
650
653
662
666
674
674
673
676
673
23
651
641
33
609
601
600
586
588
588
589
592
591
588
590
591
592
599
593
592
590
586
578
572
565
562
572
571
576
572
564
561
562
550
547
549
546
546
547
553
554
550
560
555
551
553
560
556
557
557
558
556
556
553
549
547
546
544
547
548
545
541
546
544
539
543
546
541
546
543
537
547
541
537
541
537
538
539
540
539
536
541
538
535
538
534
535
536
532
530
530
529
528
528
523
528
526
524
522
524
523
523
521
517
515
517
514
514
514
511
512
515
508
514
508
513
510
508
506
504
509
506
502
505
508
505
507
504
503
505
504
503
503
500
500
501
499
498
497
500
499
493
491
494
491
494
487
491
494
488
485
483
486
489
482
482
482
483
481
482
481
478
480
479
478
477
477
478
476
475
474
472
470
476
471
472
471
473
471
471
465
470
467
469
466
464
468
467
464
461
460
464
464
461
459
463
463
462
462
460
462
461
460
458
459
461
460
458
461
460
462
459
461
462
461
458
456
459
460
457
458
459
457
458
459
452
454
458
456
453
455
458
454
450
455
452
452
453
451
455
453
453
449
448
447
454
452
458
451
454
453
449
455
451
455
454
450
456
453
456
449
453
457
449
452
451
456
454
452
453
454
452
454
445
454
453
450
450
448
448
448
449
457
452
459
452
452
457
452
459
453
458
457
458
460
456
458
456
458
457
462
463
463
468
465
471
471
471
471
471
463
466
470
470
475
477
475
477
480
479
484
482
477
487
487
486
490
489
488
496
491
483
502
497
488
499
488
500
501
493
499
501
502
501
503
493
506
16
491
491
491
493
493
493
499
500
495
509
503
503
503
506
505
501
510
505
508
505
506
506
508
500
508
509
515
514
517
518
524
528
529
530
517
525
523
525
530
528
522
526
531
529
530
528
538
532
538
536
529
541
538
541
544
537
544
544
545
548
554
552
553
545
558
559
544
552
16
537
541
534
530
522
527
533
525
530
530
529
532
540
546
557
551
554
539
539
539
538
539
538
540
545
546
548
550
551
552
549
552
553
561
572
567
561
553
547
550
545
538
541
552
552
551
540
542
541
539
536
537
534
526
527
522
521
526
526
528
543
534
537
585
22
564
549
546
543
535
528
527
525
528
527
531
537
541
541
539
537
536
538
538
538
541
551
555
547
559
565
569
566
557
556
560
547
546
539
544
550
555
559
562
570
579
573
573
572
564
559
556
564
573
572
571
572
572
573
573
569
569
576
581
585
584
583
583
583
577
576
580
579
579
577
572
574
578
577
576
573
572
577
572
569
566
555
553
559
554
564
570
579
582
572
575
574
577
591
594
592
593
598
598
594
595
595
602
600
603
595
594
603
604
601
601
593
598
602
608
604
602
601
607
606
605
597
600
605
602
599
590
589
595
597
586
589
587
596
608
606
609
613
616
612
611
618
622
619
621
629
625
625
619
614
601
609
603
616
627
628
627
623
631
627
634
620
614
612
603
595
589
590
587
585
586
590
592
597
604
619
627
626
619
630
628
620
621
620
613
609
608
608
609
613
615
624
622
625
636
641
646
632
624
624
619
619
617
615
625
629
626
625
624
621
619
623
622
619
622
625
621
627
625
19
606
615
623
622
620
615
619
629
625
623
618
620
625
629
632
631
637
645
655
654
654
654
657
662
650
639
638
644
636
622
618
614
614
599
598
589
592
588
593
591
612
619
622
627
634
638
636
642
647
649
639
637
635
645
644
635
630
636
634
635
630
633
626
629
645
645
647
661
651
666
663
659
657
650
649
654
666
661
658
649
639
628
636
637
653
650
647
656
654
651
657
639
642
652
646
641
643
644
648
652
648
655
654
656
652
644
643
645
638
636
639
641
650
644
649
652
646
642
644
643
647
641
649
639
641
646
651
645
636
635
640
649
650
651
638
648
647
641
640
628
624
625
628
620
625
633
633
646
637
632
643
649
647
632
20
613
610
613
612
604
609
622
628
634
625
644
651
687
687
679
687
689
679
668
658
662
652
654
656
654
650
650
646
640
641
638
642
649
654
652
658
658
649
649
654
649
654
657
649
641
628
622
629
627
629
633
640
652
656
653
646
639
625
625
623
628
632
625
630
627
628
621
635
639
640
631
632
645
637
631
631
633
636
635
633
641
645
647
644
643
636
630
622
615
625
629
627
625
624
625
632
633
630
632
633
623
626
629
630
635
642
652
654
661
657
646
652
659
654
646
645
637
632
639
635
635
642
641
636
634
639
637
634
627
645
647
650
654
640
635
631
636
635
642
646
650
648
642
644
649
646
641
644
646
646
655
656
642
645
664
662
654
646
634
637
642
638
642
636
651
657
657
646
654
654
648
655
655
662
650
649
663
658
658
653
646
640
638
637
639
639
637
635
630
626
633
637
629
623
624
618
625
624
640
633
633
628
635
645
650
651
646
647
648
643
633
654
656
642
639
643
630
624
615
611
606
599
598
592
596
597
600
603
611
611
611
613
620
624
648
657
666
658
656
19
637
629
633
632
639
646
639
643
638
630
625
618
621
614
614
620
633
637
638
640
640
644
646
645
643
645
648
647
644
644
639
641
634
642
638
633
640
648
646
651
649
646
643
641
639
639
640
644
641
634
632
635
635
629
626
622
623
628
628
625
629
634
641
637
632
633
630
632
632
636
641
648
639
641
638
641
643
645
645
651
653
651
643
642
644
645
640
634
635
638
640
633
631
638
641
641
636
643
640
637
633
624
621
616
628
631
635
639
638
633
626
630
618
619
617
617
616
613
609
613
612
619
620
630
633
632
641
644
654
659
650
649
656
657
658
657
646
646
650
648
644
640
646
642
648
650
649
662
665
666
659
666
665
683
679
673
672
673
668
668
663
673
671
659
666
664
671
667
660
655
652
649
639
636
641
640
648
677
679
678
682
682
671
660
656
650
655
664
669
684
698
710
695
681
678
680
681
693
682
670
664
677
675
678
672
671
661
647
642
639
641
642
643
639
639
634
638
628
630
624
618
619
624
626
623
629
642
636
630
621
625
626
636
644
647
650
644
636
639
632
632
640
647
642
642
641
649
653
655
650
649
647
644
645
644
636
639
647
639
642
642
645
647
645
636
646
638
642
640
637
627
635
638
638
636
648
646
661
658
643
633
627
624
631
646
651
658
666
669
660
653
650
652
653
656
682
690
696
692
687
680
663
663
665
664
653
645
635
639
654
655
667
689
693
680
676
670
664
657
661
650
647
648
650
656
655
668
677
688
689
691
677
685
667
682
687
675
677
666
661
652
661
661
660
658
654
654
645
643
642
643
642
649
659
662
671
671
672
670
669
666
666
656
654
655
659
660
660
656
658
666
667
651
654
654
652
652
647
641
625
624
629
636
640
641
651
651
642
635
648
652
654
650
661
658
647
644
638
637
632
628
631
625
631
620
623
631
628
623
625
619
623
616
615
623
640
667
671
669
668
662
658
653
654
654
655
663
664
663
652
647
638
626
621
618
624
630
628
635
651
662
667
671
666
674
667
677
673
673
673
669
669
673
676
671
667
668
662
657
666
666
675
680
687
680
688
686
683
679
676
671
670
686
682
679
668
667
671
665
666
670
680
666
683
690
703
701
684
677
675
663
653
662
664
672
679
674
671
679
680
686
687
683
671
667
667
667
664
657
658
666
668
669
665
661
666
676
671
673
659
651
641
636
632
637
641
647
649
650
650
646
643
642
630
632
635
647
656
664
672
688
693
688
684
685
684
687
682
685
676
675
677
679
680
686
678
671
672
659
658
655
644
651
654
651
644
641
638
632
643
640
642
653
652
659
660
655
658
650
650
654
649
652
651
651
648
649
639
659
654
651
658
651
646
645
641
651
648
654
655
659
655
664
660
655
653
641
635
621
626
633
635
642
655
655
655
650
645
652
653
643
643
632
625
622
622
624
632
638
652
654
656
644
631
638
642
641
640
634
629
628
627
621
623
632
635
642
637
630
625
629
642
645
657
662
659
670
678
672
678
672
669
666
670
667
660
658
654
658
660
655
666
666
662
646
677
678
671
667
661
652
642
644
649
660
666
669
675
674
666
676
669
666
657
658
652
644
639
649
646
654
674
686
688
692
679
680
666
666
667
672
682
709
720
721
705
691
689
687
678
668
659
665
675
678
679
680
679
670
664
649
648
639
666
660
660
649
643
635
633
643
655
667
676
688
695
684
678
666
678
670
660
661
658
654
652
645
655
660
659
655
655
645
650
655
647
663
667
655
650
650
639
629
627
632
633
643
643
638
640
659
662
661
652
652
657
662
658
651
642
638
642
648
654
654
656
653
655
661
661
661
662
666
662
660
667
672
667
666
671
674
677
668
664
654
655
653
645
654
651
648
647
649
647
649
643
642
643
647
643
644
657
658
640
641
636
642
636
628
617
617
632
644
654
660
657
654
654
646
659
650
652
648
646
641
636
641
654
653
653
653
650
663
660
662
673
671
666
668
668
663
680
684
685
673
663
662
663
662
661
679
719
27
692
691
687
681
671
660
656
649
673
668
663
661
660
649
649
640
638
631
629
630
637
642
641
642
648
658
646
646
639
641
641
630
625
619
618
625
629
628
633
627
632
629
629
646
645
650
654
653
647
638
630
634
638
637
645
660
666
662
667
667
661
658
650
643
637
632
630
636
638
645
649
651
653
642
641
642
643
633
638
635
634
630
624
625
626
633
648
652
653
640
645
653
646
655
671
666
661
659
651
651
652
645
652
658
669
664
664
658
656
650
663
669
667
657
649
645
652
650
656
653
650
649
641
634
630
624
631
631
627
637
644
648
642
644
640
636
623
625
627
621
629
640
658
641
669
688
688
688
679
673
662
673
685
669
672
666
662
663
658
656
662
659
671
687
678
672
667
657
656
651
646
644
642
657
656
672
677
674
668
667
665
655
650
666
665
665
660
658
665
647
639
654
639
646
645
648
640
638
641
642
638
634
624
622
627
635
643
651
658
666
676
668
663
661
650
647
644
641
647
656
663
651
649
646
644
641
635
630
634
655
664
665
661
652
649
645
634
632
620
619
606
615
619
624
635
639
639
639
633
631
633
639
650
648
647
643
637
644
637
637
645
656
657
665
669
670
672
665
668
676
680
671
666
666
669
668
676
681
691
691
683
669
673
665
663
662
674
681
684
682
676
675
666
664
654
670
673
662
659
652
659
665
653
646
642
646
646
657
659
654
652
649
655
657
661
657
659
664
657
660
649
645
632
624
621
617
616
616
617
622
632
645
648
663
666
672
671
661
660
654
650
646
638
632
627
630
628
638
641
640
642
643
640
634
626
622
621
617
616
617
617
621
632
625
626
640
644
639
633
628
628
631
625
625
620
627
625
625
624
619
618
605
604
606
612
612
613
616
616
618
627
618
616
625
623
616
627
630
632
629
630
623
627
625
618
616
613
615
614
605
609
608
607
602
606
592
592
600
606
604
616
636
646
645
631
641
651
650
666
675
694
686
678
681
669
658
652
638
632
631
637
632
645
645
640
631
626
625
627
657
655
654
664
664
654
648
643
647
650
652
647
648
650
646
646
645
661
676
672
667
660
657
662
651
652
659
660
666
663
21
642
643
636
641
647
642
649
657
671
678
672
663
656
641
629
622
620
618
615
613
625
625
623
623
613
608
613
628
625
634
628
619
638
637
632
627
626
632
626
626
622
620
622
633
632
629
638
644
657
660
652
650
645
654
667
668
663
659
661
659
653
649
643
645
648
643
673
677
676
670
658
651
645
643
640
639
634
638
632
629
627
626
652
666
663
665
652
662
658
656
644
644
662
665
664
668
673
675
666
656
673
683
695
691
694
689
686
694
701
696
704
27
677
666
40
626
613
621
604
607
607
603
589
588
588
587
595
591
598
600
602
599
590
587
579
578
579
577
581
583
584
587
594
592
600
600
610
622
618
614
601
593
588
583
578
576
579
584
584
585
586
587
3999
3999
3999
3999
3999
3999
3999
3999
3999
3999
3999
3999
3999
3999
3999
3999
3999
3999
3999
3999
3999
3999
3999
3999
3999
3999
3999
3999
3999
3999
3999
3999
3999
3999
3999
3999
3999
3999
3999
3999
3999
3999
3999
3999
3999
3999
3999
3999
3999
3999
3999
3999
3999
3999
3999
3999
3999
3999
3999
3999
3999
3999
3999
3999
3999
3999
3999
3999
3999
3999
3999
3999
3999
3999
3999
3999
3999
3999
3999
3999
3999
3999
3999
3999
3999
3999
3999
3999
3999
3999
3999
3999
3999
3999
3999
3999
3999
3999
3999
3999
3999
3999
3999
3999
3999
3999
3999
3999
3999
3999
3999
3999
3999
3999
3999
3999
3999
3999
3999
3999
3999
3999
3999
3999
3999
3999
3999
3999
3999
3999
3999
3999
3999
3999
3999
3999
3999
3999
3999
3999
3999
3999
3999
3999
3999
3999
3999
3999
3999
3999
3999
3999
3999
3999
3999
3999
3999
3999
3999
3999
3999
3999
3999
3999
3999
3999
3999
3999
3999
3999
3999
3999
3999
3999
3999
3999
3999
3999
3999
3999
3999
3999
3999
3999
3999
3999
3999
3999
3999
3999
3999
3999
3999
3999
3999
3999
3999
3999
3999
3999
3999
3999
3999
3999
3999
3999
3999
3999
3999
3999
3999
3999
3999
3999
3999
3999
3999
3999
3999
3999
3999
3999
3999
3999
3999
3999
3999
3999
3999
3999
3999
3999
3999
3278
693
695
697
695
691
696
701
690
691
684
683
683
686
690
693
31
662
661
663
666
662
661
658
663
666
663
112
551
765
111
655
658
665
679
667
654
658
669
662
22
640
649
45
604
607
597
592
604
593
595
590
590
591
586
589
585
589
590
587
600
587
587
591
590
602
591
596
591
593
602
594
591
589
592
595
592
588
589
592
592
596
597
598
595
595
582
579
576
566
563
562
557
555
554
545
545
544
540
540
541
530
537
528
529
523
524
521
523
511
517
518
511
508
507
507
505
499
499
495
500
494
491
491
489
490
483
490
480
487
481
486
480
482
481
484
483
484
481
485
483
481
478
480
482
478
483
482
480
481
480
483
482
484
481
481
484
487
485
484
486
484
485
486
488
487
483
484
488
489
488
488
486
482
482
485
485
488
483
483
483
484
483
485
478
482
485
481
477
481
479
485
477
478
474
477
477
481
477
477
478
481
482
480
483
485
484
486
486
484
486
483
487
487
487
482
482
482
483
481
479
484
484
484
486
488
485
488
491
494
497
498
498
503
502
506
504
506
506
508
504
504
505
504
505
510
508
509
512
512
514
517
515
517
514
517
519
515
513
508
506
507
510
515
519
520
520
527
528
540
534
534
537
546
545
545
539
535
536
544
543
552
555
558
556
553
565
563
569
569
557
563
549
555
558
568
559
562
569
578
578
572
575
577
577
571
569
569
556
562
577
583
580
581
593
590
587
586
597
596
601
585
588
590
602
618
621
624
609
18
592
594
589
602
607
625
612
614
607
595
580
585
597
604
613
609
609
598
613
24
590
586
591
594
584
584
598
598
589
597
613
627
641
640
643
655
659
648
630
665
649
641
626
629
632
641
639
644
632
634
634
650
643
654
646
645
632
622
625
622
623
617
627
642
642
637
624
622
626
646
653
664
666
22
645
21
625
621
620
626
633
641
654
655
665
649
648
653
644
653
641
634
634
639
656
645
643
638
635
639
655
21
634
623
635
637
633
624
620
625
623
633
633
636
634
645
647
660
655
642
641
631
631
640
642
648
643
640
625
641
645
665
675
675
667
664
652
652
656
653
656
650
642
646
658
651
658
647
653
665
666
672
664
655
645
641
646
653
648
647
634
642
651
656
654
648
642
668
670
666
661
653
642
662
659
665
649
656
652
649
640
636
649
652
666
674
674
668
668
656
652
656
645
645
654
657
660
665
675
668
659
653
650
651
653
654
647
657
648
673
689
685
685
674
662
652
651
651
645
640
638
640
640
650
652
658
651
662
649
649
642
651
643
667
676
668
667
663
675
665
657
657
663
666
663
659
647
659
655
651
653
665
672
668
655
647
644
648
654
653
651
645
643
655
677
683
677
680
668
655
656
656
666
661
651
646
631
626
630
649
654
665
676
691
700
705
708
700
686
670
666
667
669
668
665
666
664
675
675
672
670
690
691
693
687
676
667
653
649
649
653
662
655
649
661
666
662
661
654
652
643
644
645
639
639
634
627
629
625
625
628
634
640
638
646
652
667
675
680
678
666
655
652
652
680
676
673
657
658
667
660
664
662
652
644
632
631
618
628
652
675
681
688
680
668
661
662
654
652
656
667
684
683
684
687
686
680
682
685
674
677
679
683
679
681
694
698
689
688
671
658
645
653
667
669
659
670
666
661
666
670
656
657
662
673
684
693
679
665
666
661
654
661
654
663
659
654
654
651
658
657
648
652
655
672
674
676
677
683
692
695
682
677
677
680
682
678
669
670
675
674
681
685
679
676
664
653
653
662
673
675
678
671
667
658
648
650
657
658
661
672
678
701
721
718
711
702
686
674
670
676
669
672
666
666
666
666
675
682
684
688
700
697
694
697
702
701
682
684
673
675
672
666
667
664
667
674
674
677
681
679
676
676
686
693
678
670
665
653
639
639
636
644
645
641
644
640
645
657
669
673
678
678
668
670
664
664
661
666
674
681
684
685
686
677
667
673
670
665
673
667
658
653
647
643
637
638
637
644
641
644
642
691
747
39
708
707
703
708
709
711
22
690
675
672
679
683
689
690
684
666
663
657
650
651
645
646
662
665
666
660
650
660
660
660
653
654
670
667
670
670
665
670
672
674
671
695
696
692
682
678
682
682
676
676
672
676
690
686
695
678
670
654
648
643
642
643
660
665
672
667
656
644
647
644
641
643
642
639
646
658
658
663
687
695
695
682
674
662
664
664
663
668
665
666
665
671
679
671
687
688
675
666
660
660
661
653
670
669
669
673
668
655
641
643
648
652
654
666
667
673
672
666
669
662
687
693
698
689
693
687
685
682
684
676
687
691
681
682
682
682
674
675
674
678
671
664
668
676
684
685
678
692
702
694
681
677
667
658
658
679
678
680
674
680
676
669
667
663
660
672
673
678
676
674
674
671
671
664
654
650
658
661
665
663
672
668
671
666
660
655
647
650
658
659
655
655
651
654
654
666
663
660
651
652
647
642
639
638
641
638
646
648
652
645
645
665
674
666
667
664
654
654
651
653
646
645
651
646
650
659
665
663
658
662
672
674
666
656
652
648
655
660
658
649
656
649
655
663
655
655
650
651
660
647
648
646
641
638
635
648
650
648
645
641
641
633
638
637
642
637
630
637
641
645
642
648
657
663
663
672
672
666
661
664
672
666
666
674
669
666
656
657
653
658
665
663
658
644
635
630
628
648
648
661
656
658
649
646
646
646
650
655
661
667
668
669
675
672
681
682
684
681
669
666
664
669
661
658
656
664
665
662
662
659
657
655
657
658
655
657
656
654
651
656
653
653
653
649
641
649
652
648
643
648
646
640
642
642
644
644
646
642
639
639
640
639
645
646
645
640
639
641
644
645
647
652
656
655
655
661
661
662
659
651
654
647
646
643
643
641
644
647
651
653
660
658
653
652
653
649
647
652
650
653
656
652
649
647
646
647
647
651
652
648
643
639
638
637
638
639
651
647
650
646
644
639
636
633
634
632
634
643
647
648
650
648
646
649
651
653
649
649
646
650
641
642
642
638
635
637
640
645
649
646
642
642
639
640
638
640
646
648
645
642
641
641
642
645
648
643
641
637
635
632
629
631
632
633
636
647
646
644
641
642
653
644
648
643
649
655
649
649
645
636
630
625
626
631
631
635
634
641
713
50
664
664
656
649
648
655
656
666
680
679
685
696
697
689
701
698
685
685
681
665
663
659
649
642
645
650
659
651
649
655
669
666
661
656
645
641
643
648
652
658
651
659
644
637
631
620
621
619
620
618
631
635
645
640
631
642
647
646
638
629
630
635
645
640
635
635
640
657
666
672
670
665
650
638
633
633
635
642
649
651
658
651
651
644
636
627
633
640
644
646
643
646
641
635
642
636
633
623
624
636
636
641
642
640
637
637
631
635
635
640
642
637
645
643
642
638
639
644
653
653
650
640
637
644
643
637
637
640
645
647
666
23
644
20
625
632
627
628
640
647
654
25
630
639
648
643
640
631
638
635
636
633
632
637
642
641
639
641
648
641
641
644
642
640
637
635
639
640
642
641
640
639
639
634
630
633
634
636
631
629
638
636
638
642
636
641
640
640
639
634
638
638
627
632
631
634
636
636
640
645
641
641
636
635
637
641
643
641
639
643
642
640
639
643
639
651
648
649
645
643
640
653
643
639
632
636
639
638
644
636
629
627
625
625
624
625
625
629
634
638
641
644
638
640
638
635
634
637
637
621
632
633
635
631
631
624
619
624
615
614
617
619
615
616
620
619
622
614
622
624
620
623
631
632
635
635
636
642
646
650
652
649
648
650
650
648
648
650
651
651
651
656
657
658
656
654
654
650
657
662
665
662
666
664
667
680
672
20
653
658
660
654
650
655
656
643
647
638
651
649
657
658
667
675
684
669
672
677
675
679
685
682
673
662
647
639
633
617
619
622
617
620
626
636
643
640
640
643
644
641
641
643
641
642
645
645
646
652
660
657
662
655
658
659
663
661
660
658
647
652
647
640
637
636
639
640
638
640
625
639
634
638
642
630
620
625
628
635
632
635
619
603
602
604
613
625
629
637
631
648
657
650
646
645
654
658
659
655
646
652
663
674
676
685
683
690
683
668
651
649
658
652
649
643
650
647
638
645
653
653
661
669
672
680
680
682
687
687
686
687
686
672
664
663
664
665
657
647
649
653
652
649
659
655
661
652
653
652
651
657
660
653
667
687
679
676
672
670
660
646
651
655
660
666
675
685
686
677
670
663
663
672
669
675
673
667
673
678
680
678
679
683
678
672
674
678
678
681
693
687
691
687
681
682
679
675
671
662
658
662
666
675
672
672
672
680
672
667
660
662
662
665
667
668
663
656
661
660
672
676
677
674
687
686
680
677
673
674
676
668
677
673
658
658
663
663
661
651
657
663
666
664
660
658
662
649
648
659
661
670
667
659
659
664
665
663
651
652
648
662
661
656
664
666
665
671
668
664
665
670
667
669
664
678
676
684
676
672
668
668
676
673
670
672
673
664
666
672
672
671
672
667
668
666
670
671
666
671
663
658
653
645
635
637
626
627
625
634
639
646
644
650
666
664
667
671
672
666
668
666
667
680
678
682
674
672
668
670
678
672
671
672
666
664
666
669
674
682
668
664
664
675
677
667
673
678
669
659
669
670
663
662
662
658
663
663
666
663
656
662
665
668
671
664
668
664
655
668
668
666
666
664
666
664
660
652
651
650
656
659
668
672
665
662
661
663
663
670
670
657
655
660
660
657
650
650
648
646
652
653
661
655
666
671
661
666
664
655
642
642
639
645
647
656
667
672
673
675
675
667
672
671
666
660
658
658
676
673
666
654
663
660
666
665
663
660
658
663
657
655
659
657
653
658
664
659
661
662
667
661
661
662
657
655
660
658
648
644
643
653
652
654
659
659
645
647
647
650
647
646
647
648
653
649
650
647
639
639
650
650
646
649
642
647
653
656
664
662
658
651
650
666
653
663
661
660
659
662
661
658
647
649
651
650
653
642
641
632
626
629
634
645
642
642
638
640
641
642
632
635
637
643
635
634
640
655
654
656
651
638
650
648
645
654
663
665
675
679
681
665
661
660
655
656
657
666
657
661
659
654
642
646
641
640
634
636
634
632
635
644
643
651
657
654
655
659
666
668
673
668
20
649
640
638
638
649
661
673
679
668
663
662
657
665
668
668
671
665
670
671
671
665
666
664
657
647
649
657
662
677
665
661
657
655
669
664
666
660
662
669
669
670
665
664
661
656
666
664
658
651
650
656
657
652
650
648
664
666
666
664
655
642
642
653
658
655
660
661
673
668
679
682
681
675
666
656
657
652
649
654
665
665
661
653
655
662
661
649
642
639
644
647
649
651
645
644
645
650
646
646
644
649
653
648
645
650
656
664
665
663
666
663
663
666
668
664
659
647
650
652
646
650
651
649
646
649
649
647
652
641
641
638
648
651
659
653
648
646
651
652
650
650
638
637
630
636
641
639
635
654
648
649
641
635
624
629
636
635
627
638
636
638
639
648
647
657
657
654
644
654
642
637
627
619
616
620
630
630
629
622
620
616
624
622
616
608
611
614
628
651
662
656
666
664
666
670
674
683
685
674
680
671
672
666
668
675
666
665
670
663
667
666
669
662
648
647
655
647
651
658
657
669
652
651
649
645
642
639
642
645
648
661
665
661
654
658
652
657
647
635
639
648
647
650
644
634
634
648
652
652
644
660
663
656
653
653
656
662
662
666
666
661
661
658
660
662
665
662
656
646
653
651
653
652
652
650
633
628
636
653
654
655
658
669
666
669
20
650
663
662
661
666
664
654
647
654
651
643
637
642
649
656
675
686
676
678
678
679
682
671
670
654
657
651
647
642
632
633
635
644
639
641
640
642
649
653
656
655
648
642
648
633
644
651
654
650
648
647
641
643
650
659
660
669
666
662
665
662
650
654
651
665
678
662
654
652
649
654
652
648
650
665
666
668
667
664
666
674
670
678
669
666
671
668
677
670
667
659
651
662
652
646
639
636
637
644
638
634
646
660
657
650
653
649
648
650
652
653
653
652
658
666
668
661
662
656
653
650
659
648
648
650
657
666
673
678
673
672
683
689
672
663
657
659
652
646
643
647
649
655
671
674
675
675
686
688
679
671
669
671
675
676
668
667
27
641
638
630
638
637
627
625
633
633
643
648
665
680
677
678
677
679
684
680
683
680
673
662
659
653
660
668
658
654
651
656
663
663
663
648
634
631
632
636
644
639
638
637
640
640
628
629
631
625
632
635
637
646
643
637
642
650
661
666
655
660
658
667
676
675
662
658
658
654
666
667
673
674
667
656
653
657
658
655
657
651
658
658
667
672
671
667
664
650
654
655
650
650
651
654
661
649
656
642
639
651
652
646
657
671
671
660
675
677
672
663
647
639
647
647
638
642
637
634
633
647
654
656
652
660
656
644
638
654
658
656
647
646
644
643
639
644
644
651
662
660
663
657
651
646
647
655
656
650
652
666
662
660
661
655
645
647
646
653
657
651
657
656
659
665
666
671
668
651
662
663
650
644
640
646
645
658
653
666
657
649
654
651
659
653
649
645
640
634
640
646
653
644
656
650
661
659
659
658
658
658
658
659
666
666
666
671
679
673
665
666
665
657
660
661
658
666
669
659
656
654
661
663
659
656
655
648
650
652
651
648
662
655
652
654
657
662
658
647
636
637
645
657
664
662
663
670
679
672
686
669
661
654
651
651
654
647
644
638
641
639
640
650
645
635
642
649
646
641
639
623
615
625
639
647
652
650
648
649
637
634
633
654
653
646
651
659
660
667
673
686
689
675
670
655
645
641
650
646
639
635
640
644
649
652
655
662
655
666
666
661
663
674
680
673
675
664
655
657
653
658
653
661
659
663
676
681
675
671
678
675
676
676
661
659
656
644
636
643
650
661
664
666
662
662
669
656
665
673
677
674
671
680
665
659
661
656
663
659
654
656
658
665
664
665
655
660
657
648
653
657
678
685
683
666
655
653
663
668
664
658
659
662
672
672
666
671
663
679
675
671
670
654
647
661
666
670
679
681
680
697
699
691
698
697
684
671
665
657
651
648
653
636
642
642
647
644
641
630
629
622
609
618
630
632
641
650
660
655
651
645
638
638
635
629
628
639
638
635
635
639
650
661
660
660
660
662
662
659
657
653
655
655
659
650
656
659
666
672
668
666
670
665
656
644
650
651
655
650
649
658
649
666
669
661
656
661
665
664
659
666
672
671
665
658
657
648
660
659
664
666
656
654
643
638
632
626
632
634
645
650
653
671
667
676
666
665
661
662
654
653
650
652
648
634
639
641
657
668
666
666
657
647
641
633
643
642
642
638
655
663
664
658
657
660
662
670
691
682
672
668
657
657
648
647
647
655
663
671
666
666
658
668
667
669
662
666
669
667
666
663
21
642
631
627
631
635
637
653
657
656
660
667
661
666
661
654
645
647
645
652
657
658
662
658
663
664
667
668
673
676
683
3259
675
672
674
671
665
21
644
644
633
629
639
660
676
687
688
682
677
674
677
672
676
683
674
672
664
667
667
663
655
651
653
663
659
657
662
656
656
661
657
669
687
681
680
677
680
679
673
666
654
657
655
660
659
676
680
687
686
672
683
679
687
688
686
669
666
669
662
663
663
664
675
671
668
670
681
674
665
664
667
666
665
665
663
661
657
650
661
663
660
664
659
654
654
660
668
664
658
656
650
647
653
660
666
660
661
663
666
672
668
666
664
656
659
660
662
672
673
671
665
673
685
683
676
672
668
661
651
648
640
645
652
656
659
666
666
656
653
657
656
666
670
666
671
668
664
661
662
667
674
670
665
673
679
679
680
671
669
668
671
670
671
671
667
663
667
664
657
655
656
661
678
678
688
686
688
680
679
679
683
681
672
664
659
658
662
651
649
653
656
662
668
671
662
659
648
648
655
659
665
666
660
665
666
664
665
656
661
666
682
672
666
666
664
667
670
664
661
680
698
702
695
699
695
691
685
680
677
668
676
676
680
682
677
670
674
666
661
652
649
652
653
657
657
656
652
651
649
649
651
645
650
657
660
666
665
662
662
663
665
653
653
657
669
705
44
661
29
632
623
625
627
23
605
18
587
582
583
583
589
588
586
587
590
592
592
594
590
594
603
608
603
608
603
607
612
611
628
625
634
715
729
735
735
783
786
36
750
54
697
40
657
646
46
601
27
574
588
651
49
602
608
608
611
610
609
599
602
601
598
594
591
588
584
582
574
570
578
597
615
643
675
702
704
695
691
41
651
26
625
616
603
597
596
596
595
596
594
592
591
595
601
610
600
602
591
592
587
588
592
593
594
594
595
589
593
598
606
593
590
581
580
581
585
20
566
564
559
563
557
562
565
569
572
583
579
582
582
577
572
569
569
568
563
570
573
571
567
572
569
574
578
579
580
581
590
591
593
589
591
597
600
603
601
603
616
615
613
616
621
21
600
589
581
626
625
20
606
597
584
576
574
575
571
566
566
567
575
573
567
565
570
570
570
573
572
570
565
576
574
579
582
585
583
585
586
582
584
582
582
587
590
588
591
585
584
586
587
591
595
590
584
586
585
597
595
596
594
588
598
603
604
607
606
597
595
591
596
600
591
587
584
591
592
596
587
596
608
602
611
609
613
618
620
621
626
623
615
610
603
608
616
625
625
625
628
624
629
637
633
632
629
624
636
635
632
630
623
631
633
632
640
632
637
639
637
637
639
633
636
637
633
626
32
595
597
19
579
582
575
578
578
596
603
606
605
619
610
613
617
609
607
610
605
605
611
613
616
611
613
615
621
623
620
615
618
630
19
611
612
605
606
611
615
634
631
626
633
633
646
657
682
684
701
695
676
660
652
640
630
622
18
604
607
610
611
625
633
643
639
639
638
625
618
613
606
613
604
611
609
608
607
604
595
31
565
557
632
634
27
608
599
598
597
597
593
588
589
584
591
586
583
585
583
588
586
584
585
580
583
581
584
583
579
580
585
586
585
587
588
584
572
581
17
564
575
565
559
569
567
568
579
609
626
621
631
632
24
608
602
593
600
588
596
592
626
635
635
630
619
625
644
642
625
620
646
633
630
625
19
606
605
597
601
609
612
609
599
596
614
605
598
591
607
607
602
609
603
600
604
602
599
602
597
594
589
585
580
578
579
579
573
576
589
603
597
603
611
618
628
631
636
641
646
638
635
630
620
609
605
606
606
605
605
603
594
22
572
580
574
566
575
583
584
592
591
592
604
612
605
600
593
589
594
592
598
595
594
599
602
603
602
602
596
589
589
577
37
540
534
623
60
563
559
552
552
548
545
541
541
547
544
545
548
554
552
556
562
564
565
570
566
560
556
551
551
561
550
555
555
559
557
553
560
560
559
567
19
549
551
546
538
533
552
559
561
572
576
582
579
576
582
583
579
573
578
576
580
581
583
589
598
581
589
583
589
588
589
593
599
607
617
617
617
615
617
627
622
619
610
608
603
605
606
606
606
609
616
624
616
618
621
623
614
612
610
611
607
613
608
612
605
608
606
609
608
607
603
605
607
607
611
609
615
612
608
609
611
613
89
524
701
95
606
613
610
610
611
619
620
613
616
615
616
622
625
630
623
625
618
618
622
620
622
622
630
635
629
625
619
621
623
625
622
625
631
629
622
624
629
632
626
640
657
663
655
641
625
620
616
626
621
620
613
609
612
617
625
624
627
628
636
634
632
632
632
641
642
648
650
641
639
640
646
641
641
644
643
650
641
646
649
654
643
640
640
644
653
661
647
641
646
641
656
643
640
642
641
647
650
653
652
642
654
643
634
628
636
638
643
640
645
645
657
664
659
660
653
651
649
648
655
650
650
647
653
656
649
648
640
656
654
660
670
662
658
654
662
658
658
652
648
649
656
658
669
660
659
665
662
657
642
625
617
611
614
623
619
605
644
717
45
672
682
675
663
667
670
668
666
665
652
646
664
650
643
23
621
623
625
621
622
618
618
619
624
631
635
642
650
652
654
649
652
637
647
642
636
639
641
644
640
642
640
637
639
642
649
652
650
650
650
648
647
647
644
643
646
648
651
647
647
643
641
645
643
643
657
657
649
652
651
650
646
646
650
654
658
658
656
645
648
654
657
20
637
648
649
650
654
660
660
660
652
652
650
647
649
651
653
660
661
661
661
658
651
648
648
648
649
641
642
644
646
647
644
643
641
645
643
644
646
649
652
653
652
646
642
644
644
641
641
642
641
636
634
635
631
629
634
635
635
639
642
652
655
659
666
666
665
665
662
659
656
663
661
661
646
655
650
647
646
636
639
632
633
621
628
620
620
616
618
618
617
618
619
614
616
616
624
622
619
620
618
625
625
625
625
621
628
628
627
625
633
640
645
638
636
646
37
609
612
613
612
604
603
598
606
609
611
615
616
618
640
769
86
683
679
679
19
661
651
648
654
659
654
30
625
611
607
39
568
597
648
28
620
621
621
625
621
624
633
638
642
635
630
623
625
626
626
619
627
639
645
650
647
639
637
633
643
655
640
657
660
726
51
676
675
677
673
670
666
660
670
668
665
659
654
654
654
649
645
642
656
653
644
642
633
618
609
604
617
618
623
629
638
659
668
673
25
649
659
672
678
677
675
675
676
667
664
675
672
685
692
687
686
675
685
676
664
656
652
661
669
667
668
666
667
680
683
686
675
673
655
644
648
659
659
673
688
686
677
677
685
671
703
695
702
708
702
706
708
705
714
719
719
719
715
712
709
714
708
700
702
704
700
688
680
685
689
27
662
657
656
665
666
672
671
672
674
681
667
663
652
653
655
659
658
651
651
668
671
666
666
670
670
662
676
677
679
673
666
667
678
681
677
676
672
674
677
686
690
691
686
680
678
675
673
674
691
689
690
695
716
720
709
705
690
673
670
662
658
674
670
674
667
685
680
689
676
675
680
686
694
698
693
688
691
676
666
664
674
678
676
671
668
679
683
674
670
674
679
674
670
669
680
690
690
679
677
678
660
659
664
670
670
675
666
697
694
686
686
24
663
665
664
660
658
653
652
651
652
653
655
655
661
669
674
664
678
686
682
682
678
666
671
676
666
671
697
706
700
685
29
656
664
666
656
668
676
675
670
670
661
654
648
649
666
672
682
682
683
681
693
707
703
693
679
671
675
673
685
686
691
675
675
667
672
673
672
660
649
27
622
632
624
620
622
624
619
634
644
629
621
621
633
637
629
628
631
641
643
646
641
644
652
659
663
664
655
654
664
676
677
670
666
666
680
690
701
700
708
718
717
730
729
22
707
20
687
675
666
666
661
665
657
665
670
677
672
671
663
672
671
673
671
665
663
670
667
666
663
663
659
667
693
708
705
709
697
703
697
694
679
666
664
667
668
668
657
650
650
664
677
688
696
696
688
696
695
686
675
669
672
682
678
692
691
678
677
685
681
677
670
661
663
678
681
678
678
670
672
682
680
676
674
663
664
667
665
666
656
658
666
673
674
672
669
669
678
682
678
675
670
672
676
675
671
666
667
673
681
667
664
663
657
665
666
668
667
673
684
695
686
685
675
679
669
665
657
650
652
665
664
659
650
648
658
660
666
665
667
673
674
683
685
678
673
672
677
679
686
687
682
680
679
686
707
695
693
680
674
678
679
678
674
666
669
669
674
672
674
660
22
638
638
650
654
656
681
686
691
679
671
671
682
680
681
690
683
680
682
687
685
688
681
673
661
656
650
653
653
656
661
653
649
638
662
671
721
772
31
742
727
41
687
39
648
21
628
623
627
625
630
628
627
627
634
635
632
630
629
627
626
631
636
635
633
628
632
648
665
665
659
656
686
699
697
684
679
677
676
662
659
651
656
651
650
653
649
648
633
696
21
675
672
667
658
28
630
625
630
637
622
613
652
640
630
23
608
612
633
627
618
628
624
623
626
617
631
636
640
637
640
633
641
648
659
647
649
647
636
635
636
626
634
644
628
625
39
586
597
657
47
611
618
603
600
594
620
622
606
601
603
601
600
599
588
611
609
616
620
613
607
598
606
619
622
629
645
654
659
665
662
662
659
655
666
671
667
673
662
649
646
649
648
656
655
649
646
634
629
622
606
604
608
600
588
583
578
572
578
605
623
632
19
614
625
642
650
653
642
660
665
670
674
684
691
695
689
689
677
671
673
662
647
646
647
651
655
663
665
665
656
653
645
646
655
671
660
53
607
592
629
729
62
667
26
642
632
620
603
603
602
605
606
607
608
613
619
625
637
637
638
639
634
642
647
654
663
662
659
654
644
639
643
658
656
651
648
640
638
631
627
627
627
633
632
624
619
37
582
571
578
683
666
23
643
642
644
650
640
638
643
655
656
651
644
645
643
640
640
633
631
625
18
608
607
602
603
593
591
596
742
76
666
664
663
662
650
643
638
638
634
647
23
624
33
591
619
718
69
650
648
639
644
26
619
609
667
26
642
648
647
646
650
647
652
21
631
635
689
42
648
647
651
647
642
638
629
630
638
634
637
636
639
635
632
630
632
629
630
633
630
632
627
625
621
618
625
625
630
631
629
630
627
627
631
629
625
625
625
630
634
634
632
633
635
634
632
633
631
637
640
639
34
605
595
603
708
42
667
658
655
647
645
644
648
635
630
626
635
637
641
640
643
638
650
645
648
651
653
657
646
642
639
632
637
640
645
637
636
640
643
642
642
634
625
23
603
604
618
612
609
617
626
619
619
615
612
611
613
23
590
616
705
705
686
678
674
668
666
655
647
644
647
646
644
650
643
645
20
626
33
594
647
697
34
663
654
653
652
654
656
660
657
660
658
666
663
664
665
662
666
661
661
659
660
654
654
652
658
650
649
651
658
655
647
653
665
656
653
660
652
658
662
648
644
634
634
653
645
634
30
604
612
688
75
614
616
615
611
621
631
630
635
638
638
642
645
633
628
613
612
623
632
642
641
627
628
614
604
591
585
578
578
579
579
584
587
588
594
597
594
596
595
593
593
587
580
578
576
567
560
560
565
558
556
560
565
568
563
561
567
570
573
569
569
577
578
574
570
569
571
568
561
564
566
565
562
557
560
557
561
556
551
554
554
563
561
555
560
556
569
563
567
566
562
560
563
569
564
565
561
557
562
557
559
556
547
551
544
546
542
539
541
538
542
534
533
535
533
531
529
526
529
522
521
526
522
520
521
515
516
514
509
514
510
509
510
507
500
507
507
500
506
500
500
497
498
499
498
491
497
494
492
491
488
490
492
490
494
489
486
491
493
491
490
488
492
489
488
488
489
487
487
484
486
483
482
485
483
482
480
476
483
480
480
482
477
479
478
477
481
480
481
480
478
478
475
474
478
474
470
471
473
472
472
470
473
473
472
471
469
470
471
468
467
467
465
464
464
465
468
464
465
463
468
466
462
463
461
459
463
461
457
463
460
459
459
458
460
458
454
455
457
458
455
454
453
454
457
449
450
455
453
448
448
448
449
447
447
446
450
451
448
440
446
444
446
447
441
440
441
446
444
443
443
441
444
445
441
442
438
444
445
441
440
439
438
440
441
438
440
447
439
441
438
443
442
437
440
440
443
440
445
444
445
441
446
447
448
445
448
454
449
451
455
458
455
458
452
460
457
463
457
466
458
462
461
465
464
464
458
460
464
464
461
453
458
460
465
454
461
457
458
459
455
462
462
458
463
452
459
459
463
458
466
461
458
472
464
476
471
478
480
483
481
488
478
481
482
489
480
484
484
489
484
490
483
488
485
497
488
503
20
484
498
495
499
498
489
495
496
494
496
488
492
493
497
493
493
487
499
492
499
490
491
492
492
509
509
508
511
508
505
507
500
509
505
515
511
519
528
527
522
507
513
511
514
508
518
511
511
508
529
19
511
517
510
504
510
506
504
505
504
503
507
503
505
507
507
503
509
515
520
512
524
521
530
531
535
535
541
547
535
533
534
541
548
552
539
543
548
549
553
16
538
544
538
548
546
551
544
554
556
556
556
547
557
564
560
557
550
561
561
555
550
554
553
553
553
552
551
553
553
539
543
537
548
547
553
549
558
571
571
564
576
565
568
564
560
578
574
576
575
569
559
560
552
556
565
562
565
561
565
550
559
568
565
561
563
578
575
587
582
22
560
579
569
575
576
576
576
578
581
570
577
562
581
18
563
572
561
576
575
589
594
591
588
594
597
589
583
575
583
578
584
572
574
572
575
579
583
574
581
569
568
572
565
567
560
561
573
580
575
590
586
581
574
569
567
561
563
565
567
570
569
568
571
571
569
563
563
572
577
585
585
591
590
586
583
577
578
584
595
597
598
608
616
613
599
601
598
605
594
586
581
583
585
587
596
598
595
602
603
604
606
594
598
604
615
605
599
596
591
600
603
600
600
604
593
586
599
600
597
599
596
599
605
616
616
611
613
612
617
608
621
617
612
625
615
619
617
616
632
622
611
612
603
607
603
607
603
612
615
611
610
613
613
607
612
619
625
625
628
625
616
624
615
617
613
618
609
609
614
613
615
614
618
624
622
620
625
616
614
611
609
610
606
613
610
615
618
616
601
610
608
612
612
598
610
611
616
604
602
598
605
611
618
612
603
605
603
606
615
606
609
601
613
613
615
606
607
611
608
608
607
606
612
618
621
614
621
626
627
626
622
606
610
612
605
603
602
599
597
602
601
596
600
599
605
608
599
602
603
619
614
609
601
595
603
607
607
601
598
595
596
606
607
602
592
604
604
610
90
521
700
94
606
604
616
625
622
606
613
614
617
622
18
604
603
609
611
612
616
616
626
631
633
630
620
608
619
613
606
608
598
610
614
620
619
608
610
616
612
600
601
600
612
622
606
598
592
591
604
602
600
605
619
647
635
618
604
596
582
566
563
559
550
552
552
550
541
541
541
542
541
541
533
539
191
348
98
251
290
372
84
288
573
42
531
807
2444
2567
1805
762
503
260
458
54
405
132
274
863
552
311
61
251
279
339
88
252
336
327
71
256
381
108
274
378
469
214
256
383
50
333
331
40
291
326
592
161
431
92
340
1219
847
373
90
283
307
26
281
1125
458
668
257
412
112
300
939
3999
3982
17
1237
183
1054
797
258
279
399
3999
1000
2999
2679
320
320
320
63
257
281
281
24
257
281
24
257
281
281
25
257
281
281
24
257
281
281
24
257
281
281
25
257
281
281
24
257
281
281
24
257
281
24
257
265
257
257
281
25
257
265
257
257
281
24
257
281
281
24
257
281
281
25
257
281
25
257
265
257
257
281
24
257
281
281
24
257
281
281
25
257
281
25
257
265
257
257
281
24
257
281
281
24
257
281
281
25
257
281
25
257
265
257
257
281
24
257
265
257
257
281
24
257
281
281
25
257
281
281
24
257
281
281
24
257
281
24
257
281
281
25
257
281
281
24
257
281
281
24
257
281
281
25
257
281
25
257
281
281
24
257
281
281
24
257
281
281
25
257
281
281
24
257
281
281
24
257
281
281
24
257
281
281
24
257
281
281
24
257
281
24
257
281
281
24
257
281
281
24
257
281
281
24
257
281
281
24
257
281
281
25
257
281
281
24
257
281
281
24
257
281
281
25
257
281
25
257
281
281
24
257
281
281
24
257
281
281
25
257
281
281
24
257
281
281
24
257
281
281
25
257
281
281
24
257
281
24
257
281
281
24
257
281
281
25
257
281
281
24
257
281
281
24
257
281
281
25
257
281
281
24
257
281
281
24
257
281
281
24
257
281
25
257
281
281
24
257
281
281
24
257
281
281
24
257
281
281
24
257
281
281
24
257
281
281
24
257
281
281
25
257
281
281
24
257
281
281
24
257
281
281
25
257
281
281
24
257
281
281
24
257
281
24
257
281
281
25
257
281
281
24
257
281
281
24
257
281
281
25
257
281
281
24
257
281
281
24
257
281
281
25
257
281
281
24
257
281
24
257
281
281
22
259
280
279
11
269
270
280
14
266
273
280
20
260
279
1859

