18-08-2022 - 15:23 - Correr
Inés Cardenas
Intervalos entre latido y latido
820
816
813
824
813
809
805
815
825
824
839
839
828
821
831
826
827
825
833
838
847
845
842
846
850
849
854
846
850
853
851
840
852
851
849
837
833
834
835
835
825
829
831
834
828
820
822
830
827
827
833
829
833
825
824
824
827
824
808
797
788
782
773
776
762
748
735
731
736
728
732
728
728
727
726
707
694
687
692
695
687
692
683
686
702
707
710
719
713
721
730
736
746
755
765
770
770
777
765
782
808
801
791
775
817
851
850
848
852
853
855
864
872
875
869
879
891
890
898
908
907
903
913
917
913
910
893
884
888
882
875
869
849
839
842
834
832
821
828
816
819
816
830
826
823
824
815
814
815
808
807
791
786
775
767
770
775
774
779
781
790
793
795
800
807
826
833
830
814
810
801
788
787
787
786
786
790
790
788
786
798
795
793
787
792
791
793
782
785
787
784
764
762
760
746
739
741
778
764
775
772
774
29
745
740
730
717
701
23
678
669
673
681
698
706
718
731
750
752
756
765
766
775
779
779
784
784
791
782
787
785
792
794
781
780
775
770
764
768
773
769
760
752
750
743
738
727
723
722
718
715
713
711
708
706
709
706
703
694
694
695
688
677
676
681
690
710
719
732
751
759
760
757
761
754
753
750
753
750
751
748
758
762
766
759
771
776
783
779
788
788
791
787
784
782
778
764
757
751
754
753
755
752
756
765
749
733
718
718
729
738
739
745
756
764
770
772
776
784
794
788
787
798
793
787
788
799
805
795
804
809
820
812
816
819
829
814
810
815
816
803
804
816
822
812
804
810
805
798
800
815
819
811
811
810
811
797
801
807
808
823
28
795
803
802
798
799
807
807
814
815
823
830
822
817
812
811
806
790
784
787
790
787
791
822
842
850
845
851
855
857
853
847
844
843
843
842
844
850
852
849
843
832
839
843
837
839
847
856
854
846
847
842
832
834
832
824
810
815
812
811
811
804
820
829
830
827
832
832
827
821
813
818
821
821
818
813
814
807
808
805
795
796
794
788
787
791
797
796
806
818
828
828
827
839
847
840
823
828
827
811
805
798
788
780
777
791
799
798
798
805
807
797
799
803
795
785
791
788
778
776
768
24
745
37
708
24
684
667
658
669
660
650
655
663
669
676
669
672
670
665
655
637
632
625
616
615
614
608
612
622
623
628
625
620
623
624
616
619
618
614
613
617
604
608
600
595
594
590
583
584
586
583
578
579
580
581
582
582
574
581
579
582
585
591
593
589
594
593
590
593
592
586
585
586
584
578
579
577
574
576
571
570
569
568
565
563
565
567
564
565
566
563
558
563
564
564
561
566
560
556
557
557
554
551
555
553
551
546
551
551
553
550
552
549
548
549
548
551
547
552
553
554
549
552
552
544
545
542
543
544
540
549
546
546
541
546
548
545
541
548
541
537
535
537
535
527
530
530
529
524
533
532
533
530
534
530
529
524
526
523
523
523
523
528
531
526
531
531
532
527
524
524
524
517
527
529
528
528
529
532
530
528
529
531
525
527
524
529
527
526
524
526
525
530
523
528
526
527
519
523
525
528
523
525
530
529
528
529
531
530
530
530
534
532
537
531
533
532
537
532
532
533
534
527
524
526
526
524
521
526
527
528
525
524
526
524
522
519
522
517
517
513
520
532
528
537
553
560
558
224
334
381
661
663
55
608
21
588
17
572
580
586
584
590
607
661
670
669
659
683
682
687
686
699
707
695
710
710
711
709
708
709
710
708
706
703
716
700
698
707
700
703
705
29
677
673
724
739
741
745
740
740
741
731
25
706
729
748
759
778
24
754
34
721
728
733
749
741
727
729
712
709
694
685
723
738
735
742
771
758
765
790
794
801
816
816
807
804
819
804
787
785
772
770
793
819
801
783
788
774
764
784
788
796
822
821
27
794
819
823
813
803
817
834
27
808
813
834
31
804
804
799
792
774
784
777
771
781
796
800
809
824
824
825
832
825
814
830
825
814
794
781
22
759
773
770
777
801
802
790
793
801
781
785
814
811
799
804
795
784
791
775
24
751
765
773
789
806
833
846
840
829
834
827
822
829
839
831
823
846
862
865
870
854
841
847
840
830
842
840
838
836
837
837
819
815
815
807
802
815
818
814
812
816
810
798
797
803
805
790
787
794
791
782
795
810
820
808
825
830
818
816
816
803
796
801
797
789
786
796
810
791
797
817
816
797
826
830
841
834
829
834
830
817
824
834
827
836
843
842
44
798
800
801
794
796
806
827
820
829
833
827
809
801
796
798
790
787
784
764
757
768
773
777
780
795
802
803
805
811
826
825
832
816
795
782
779
780
779
794
800
808
813
806
23
784
779
786
782
778
792
797
794
801
796
794
789
787
788
785
791
794
800
792
798
801
800
791
794
790
789
787
795
789
785
784
782
777
773
779
773
764
746
777
789
782
796
798
810
800
805
814
805
809
815
814
803
792
33
760
746
733
733
732
731
734
738
738
739
735
744
746
742
743
744
741
738
728
731
736
739
741
748
750
753
752
741
728
733
735
739
739
748
748
749
745
21
725
708
702
694
688
679
684
683
678
675
690
708
726
749
753
753
753
754
756
757
748
738
728
720
718
708
709
723
726
734
751
757
779
789
799
797
787
777
767
758
750
750
742
731
740
733
733
727
732
729
724
709
702
685
690
687
687
691
693
696
687
695
685
686
699
704
721
750
769
794
805
805
801
791
775
22
754
22
733
719
717
714
721
722
724
739
749
744
750
749
732
732
720
715
706
704
710
716
718
726
747
758
750
748
730
717
36
682
710
708
726
740
759
773
804
801
786
785
773
22
751
746
734
727
720
734
735
736
744
748
759
748
754
753
743
735
749
762
757
765
793
798
790
778
759
763
763
761
746
762
767
767
774
764
787
797
799
786
794
790
786
22
764
773
780
779
791
783
790
770
783
769
751
751
747
750
737
744
753
736
738
729
738
721
721
735
731
721
714
722
723
724
731
738
732
730
741
743
740
735
745
755
753
742
737
738
727
727
723
725
735
750
750
756
764
759
753
755
752
746
740
745
742
733
740
745
747
739
750
748
755
762
763
758
746
747
735
730
723
730
728
725
736
742
744
749
757
759
753
764
760
754
744
755
746
743
731
744
737
724
708
706
704
698
699
709
714
716
719
713
707
706
700
700
706
708
709
730
739
748
774
789
796
794
800
803
794
782
779
776
771
761
764
762
753
763
764
765
763
762
756
768
769
764
762
766
760
761
754
757
755
755
746
726
708
705
706
709
715
723
724
718
728
739
751
739
743
749
751
754
751
743
733
734
730
736
734
725
740
742
747
739
751
757
756
757
766
764
747
759
762
757
753
751
746
731
732
737
741
724
735
742
747
753
750
748
735
737
736
738
729
729
737
744
749
751
747
740
746
749
748
745
735
740
741
735
735
740
734
728
720
718
721
716
713
724
726
730
730
738
746
743
742
737
741
734
23
712
26
687
673
662
656
658
659
646
653
651
651
653
653
644
647
653
651
640
642
635
624
630
625
620
621
620
627
624
618
611
608
608
600
602
599
592
603
596
607
603
604
620
633
649
662
670
689
694
700
707
699
693
681
690
687
689
685
684
683
685
675
684
681
686
680
676
677
673
681
685
686
691
695
701
697
698
698
690
689
688
681
668
671
673
666
680
695
700
720
722
730
738
739
746
741
738
723
735
738
742
746
748
745
748
734
720
735
739
748
735
744
766
761
781
784
781
761
750
745
731
733
731
721
726
730
729
721
725
715
724
722
718
725
718
726
727
730
736
727
721
735
736
735
729
735
739
727
750
763
771
751
754
764
772
765
765
774
769
767
770
770
762
745
755
762
761
748
752
755
750
731
740
739
21
718
729
734
750
755
751
761
748
729
727
736
739
747
738
756
751
755
761
770
754
754
750
741
725
715
722
727
718
714
722
726
728
728
740
735
737
736
739
736
727
735
737
737
742
732
733
733
729
729
719
727
725
726
724
732
733
715
722
732
736
741
732
750
748
741
726
735
739
733
726
723
729
739
747
740
749
746
741
735
738
738
741
722
729
732
739
738
728
728
733
733
732
719
722
732
739
732
732
744
750
743
734
735
737
740
731
736
733
733
726
720
726
732
733
733
720
724
731
734
724
719
721
707
697
696
698
708
718
721
736
746
741
731
723
718
712
700
699
702
706
703
709
708
709
704
702
708
717
720
718
710
715
720
719
721
729
721
724
727
724
26
699
710
716
714
716
707
717
722
722
723
719
718
714
706
704
694
683
691
727
737
743
750
745
743
746
745
734
732
722
718
717
708
721
733
742
748
748
737
724
722
718
705
716
717
717
722
706
708
715
712
717
719
718
716
719
712
717
721
722
727
734
728
726
725
718
718
709
712
718
722
719
719
722
722
712
709
709
709
707
707
698
695
693
685
674
672
664
657
657
663
662
666
668
664
672
682
695
703
709
727
735
735
737
738
732
719
721
717
702
712
711
708
716
711
710
709
716
721
726
724
735
741
743
744
747
743
736
738
737
732
720
722
713
705
694
699
699
691
690
696
708
711
707
725
730
740
731
743
746
735
738
736
721
723
719
712
710
711
714
707
718
720
713
722
724
719
723
724
715
713
718
710
709
710
711
715
711
714
719
716
715
718
720
717
711
717
716
709
720
720
714
716
723
717
710
720
713
709
708
710
709
704
710
707
700
700
705
705
705
706
721
727
727
723
714
725
727
715
701
687
680
665
658
652
660
658
656
661
680
689
706
729
755
761
785
801
798
783
777
761
743
744
726
27
700
697
694
695
696
690
687
684
691
699
709
720
719
708
721
721
727
724
719
716
709
705
692
679
680
672
659
649
654
660
675
691
695
704
696
707
709
708
710
715
714
710
708
709
708
711
708
717
720
724
725
740
750
750
744
760
762
763
750
754
759
767
772
769
770
750
745
748
744
750
741
761
769
779
779
773
761
749
757
740
735
732
719
728
734
743
735
746
763
777
783
784
767
776
774
765
765
24
741
750
754
758
768
770
775
763
768
767
771
766
764
752
751
749
741
731
722
737
744
756
765
771
767
748
757
754
748
746
735
735
746
745
746
735
748
757
759
765
750
755
757
738
752
751
750
743
736
738
749
751
741
728
715
711
706
708
708
697
711
713
723
740
743
749
760
772
772
768
756
768
755
742
738
730
725
719
724
721
726
730
727
737
747
743
735
725
736
724
717
712
726
729
729
735
726
730
720
713
711
702
717
725
741
748
750
752
766
772
769
751
754
758
750
733
735
738
737
742
730
735
739
739
730
730
717
701
704
713
714
720
724
725
719
722
728
726
727
720
726
734
744
750
751
753
26
728
721
759
764
759
773
767
758
762
754
756
767
778
783
785
791
796
796
788
780
764
750
22
728
715
712
717
721
729
735
728
734
732
718
724
728
725
732
736
723
724
720
714
712
710
705
702
689
693
694
696
703
706
708
698
702
698
701
707
694
703
702
708
711
709
701
709
714
714
719
710
718
714
716
699
707
713
713
710
699
707
707
700
696
683
678
678
677
676
682
684
682
684
702
708
721
736
736
732
721
710
691
691
682
683
682
685
691
686
701
706
693
705
708
713
725
728
728
729
720
715
708
702
688
683
679
672
680
690
700
714
718
722
711
708
709
709
713
712
708
707
697
681
684
682
689
699
704
708
703
709
720
723
726
725
715
717
723
721
721
709
699
689
688
681
669
666
673
677
686
697
708
713
711
703
694
687
681
682
680
676
676
686
701
712
725
732
741
749
750
750
749
740
22
718
708
698
693
696
695
696
700
693
691
687
679
682
685
690
686
690
689
688
675
678
684
686
687
690
689
698
697
693
697
693
686
689
679
686
690
699
697
696
687
684
688
689
696
700
694
701
703
700
700
691
695
697
701
703
699
690
691
690
684
683
682
694
702
709
718
726
723
729
724
720
709
700
701
708
705
698
698
685
692
701
708
717
734
737
731
726
729
722
714
696
687
686
682
691
706
721
728
752
769
769
773
770
762
752
737
732
728
721
720
711
718
721
726
732
736
734
741
747
748
744
747
748
748
740
749
742
727
723
714
720
729
734
733
726
721
707
708
712
712
725
717
713
718
722
723
723
717
705
695
688
682
691
702
713
722
721
716
707
700
697
689
683
688
695
694
712
725
731
731
749
745
737
726
714
696
678
683
667
670
671
682
682
679
689
691
688
684
684
674
682
674
666
662
661
653
673
693
678
687
701
697
696
693
676
23
654
655
666
660
672
685
678
691
701
727
713
724
732
743
751
748
758
760
760
764
758
750
753
738
731
728
735
741
737
744
744
752
746
742
754
750
735
736
730
21
710
698
707
709
706
718
724
723
722
736
736
728
731
738
733
723
726
734
730
724
735
733
726
729
732
727
722
724
728
731
740
728
745
746
751
739
748
738
737
718
713
704
703
699
701
706
712
732
743
748
749
749
746
732
724
725
720
717
709
711
713
708
720
721
721
718
721
729
729
718
721
727
726
722
730
730
732
726
735
733
736
729
733
736
722
706
706
705
694
686
698
707
712
722
732
740
743
747
749
749
738
741
738
738
734
742
745
741
739
741
743
734
729
732
722
723
728
724
708
707
704
703
694
692
682
670
666
661
656
644
642
691
711
751
790
813
847
853
852
833
855
851
829
829
829
808
788
792
792
780
773
757
758
767
763
756
764
767
763
766
758
757
26
732
718
702
692
690
688
693
684
686
696
705
708
714
736
738
746
730
741
741
744
730
733
733
733
735
722
710
713
710
711
708
702
719
733
741
739
739
738
731
725
712
698
696
698
705
715
711
704
718
729
729
732
734
725
721
731
738
744
741
754
760
754
739
721
723
719
25
695
713
717
721
729
734
720
722
739
740
738
734
731
727
25
703
693
694
24
671
675
690
707
726
747
748
761
773
772
776
756
753
755
754
744
23
721
725
728
729
724
726
721
729
729
729
712
725
727
727
736
741
726
739
743
741
744
733
741
734
728
726
711
711
710
715
720
727
717
735
740
739
744
731
711
711
717
721
728
728
710
708
703
702
687
697
708
721
733
733
725
731
734
731
738
730
714
720
722
726
728
710
726
736
747
744
729
739
748
755
761
750
741
742
735
721
733
734
727
724
715
710
699
697
701
695
694
684
678
687
692
691
682
689
685
672
24
649
646
658
661
670
697
720
738
739
778
784
787
776
766
756
24
733
723
717
711
707
720
735
748
761
760
763
745
738
747
743
746
745
746
23
724
737
734
736
722
737
750
755
763
767
763
755
764
760
744
737
718
721
727
725
726
755
772
782
788
785
779
28
751
746
728
720
715
698
702
716
723
746
764
763
756
779
778
782
775
771
752
742
733
724
718
716
706
716
743
758
768
773
762
764
769
763
751
732
712
719
708
690
703
711
725
752
742
759
782
791
799
801
23
778
780
774
757
741
21
720
717
714
709
716
717
745
762
775
785
773
796
792
791
784
23
761
760
765
767
774
788
781
791
806
804
791
784
763
26
738
739
743
747
753
762
756
746
757
759
757
754
738
749
750
753
756
754
757
750
731
724
751
766
766
777
775
767
770
782
782
791
781
793
796
797
796
791
791
779
772
755
24
732
733
731
728
730
736
743
732
730
738
737
735
731
714
711
712
708
708
699
700
708
702
694
688
675
674
672
673
671
680
702
713
728
737
740
737
743
745
742
740
740
733
727
730
736
739
748
750
744
739
23
716
712
708
706
704
711
724
720
708
698
696
706
706
711
716
715
707
716
721
725
716
720
728
734
738
738
746
738
720
730
730
725
725
717
710
716
709
704
701
721
728
731
750
764
754
747
747
746
731
720
719
718
708
708
698
695
692
690
692
698
700
704
706
704
693
705
705
708
710
704
711
713
711
724
731
728
733
724
734
734
725
719
713
702
689
684
671
669
658
648
635
647
655
670
674
689
698
682
699
698
703
697
688
681
677
675
672
671
674
676
678
687
695
712
735
758
772
779
784
785
782
779
775
768
759
753
751
742
739
737
740
733
734
738
740
737
731
732
727
727
726
721
724
723
724
723
724
722
723
723
709
706
754
28
727
724
731
737
720
730
733
740
735
742
750
760
754
763
769
770
771
774
758
769
765
767
750
22
729
720
720
722
723
726
720
713
712
705
699
688
693
694
700
698
705
720
732
739
737
745
746
733
714
700
694
675
681
687
692
693
709
717
717
714
718
704
711
714
711
704
714
712
712
723
719
712
721
713
709
702
705
709
717
726
723
730
731
736
724
729
731
730
720
726
727
720
727
735
736
738
732
719
724
727
720
713
708
713
715
718
717
716
726
729
736
741
728
728
729
728
726
730
733
736
741
741
735
739
743
746
728
730
724
723
711
716
727
734
733
739
738
720
720
722
725
716
717
721
725
726
720
725
728
730
721
728
726
731
722
711
715
720
714
709
712
721
730
742
750
755
741
749
752
755
745
745
741
734
740
741
743
749
730
734
742
743
725
737
738
740
731
723
727
728
727
725
710
720
722
727
728
731
717
726
716
713
708
705
699
715
724
715
706
23
683
676
668
19
650
653
653
656
651
646
632
625
617
613
604
610
622
626
630
633
638
641
648
653
656
667
666
667
672
672
670
663
659
662
645
628
625
618
618
605
607
610
617
616
615
619
621
625
636
640
660
666
687
693
700
690
681
696
701
693
693
709
721
719
719
726
712
708
696
689
694
691
694
695
688
697
699
697
709
712
712
706
694
698
684
677
665
655
664
661
651
654
656
667
681
695
698
708
713
702
697
688
685
678
671
680
685
684
694
701
704
696
702
696
697
688
692
689
687
692
696
699
706
704
703
691
686
684
672
657
655
656
657
661
662
663
668
673
674
673
671
658
652
27
625
628
621
618
625
633
644
655
644
634
632
630
620
613
611
608
598
598
601
603
605
613
610
606
603
605
604
607
609
617
624
633
643
656
669
668
675
684
691
25
666
681
681
695
704
697
693
686
690
695
697
706
699
723
738
737
735
742
751
753
746
747
754
753
747
748
750
749
752
747
755
755
752
750
745
747
741
735
721
730
726
720
711
724
719
719
717
719
717
716
707
721
719
718
706
709
704
699
683
685
688
679
673
674
687
689
20
669
658
654
647
645
654
652
645
661
672
669
676
673
680
669
671
654
645
648
652
646
650
659
666
663
660
664
664
668
690
26
664
684
681
686
680
684
687
684
695
700
709
701
704
710
702
709
704
714
722
724
717
716
25
692
708
716
708
727
729
732
729
24
705
22
683
684
678
677
668
671
676
678
684
689
686
20
667
653
651
648
646
640
634
637
638
634
631
628
623
624
630
643
653
655
671
683
701
708
729
735
748
746
745
755
764
767
760
770
773
765
750
748
737
737
722
710
692
683
731
731
740
759
774
777
790
802
802
25
778
790
778
775
773
761
761
762
761
750
748
741
750
744
745
748
757
763
751
761
762
774
765
772
770
764
753
756
761
758
745
748
744
735
735
723
711
703
697
694
699
708
715
719
730
723
20
704
706
702
686
687
675
692
726
759
779
811
820
818
802
791
782
763
21
743
740
748
747
735
736
745
744
740
756
765
775
779
801
807
803
806
802
792
772
761
747
736
723
730
739
746
30
716
717
702
699
711
698
715
726
742
750
760
755
773
768
753
771
774
774
755
757
767
771
768
767
773
787
783
783
799
804
803
799
814
808
805
25
781
784
771
757
764
779
772
775
794
802
793
790
796
793
779
770
764
46
719
25
694
701
683
666
669
681
686
691
682
694
694
689
690
688
691
709
726
741
740
758
772
756
759
758
752
745
757
765
766
764
769
750
734
739
752
776
22
755
767
774
22
753
754
773
767
762
763
759
741
735
738
730
727
21
706
22
684
704
703
711
733
781
817
830
847
834
833
823
818
816
795
777
778
762
28
735
24
712
702
714
725
744
736
750
755
753
772
782
788
769
771
773
754
768
770
750
765
765
759
758
781
787
771
783
804
805
788
805
813
810
795
815
817
804
804
816
811
816
833
850
833
823
833
816
802
809
797
778
769
770
750
30
720
725
811
789
31
758
769
763
743
752
756
753
761
775
778
781
768
785
780
777
760
773
773
777
775
784
786
788
793
778
788
803
814
800
814
812
801
787
798
787
784
772
758
773
761
765
749
757
761
755
747
753
759
753
747
739
748
742
729
722
728
727
722
708
20
688
682
666
680
692
716
750
788
814
823
839
837
828
833
827
815
816
801
804
797
790
778
789
781
781
786
783
773
772
765
754
756
762
773
777
791
791
786
786
795
800
784
780
774
758
751
757
750
759
764
762
776
779
778
772
776
784
782
788
795
789
781
784
784
781
791
792
794
797
795
790
783
781
773
767
770
760
755
759
767
760
748
755
755
751
755
748
747
750
746
738
746
746
750
757
771
773
776
783
770
758
739
737
727
714
723
735
741
725
717
24
694
701
694
699
715
720
722
739
754
742
742
758
768
764
774
771
761
764
764
758
757
763
762
760
773
776
784
785
791
783
766
774
771
764
766
773
769
764
757
751
736
730
731
725
720
738
745
746
757
773
774
767
770
765
752
749
746
736
720
731
728
732
722
710
705
703
703
705
703
708
730
748
750
769
783
783
773
781
774
757
759
751
738
743
739
727
739
740
734
735
744
746
742
754
760
754
753
766
758
768
768
754
757
752
741
746
747
746
750
752
748
750
750
743
748
742
750
742
722
718
710
716
711
713
717
715
726
711
721
714
719
720
727
725
726
724
720
714
29
686
685
686
685
682
699
717
734
752
774
778
790
789
782
785
774
759
756
742
737
738
746
756
753
759
766
754
766
762
768
768
780
781
787
790
790
784
785
774
30
744
742
722
42
681
684
673
667
676
677
669
690
681
682
707
751
764
771
768
767
778
784
775
773
773
764
760
763
759
760
762
764
759
756
752
745
741
736
732
721
712
702
692
690
679
677
679
700
710
721
722
729
729
725
726
717
712
699
694
683
672
674
666
671
672
673
673
689
704
713
726
736
746
740
747
748
749
747
737
734
729
726
730
720
721
726
729
729
729
739
749
756
763
762
754
755
761
762
778
776
771
758
759
753
23
730
21
710
697
691
695
691
704
727
738
750
762
777
777
768
777
782
775
795
800
793
780
24
756
764
749
744
730
734
749
755
758
750
765
770
771
770
759
764
746
727
734
733
731
724
738
740
740
732
721
722
21
702
700
699
718
722
741
741
772
782
795
777
789
790
786
765
765
771
761
750
749
750
750
743
744
750
744
743
751
766
765
772
758
770
772
764
754
758
762
769
780
771
775
770
759
750
758
757
753
741
753
757
760
755
764
760
753
747
748
749
737
738
737
734
735
730
741
742
741
739
755
757
755
750
758
747
739
721
725
726
727
720
729
737
743
752
752
762
767
764
757
766
764
759
23
736
727
716
709
697
707
704
698
696
715
757
755
752
758
761
746
749
758
761
775
787
770
790
804
817
822
826
817
816
29
788
774
755
742
739
746
751
742
746
736
735
726
719
705
694
696
691
691
682
689
702
708
711
713
733
738
726
722
719
714
709
700
718
718
719
716
709
716
718
719
709
715
720
727
720
733
747
747
745
735
745
731
717
707
706
703
705
706
718
734
732
743
756
759
750
750
750
748
738
739
745
743
732
733
725
714
718
703
714
719
721
722
718
723
716
704
715
723
724
720
730
749
750
743
747
752
761
755
745
744
748
751
737
749
748
750
742
744
740
730
734
738
736
724
728
731
733
717
724
727
726
707
709
20
690
678
661
658
658
677
685
697
706
699
712
716
712
704
703
710
717
721
724
726
737
748
750
753
759
746
750
744
741
743
741
735
725
735
739
726
733
733
739
730
740
734
733
719
729
729
729
727
722
723
725
715
711
721
731
738
740
727
741
743
740
740
725
735
731
730
721
731
735
742
745
740
750
750
754
756
749
752
750
750
735
739
736
733
733
723
725
712
713
700
708
714
720
709
719
704
693
38
655
653
641
626
621
623
626
615
611
609
639
630
628
631
624
18
606
606
598
592
592
586
582
581
583
580
579
584
584
585
582
577
579
576
577
571
566
563
558
554
549
549
540
537
538
533
525
526
523
524
516
519
513
515
517
513
515
508
513
507
508
508
501
506
503
502
500
500
503
501
500
500
500
504
500
502
500
496
501
500
500
500
501
498
500
496
498
499
496
502
499
497
502
497
498
497
495
499
497
494
497
494
495
496
489
491
492
491
492
490
490
493
487
486
488
490
484
486
489
485
483
487
489
482
486
484
482
480
484
480
482
480
482
478
479
479
477
478
475
476
475
476
471
474
473
472
471
467
472
470
462
466
468
466
463
469
464
465
465
467
464
463
461
462
467
463
459
462
464
463
461
461
462
458
459
461
458
465
458
458
460
459
455
459
458
454
456
457
457
458
454
454
458
456
138
318
529
77
453
473
21
452
452
457
458
455
456
454
456
457
454
458
458
457
457
454
458
458
458
457
457
459
457
457
458
457
457
457
457
456
456
460
458
458
458
459
459
459
457
458
461
458
456
454
457
458
454
452
452
454
453
448
452
448
451
445
445
442
445
440
439
440
441
437
438
436
432
435
437
437
437
436
432
433
440
450
446
449
449
448
449
455
469
472
472
468
464
473
493
500
503
499
495
490
504
513
517
509
506
499
509
518
519
523
521
514
533
547
543
548
548
557
17
541
537
532
531
533
530
541
557
559
552
574
572
565
555
559
544
542
539
538
533
533
537
552
552
553
554
546
607
628
29
600
596
583
639
668
667
23
645
21
624
627
730
786
40
747
79
668
45
624
20
604
610
638
642
651
682
700
22
678
674
694
680
24
656
652
666
668
666
668
687
672
659
682
733
25
708
30
678
667
734
735
740
26
714
711
836
848
833
36
798
29
770
26
745
739
719
726
735
744
726
776
833
29
804
79
725
51
675
21
655
656
693
743
776
785
792
794
778
790
798
793
790
812
814
798
802
793
774
770
760
756
742
764
782
764
763
771
772
758
758
743
728
752
755
746
758
739
737
730
736
734
763
788
791
775
778
775
771
769
787
788
777
791
795
788
795
796
794
791
786
780
774
757
751
747
748
755
753
750
759
761
753
749
752
750
736
728
726
730
726
727
737
741
745
760
758
754
762
764
762
758
756
748
742
747
750
752
748
759
33
727
827
23
804
24
780
771
761
754
744
737
736
730
734
744
754
762
757
768
758
739
28
712
707
698
689
710
720
724
735
735
726
712
696
680
21
660
29
631
629
615
622
624
639
658
684
720
759
778
808
812
833
836
828
816
27
789
26
764
750
731
735
738
736
747
752
761
762
761
755
755
754
748
746
744
740
747
744
750
759
763
772
766
756
761
752
742
736
732
719
712
704
707
714
725
744
744
752
755
759
757
755
760
753
737
735
720
711
702
694
690
683
684
668
676
674
669
675
667
675
664
674
670
668
668
681
678
683
692
696
708
712
711
714
705
708
697
697
679
670
662
659
666
666
681
702
719
741
752
763
758
764
765
22
743
725
710
31
680
675
667
661
648
657
669
695
713
738
740
740
726
719
716
711
705
699
20
679
684
686
688
694
711
717
725
718
715
702
687
685
678
671
670
666
674
681
22
660
658
647
644
642
642
643
654
649
641
628
19
610
604
598
594
277
317
63
255
284
823
548
275
434
167
267
311
21
290
539
3999
3999
3999
3999
3999
3999
3999
3999
3999
3999
3999
3999
3999
3999
3999
3999
3999
3999
3999
3999
3999
2517
281
24
257
281
24
257
281
281
24
257
281
24
257
281
281
25
257
281
281
24
257
281
24
257
281
281
24
257
281
24
257
265
257
257
281
25
257
281
281
24
257
281
24
257
281
281
24
257
281
24
257
281
281
25
257
281
281
24
257
281
281
24
257
281
24
257
281
24
257
281
281
25
257
281
281
24
257
281
24
257
281
281
24
257
281
24
257
281
24
258
264
257
257
281
24
257
281
281
24
257
281
281
24
257
281
281
24
257
281
24
257
281
281
24
257
281
281
24
257
281
25
257
265
257
257
281
24
257
281
281
24
257
281
281
24
257
281
25
257
281
281
24
257
281
281
24
257
281
24
257
281
281
25
257
281
25
257
265
257
257
281
24
257
281
281
24
257
281
24
257
281
281
25
257
281
25
257
281
281
24
257
281
24
257
281
281
24
257
281
24
257
281
281
25
257
281
281
24
257
281
24
257
281
281
24
257
281
281
25
257
281
24
257
281
281
24
257
281
281
24
257
281
24
257
281
281
24
257
281
281
24
257
281
24
257
281
281
24
257
281
281
24
257
281
24
257
281
281
24
257
281
24
257
281
281
25
257
281
281
24
257
281
24
257
281
281
24
257
281
281
25
257
281
25
257
281
281
24
257
281
24
257
281
281
24
257
281
281
25
257
281
281
24
257
281
24
257
281
281
24
257
281
281
25
257
281
25
257
281
281
24
257
281
281
24
257
281
281
25
257
281
25
257
281
281
24
257
281
281
24
257
281
281
25
257
281
281
24
257
281
281
24
257
281
24
257
281
281
25
257
281
281
24
257
281
281
24
257
281
320
64
257
281
281
24
257
281
320
39
281
25
257
281
25
257
281
320
63
257
281
281
24
257
281
1140
821
320
1078
1320
1001
320
320
320
320
63
257
281
281
359
103
257
281
320
320
320
64
257
281
25
257
281
281
24
257
281
24
257
281
281
24
257
281
281
25
257
281
24
257
281
281
24
257
281
281
24
257
281
281
25
257
281
24
257
281
281
24
257
281
281
24
257
281
281
25
257
281
320
320
63
257
281
320
64
257
281
320
359
40
320
421
165
257
320
320
63
257
320
320
320
359
78
281
2640
2383
257
320
38
282
858
500
359
679
40
640
321
320
359
679
399
281
359
359
78
281
398
79
320
640
2202
1866
336
57
280
661
385
276
601
718
399
320
39
281
679
282
398
3759
3380
380
104
277
322
2320
2061
259
267
271
299
39
261
2010
1748
263
266
260
294
33
262
580
1113
495
618
791
479
312
3999

