11-08-2022 - 15:11 - Correr
Sonia Ulloa
Intervalos entre latido y latido
849
28
821
806
863
844
876
57
820
838
59
779
865
29
836
47
790
845
46
800
24
776
798
24
775
770
797
794
808
804
791
783
781
762
767
775
778
758
764
756
782
793
814
829
818
830
833
38
795
777
791
794
779
774
31
743
749
751
760
750
781
807
790
819
847
839
826
849
866
849
830
881
868
855
882
906
29
877
856
894
30
865
60
805
852
880
873
55
818
838
874
857
49
808
891
883
864
850
889
875
33
842
880
888
875
855
875
879
25
855
839
875
870
868
850
897
920
30
891
27
864
923
38
885
43
843
866
884
33
852
849
911
888
35
854
870
894
44
851
24
827
870
862
32
830
851
871
849
829
875
875
42
833
828
848
835
826
847
860
32
828
23
805
879
898
44
854
867
881
39
843
836
845
830
35
795
827
855
837
24
814
849
853
57
796
864
868
860
34
826
875
888
27
862
851
898
886
43
844
881
877
875
45
830
880
33
848
30
819
854
869
866
857
875
885
43
842
857
875
871
43
828
872
861
28
833
822
875
858
49
810
805
865
32
833
25
809
817
863
849
35
815
855
861
26
835
45
791
795
854
70
785
843
837
825
28
798
845
844
27
818
28
790
813
847
836
54
783
35
749
780
802
805
799
31
769
42
728
728
754
778
27
752
767
804
829
815
24
792
822
852
859
866
71
795
806
798
782
763
769
791
809
816
36
781
791
824
847
39
809
812
859
865
35
830
864
889
871
36
836
859
861
38
823
818
801
825
861
850
847
879
898
888
66
822
869
29
840
34
806
839
841
42
800
870
875
51
825
853
888
46
843
855
887
868
56
812
882
884
33
852
869
887
33
855
50
805
888
35
853
59
795
885
31
855
76
779
857
846
25
821
25
797
829
817
46
771
811
808
27
782
815
838
836
830
863
850
835
868
864
60
804
830
842
55
788
798
836
31
806
785
826
859
35
824
812
833
870
857
29
828
876
880
859
844
861
31
831
55
776
876
902
935
52
884
869
909
892
29
864
858
895
890
42
848
841
878
874
49
825
825
850
867
56
811
875
875
30
845
838
882
72
811
805
842
865
882
883
887
63
824
36
789
873
38
835
814
26
788
820
830
833
35
799
782
796
833
837
45
793
787
37
750
753
784
784
784
826
832
24
808
795
833
854
36
819
813
840
845
823
25
798
818
830
28
802
803
831
859
42
818
813
853
851
34
818
824
869
854
27
828
834
876
873
32
841
842
863
842
26
816
830
853
844
31
814
844
841
847
30
818
850
854
833
26
807
832
835
83
753
842
837
52
785
784
38
746
743
750
739
43
696
712
23
689
702
683
699
22
677
670
669
672
662
671
682
671
669
678
682
681
696
705
706
694
713
711
719
703
34
669
668
26
643
632
619
603
592
17
576
579
569
566
571
566
563
565
557
558
560
561
564
561
571
565
569
560
567
555
562
558
558
559
565
560
559
560
563
555
563
560
565
558
561
561
564
563
565
564
560
558
561
562
567
558
560
564
563
564
570
566
569
567
561
553
557
577
18
559
554
566
551
571
34
537
553
574
23
551
550
552
547
552
548
541
546
550
544
542
551
555
542
558
547
541
549
552
551
545
543
552
539
544
545
540
545
548
545
542
538
539
538
541
533
537
540
536
530
536
522
528
533
527
527
520
519
520
518
515
516
519
511
517
515
515
514
516
518
507
510
516
508
503
512
502
510
509
503
507
512
513
502
504
514
507
501
507
510
515
510
505
523
17
507
509
516
508
510
514
512
512
513
508
511
514
510
502
510
500
508
502
505
505
500
506
497
497
498
498
496
494
498
491
492
494
490
492
493
494
494
494
495
488
480
500
489
485
491
489
486
487
490
484
484
489
482
481
488
487
484
485
484
488
482
469
490
477
475
481
480
470
475
480
480
479
474
470
496
500
501
493
506
508
508
499
516
511
506
500
523
518
514
509
531
525
521
514
540
538
553
541
541
551
548
540
537
548
539
528
555
561
555
558
581
566
551
593
582
566
585
582
567
571
590
580
565
600
603
607
18
589
636
639
40
600
637
19
619
24
595
620
620
617
25
592
653
666
53
614
651
31
621
22
599
609
18
591
576
585
583
583
568
588
585
577
578
584
580
603
622
611
635
640
625
651
667
653
641
670
663
21
642
678
675
25
651
680
670
655
669
695
691
27
665
681
682
24
659
672
684
671
672
703
712
25
688
692
717
22
696
685
705
703
28
675
676
705
701
31
670
690
697
21
676
681
694
696
685
721
713
696
735
740
30
710
744
736
27
710
720
739
726
23
703
726
731
29
702
700
726
718
27
692
717
743
735
30
706
719
718
701
720
730
712
707
725
20
705
705
714
719
714
731
25
706
708
709
705
690
712
723
711
741
735
717
727
726
710
703
712
718
706
728
733
21
712
728
716
722
20
703
715
709
702
726
732
719
729
734
740
725
739
750
737
729
750
756
741
727
743
757
750
747
746
764
771
29
742
739
746
736
723
746
739
722
745
759
749
23
726
780
789
37
752
771
775
759
746
771
752
36
717
744
754
768
28
740
765
778
26
752
743
726
724
716
713
708
695
706
159
547
848
105
744
28
716
730
758
774
781
27
754
751
778
757
749
768
766
752
773
779
765
788
28
760
745
737
723
707
743
800
34
767
764
820
26
795
797
32
765
757
756
749
741
766
762
748
745
733
33
701
692
691
714
735
744
789
787
770
793
804
30
774
778
794
29
766
46
721
739
737
719
750
734
742
748
751
735
739
21
718
729
765
796
50
747
746
753
754
737
719
822
1050
81
970
48
922
34
889
62
828
812
52
760
748
757
763
772
774
770
763
770
764
749
747
741
22
719
735
751
739
25
715
707
703
718
743
750
750
780
761
747
778
777
756
757
773
776
23
754
763
775
778
770
787
804
784
771
787
791
778
760
766
774
761
761
774
787
792
774
766
779
784
779
774
805
804
24
781
771
787
802
800
25
776
787
792
803
791
774
789
809
806
794
787
795
805
815
802
790
803
799
802
790
783
808
801
790
795
814
829
815
799
813
830
821
800
795
809
811
803
784
798
812
811
805
24
782
785
775
756
750
758
748
759
780
814
23
791
780
818
819
34
785
766
790
788
773
760
774
766
766
781
794
791
780
794
804
819
30
789
794
807
794
781
787
794
790
26
764
777
789
28
761
760
784
785
770
780
807
812
34
779
803
803
794
786
803
816
26
791
809
821
803
27
777
790
783
767
763
775
788
24
764
757
791
820
38
782
774
807
818
816
38
778
801
817
27
791
780
816
815
47
769
789
803
800
32
769
789
798
789
32
757
786
789
773
759
797
810
790
27
763
796
830
25
805
33
772
791
806
791
33
759
780
790
780
26
754
770
774
763
31
732
754
784
28
756
22
735
762
760
742
780
795
26
770
758
773
767
37
731
728
831
848
863
29
834
38
797
23
775
32
743
728
721
710
705
715
732
21
712
713
718
703
689
695
717
732
726
736
762
788
22
766
751
759
765
761
25
737
748
750
752
733
746
753
21
732
750
770
791
776
757
771
774
770
750
753
759
747
757
770
28
743
758
775
754
747
763
750
750
765
781
768
751
760
758
743
758
747
23
724
736
751
742
732
750
749
741
750
770
776
766
780
796
780
760
771
777
771
754
784
808
818
55
764
793
790
779
767
797
791
25
767
770
783
775
765
776
820
51
769
756
784
792
24
769
763
786
778
764
775
784
779
766
798
808
61
748
745
763
768
23
746
752
770
775
771
759
790
781
760
763
799
791
23
768
781
792
771
758
772
793
791
31
760
775
779
30
750
22
728
764
791
790
27
763
800
817
45
773
769
772
759
22
738
744
762
766
754
794
784
29
756
760
776
789
769
780
786
785
25
761
773
785
774
754
773
790
784
28
756
777
783
768
752
773
778
770
760
818
30
788
771
791
781
761
755
774
796
776
795
786
36
750
765
768
754
760
758
25
734
733
736
37
699
697
701
698
705
717
729
734
728
750
759
23
737
740
758
745
733
744
748
733
743
750
750
750
766
785
770
761
775
774
759
773
791
789
780
789
26
763
30
733
21
713
744
824
819
820
805
813
817
26
791
796
780
765
791
788
767
780
792
777
792
798
787
776
784
787
776
761
774
783
776
775
776
765
751
755
765
770
750
770
771
756
747
762
783
38
745
758
778
769
751
769
795
29
767
755
765
765
24
742
743
757
746
739
753
768
753
28
726
731
726
24
702
704
701
703
725
748
743
747
777
784
764
774
791
794
36
759
770
779
768
748
768
791
31
760
747
773
785
772
773
784
22
762
755
792
788
25
763
784
791
791
26
766
797
809
28
782
27
755
791
821
846
844
834
828
835
835
820
44
776
801
795
781
783
793
779
786
766
775
789
793
783
801
797
781
801
816
51
765
772
774
755
741
750
759
750
740
757
766
766
762
774
793
788
768
772
29
744
766
781
797
802
36
766
751
767
777
780
766
766
787
788
773
794
785
780
24
756
777
763
38
725
751
35
717
711
720
722
713
732
743
729
740
744
734
733
721
719
723
21
703
700
711
719
717
704
710
720
724
714
727
747
754
737
750
762
766
751
759
777
756
23
734
752
767
757
22
736
760
777
758
745
750
758
787
786
42
744
759
763
743
734
750
758
750
741
752
769
765
749
766
788
767
751
773
778
767
751
766
772
784
28
756
765
776
764
750
767
786
773
752
777
782
776
23
753
761
758
26
733
731
750
761
747
749
771
778
35
743
759
755
750
773
768
26
743
752
756
759
744
760
761
754
751
772
786
780
769
787
809
24
785
772
790
805
785
28
758
783
801
799
30
770
807
795
46
750
35
716
832
860
837
47
791
22
769
778
767
26
742
764
774
31
743
751
769
768
22
746
752
765
772
755
747
754
771
40
732
770
755
810
819
818
820
52
768
777
772
775
767
27
740
748
755
760
745
757
763
757
757
752
739
726
733
738
726
749
734
729
735
736
748
737
720
737
737
740
741
738
757
750
747
769
22
748
793
822
843
827
806
26
781
786
772
22
750
755
765
770
764
757
744
26
718
721
713
726
721
739
742
745
737
750
756
771
783
43
740
752
762
759
766
769
753
33
721
727
750
768
752
742
38
704
706
697
33
664
662
657
660
650
666
686
707
708
734
734
726
731
718
703
696
692
701
712
723
727
24
704
713
725
734
726
723
739
754
762
749
750
769
775
760
757
743
29
715
704
686
692
708
733
721
734
752
764
33
731
743
763
773
772
30
743
752
774
768
750
768
787
791
27
764
770
788
814
50
764
771
769
780
767
764
784
799
26
774
771
767
27
741
742
759
766
27
739
757
757
758
22
737
764
780
779
22
758
779
797
790
24
766
793
811
41
771
789
39
750
770
795
791
23
768
765
32
734
726
738
734
22
712
702
702
699
690
698
715
719
718
739
778
789
25
764
764
786
789
778
23
755
754
761
24
738
31
707
21
686
692
713
725
721
734
790
803
36
768
762
784
788
37
751
787
792
33
760
741
769
775
761
752
774
791
779
23
756
776
809
47
763
745
758
767
748
747
774
788
775
780
774
24
751
34
717
725
736
741
22
719
738
758
766
750
764
791
774
25
750
758
759
22
737
744
749
762
22
741
743
770
787
775
775
781
768
28
740
756
765
754
748
769
775
766
751
764
792
782
26
756
806
788
29
759
756
772
772
22
750
767
776
758
753
776
779
764
774
780
28
752
30
723
762
901
60
841
822
39
784
790
785
35
750
23
728
739
772
37
735
737
761
773
761
779
796
781
773
796
804
784
790
799
788
29
759
780
767
748
736
780
771
28
744
754
779
788
767
797
815
808
24
785
804
808
792
786
811
813
36
777
786
798
791
31
761
780
787
780
29
751
783
779
777
757
774
783
784
28
756
770
782
779
34
745
760
787
785
766
785
814
33
782
785
803
788
768
771
786
775
786
26
760
33
728
726
735
748
40
708
720
28
692
23
670
682
686
673
698
722
741
730
750
769
763
745
758
777
768
28
740
746
749
747
35
712
719
726
725
708
712
733
737
737
726
740
740
750
22
728
735
731
712
696
712
729
741
731
747
761
756
745
767
764
25
740
738
762
749
28
721
752
753
24
730
739
769
767
24
743
778
785
775
35
740
758
769
762
24
739
757
772
757
740
766
780
27
753
754
781
785
43
742
744
755
750
31
720
754
772
754
734
759
791
28
763
749
773
781
26
755
751
778
771
26
746
755
778
762
743
776
795
24
772
25
747
762
795
799
33
767
786
801
801
28
774
772
779
23
756
27
730
739
735
32
703
726
749
751
741
782
787
798
29
770
781
781
767
749
766
772
29
744
733
738
745
740
741
757
747
738
772
764
748
742
750
751
732
729
748
769
23
746
744
765
770
31
740
743
765
23
743
730
747
758
24
735
728
750
761
748
729
750
758
754
21
734
759
771
758
27
732
730
37
693
730
719
26
694
713
734
719
23
697
722
732
724
21
704
718
707
693
687
712
27
686
674
723
735
729
713
716
719
724
729
713
705
708
698
700
694
689
699
708
712
712
708
20
689
694
685
693
28
666
659
676
710
717
721
747
756
742
768
779
762
753
763
29
734
28
707
730
721
717
743
724
712
738
745
25
720
716
733
720
720
730
736
724
729
711
710
714
722
723
714
740
727
717
729
734
736
21
715
722
735
30
705
716
718
721
712
726
754
36
719
709
712
31
681
676
682
671
666
682
688
679
691
707
708
695
705
713
704
690
704
702
686
684
698
708
693
700
712
711
700
708
721
727
714
698
711
726
740
724
723
742
747
744
749
737
733
27
706
712
736
730
711
729
755
745
25
720
738
737
43
694
682
803
37
767
763
748
38
710
719
717
31
687
26
661
654
676
687
686
682
707
712
698
693
717
728
715
711
726
734
33
702
709
716
712
26
687
700
717
718
703
689
710
716
20
697
697
701
716
722
712
732
743
752
735
754
751
739
725
741
732
24
708
719
722
721
720
738
736
719
35
685
669
681
694
695
696
708
719
718
700
734
733
718
717
743
739
26
714
723
734
742
28
715
746
751
732
726
746
747
737
764
773
768
26
743
767
784
40
745
759
770
761
747
773
759
752
743
27
716
23
694
698
715
728
733
716
718
727
719
703
708
726
716
699
719
731
714
724
743
750
746
768
25
744
739
759
745
35
710
710
708
21
687
671
666
682
698
708
691
708
727
728
716
739
741
722
718
734
741
24
717
728
748
746
26
721
739
741
733
23
710
722
728
709
731
721
39
682
704
701
701
686
677
702
703
692
713
743
733
728
746
737
28
710
723
737
725
718
737
750
24
726
727
740
720
739
750
760
746
730
754
764
21
743
756
764
747
25
722
731
753
749
742
780
787
24
763
23
740
779
787
769
774
789
780
781
807
791
37
755
768
775
777
762
795
804
787
774
798
810
38
772
785
788
44
744
744
766
771
750
758
778
795
29
766
749
764
765
749
752
769
771
42
729
731
737
748
733
739
768
790
769
751
766
770
55
715
720
966
74
893
50
843
834
51
784
786
771
36
736
736
28
708
707
718
704
707
21
686
673
688
691
692
704
740
768
763
768
774
31
744
726
723
29
695
702
714
724
718
708
727
734
745
739
756
757
745
754
763
746
739
763
761
746
756
748
729
734
752
757
31
726
733
759
761
746
769
771
751
757
775
25
750
741
763
766
43
724
723
750
751
22
730
723
743
752
752
735
762
749
731
768
753
22
732
741
760
774
40
735
761
753
32
722
712
727
715
703
722
735
730
724
727
745
742
29
714
737
754
22
733
735
747
748
728
735
745
24
722
723
763
761
30
731
745
759
746
744
762
760
21
740
737
764
755
745
764
756
21
736
748
750
35
715
730
733
746
755
751
735
22
713
732
737
23
715
711
734
730
711
744
744
22
723
737
758
758
23
736
757
779
773
22
751
766
786
773
32
741
758
774
774
32
742
766
810
790
34
756
772
791
793
44
750
766
758
747
778
771
752
752
784
27
757
27
731
741
767
34
734
725
736
743
730
730
749
33
716
732
756
761
29
733
754
761
751
748
22
726
21
706
722
718
702
684
735
27
708
723
30
694
713
736
736
726
725
737
734
27
707
723
726
22
705
694
708
716
727
21
706
700
707
707
690
704
709
741
28
713
744
765
784
777
758
767
768
765
764
30
735
717
729
729
41
689
689
720
713
21
692
678
669
671
689
719
739
743
790
793
60
734
733
28
706
695
696
694
692
689
692
692
23
669
655
653
24
630
627
631
640
656
675
684
696
711
705
690
688
677
38
640
650
651
670
668
673
667
662
658
649
645
644
638
638
634
636
631
627
625
626
639
643
645
648
647
648
634
625
629
617
620
626
637
660
669
27
643
658
663
678
676
29
648
643
633
617
622
625
609
617
631
650
662
671
666
672
660
647
645
650
645
632
635
635
630
630
635
631
629
632
621
622
625
614
614
602
603
600
602
602
620
615
617
637
643
639
643
649
641
627
611
601
598
606
607
608
610
609
609
620
644
647
645
649
654
655
655
668
661
647
660
661
656
638
645
631
633
637
627
642
668
671
667
693
707
692
681
688
684
682
678
693
703
21
682
692
716
709
694
707
711
698
697
693
695
677
673
676
696
696
693
689
680
675
674
660
659
647
633
633
633
632
631
637
630
632
648
658
20
638
643
19
624
634
627
623
632
628
637
642
647
645
662
673
665
668
686
683
679
675
657
655
655
641
659
653
674
687
20
668
658
655
645
635
640
640
624
625
622
635
626
633
640
647
659
648
646
659
665
659
653
658
654
655
645
638
648
656
658
652
649
654
661
657
651
655
664
667
664
661
672
682
676
670
668
684
681
672
672
675
667
681
666
671
665
675
674
658
19
639
643
642
654
678
23
656
676
675
668
676
669
675
683
679
673
680
680
675
666
677
666
686
691
707
691
674
676
23
654
656
653
643
657
641
631
652
643
647
650
648
663
656
663
656
658
664
678
671
670
680
676
684
675
22
654
645
635
629
621
629
632
634
639
632
636
636
620
615
616
621
629
634
645
650
645
648
649
664
651
647
650
648
632
625
628
621
610
608
596
606
613
602
609
605
599
595
613
626
628
623
633
643
635
663
684
671
674
695
690
679
689
691
20
671
20
652
684
706
716
24
693
707
703
692
690
714
716
35
682
681
716
727
717
733
743
25
718
711
726
709
30
680
708
718
714
696
725
722
706
705
732
730
31
700
704
711
28
684
666
826
880
47
834
54
781
38
743
749
734
728
28
701
705
712
699
711
720
732
714
744
739
31
709
731
741
743
724
755
779
762
766
764
27
738
726
738
739
726
749
757
755
746
767
756
742
736
726
713
735
760
762
744
763
768
35
733
747
745
24
721
710
716
700
694
25
669
654
666
27
640
651
671
679
683
665
650
638
628
636
655
656
680
712
723
707
736
750
751
43
709
730
736
725
708
731
748
756
26
731
758
765
757
742
766
763
26
738
747
754
746
22
724
751
762
754
741
761
755
28
728
753
754
25
730
744
759
751
749
784
784
28
756
752
772
761
25
737
755
762
23
740
730
753
768
755
762
778
775
26
749
773
768
34
734
750
760
750
741
762
767
750
756
755
743
726
752
757
738
731
751
755
736
752
757
749
735
762
766
750
766
766
31
735
754
744
21
723
736
732
21
711
726
746
730
726
750
756
740
759
784
30
754
749
785
785
23
762
761
763
745
726
710
699
700
693
679
696
687
686
703
713
21
693
713
722
729
724
734
752
759
22
738
764
781
31
750
764
763
27
737
29
708
698
719
720
711
739
733
728
755
21
735
728
753
747
727
747
756
750
740
757
31
727
21
707
714
40
675
687
701
711
716
726
750
775
788
776
764
753
744
23
721
703
702
717
742
725
727
757
770
759
760
777
786
797
29
769
759
762
758
748
756
776
26
750
747
764
772
29
743
751
758
763
772
28
744
742
752
755
741
736
741
766
779
770
40
731
775
839
843
850
846
841
39
803
25
779
786
771
756
758
760
765
771
773
756
745
733
724
722
732
734
730
737
742
742
736
722
703
714
703
699
700
682
673
672
667
676
670
669
674
664
655
647
642
639
635
619
613
611
608
603
618
624
647
640
646
661
684
667
674
673
706
714
721
32
689
720
722
711
705
713
728
715
703
713
727
724
725
738
727
708
729
726
22
704
708
727
723
704
22
682
681
700
720
22
699
715
752
758
764
771
27
744
742
750
737
30
707
705
691
676
704
711
719
766
802
24
778
819
818
23
795
25
771
810
813
793
793
793
33
761
751
769
795
791
791
820
801
33
769
789
790
773
755
778
758
772
791
772
797
805
36
769
796
808
22
786
791
806
800
37
764
797
794
778
804
806
37
770
788
796
44
752
763
780
773
25
749
765
790
781
25
757
780
799
808
39
769
784
803
792
43
750
771
782
766
24
743
752
776
784
772
768
799
809
23
787
808
840
824
34
791
806
832
823
24
800
789
819
834
825
29
796
831
838
32
807
791
817
23
795
51
745
805
35
770
26
745
777
781
29
753
778
832
24
808
789
38
751
757
789
799
40
760
761
787
780
22
758
778
808
826
31
795
805
812
796
22
775
795
807
29
779
811
810
32
778
795
819
31
789
768
796
793
780
791
810
52
759
757
66
692
117
575
864
120
744
757
48
709
726
712
694
706
710
692
682
696
683
672
687
674
673
678
20
659
666
670
655
668
675
680
663
671
27
645
658
657
653
662
667
658
657
651
665
651
656
661
654
642
643
628
631
634
619
615
617
606
601
609
610
618
614
613
603
603
609
603
608
609
609
609
614
609
622
617
631
631
622
634
622
625
621
624
621
622
625
615
626
615
622
625
3999
3999
3999
3999
3999
3999
3999
3999
3999
3999
3999
3999
3999
3999
3999
3999
3999
3999
3999
3999
3999
3999
3999
3999
3999
3999
3999
3999
3999
3999
3999
3999
3999
3999
3999
3999
3999
3999
3999
3999
3999
3999
3782
750
24
726
714
718
708
716
716
714
708
705
704
704
694
689
676
674
683
699
708
711
729
731
757
754
740
758
778
23
755
784
782
780
769
764
30
734
739
741
751
741
750
741
748
752
743
31
713
721
719
716
739
752
737
733
752
771
771
770
775
785
786
769
773
770
756
743
742
766
786
792
784
768
775
789
790
794
788
790
795
783
780
789
780
763
776
783
788
790
779
30
750
41
709
694
677
670
672
678
700
720
729
723
723
725
730
21
710
705
709
709
717
709
708
716
755
756
767
758
756
757
767
30
738
760
775
26
749
761
778
28
750
761
772
785
789
776
22
755
21
735
753
755
767
760
742
722
25
698
682
665
675
680
690
687
678
701
693
674
673
21
653
645
3999
3999
3999
3999
3999
3999
3999
3999
3999
3999
3999
3999
3999
3999
3999
3999
3999
3999
3999
3999
3999
3999
3999
3999
3999
3999
3999
3999
3999
3999
3999
3999
3999
3999
3999
3999
3999
2461
831
825
805
827
838
31
808
846
844
850
843
833
821
812
58
754
770
750
768
809
813
801
796
38
759
758
781
779
27
752
786
797
798
792
822
851
850
869
880
29
852
35
818
839
853
28
825
821
839
823
802
826
837
830
844
828
831
49
782
53
729
709
707
715
34
682
693
701
705
28
678
691
21
671
688
26
662
672
671
666
651
694
836
816
799
789
782
768
35
733
715
61
655
666
667
650
670
677
693
707
730
33
698
715
709
692
704
700
20
681
692
696
681
685
698
701
693
711
21
691
715
24
692
689
24
666
669
655
651
644
640
641
625
626
615
606
610
614
604
598
603
589
600
593
594
584
589
584
595
590
578
589
587
584
595
588
592
581
581
584
577
586
578
583
592
588
592
577
588
581
583
579
582
576
581
575
580
583
589
586
589
593
584
589
587
591
590
590
597
586
590
590
601
594
607
599
595
597
595
591
602
589
594
597
590
598
594
592
591
584
596
591
592
601
597
601
611
623
625
644
667
656
639
665
650
658
666
657
653
662
650
664
681
666
651
675
687
21
667
677
682
680
666
695
683
669
705
716
29
688
707
717
706
692
706
697
689
728
712
708
716
705
732
724
23
701
726
24
702
724
740
29
711
736
755
33
723
731
31
700
715
730
712
765
24
741
747
776
26
750
747
774
766
772
818
805
787
809
22
787
776
800
799
794
777
795
22
774
40
735
753
770
50
721
795
844
51
794
814
821
51
771
817
27
790
37
753
797
800
32
769
795
785
772
807
800
28
772
811
815
31
785
797
819
27
792
801
816
38
778
761
786
800
30
771
808
829
41
788
794
793
792
26
767
800
815
31
784
806
810
31
780
790
833
27
807
22
785
812
814
41
774
805
807
40
767
764
793
777
783
841
834
44
791
826
32
794
34
761
799
818
27
792
815
820
40
780
796
794
43
751
777
796
25
772
791
816
26
791
781
820
836
46
791
802
827
812
26
786
808
827
25
802
833
842
31
812
803
826
833
822
846
852
58
795
803
46
758
32
727
969
43
926
71
856
46
810
835
43
793
29
765
753
29
725
736
747
750
785
800
782
811
799
780
814
816
25
791
777
793
783
772
803
797
780
796
803
22
781
798
791
22
770
768
790
788
23
765
803
803
797
777
804
794
26
769
783
788
31
757
812
816
39
777
810
818
27
791
779
796
801
26
776
767
791
787
767
788
39
749
785
783
774
811
797
23
775
803
814
46
769
800
805
818
37
781
773
791
800
801
33
769
794
809
818
803
789
813
797
782
779
791
779
784
793
779
780
784
773
797
34
764
776
39
738
740
735
21
715
737
747
24
723
750
31
720
720
745
768
776
771
766
770
764
23
742
753
742
745
29
716
21
696
708
724
746
740
734
739
23
716
726
722
21
702
721
735
724
748
775
777
786
798
830
812
817
836
818
799
810
802
797
808
820
820
811
832
23
809
33
776
773
803
23
781
790
792
812
797
794
830
832
36
796
790
787
769
749
764
25
740
765
779
27
753
761
758
23
736
734
743
26
717
705
21
684
686
714
730
729
730
41
689
703
712
725
711
727
736
739
749
751
27
725
711
721
737
750
786
767
805
807
811
800
42
759
49
711
724
722
744
750
744
731
730
725
729
726
711
717
736
757
739
741
778
797
795
29
767
786
799
22
778
798
784
780
767
760
27
734
717
712
699
712
710
726
723
733
747
748
749
773
766
760
770
765
757
758
742
743
724
721
735
745
734
758
766
35
732
722
980
73
907
886
916
898
884
27
858
855
52
803
804
795
22
774
768
773
789
782
794
801
817
806
797
796
26
771
763
748
745
753
767
773
780
787
789
24
765
748
761
757
763
778
766
756
37
720
721
730
715
722
729
733
27
706
709
705
699
690
705
697
690
706
722
715
725
736
729
726
747
755
745
743
758
756
770
752
27
726
743
748
740
761
747
774
765
753
778
777
777
782
785
776
24
752
768
777
780
778
784
788
782
766
752
745
784
793
796
33
764
780
784
31
753
766
772
788
788
782
769
756
747
748
755
29
727
711
725
728
732
25
707
25
683
688
22
667
678
672
675
675
675
684
692
701
684
688
689
674
673
676
672
675
673
673
679
675
674
677
672
680
692
703
696
688
689
20
669
694
686
681
705
724
710
725
729
729
726
731
41
691
689
681
684
21
664
659
667
669
666
672
661
666
666
656
665
686
692
688
703
695
710
708
711
717
718
726
740
732
731
746
750
749
759
750
741
745
765
788
802
797
792
25
768
36
733
723
727
735
23
712
711
717
738
743
733
739
746
27
719
730
755
768
781
795
790
790
780
38
742
744
751
765
769
26
743
734
756
754
25
730
743
755
771
786
25
762
754
777
773
31
742
759
750
730
739
759
764
770
756
746
731
744
732
740
752
760
779
32
748
770
786
775
400
376
385
719
721
715
715
705
703
700
705
724
740
744
738
21
717
708
699
690
677
671
667
666
652
661
658
646
656
657
645
655
653
656
673
661
682
691
705
698
694
699
705
718
722
719
737
748
729
736
29
708
22
686
693
697
697
708
714
715
719
712
708
719
719
708
707
707
27
680
692
707
704
704
712
723
731
720
734
732
716
707
712
718
715
743
741
732
742
736
727
744
36
708
722
714
29
686
699
690
705
708
716
738
754
741
740
744
29
715
709
708
699
692
695
691
700
28
672
687
27
661
666
670
22
649
674
671
663
678
694
691
691
710
724
23
701
725
734
732
724
750
754
47
708
707
707
708
709
691
710
710
709
712
28
685
687
693
683
705
712
708
718
721
22
700
26
674
759
780
782
788
789
790
27
763
24
740
748
740
750
751
739
757
774
781
25
756
771
42
730
728
768
795
795
793
777
776
769
765
765
760
742
735
747
758
22
736
24
713
742
752
753
761
760
754
750
32
719
715
728
732
715
717
749
747
735
740
748
754
737
754
23
732
735
742
743
27
716
20
697
692
713
719
717
726
737
729
744
742
729
765
781
779
776
807
34
773
804
791
774
790
823
854
855
864
32
832
846
27
820
801
818
29
789
33
756
762
762
774
791
790
27
763
786
788
31
757
791
797
795
788
818
44
774
789
794
795
809
818
808
819
28
791
818
799
787
806
794
791
813
816
805
827
821
811
821
26
795
789
789
818
820
811
814
796
797
805
794
784
800
796
779
807
787
786
813
808
793
790
814
27
787
773
773
774
807
22
785
793
789
805
835
839
825
817
34
783
772
766
25
742
742
763
783
27
756
791
789
30
759
780
781
31
750
748
765
764
766
787
811
803
799
827
839
27
813
820
815
800
24
777
784
31
753
772
782
25
757
778
802
786
26
760
764
761
774
764
750
772
763
759
779
777
771
794
786
774
791
788
796
809
819
33
786
767
772
786
772
770
790
778
774
785
26
759
778
782
790
780
771
760
743
724
739
741
23
718
748
762
750
791
799
798
23
776
822
25
797
786
813
831
835
824
830
837
827
809
834
849
834
827
25
802
815
828
843
39
805
803
805
804
24
781
795
30
766
25
742
838
29
810
802
843
829
822
846
37
810
810
824
807
796
806
806
790
799
812
805
811
826
833
827
819
815
810
815
809
799
801
807
790
770
775
776
762
749
737
25
712
730
714
720
740
761
758
762
780
776
762
751
763
773
789
23
766
751
757
762
760
741
742
751
733
724
741
749
734
727
731
21
710
705
712
711
726
750
741
735
758
746
22
724
742
754
745
739
763
767
749
761
763
748
774
775
759
790
785
26
759
789
778
774
791
785
781
795
807
803
788
798
815
799
781
804
791
785
799
803
787
771
808
812
815
794
811
831
819
803
831
831
27
804
823
833
29
805
804
833
25
808
22
787
805
808
22
786
31
755
781
785
31
754
777
767
751
761
746
25
721
709
735
746
738
727
755
759
743
767
768
29
739
764
768
749
755
775
773
776
35
742
765
761
21
741
764
786
24
762
810
800
23
778
824
826
814
812
818
807
37
771
774
780
35
745
760
769
760
751
782
773
26
748
785
779
22
757
777
782
768
782
796
785
789
811
819
23
796
796
792
774
25
749
791
782
26
756
793
30
764
29
735
788
808
817
26
792
817
815
796
796
808
802
29
773
802
802
811
818
816
40
777
790
795
29
767
773
776
770
767
759
762
747
758
760
762
751
762
770
750
25
726
778
783
804
812
827
829
28
801
793
796
799
23
777
791
789
792
772
779
785
24
761
754
762
750
750
745
738
737
742
752
768
749
21
728
745
750
44
707
727
741
767
775
769
769
761
773
775
22
753
750
737
721
716
716
723
711
720
713
724
750
775
30
746
773
776
766
771
779
802
804
492
312
467
787
785
775
758
782
789
34
755
762
785
802
795
55
741
810
843
842
840
23
818
803
814
809
801
31
771
784
779
784
780
761
773
781
773
30
743
752
765
789
803
795
787
788
789
788
790
770
791
792
796
23
774
772
782
790
784
777
792
813
807
22
786
793
816
816
36
781
788
786
23
763
28
736
745
727
744
768
757
21
736
785
793
29
765
787
797
784
764
787
798
810
811
820
843
822
809
818
808
806
801
806
829
833
811
813
817
810
801
803
814
823
811
808
820
28
793
28
766
787
44
743
749
776
762
747
776
790
787
23
764
797
811
813
796
797
822
816
796
800
818
843
824
808
841
849
26
823
806
833
847
56
792
824
833
820
56
764
751
752
772
769
24
746
755
800
799
808
816
816
28
789
800
815
39
777
795
800
795
791
791
28
764
749
780
815
40
775
775
833
840
833
885
870
25
846
856
864
852
39
814
808
798
42
756
750
731
720
741
739
740
795
818
32
786
773
764
772
801
817
815
26
790
779
797
794
48
747
771
757
750
770
795
816
804
791
806
833
813
28
786
792
811
826
815
840
867
873
46
827
816
42
775
776
806
813
32
781
815
835
23
813
804
824
835
830
29
801
836
842
824
813
827
848
833
822
822
28
794
805
843
830
833
853
39
815
860
860
840
51
790
806
821
804
784
802
813
812
790
801
813
818
815
804
791
790
796
777
27
750
777
800
792
801
814
818
33
785
786
791
791
795
780
763
784
791
802
31
772
787
789
800
794
800
791
34
757
763
26
738
730
723
737
25
712
710
705
705
730
737
728
753
749
747
760
28
732
736
755
752
744
772
787
790
782
803
806
816
23
794
817
825
32
793
794
809
792
786
812
830
811
823
833
34
800
829
825
49
776
23
753
774
785
29
756
22
735
730
730
736
738
25
714
727
713
735
754
750
739
731
732
730
712
725
733
731
746
757
30
728
744
748
29
719
748
755
750
752
776
786
786
776
784
799
795
784
804
816
25
791
801
785
767
783
766
776
805
800
22
778
791
810
807
36
772
768
768
39
729
727
740
740
737
724
722
740
795
817
821
804
792
42
751
733
722
740
852
938
1012
38
975
1009
996
981
53
929
36
894
82
812
37
776
26
750
739
733
725
730
723
719
28
692
696
695
712
802
834
859
33
826
869
851
832
833
30
804
35
770
27
743
727
717
715
715
34
682
673
667
673
702
756
842
866
862
892
893
890
26
864
55
810
44
766
30
737
717
706
712
702
25
677
666
655
654
666
708
773
799
808
849
860
844
38
807
788
32
757
740
29
712
699
683
689
678
666
668
666
691
752
810
831
842
858
855
847
24
824
39
785
43
742
34
708
697
689
677
673
677
668
675
720
807
809
808
829
829
813
794
49
746
733
28
706
707
22
685
667
654
656
652
666
728
781
794
809
828
860
45
816
799
35
765
35
731
34
697
685
670
22
649
642
647
648
644
661
687
750
774
787
780
805
802
785
774
755
30
725
35
691
682
672
659
650
645
647
668
719
816
824
837
831
822
29
793
774
39
735
21
715
697
687
24
663
656
657
669
727
753
767
783
766
770
785
791
772
759
31
728
714
705
696
685
670
661
660
672
730
754
819
852
25
828
860
872
48
825
37
788
772
757
31
727
724
713
718
721
23
699
697
693
677
674
674
679
667
655
653
669
696
701
716
726
722
726
739
753
740
762
772
768
751
767
782
772
752
738
750
770
791
775
762
767
804
812
802
789
776
791
788
25
763
752
762
753
768
766
755
775
803
817
813
792
785
805
803
816
802
793
823
819
807
22
786
781
782
33
750
776
759
759
760
746
757
767
757
742
764
768
32
737
765
747
754
741
744
740
722
739
733
720
709
735
31
705
737
759
748
744
769
750
24
727
729
764
25
739
741
768
783
764
21
743
729
739
735
729
721
736
729
735
770
774
759
801
790
28
762
752
22
731
736
732
712
709
709
707
709
728
722
743
733
738
749
748
740
746
742
42
701
704
798
802
801
792
779
783
776
763
758
758
24
735
739
728
725
731
745
733
788
775
788
802
800
34
767
750
771
761
748
762
772
757
750
768
756
46
711
699
23
676
663
661
668
673
696
704
726
718
716
727
738
739
733
736
739
754
757
738
745
765
787
767
750
784
783
762
759
756
766
786
801
819
807
790
789
811
824
840
854
859
854
26
828
27
801
841
862
851
839
36
804
814
817
802
788
791
806
824
830
839
28
812
798
811
816
835
828
823
811
802
828
867
845
842
828
824
816
824
831
845
833
826
807
819
819
825
831
818
810
797
810
831
834
830
27
803
805
811
833
828
838
819
803
812
831
841
838
841
826
822
840
837
819
801
811
24
788
31
757
750
759
767
767
807
823
812
804
806
833
830
828
26
803
802
824
849
831
821
827
857
866
855
839
842
866
845
28
818
821
850
854
837
23
815
838
841
836
29
808
823
843
860
872
869
24
845
33
812
843
860
871
869
25
844
850
873
869
846
848
873
875
36
839
823
834
838
833
819
799
819
809
801
33
769
754
762
768
794
830
831
823
819
849
867
861
843
835
835
836
838
23
816
808
821
841
827
818
817
832
847
844
842
833
833
845
854
28
827
823
839
832
24
808
813
806
809
799
809
818
814
798
784
808
820
822
815
822
853
834
822
822
835
843
25
819
820
827
834
822
804
818
840
833
822
836
849
835
32
804
823
835
831
24
807
796
815
831
824
812
813
852
848
830
816
833
842
849
833
819
821
842
837
851
835
818
850
862
846
831
835
841
837
839
25
815
812
834
870
858
851
853
852
32
820
48
773
754
769
782
779
772
792
809
817
803
23
781
783
805
806
807
794
780
795
812
803
796
809
816
836
818
805
826
807
37
770
776
789
773
757
740
732
784
829
840
853
861
30
831
824
835
835
829
819
820
825
820
823
810
816
826
828
820
511
309
502
820
846
845
835
837
839
844
841
823
830
828
815
25
791
808
825
811
800
826
816
803
25
779
788
784
28
756
28
729
725
721
712
742
747
750
740
768
771
757
753
764
776
789
777
769
764
787
804
814
813
803
795
788
807
814
802
787
786
804
821
819
816
795
789
781
788
791
789
781
772
799
809
826
808
795
783
797
807
817
825
812
796
811
820
814
801
799
799
786
790
799
791
775
793
806
789
781
795
795
775
780
789
30
759
744
771
771
767
768
781
770
762
766
758
34
725
714
716
717
732
746
756
739
766
760
742
756
768
755
751
772
771
753
773
784
780
781
799
791
785
791
789
773
778
787
773
767
791
774
770
784
792
782
782
804
791
22
769
776
785
771
765
789
782
769
788
791
772
766
778
782
780
772
162
611
958
190
769
771
778
785
789
777
775
791
776
26
750
752
761
753
752
734
728
738
746
731
31
700
683
684
693
706
703
700
722
735
733
741
747
750
737
745
752
745
742
770
768
750
739
765
776
768
772
788
811
826
33
794
775
769
787
783
770
759
767
775
760
768
786
778
766
781
789
787
772
768
766
775
760
786
800
788
795
832
819
34
786
775
793
791
779
779
799
22
778
778
807
817
806
28
779
779
25
755
28
727
731
755
752
742
748
761
750
742
741
752
741
732
737
745
739
734
741
746
729
733
757
765
751
751
784
774
768
775
797
797
784
781
777
770
756
773
759
21
739
722
705
37
668
695
20
676
664
654
645
646
647
644
655
658
653
656
654
637
643
641
635
636
633
640
651
649
646
660
665
659
659
663
676
666
25
642
632
625
626
621
619
628
635
630
637
631
624
626
630
630
647
640
632
18
615
620
607
606
596
587
583
577
571
562
554
557
549
550
549
547
541
544
545
541
544
540
541
542
541
533
536
536
536
532
533
532
528
529
532
525
531
529
527
524
526
518
527
521
517
515
520
518
519
509
510
514
511
500
508
505
506
509
507
513
513
509
510
516
508
515
511
511
513
512
506
507
505
504
496
498
497
495
497
496
497
489
497
487
488
490
487
480
479
484
480
482
482
481
476
478
477
473
476
478
479
481
483
475
483
486
486
21
465
487
485
501
15
487
488
488
481
490
488
487
483
487
483
478
480
478
476
477
480
473
476
476
475
477
477
480
472
471
475
468
476
475
478
473
471
475
469
474
471
473
466
468
468
465
466
462
472
462
465
466
466
461
458
465
463
460
460
460
460
461
458
462
460
461
462
457
456
458
460
455
451
457
456
454
451
456
456
450
453
447
462
456
447
447
465
454
454
456
454
450
902
458
444
453
451
443
443
448
451
445
445
450
444
452
442
453
449
443
451
443
450
445
448
450
446
443
449
446
447
440
451
444
442
444
446
442
437
447
443
437
442
445
443
436
439
446
437
432
442
436
442
434
437
440
439
439
439
446
444
442
438
450
462
460
458
458
466
474
466
467
479
480
476
477
479
472
469
479
481
486
480
485
493
489
494
498
504
501
496
507
508
515
508
509
505
510
500
493
500
500
494
500
510
504
505
519
519
515
531
538
530
524
548
541
537
547
541
529
540
534
536
559
566
577
588
593
39
555
583
580
595
18
578
581
602
602
608
632
620
608
615
24
591
578
592
24
569
568
580
586
583
571
592
592
586
591
600
596
588
595
604
596
598
609
599
601
589
578
578
576
572
598
596
602
605
594
600
596
589
604
599
596
609
618
616
612
624
617
608
625
629
621
613
643
1288
665
623
647
648
630
624
620
607
603
615
616
617
639
647
637
669
666
26
641
665
661
643
668
666
655
645
674
686
22
665
685
697
679
686
703
22
681
688
675
29
647
660
655
645
659
675
666
666
698
704
697
707
718
714
51
664
717
706
726
41
685
684
707
28
679
669
699
714
31
684
686
716
712
42
671
694
693
28
665
667
683
678
680
675
34
642
708
24
684
25
659
711
708
37
672
711
714
704
33
671
721
717
709
35
675
721
720
702
39
664
716
28
688
671
678
691
681
22
660
651
635
643
669
689
24
666
678
710
712
28
685
689
718
713
26
688
679
715
726
708
690
735
738
21
718
25
693
719
723
720
22
699
733
746
727
21
707
742
741
38
703
707
742
732
28
704
745
734
21
714
714
710
20
691
714
710
708
725
728
719
709
726
32
695
745
744
753
741
32
710
731
729
734
737
21
716
708
733
729
31
699
764
752
24
729
767
784
785
45
740
765
762
36
727
751
22
730
21
710
746
742
722
724
745
749
37
712
732
732
25
707
703
714
713
726
707
725
734
739
750
742
750
39
711
712
702
24
678
710
23
688
21
668
791
790
47
743
737
749
740
27
714
756
753
33
721
759
45
715
750
751
753
740
45
695
727
725
733
32
701
708
717
714
26
689
719
727
717
20
698
722
734
22
713
696
718
730
22
708
699
724
728
716
699
726
720
23
698
711
721
708
693
711
718
21
698
719
730
710
703
727
728
709
732
725
20
705
722
723
22
702
692
690
20
671
673
687
679
697
707
701
716
702
705
709
692
707
691
683
691
684
668
670
131
540
767
108
660
662
667
657
662
671
654
667
668
658
667
679
680
671
689
686
21
666
672
689
702
687
696
712
25
688
677
689
690
681
701
709
702
720
745
745
727
747
21
727
714
707
24
683
687
681
20
662
672
678
680
675
678
679
678
685
695
705
715
720
134
586
780
120
661
660
649
648
652
656
651
664
651
653
653
649
125
524
111
414
1195
1534
1248
286
958
1875
1591
285
3999
3999
3999

