03-08-2022 - 15:09 - Correr
Teresa Díaz Muñoz 
Intervalos entre latido y latido
1051
1076
1133
64
1070
58
1012
1052
1096
1099
1083
1106
1081
1087
1081
1079
1058
1078
1069
1047
1061
1079
1085
1072
1099
1089
1068
1088
1099
1087
1069
1053
1065
1091
54
1038
38
1000
980
987
1006
1009
1009
1038
1025
31
994
56
939
1016
1007
1020
1014
1048
1082
38
1044
1026
1048
42
1007
988
968
958
936
946
994
992
999
1043
1066
1045
63
983
1017
66
952
970
1026
1085
1083
1084
1092
1077
1064
1051
35
1017
1022
1026
1052
1056
1062
1066
1097
1117
1094
1100
1124
1111
1098
1082
1079
1105
1098
1090
44
1047
1083
1078
1069
1090
1105
1083
1107
1108
1083
1071
1064
1050
1029
1028
1043
1041
1023
1011
32
980
962
990
997
1031
1051
34
1017
1034
1054
1054
1046
1044
1076
1087
48
1040
1016
1042
1041
1031
1022
1025
1070
1078
1089
1062
1055
1029
1036
1058
1083
1097
1080
1082
1083
1072
1063
1059
1059
1063
1108
1120
1144
1137
1137
1125
39
1087
38
1050
1050
1061
1089
1078
1058
1058
34
1024
1032
32
1000
984
997
1008
1023
1066
1077
1077
1082
1076
1083
1083
52
1032
1028
1045
1061
1069
1097
1100
1077
1068
1068
1067
1051
1052
1038
1018
33
985
981
1005
1014
1038
1074
1068
1070
1055
1060
1042
1017
27
990
30
960
957
958
979
994
1003
1003
1007
1029
1037
1033
1039
1038
1021
33
989
990
1006
1014
1019
1043
1059
1066
1077
1070
1065
1048
1024
39
985
971
973
970
990
1014
1037
1042
1047
1044
1033
1016
40
976
968
969
969
1000
1024
1021
1026
1027
1030
33
997
45
952
932
935
989
993
997
1019
1033
1065
1082
1081
1088
1094
1080
1072
1049
29
1021
1024
1039
1095
1127
1156
1152
1132
1108
1096
59
1038
1030
1034
1047
1082
1097
1130
1165
1154
1160
1154
1129
1103
1093
1101
52
1049
1059
1055
56
999
28
971
952
939
981
39
942
26
917
982
1050
1038
1014
1004
988
974
38
936
62
875
881
912
924
938
950
44
906
26
880
875
871
856
844
902
934
954
942
918
915
897
895
883
865
866
879
896
876
874
877
874
854
848
869
860
859
862
855
857
840
854
860
867
870
881
885
889
905
904
885
29
857
846
37
809
33
777
33
744
745
726
720
723
720
730
733
727
728
747
23
724
712
700
701
699
689
693
682
685
689
692
691
675
697
686
680
673
682
678
676
700
692
695
712
728
728
735
722
719
718
710
703
708
700
681
690
685
670
677
673
670
658
669
659
658
650
649
649
640
651
647
662
653
659
679
675
678
677
682
671
669
660
650
646
643
633
623
625
611
610
608
608
592
593
590
592
587
587
574
584
579
585
577
577
576
580
574
574
572
575
569
569
566
566
565
562
560
565
565
557
563
559
564
561
569
566
570
566
568
566
570
564
570
565
571
565
571
567
572
570
577
580
584
585
587
589
583
579
580
577
575
571
575
570
569
563
565
563
557
556
556
559
556
561
554
553
551
552
548
544
544
553
552
550
550
544
546
545
547
544
549
548
550
548
556
551
552
554
552
554
557
558
565
563
555
556
555
560
552
557
553
557
555
563
559
574
581
596
595
591
600
606
602
600
597
597
597
606
622
645
651
645
645
650
651
635
633
638
643
645
671
674
666
693
704
685
687
693
812
847
78
769
760
757
750
743
31
713
744
745
765
752
31
722
762
28
735
23
712
739
733
34
700
747
88
659
691
715
705
703
707
734
750
34
717
736
933
1006
91
915
109
806
27
780
834
836
833
26
808
788
780
861
894
895
878
61
817
818
1097
57
1041
95
947
97
850
848
32
816
1050
97
953
64
890
39
851
52
800
929
1044
139
906
906
38
869
55
814
840
958
28
931
913
40
873
861
72
789
796
919
1069
72
997
71
926
906
890
44
847
941
1003
36
968
29
940
34
906
895
873
961
1121
107
1014
1009
40
969
57
913
889
891
1000
1051
28
1023
1011
987
36
952
43
909
36
873
898
1174
68
1106
96
1011
55
957
50
907
45
862
946
1158
109
1050
1033
40
994
31
963
35
929
40
889
37
853
858
989
1086
46
1041
1018
999
992
32
960
49
912
896
873
907
1092
85
1007
1028
47
981
34
948
42
906
888
875
896
937
967
985
977
32
946
29
917
909
888
923
970
984
959
946
929
26
904
28
876
31
846
854
931
1016
1002
1017
29
989
31
958
33
925
903
903
37
867
901
991
1005
1012
996
991
970
959
37
923
911
897
904
946
1009
1031
1020
1014
996
978
965
34
931
917
902
59
843
953
1185
66
1120
1118
1097
30
1068
46
1022
59
964
36
928
929
977
1018
1036
1057
1043
36
1008
57
951
943
925
930
996
1024
1001
992
999
29
970
28
943
926
909
926
1000
1083
35
1049
1061
28
1033
1018
41
978
956
949
941
975
986
1027
1049
37
1013
1006
981
28
953
32
921
903
887
879
897
950
1094
1085
1080
66
1014
1017
999
988
55
933
922
916
928
959
991
1017
1024
1000
979
967
957
935
923
951
938
943
982
1089
1083
55
1028
1003
999
991
47
945
920
922
910
945
973
1008
1002
33
970
984
35
950
46
904
887
871
875
890
950
968
982
1005
1000
1000
36
965
963
38
926
31
896
896
48
848
1073
35
1038
1038
1037
1041
1014
999
28
971
948
930
923
934
945
993
1021
1062
1123
74
1049
46
1004
981
959
27
933
929
926
961
1045
1022
1019
1013
1005
1000
981
972
963
990
1009
1050
1042
1028
1013
988
1003
28
976
969
953
38
915
944
979
1089
78
1012
987
28
959
72
888
870
931
925
45
881
984
1001
1009
986
990
986
968
974
974
975
975
974
29
946
26
920
925
929
912
913
938
958
939
970
1013
38
976
974
978
974
960
962
28
935
953
961
944
946
943
28
916
950
976
60
916
932
941
944
956
986
980
958
44
915
939
937
947
930
918
35
884
43
842
826
805
834
885
875
975
986
28
958
1014
1030
1016
998
30
968
1066
1059
1072
55
1017
1011
68
944
88
856
860
889
34
856
847
30
818
878
925
945
928
72
857
837
816
29
788
782
829
893
881
934
945
43
903
999
71
928
60
869
851
913
899
877
38
840
834
30
804
829
811
859
932
919
33
887
938
960
38
923
985
31
954
954
48
906
938
932
935
918
897
958
955
48
908
899
942
970
26
944
952
976
971
984
1017
1022
1017
1008
46
963
30
934
36
898
957
29
928
37
891
958
973
66
908
1020
999
37
962
1000
1050
86
965
994
1029
1007
992
1007
1000
70
930
930
922
915
25
890
960
949
35
914
1012
29
984
37
947
956
974
957
969
989
984
983
1029
1067
68
1000
1057
1030
1021
27
995
978
1000
1004
986
961
979
986
55
932
939
969
28
941
988
1009
29
981
973
1008
32
977
969
991
1045
118
928
958
964
45
920
996
973
995
119
876
1064
66
999
27
972
971
982
1000
120
881
1043
56
988
987
92
895
1017
33
985
975
97
879
996
997
989
996
985
116
870
998
121
877
965
43
923
926
908
920
921
904
891
26
866
875
887
873
863
868
859
877
34
844
829
837
846
837
855
860
852
862
847
851
863
869
868
873
887
881
881
898
899
890
905
911
892
900
35
866
46
820
859
880
874
874
930
921
33
889
926
911
27
885
913
48
865
914
899
30
869
907
37
871
860
887
36
852
847
881
51
831
824
805
794
23
772
790
801
791
896
893
29
865
868
846
161
686
940
62
879
932
921
30
892
944
942
967
974
71
904
970
992
970
981
1044
53
992
1019
1029
1010
1038
1053
1041
1045
1068
1048
1049
1070
29
1041
1029
1056
51
1006
1029
1096
102
995
1068
1075
1072
31
1042
1085
36
1050
1036
1059
1036
1012
1049
1032
1036
1070
49
1021
1019
1058
1053
30
1024
1041
1049
42
1008
1016
1049
29
1021
1032
1061
42
1019
32
988
1069
1084
1121
1101
47
1055
1034
47
987
1015
1011
990
1034
1047
1040
1015
1030
53
978
1002
1017
1006
987
970
994
984
962
996
1002
45
958
979
995
1000
38
962
1004
1016
1014
1060
1058
41
1018
1028
1044
1034
30
1004
1019
1016
31
986
1009
1045
1028
28
1000
1055
1057
1055
1051
32
1020
1037
1051
42
1010
998
1021
1040
1018
53
966
1028
1002
979
962
939
916
897
901
25
877
876
893
26
867
872
871
855
28
827
805
796
27
770
470
300
444
720
724
714
722
705
702
700
709
738
724
755
739
802
881
911
912
977
47
931
1028
51
977
30
947
997
974
69
905
944
951
35
916
941
26
916
29
888
904
38
866
888
885
37
849
885
894
33
862
949
52
898
65
833
880
895
50
845
42
804
839
823
832
865
29
836
835
935
1000
31
969
61
909
902
883
861
881
861
874
890
31
860
870
882
39
844
877
891
55
836
916
901
890
941
31
911
36
875
878
891
895
42
854
884
872
29
843
899
66
833
824
846
907
73
834
853
837
24
814
852
55
798
24
774
817
41
776
767
822
890
1002
52
951
86
865
888
939
986
59
927
65
863
885
888
921
900
893
872
43
829
860
928
956
88
868
870
881
32
850
844
840
40
801
819
28
792
38
755
758
756
740
21
719
709
700
689
689
689
686
691
690
698
707
709
727
726
804
836
23
814
32
782
776
767
22
746
735
737
28
709
731
751
31
721
717
716
33
684
687
672
657
657
659
673
691
720
738
737
819
857
873
45
828
839
28
812
34
778
779
794
801
30
772
854
848
55
793
833
828
832
31
801
45
757
775
755
750
778
760
27
734
755
818
49
770
793
791
784
850
862
29
833
170
664
1106
261
846
898
884
940
921
73
849
884
58
826
890
33
858
853
842
876
50
827
871
62
809
819
288
531
260
271
799
820
815
837
816
36
780
828
891
52
839
837
835
45
791
828
26
802
824
842
38
805
887
920
40
881
961
29
933
47
887
914
67
847
868
905
72
833
854
917
43
875
920
958
56
903
40
863
862
990
92
898
88
810
465
346
485
850
975
981
48
934
28
906
967
29
939
931
951
67
884
919
935
85
851
890
915
72
843
881
919
56
864
901
895
50
846
910
887
42
846
886
875
40
835
869
856
856
882
872
869
854
51
804
826
828
35
793
810
833
26
807
874
943
35
908
64
845
833
842
822
832
46
786
828
863
43
820
855
889
897
49
849
878
942
62
881
903
930
909
907
33
874
868
871
886
35
852
913
915
68
847
876
913
25
888
889
924
916
41
875
42
833
945
1008
1002
1023
1000
984
29
955
38
917
995
1031
29
1003
31
973
967
996
31
965
39
927
960
965
41
924
1001
28
974
52
923
1002
55
948
33
915
958
989
38
951
1008
1002
30
973
1028
1004
49
956
994
35
959
38
922
984
959
978
988
43
945
994
1015
54
962
1040
36
1004
40
965
990
971
972
986
965
971
972
45
928
983
987
29
958
936
1006
29
977
36
942
958
977
963
965
54
912
890
942
966
976
952
948
963
984
984
964
998
988
978
1009
993
983
998
994
969
998
989
970
993
1008
987
1000
1013
31
983
1008
32
977
982
996
981
986
1009
984
974
1006
987
998
1000
982
1059
32
1028
1008
1005
1015
1009
29
981
1001
998
977
1004
1020
998
1011
986
1011
1005
982
983
984
968
985
985
968
970
985
989
976
989
1003
38
966
1002
998
992
29
964
991
996
41
955
964
946
946
953
952
968
994
986
983
1009
1008
989
1020
1023
1007
1016
1008
984
978
1004
999
37
962
964
982
996
991
1025
1020
1004
1000
1017
35
983
985
981
958
31
927
919
923
910
887
898
904
916
945
997
1006
1003
1008
989
1036
1041
1033
1019
1013
1035
1062
1041
1025
1026
34
992
986
989
966
978
987
988
979
1001
1027
1022
1035
1069
1044
1038
1039
1026
1000
1002
1005
999
976
985
1031
1059
39
1021
1032
1005
1006
1007
28
980
1000
1003
981
989
1028
1021
1017
1038
29
1009
1005
1025
1016
1006
1006
1005
990
985
1015
1011
1002
1020
1022
1028
1052
1034
56
978
1022
1026
1010
1038
1024
1028
1028
1016
1025
1014
1000
1044
1023
1016
1013
1001
985
991
973
1009
1053
1044
1034
1044
1026
1053
1055
1032
1026
1023
36
987
1000
1004
981
991
1007
1000
992
979
956
1001
27
975
1019
1000
1001
977
1000
1014
1030
1013
1020
1019
1012
1011
1036
1023
1006
1022
1016
1004
991
1019
1016
995
1006
1005
982
981
994
974
960
988
993
978
983
998
997
992
1015
1021
997
1005
999
34
965
980
973
953
27
926
943
955
951
954
969
953
961
978
975
963
29
934
956
27
929
937
967
959
976
952
950
980
993
972
39
934
926
906
894
889
915
979
1054
1061
1101
1101
40
1062
1077
1069
1061
1072
1072
1093
1096
1082
1062
34
1029
1019
1001
981
998
1002
33
970
963
976
984
41
943
926
934
28
906
903
906
904
915
936
916
906
902
920
921
42
880
875
878
882
890
887
885
916
902
899
935
981
1001
1013
989
1009
1026
1039
29
1010
986
33
954
960
945
928
928
958
945
973
1004
1010
993
991
1023
27
997
999
987
986
36
951
931
941
968
974
978
973
57
916
930
930
35
896
892
898
925
935
972
970
1029
1074
1078
1061
42
1020
1023
53
970
955
995
977
982
1007
986
978
1017
1026
30
996
1013
1019
39
981
967
32
936
949
967
951
939
961
979
999
993
974
960
958
976
958
942
957
967
956
946
966
973
966
962
944
29
916
911
917
922
30
893
895
900
940
958
29
929
969
973
972
965
955
946
968
991
987
968
998
1012
996
1002
30
973
989
49
940
932
1013
1038
1059
1074
1050
44
1007
1077
51
1027
38
989
988
1011
1008
997
1038
1014
1007
1025
1016
1003
47
956
36
920
906
893
917
929
928
916
917
896
30
866
860
864
884
898
906
912
945
956
959
941
940
53
888
882
877
877
868
865
873
874
30
844
844
842
855
852
856
874
877
901
918
932
979
1009
1003
999
46
953
979
963
948
32
916
916
929
942
967
967
972
979
27
953
953
942
930
926
957
973
952
971
987
31
956
952
38
914
916
907
907
915
948
967
967
28
940
925
941
946
944
36
908
916
895
886
904
911
916
909
901
39
863
875
882
876
879
871
893
896
891
898
909
911
910
29
881
890
898
898
903
904
916
901
888
875
856
26
831
831
858
888
880
918
932
940
953
953
952
945
925
904
916
916
910
909
922
930
943
950
983
1008
989
993
1007
996
32
964
970
993
987
964
986
978
976
1004
1020
35
985
35
950
965
1005
980
1008
1026
44
982
64
918
925
962
963
948
1022
1056
48
1009
29
981
957
965
944
946
940
925
924
33
892
913
897
914
931
925
942
940
931
944
35
909
919
908
905
889
920
916
902
933
966
947
945
929
935
940
936
941
973
976
964
1021
1029
1020
34
987
993
1092
1066
51
1015
28
988
999
979
992
982
963
999
1018
1018
1016
1004
985
56
929
931
36
895
878
895
892
932
947
972
979
996
1022
1048
1032
1021
1001
1028
1029
1021
1009
44
966
1000
1053
1046
36
1011
1000
1003
990
1015
1035
33
1002
1032
1023
1012
1011
1022
1004
1000
1037
1029
1009
996
38
958
953
943
971
51
921
924
917
910
925
944
951
942
921
31
891
890
889
886
892
882
894
881
887
885
893
919
945
931
935
946
944
943
947
945
958
954
956
947
928
953
962
980
983
977
970
38
933
930
977
962
943
930
913
924
921
932
966
1000
1031
1023
1024
1011
27
984
1001
991
979
998
1010
1012
1014
1007
1000
994
990
996
1012
989
986
971
952
37
915
952
948
969
34
936
938
931
970
978
53
926
914
941
940
916
938
915
952
948
945
938
922
953
964
967
958
954
944
44
900
910
908
27
881
883
884
883
895
899
912
927
939
950
941
918
908
940
931
932
926
957
974
967
998
1009
1000
1024
1001
35
967
26
942
934
954
935
924
925
950
975
1011
986
966
973
974
958
28
931
909
921
932
970
981
991
971
946
924
34
890
27
864
886
903
914
911
946
966
952
958
975
968
958
934
929
938
947
942
927
917
935
928
948
958
958
1050
1113
1140
83
1057
1060
52
1009
1032
1038
1028
1050
1139
1143
47
1097
34
1064
1049
1033
1069
1070
1060
1062
1065
1053
1083
1099
1090
1070
1072
1092
37
1056
1034
1086
1076
36
1041
1098
1104
48
1057
1059
1100
1093
55
1039
1036
1026
1002
28
975
1020
1029
45
984
1000
1058
1061
59
1003
36
968
1004
998
974
36
939
984
987
45
942
1020
1092
1098
1088
29
1060
1034
1026
35
991
975
978
963
48
915
32
883
27
857
899
881
905
922
921
904
927
942
947
75
873
890
956
974
26
949
933
1030
1015
49
967
1009
1031
41
990
1001
1018
29
989
982
966
43
924
929
954
959
949
32
917
909
930
931
959
969
955
999
1018
1017
1003
1011
1049
1067
1068
1063
1059
49
1011
1002
1001
30
972
957
981
997
990
974
994
982
958
987
1020
1022
1017
1013
46
968
960
976
952
937
1007
1042
1051
30
1022
30
993
56
937
949
942
27
916
961
969
956
981
996
971
985
995
43
952
960
974
38
937
927
936
936
917
933
928
36
893
908
951
945
930
955
940
926
940
956
944
920
928
929
909
916
906
36
870
876
893
881
891
915
923
913
923
926
31
896
900
909
899
891
895
895
887
902
913
893
906
932
26
906
923
981
1029
37
992
975
56
920
928
944
32
912
923
935
911
889
928
923
37
887
901
902
878
898
920
898
901
911
911
900
900
901
30
872
908
921
905
907
910
33
877
880
899
905
913
906
27
879
882
910
887
892
918
33
886
895
935
920
31
890
926
933
32
902
923
958
938
918
930
923
909
930
935
918
950
945
933
934
936
919
926
929
29
901
905
916
914
908
909
929
911
908
938
60
879
877
875
872
887
30
858
844
23
821
821
824
26
798
813
850
853
858
873
27
846
863
897
891
915
947
934
961
991
1004
997
986
970
983
1000
978
35
944
36
908
910
902
897
882
914
957
973
960
939
951
966
26
941
922
929
939
939
929
986
1025
38
987
993
29
964
975
959
951
939
926
939
47
892
885
869
848
862
862
874
896
911
908
922
923
956
943
944
951
953
965
953
938
934
921
904
924
916
913
917
911
920
925
942
33
910
948
964
29
936
939
949
29
920
938
933
918
926
942
932
946
945
28
917
937
939
940
953
963
941
957
947
31
916
940
959
954
966
981
40
941
922
952
930
912
959
968
950
955
937
941
968
958
958
958
949
945
968
951
29
922
926
948
28
920
922
931
935
955
973
952
955
967
956
27
929
933
932
942
947
955
934
946
931
913
931
947
27
920
927
949
28
921
923
933
923
923
969
974
961
986
1006
985
977
986
29
958
965
980
37
944
921
953
974
963
942
961
969
26
944
961
986
35
951
941
970
970
974
975
976
28
949
967
999
33
966
974
992
984
979
989
989
31
958
973
983
962
965
983
45
938
921
950
963
32
932
934
953
29
924
933
963
943
948
972
994
29
966
981
980
958
965
987
31
956
939
982
992
970
26
945
978
1009
35
975
979
1000
993
977
989
1019
35
984
985
1013
34
980
956
960
30
931
954
962
964
1007
28
979
966
975
1002
983
978
1010
1019
50
969
955
992
1004
28
977
982
1010
1011
31
981
991
1013
36
978
1000
999
33
966
978
994
28
966
975
976
964
955
960
983
963
983
998
993
978
997
995
980
1008
1018
28
990
993
1022
1010
994
1033
1033
29
1004
1000
1027
1014
38
976
979
998
999
977
1007
1022
34
988
990
1021
1008
29
980
997
1003
1000
37
963
971
987
45
942
952
966
942
28
914
940
950
932
928
948
962
949
38
911
918
933
968
947
947
984
1006
988
31
957
32
925
954
952
36
916
947
984
987
31
956
956
968
26
943
934
978
980
47
934
947
946
927
945
950
949
971
981
959
946
981
33
948
27
921
967
951
966
1026
1032
52
980
981
984
984
33
951
976
971
954
937
977
62
916
912
919
912
903
50
853
835
847
864
874
864
852
845
834
857
897
937
944
26
919
909
28
881
912
919
913
950
950
34
916
931
969
974
54
920
912
928
932
918
931
958
978
976
1004
1008
994
1000
978
967
983
32
952
953
983
958
943
981
969
27
943
968
969
952
958
956
943
977
987
33
954
958
1007
1001
977
991
1009
1000
1001
1020
1010
33
978
985
1003
33
971
990
984
959
968
28
940
936
981
971
968
991
985
977
990
37
954
947
953
941
1002
1079
1054
1045
1021
1041
1055
1053
1032
1069
1071
1070
1057
1049
1040
30
1010
1022
1020
1033
1016
1028
1043
1021
41
981
1004
1009
52
958
988
993
995
992
1021
1042
1050
35
1016
1042
37
1006
1002
1024
1015
35
980
997
993
970
1010
1021
27
995
989
991
27
964
940
980
967
51
917
944
955
934
936
968
28
941
936
963
995
989
973
993
996
28
968
993
996
30
966
964
968
35
934
954
964
953
964
974
957
949
953
956
936
938
947
31
916
903
922
942
933
948
982
995
35
960
962
975
976
981
987
1000
981
1001
1012
29
983
977
986
992
970
976
979
973
968
993
997
973
989
1008
998
992
1015
993
977
988
29
960
938
955
955
938
962
976
954
959
990
972
985
998
984
1016
1032
46
987
1009
1018
27
991
987
989
981
980
1007
989
973
999
990
987
985
1005
984
987
994
979
988
986
979
970
982
989
979
983
1000
999
987
997
987
965
984
1000
988
988
989
989
967
990
1001
984
969
985
1004
35
969
1001
1009
38
972
981
997
1000
988
1005
1016
31
986
1009
1024
27
997
1001
1019
1000
988
1004
31
974
956
976
999
985
969
986
999
29
970
984
980
43
937
948
973
953
955
998
980
32
948
946
936
918
931
957
965
956
954
949
950
964
963
979
992
995
987
1002
1011
1003
981
996
974
953
971
978
953
942
957
988
29
959
966
972
971
958
968
986
983
974
34
940
935
959
963
960
975
990
43
948
968
1001
1007
1000
1024
1035
1020
1017
1021
29
993
985
990
27
963
969
988
976
976
993
30
964
974
1010
35
976
983
991
967
966
996
1004
30
974
998
990
49
941
953
973
1003
1013
998
1033
1028
1003
1023
1040
1021
1040
30
1010
987
1018
33
985
27
958
993
999
984
983
989
1005
28
978
982
1002
991
998
1043
1032
38
994
1012
1069
1096
1091
1082
57
1025
1020
1000
993
1053
1046
1061
1042
1026
1054
1062
47
1015
1008
1036
1041
1049
1045
46
1000
981
970
961
33
929
932
947
939
973
1026
1005
1029
1041
1049
1029
1065
34
1031
1037
1047
1040
1024
1022
1037
1042
29
1014
1023
1030
43
987
1024
1042
42
1001
999
1018
1013
29
985
1023
1041
1019
1042
1050
30
1021
33
988
1016
1022
60
963
958
951
35
916
936
953
958
956
983
989
988
1040
1054
1028
1032
1044
1028
30
998
1017
1002
33
969
978
1024
1051
1036
1065
1071
1057
36
1021
59
963
956
974
985
974
1015
1055
1082
1072
54
1018
1037
32
1006
982
1025
1041
1035
1009
1035
1040
1041
1025
1044
1042
1019
1018
1041
1044
34
1011
1023
1026
1036
43
993
999
1002
1015
990
1002
1006
1007
1012
1030
1032
1022
1013
1041
1025
33
993
988
992
969
962
977
996
45
951
942
968
985
34
951
963
1005
992
984
1021
1030
1023
41
983
1000
1019
60
960
978
991
1024
36
989
990
1012
1000
982
27
955
996
1017
1008
993
64
929
928
983
995
983
967
984
1000
986
975
997
1014
1018
40
979
1004
1027
37
990
971
996
1013
27
987
991
1022
1034
1019
1001
1031
1047
1045
1021
1041
1069
46
1024
1000
1027
1018
27
992
1026
1057
1055
1056
1104
1120
1119
1105
1108
1107
1086
36
1051
1054
1083
1075
41
1034
1021
1033
1041
36
1005
1032
1110
1143
1128
34
1095
1076
1103
43
1060
47
1014
1026
1040
1035
36
999
1028
1032
1034
28
1007
1006
1009
1010
1026
1000
1021
1024
1008
1031
1046
1030
1051
1064
33
1031
1022
1040
1043
45
999
998
1030
1022
1005
1006
991
1009
1039
1034
1056
41
1015
990
1033
33
1000
36
964
989
996
1012
1021
1036
1035
1036
40
996
27
969
989
972
993
1024
1057
1068
1073
1094
1088
41
1047
1074
1048
46
1003
986
1001
994
32
962
970
984
1001
1020
28
992
976
1010
1043
1084
1084
52
1033
1038
1050
1040
71
969
956
949
972
988
963
977
1021
1030
1017
33
984
1006
1012
990
989
987
973
951
953
974
977
985
32
953
959
973
958
943
972
971
975
950
938
954
951
932
929
906
896
884
872
885
889
904
941
947
941
951
988
967
28
940
959
982
976
960
970
990
993
38
956
998
1001
994
989
1017
1030
1003
1003
1015
1019
42
978
1003
991
36
955
956
936
920
940
958
956
30
927
959
993
1012
1018
30
989
1012
1024
1000
30
971
980
977
31
947
972
998
988
963
994
1009
1027
1042
1036
36
1000
30
971
980
984
36
949
29
920
933
951
31
921
932
958
969
30
940
958
972
37
936
960
937
919
942
944
923
914
919
909
913
940
947
978
1020
35
985
1001
1000
37
963
981
978
961
958
994
1013
1003
1019
1030
32
998
988
1031
1030
41
990
1023
1049
1052
1063
1045
30
1016
1029
1013
38
976
36
940
969
985
984
965
993
1023
1048
40
1009
1048
1074
33
1041
28
1013
1065
1060
54
1007
1003
1026
34
992
1001
1024
1042
1017
1045
1070
1077
36
1042
1059
1085
1081
44
1037
1044
1050
53
998
993
1022
1040
1075
1047
1071
1045
37
1009
1028
1026
1034
47
987
972
969
1020
1020
38
982
991
1024
1042
1038
33
1005
1018
1045
1043
1041
1057
1089
1103
1112
1123
1104
1081
1073
1079
1052
52
1000
1008
1020
41
980
1010
1026
1029
41
989
31
958
987
990
1000
995
1008
992
60
933
31
902
29
873
884
906
943
937
963
1003
1022
1025
1044
1039
1029
1014
1000
1011
1019
37
982
964
994
1003
1011
1023
27
997
980
958
976
1006
1011
1001
990
35
955
52
904
901
885
886
908
939
961
970
991
1015
1018
1049
1053
1041
39
1003
1007
1018
1014
989
1005
1035
1030
1018
1027
1026
1073
1084
1105
1093
1073
1060
1060
32
1028
31
998
1032
34
998
1001
1016
1030
1008
1052
35
1017
1050
1087
1099
1087
1070
48
1022
1041
1035
1028
1003
1008
1046
1061
1065
1045
1069
1083
1085
37
1049
1065
1062
36
1027
1040
1017
1034
1056
1078
37
1041
1066
1058
42
1017
1004
1031
1047
1032
1014
1045
1094
39
1056
44
1012
1000
1042
1064
1091
1095
1069
1068
61
1008
1011
1015
1014
994
995
1005
1016
1037
1047
40
1008
37
972
995
1025
1071
1061
54
1008
998
1014
1012
1022
1001
46
955
974
976
994
983
994
32
962
958
965
953
958
980
1005
1013
1017
35
983
1011
1011
1007
1036
1047
1076
1058
1041
1028
53
976
985
1006
1008
986
1018
1027
1009
1017
1058
1076
1062
1037
1012
1030
1036
1016
1009
1034
1027
1020
1049
1069
1065
1062
43
1020
1068
33
1035
1016
1038
1128
1121
1125
1105
65
1041
52
989
974
963
1028
1083
1115
1153
1157
1153
1161
1134
37
1098
1085
1070
1056
1047
41
1007
998
1038
1049
1060
1066
1042
1070
1073
40
1033
1032
1042
1038
33
1005
991
1016
1024
1036
1057
1083
1123
1116
1114
1104
1085
1066
1041
61
981
957
960
1004
1055
1047
1031
1024
1061
1065
1077
1088
36
1053
1044
1065
1064
1052
35
1018
1029
66
964
955
952
934
966
983
968
996
1033
1050
36
1015
1010
1040
1040
1049
1043
1024
53
972
1003
1015
998
1002
1015
1031
1047
1038
1017
1038
1049
1046
1047
1029
1009
988
1005
1055
1070
1055
42
1014
40
975
986
1017
1027
1026
43
984
999
1000
1003
1004
32
973
35
939
918
951
1014
1034
1010
1042
1091
1094
1095
1069
1062
1039
35
1004
1017
1006
986
1006
1012
1021
1009
1015
1061
1077
41
1036
1018
1053
1051
1042
1030
1026
1018
27
992
28
964
27
938
988
1022
1023
1048
1030
1044
1034
1013
1043
1055
47
1009
1027
1036
1041
41
1000
1045
1061
48
1014
1017
996
1019
1076
1075
1089
1081
1073
1074
42
1032
1018
1028
1065
1062
36
1026
1056
1065
31
1035
1034
1057
1062
1044
1025
1062
1077
1055
1041
1059
1071
1053
28
1025
1054
1027
1006
1042
30
1013
1010
1038
1046
41
1006
1017
1016
1002
984
1030
1029
1028
44
984
971
996
1004
1008
1014
28
987
1008
1033
1059
1046
1033
31
1003
1009
1032
1014
30
985
991
1041
1055
1040
36
1004
1006
988
987
970
1018
994
1057
1082
1103
1086
1071
50
1021
63
959
982
28
954
1014
1058
1087
1132
1123
1120
1118
1115
1106
1090
1073
1061
1058
1038
1064
1059
1059
1049
52
998
1035
1029
1014
1007
1035
1054
44
1011
1056
1053
1039
48
991
1038
1049
1060
1056
1056
59
998
63
935
928
928
935
933
47
887
914
929
931
924
902
911
926
938
945
932
910
915
896
903
909
938
935
956
962
37
926
956
958
949
931
973
975
980
27
953
962
978
982
966
961
1000
1000
984
974
1012
1007
1009
45
965
1005
1002
987
963
992
993
38
955
963
989
972
951
980
984
968
964
981
978
956
975
983
969
949
972
995
27
968
964
1003
1004
40
965
979
1000
991
30
961
1004
992
981
977
1001
1009
28
982
964
999
1004
984
1001
1033
1030
40
990
1024
1037
1021
33
988
1003
1012
1006
982
980
994
1019
1028
1019
1020
1034
1025
31
994
972
1004
999
974
980
1002
1007
983
998
1017
1010
995
1017
1027
1031
49
982
1003
1036
1026
1013
1027
1016
1030
28
1003
985
1015
1033
1025
44
981
1036
1036
1015
995
1025
1020
999
997
27
971
999
1033
1046
33
1014
1016
1036
1025
39
986
978
977
967
29
939
945
954
983
961
989
1005
1005
42
963
991
993
997
30
967
1008
987
962
962
983
984
966
967
1001
986
29
957
960
981
975
953
951
997
981
1010
1038
1030
30
1000
1023
1029
1013
1000
1028
1019
1004
987
1018
1029
1023
1028
1028
32
996
1007
1006
1005
36
970
972
997
1001
35
967
984
991
1003
984
1008
1027
1017
37
981
1010
1012
994
977
980
1000
1001
976
988
1004
1014
46
969
986
1003
978
962
988
1000
30
970
999
1028
1023
35
988
990
1002
987
28
959
971
1002
1008
985
971
994
1018
1013
1005
1026
1036
1030
1007
1003
1028
1030
37
994
1009
1049
1041
30
1011
1011
1027
1013
27
987
999
1003
992
34
958
982
1006
1003
983
1002
1008
999
28
971
984
1008
1009
28
982
994
986
999
980
1014
1016
1023
37
986
1045
1025
1022
1000
1024
1032
1026
33
993
1015
1019
1014
993
981
999
1027
1025
1021
997
1004
1032
1048
1028
1013
1028
1016
992
1005
1025
1032
34
999
999
1024
1021
40
982
965
1018
1047
1070
1073
1067
1074
1066
1061
1040
1035
1067
1074
1073
1066
1049
1039
1049
1058
1063
29
1034
1027
1055
1060
1059
1058
1040
1065
1074
1071
1060
1053
1056
1055
1049
1023
1043
1054
1059
1043
1017
1052
1048
1031
1007
1041
1035
1030
1017
1018
1014
43
972
1004
1006
1006
983
967
1016
1012
995
978
1000
997
974
958
986
42
944
958
963
984
1000
1007
985
54
932
950
959
945
84
862
896
882
874
853
865
855
840
849
27
823
819
881
915
950
960
982
990
968
26
943
919
39
881
97
785
821
842
921
967
959
54
906
46
860
33
828
830
921
40
882
936
999
1039
1023
1015
1032
32
1000
63
937
1000
1055
1086
35
1051
1052
1092
1094
1089
1066
1077
1074
1081
1074
1051
1043
1057
44
1014
1021
38
984
958
39
920
938
960
955
949
27
922
949
944
35
909
920
920
32
889
870
925
1012
1072
1108
1147
1133
1151
1164
1149
1169
1183
54
1130
50
1081
46
1035
38
997
32
965
33
933
40
893
886
899
931
39
893
1125
1174
1200
1188
1228
1244
1216
1208
42
1167
57
1111
54
1057
31
1027
36
991
48
943
32
912
891
33
859
919
932
995
1167
1187
1194
1207
1224
1219
1246
1226
41
1185
36
1150
58
1092
48
1045
43
1003
38
966
36
931
49
882
920
1125
1117
1138
1161
1181
1181
1174
1176
42
1135
41
1095
38
1057
31
1027
1010
990
967
944
944
997
1095
1121
1145
1166
1193
1171
1167
1148
1122
1102
48
1054
40
1015
995
969
955
34
922
915
918
916
970
1038
1100
1109
1132
51
1082
1054
47
1008
1016
62
955
30
925
1012
1066
1093
1088
1080
1054
1052
1033
50
983
28
956
933
910
904
887
937
1010
1043
1041
1078
1079
1067
1044
1044
1053
1063
1053
1048
74
975
981
1016
1019
997
32
965
992
1005
1002
981
1033
1041
1065
1069
1043
1077
1083
43
1041
1018
1005
986
971
36
936
930
48
883
944
45
899
939
1019
43
977
980
1079
1083
1103
1109
51
1058
1091
1112
1105
1088
50
1039
1015
1038
1078
1113
1110
1111
1091
37
1055
1058
1075
1092
1104
1108
1105
1104
46
1058
1070
1096
1108
1104
1078
1051
1052
1081
1114
1095
1088
47
1042
1031
1064
1074
1055
1061
34
1027
1031
1048
1066
1065
1041
1040
1071
1076
1058
1061
1042
1019
1008
1029
1044
1059
1041
1018
1028
1048
1048
45
1004
1022
1044
1038
1031
29
1002
1021
1062
1081
37
1044
1037
1083
1075
1051
1033
1048
1049
1040
36
1004
1030
1041
1031
1008
1041
1061
1059
41
1019
1020
1038
1061
1052
39
1014
1009
1029
1024
1020
29
992
995
1036
1052
1042
1022
31
991
1007
994
992
1024
1055
1031
1023
1048
1051
30
1022
1023
1051
1047
28
1019
1025
1051
1048
1031
1016
1038
1061
1051
1030
1050
1056
1040
1027
1052
1040
1042
1025
1012
1026
1041
1047
1061
1050
1051
1032
1069
1075
1085
1072
1069
1046
1041
34
1007
1002
36
967
974
1010
1039
1022
1008
999
1022
1016
1014
1014
1001
29
973
995
1020
1018
1028
36
992
1004
1018
1024
1031
1031
1028
1003
1012
1031
1036
1026
43
983
1014
1020
1022
1015
1038
1053
1049
37
1013
1014
1027
1016
1008
1000
978
958
983
1024
1030
1013
1041
1070
1079
1070
1046
1060
1069
1068
1066
45
1021
1025
1045
1043
1041
1019
1035
1046
1064
1045
1041
1068
1074
38
1036
1027
1061
1049
1033
33
1000
1021
1039
1033
1008
1004
1027
1027
1009
998
1008
1044
1050
1046
1035
1015
1015
1034
1045
1039
1041
1019
1029
1047
1055
1053
1039
1024
1027
1031
1039
1024
1016
992
1015
1041
1043
1054
1029
1039
1015
1009
1018
1032
1029
28
1002
1012
1044
1042
1026
1003
1011
1026
1013
1024
34
991
1010
1015
1012
990
985
1010
1006
32
975
973
1028
1041
1038
1024
1000
1005
993
980
982
975
973
978
982
962
972
1010
1019
1018
1005
996
993
984
1002
1022
1018
995
1006
1017
1026
1026
1009
1017
1009
1000
981
976
988
1007
1000
1009
1000
1028
1049
1048
1043
1039
31
1008
1010
1010
1013
1008
985
994
1017
1015
995
1003
1011
1019
1001
1002
1020
1012
1011
1016
1000
991
1006
1010
1011
30
982
996
1016
1008
985
1006
1016
42
974
996
990
32
958
983
975
35
940
918
919
957
978
62
916
945
955
959
957
28
929
48
881
863
873
858
859
836
830
830
835
839
836
864
895
926
906
916
932
958
956
946
78
868
885
915
981
57
924
27
898
878
876
38
839
26
814
811
808
789
779
794
774
763
779
785
29
757
771
774
22
752
761
775
772
792
815
825
809
803
797
795
22
774
790
785
764
774
782
23
759
749
768
752
741
761
743
737
746
734
727
717
709
710
705
697
712
708
708
725
715
711
715
713
712
712
711
713
700
716
697
679
684
673
662
661
656
655
640
654
649
653
642
648
643
634
639
636
640
633
647
644
643
651
643
651
647
650
660
650
653
662
656
662
19
643
646
642
646
639
645
635
633
633
628
625
623
617
619
614
627
620
624
625
627
630
631
635
630
632
634
647
19
629
634
633
618
612
609
613
604
600
607
606
600
612
611
603
599
602
616
18
598
602
606
611
600
617
611
610
608
608
598
599
598
596
602
595
602
591
597
588
598
589
591
585
588
581
585
583
587
582
593
581
585
584
586
583
579
585
598
606
616
625
635
632
643
635
654
659
651
657
651
651
684
682
39
644
685
889
891
905
884
28
856
904
967
998
988
85
903
99
804
798
51
748
32
716
741
1035
74
961
979
957
120
837
827
26
801
47
754
739
790
771
776
857
904
81
823
897
51
847
868
58
810
932
956
30
926
64
863
854
1110
1108
1094
173
922
935
956
52
904
883
950
52
899
883
49
835
820
892
75
818
831
903
75
828
835
1006
1145
1130
47
1084
75
1010
985
68
918
77
842
904
1151
35
1116
1133
1145
49
1097
44
1053
32
1022
1005
48
958
944
1013
1066
1085
1086
1093
1081
1056
1032
1017
55
963
970
967
36
932
913
933
930
966
961
1008
996
139
857
875
876
860
926
1094
117
978
86
893
878
936
1036
1134
31
1103
1127
40
1088
37
1052
1035
59
977
29
948
62
886
47
840
943
1145
31
1115
1144
1158
1170
1149
1121
1112
1106
1088
1080
44
1036
34
1002
31
972
1010
1081
1104
1127
1102
38
1064
1110
1104
1083
1065
34
1031
1005
47
959
65
895
897
933
1007
1041
1067
1074
1062
1056
1061
1042
1041
1042
1040
28
1012
1015
992
967
961
55
907
883
894
962
1075
53
1023
1022
82
940
1007
1086
1079
1072
1095
33
1063
1077
42
1035
1008
28
981
64
918
52
867
881
962
1066
1105
1086
1116
1125
1132
1141
1153
1143
1121
40
1081
1073
32
1041
56
985
35
951
927
946
981
1051
1096
1089
1084
1108
1114
1095
1106
1107
47
1061
1037
1022
104
919
61
859
25
834
27
808
22
787
835
1045
1021
1049
1085
1098
36
1062
1078
1114
1099
1078
33
1045
1060
1057
1060
36
1025
1039
1077
1082
1088
38
1051
1077
1102
1098
1084
1072
1070
50
1021
1032
1035
1021
998
1054
1081
52
1029
42
987
1034
1041
36
1006
1008
1060
1044
38
1007
1027
1059
52
1008
33
975
980
1028
1075
1100
1141
52
1090
1071
1047
51
997
55
942
959
1005
994
976
961
984
1018
1065
1086
1117
1160
1166
1173
35
1138
1120
1092
36
1057
29
1029
1044
1043
1049
37
1013
1053
1062
1043
1034
1072
1064
38
1026
1045
1051
31
1020
1019
1028
1036
29
1007
1015
1028
1021
997
1019
1045
1050
1071
1065
1063
40
1024
999
973
993
1000
1059
1102
1102
1110
1094
1102
1100
1090
1077
37
1041
1017
43
974
29
946
921
958
982
1009
1087
1064
1068
1086
1067
1065
28
1038
1023
56
967
946
931
946
972
1016
1043
1061
1076
1067
1079
1072
1057
1036
1012
997
29
968
965
976
1002
1030
1045
1068
1074
1092
1089
1080
1096
1097
1088
1071
1061
49
1013
29
984
985
1030
1072
1052
1027
1059
1085
46
1040
1079
1058
46
1013
39
975
976
29
948
947
31
916
923
909
918
916
914
539
375
2983
3999
3999
3999

