26-08-2022 - 9:48 - Correr
Luisa Cifuentes
Intervalos entre latido y latido
1025
61
964
42
923
50
874
898
898
908
932
1286
266
1020
81
939
915
905
892
893
875
1203
152
1052
105
947
47
901
889
1188
217
971
72
900
51
849
858
41
817
818
1103
171
932
76
857
49
808
800
818
1124
192
932
73
860
847
910
1188
232
956
78
878
869
949
1173
181
993
88
905
893
902
914
946
1127
43
1085
121
965
34
932
910
902
889
904
1437
421
1016
120
897
875
876
883
891
879
874
1194
140
1054
110
945
47
898
35
864
890
1221
222
1000
67
933
29
905
881
879
1203
152
1051
102
950
51
899
32
867
886
1237
207
1030
120
911
890
877
875
866
861
883
1244
233
1011
96
916
29
887
38
849
833
842
36
807
837
1145
164
982
100
882
872
856
865
866
29
837
878
1197
190
1007
69
939
38
901
36
866
855
1219
209
1011
83
929
50
879
874
872
865
1208
208
1001
68
934
45
889
876
879
1176
142
1034
89
945
40
906
888
899
1145
123
1023
86
937
26
912
900
893
902
27
875
914
1196
183
1013
62
952
33
919
47
873
877
888
879
883
1236
237
1000
48
953
40
913
34
879
882
890
872
868
1186
167
1020
76
944
926
29
898
902
1214
193
1022
72
951
40
911
887
889
1171
128
1044
98
947
53
894
35
860
874
1198
165
1034
100
934
28
906
892
901
1183
155
1029
81
948
51
898
885
910
1178
192
987
68
919
50
870
864
884
1248
228
1020
112
909
894
881
903
1142
117
1026
65
961
40
922
43
880
871
1185
158
1028
92
936
50
886
887
898
1410
435
975
80
896
895
930
1170
189
982
48
934
922
25
897
909
1220
194
1027
67
960
38
923
28
896
877
1255
216
1040
82
958
38
921
901
880
1180
167
1014
66
949
925
55
871
877
899
1000
1142
196
947
37
910
906
883
1171
161
1011
94
918
28
891
36
855
859
1163
158
1005
65
941
27
914
44
871
875
882
1425
378
1048
182
867
872
886
893
1416
414
1003
106
897
888
875
893
1173
186
988
53
935
912
905
907
924
1174
171
1004
66
939
41
898
897
898
1203
172
1031
79
952
61
891
883
904
1182
167
1016
61
955
44
911
888
891
1195
196
999
55
944
43
901
881
881
1264
251
1014
100
915
32
883
873
881
1178
183
996
61
935
914
891
876
1147
112
1036
104
932
42
890
38
853
864
1159
129
1030
100
930
39
892
25
868
864
1111
102
1009
77
933
43
891
874
852
1112
101
1011
79
933
56
877
25
853
870
1386
426
961
90
872
1146
130
1016
86
931
42
889
24
866
851
1169
177
993
69
924
29
896
878
883
1177
157
1021
81
940
28
913
890
873
1189
153
1037
89
948
38
910
896
921
1141
127
1014
74
941
923
1369
329
1040
124
916
984
1198
183
1015
66
950
27
923
934
1009
1148
162
986
60
927
906
898
1439
450
990
95
895
1195
190
1006
108
898
41
858
27
831
833
1125
176
950
77
874
27
847
27
820
818
1115
159
956
104
852
32
821
813
826
884
1018
90
929
89
841
25
816
36
781
1015
98
918
89
830
39
791
786
1003
143
861
56
805
22
784
769
23
747
927
54
873
100
773
753
946
85
861
41
820
71
750
781
894
65
829
61
768
34
735
897
80
818
803
72
732
830
42
788
779
781
57
724
813
38
775
782
37
745
786
776
765
93
673
803
785
37
748
750
741
741
738
724
725
728
726
711
711
701
720
701
708
703
706
711
704
690
718
718
710
703
713
711
713
709
691
703
710
720
718
709
691
709
700
682
702
696
680
697
693
674
698
690
682
676
674
672
685
676
666
679
678
662
661
674
668
656
662
666
21
646
655
650
653
649
642
644
655
20
635
637
640
637
639
639
642
638
631
632
636
638
635
633
630
632
638
633
629
641
636
630
627
634
634
627
638
631
627
627
628
628
625
629
620
622
624
625
617
618
617
614
611
618
620
611
618
618
615
628
629
639
651
652
658
653
661
695
40
655
686
715
20
696
707
736
747
740
764
759
50
710
870
157
713
731
746
733
32
701
917
91
827
59
768
30
739
734
996
124
873
83
790
777
785
1001
163
839
68
772
761
1011
171
841
38
804
23
781
768
985
128
857
60
798
25
774
788
983
122
862
42
820
32
788
821
1030
192
838
69
770
762
1178
352
827
55
772
791
1041
135
906
68
839
827
812
1065
148
917
71
847
833
889
1116
217
899
37
862
40
823
855
1136
221
916
64
852
850
1188
268
921
37
885
875
32
843
1128
185
944
71
873
868
857
30
827
946
1181
269
913
28
885
39
847
869
1369
414
955
101
854
875
912
1167
179
989
92
898
889
889
874
900
904
27
877
934
1204
191
1013
94
919
921
40
882
881
1207
200
1007
62
946
39
907
33
874
891
874
880
904
26
878
907
931
30
902
1216
229
988
85
903
56
848
27
821
817
805
812
808
789
800
824
1064
160
904
68
836
39
798
25
774
768
979
83
897
54
843
822
37
785
764
769
1081
163
918
127
792
50
743
1007
73
934
137
798
794
1072
153
919
117
803
805
897
907
66
841
896
896
890
871
38
833
838
1063
152
912
67
845
33
813
33
780
788
1063
143
921
72
850
53
797
781
784
778
1050
135
916
108
808
794
38
757
780
820
889
884
46
839
49
791
776
756
756
979
103
876
57
820
42
779
1013
131
883
64
819
802
785
797
829
1138
222
916
102
814
805
824
808
1135
209
927
54
874
37
837
816
839
1122
143
979
84
895
57
839
24
816
819
823
820
818
830
1143
153
990
107
883
866
845
831
820
814
822
833
832
831
852
867
1267
245
1023
98
925
68
858
868
865
884
24
860
884
1238
218
1021
87
934
967
953
39
914
934
935
967
994
1271
194
1077
77
1000
1004
1086
1067
1053
42
1011
997
996
43
953
1323
209
1115
138
977
973
988
972
29
944
972
949
33
916
954
953
26
927
1342
311
1032
48
984
967
43
925
26
900
899
1291
284
1008
59
950
936
47
889
877
865
877
900
1233
210
1024
79
945
922
37
885
875
858
867
878
1253
226
1028
74
954
62
892
47
846
848
854
860
854
1240
238
1002
69
934
39
896
27
869
864
869
852
851
1255
249
1007
107
901
28
873
858
849
1296
290
1007
102
906
889
31
859
864
876
859
936
1207
214
993
65
928
37
892
870
899
892
29
864
846
858
1274
270
1005
89
916
55
862
855
867
855
858
881
882
882
1237
175
1062
141
921
900
895
25
870
891
870
897
1285
236
1049
127
923
26
897
888
35
853
1186
187
1000
72
928
36
892
25
868
857
1271
270
1002
91
912
56
856
870
876
26
851
848
1171
209
962
50
913
52
861
854
916
1140
180
961
72
890
882
878
863
857
1182
156
1027
94
933
59
874
872
885
1229
204
1026
73
953
68
885
882
886
864
882
897
1290
241
1049
99
951
72
879
889
914
954
1229
137
1092
166
927
61
867
861
886
43
844
853
1186
187
1000
70
931
33
898
880
870
1199
213
986
89
897
1281
206
1075
183
892
41
852
866
860
880
1206
205
1001
73
929
50
880
871
904
1178
204
974
71
904
50
854
857
842
1187
218
970
54
916
35
881
866
868
1205
232
974
55
919
912
25
887
883
1217
213
1004
57
948
64
885
901
936
1205
223
982
62
921
900
32
868
857
1250
216
1034
83
951
48
903
34
869
875
912
1349
302
1048
147
902
945
1216
222
994
81
914
899
896
886
866
1214
189
1026
108
919
918
918
32
887
1324
287
1037
98
939
56
884
913
1202
193
1009
79
931
908
983
1262
265
998
67
931
919
907
908
1295
258
1038
96
942
31
911
888
890
1259
250
1010
64
947
45
902
40
863
883
1268
235
1033
84
949
67
883
903
1267
227
1040
103
937
918
913
923
1240
207
1033
88
945
33
912
36
877
1301
280
1022
90
933
30
903
926
907
1233
212
1021
103
918
900
25
876
890
1246
243
1004
75
929
32
898
877
890
909
1290
260
1030
111
920
36
884
873
867
1221
196
1026
98
929
42
887
879
861
1234
215
1019
84
936
37
900
29
871
864
866
867
1261
266
995
83
913
898
886
865
1294
288
1007
88
920
36
885
881
859
866
856
855
849
855
1272
297
975
73
903
37
866
866
872
869
875
1273
284
989
86
903
885
892
891
1371
352
1019
144
875
866
860
850
836
1200
243
958
75
883
860
859
860
847
1198
199
999
92
907
30
878
870
868
1276
301
975
68
908
886
868
1286
274
1012
90
923
46
877
876
895
31
865
992
988
70
919
33
886
37
850
864
1199
207
992
94
898
28
871
870
1246
279
967
72
896
879
861
862
1179
263
917
51
867
24
843
876
1170
243
927
53
875
27
849
892
1172
245
928
70
859
849
1135
209
927
63
864
31
834
840
1197
213
985
86
899
35
864
850
1243
247
996
96
901
48
853
837
849
868
1175
214
962
71
892
34
858
859
851
1340
401
939
77
863
847
860
1162
186
976
66
911
50
861
885
1180
187
994
100
894
48
846
842
844
1331
416
915
62
853
845
853
885
1169
221
949
70
879
44
836
862
1143
183
961
93
869
40
829
24
805
809
806
1109
177
932
62
871
850
853
855
1233
292
941
75
866
850
853
872
1173
240
934
61
873
870
919
1161
237
924
44
881
25
857
850
1219
252
968
66
903
881
887
913
942
1031
79
952
71
881
878
1370
376
994
137
857
884
1208
225
983
56
928
1364
261
1103
1253
127
1127
249
879
36
844
1137
235
903
53
850
836
868
1109
206
903
55
848
830
838
1123
191
932
57
875
875
932
1133
218
916
893
1351
357
995
73
922
1173
231
943
33
910
929
1186
218
969
74
895
41
855
841
1205
222
983
89
894
25
870
886
950
1227
258
970
76
894
41
854
858
1259
287
972
72
901
879
894
1164
164
1000
109
892
41
852
862
913
1184
230
955
81
874
854
887
1183
177
1007
102
906
60
846
852
864
1347
403
945
79
866
848
841
29
813
838
1136
202
935
51
885
863
844
862
1216
266
951
82
869
858
847
854
1228
223
1006
131
876
31
846
824
830
857
1155
189
966
69
898
916
1398
435
963
60
904
885
887
1278
294
984
65
919
900
903
1247
237
1010
85
926
921
926
1205
192
1013
96
918
899
880
879
1252
254
999
53
946
1382
295
1088
131
958
1300
300
1001
105
897
889
907
1237
230
1007
74
934
39
896
892
920
1238
226
1012
78
935
932
1428
404
1024
118
907
890
897
1189
169
1021
92
929
40
890
876
1203
206
998
85
913
38
875
859
871
1219
247
973
93
880
861
872
1291
323
968
82
887
46
841
846
1166
193
974
74
900
879
34
846
890
1173
218
956
64
892
880
914
1208
270
938
44
895
886
936
1184
223
962
65
898
879
1369
379
990
91
900
30
870
1183
191
993
76
917
28
890
892
1393
418
976
80
896
883
1219
218
1002
100
903
28
875
860
1205
232
973
77
896
26
871
875
960
1168
210
959
83
877
869
876
1141
210
932
62
870
865
870
1181
235
946
46
901
29
872
927
1208
260
949
46
903
52
851
853
1225
266
960
106
855
841
827
841
1151
210
941
66
876
861
863
1232
263
970
75
896
897
1405
442
964
73
892
872
1168
202
967
77
891
871
863
867
1194
193
1001
92
910
37
874
856
856
1008
1081
138
943
35
909
919
946
1218
230
989
85
904
885
890
1199
218
981
67
914
36
878
861
875
1213
237
977
61
916
37
879
902
1233
247
987
78
909
34
875
901
1166
211
956
75
881
864
28
837
873
1223
284
939
53
887
25
862
1204
254
950
55
895
877
976
1129
214
916
38
879
1343
398
946
99
847
1201
233
969
132
837
817
857
1101
186
916
72
845
828
846
1125
204
921
56
866
27
839
838
1193
281
912
59
853
864
1261
297
965
58
908
897
875
1223
228
996
101
895
888
900
1235
226
1009
94
916
38
879
900
1183
183
1001
103
899
878
877
1289
311
978
74
904
893
882
1210
211
1000
93
908
26
882
879
1244
214
1030
110
920
35
886
873
874
1220
249
972
90
882
868
873
854
1167
178
990
100
890
875
875
881
1217
262
955
53
902
27
876
867
1242
242
1000
98
902
886
896
1335
358
978
103
875
895
1205
242
963
89
874
49
826
827
1130
178
953
91
862
50
812
831
1160
216
944
80
864
866
917
1138
175
963
63
901
37
865
1390
415
975
126
850
1196
226
970
87
884
37
847
827
1087
130
958
65
893
35
859
32
827
832
870
1100
117
984
113
871
857
857
844
1140
179
961
61
901
885
875
868
1442
484
958
96
862
871
1253
260
994
76
918
901
29
873
1275
301
974
75
900
879
893
1213
238
976
71
905
27
878
865
860
1262
270
993
99
894
880
877
914
1219
252
968
74
895
24
871
897
1224
228
996
89
907
884
1366
384
983
106
877
864
890
1224
251
973
66
908
885
865
1142
175
968
60
909
34
875
859
860
1191
209
983
76
907
43
864
846
846
1183
204
980
98
882
40
843
841
833
879
1140
225
916
65
852
836
901
1117
210
907
44
863
30
833
828
1173
240
933
64
870
857
856
1192
218
974
76
899
46
853
859
1220
270
951
68
883
863
863
1136
179
957
53
904
28
877
859
889
1172
246
926
49
878
1358
452
906
884
1239
297
943
75
868
33
835
986
1120
209
911
60
851
842
1090
173
918
66
853
24
829
878
1147
227
921
48
874
873
888
1397
452
946
46
900
1231
230
1001
85
917
43
875
866
853
865
1098
172
927
50
877
859
840
855
1212
287
926
57
870
1336
372
965
73
892
1386
400
987
73
914
959
1231
234
997
87
911
893
875
861
872
870
883
947
1196
244
952
53
899
32
868
870
1164
207
957
78
879
25
855
834
866
1146
181
965
60
906
890
879
1270
261
1009
99
911
33
878
868
929
1197
196
1001
76
926
32
895
875
869
1158
189
970
82
888
38
851
853
1200
247
953
69
884
29
856
843
843
993
980
83
898
40
858
841
1295
372
924
89
836
820
1277
363
915
68
847
34
813
810
1281
402
880
37
843
833
1183
258
926
63
864
856
1339
446
894
37
858
27
831
1108
165
943
62
882
867
868
959
1124
183
941
42
899
25
875
886
1252
258
994
84
911
889
902
950
1199
197
1002
85
918
39
880
30
851
1244
275
970
80
890
26
865
862
874
1351
416
936
71
866
1227
247
980
83
898
48
850
845
1274
314
961
69
893
871
885
875
1244
251
993
111
882
873
855
1341
384
958
84
875
854
876
1083
146
937
71
867
849
867
1121
178
943
57
886
36
851
918
1083
168
916
892
1358
331
1027
1272
270
1002
112
891
1182
218
964
84
881
872
850
843
1197
171
1026
113
914
31
883
882
870
1216
235
981
62
920
904
891
1375
385
991
100
891
869
859
841
1169
187
983
87
896
877
864
868
1157
160
997
103
894
41
854
25
829
833
1176
220
957
67
890
875
882
888
1368
426
942
72
871
1221
263
959
56
904
889
877
1195
179
1017
83
934
39
896
879
874
888
1342
342
1001
118
884
873
1228
216
1013
87
927
31
896
875
1222
210
1012
93
920
37
884
878
870
1337
341
997
128
869
1239
265
974
75
900
882
884
914
1222
252
971
61
910
903
937
1239
263
976
59
918
38
881
874
893
1163
179
984
110
875
29
846
880
1105
169
937
67
870
27
843
884
1158
222
936
63
874
30
844
831
824
1288
396
892
42
850
25
826
851
1174
246
929
41
888
27
862
946
1184
266
919
64
856
840
850
867
1202
260
942
64
879
870
867
856
876
1179
209
971
64
907
27
881
891
1415
439
976
107
870
866
1243
250
993
78
915
31
884
38
847
854
1204
245
959
62
898
25
874
30
844
856
1210
229
982
117
865
850
23
827
830
1169
203
967
56
912
32
880
884
891
885
1232
233
1000
84
916
35
882
865
1224
191
1033
111
922
44
879
872
1224
218
1007
90
918
31
888
875
1370
400
970
91
880
41
840
822
833
1151
208
943
61
883
863
878
1148
168
980
65
916
42
875
882
864
913
1240
282
958
61
898
1352
385
968
112
857
837
838
1083
119
964
94
871
24
847
23
825
871
1167
265
903
34
869
892
1205
264
941
55
886
27
860
1168
179
990
100
891
876
1363
420
943
34
910
1006
1244
275
969
66
904
901
890
912
1256
276
981
88
893
873
864
1294
330
965
70
896
39
857
872
1213
243
971
68
903
29
875
874
920
1165
212
953
52
901
891
1218
252
967
74
893
35
859
850
890
1166
216
951
57
895
889
1201
197
1004
111
894
879
873
1318
362
957
85
872
865
863
1225
254
972
75
898
26
872
26
846
847
1254
248
1007
117
891
27
865
859
1168
233
936
55
882
876
24
852
866
875
997
1053
145
909
28
881
869
917
1283
312
971
74
898
887
871
1194
209
986
82
904
883
875
884
893
1372
401
971
53
919
1291
257
1034
108
926
34
893
900
1365
393
972
80
893
875
875
1273
274
1000
80
921
915
953
1262
273
989
100
890
26
864
878
1232
232
1000
90
910
888
33
856
866
1250
271
979
79
901
32
869
863
1238
263
975
72
904
53
851
849
1229
261
969
70
899
881
877
878
883
1214
253
962
62
901
28
873
884
1228
255
974
85
889
37
853
853
857
1330
316
1014
151
864
846
974
1024
104
920
47
874
854
857
1149
164
985
82
904
46
858
864
875
1190
233
958
69
889
24
866
875
1184
215
969
59
911
49
862
880
1071
1046
138
909
993
1223
256
968
72
896
50
847
902
1194
207
987
95
892
876
890
1397
443
954
85
869
868
1390
445
946
74
872
1286
296
991
99
892
34
858
866
889
1219
173
1046
122
925
910
948
1246
239
1007
90
918
42
877
893
900
1408
444
964
54
911
888
869
1404
459
945
70
876
867
869
859
882
1169
177
993
88
905
889
891
907
1191
155
1036
141
896
34
862
842
869
1162
218
944
59
886
867
910
1256
288
969
70
899
1383
334
1049
127
923
1175
183
993
98
895
35
861
24
837
1186
187
999
91
908
57
852
859
1155
126
1030
107
923
971
1239
219
1020
87
933
31
903
925
1229
228
1001
84
918
47
872
888
901
1037
1093
83
1010
72
939
42
898
889
1291
246
1045
124
922
36
886
169
718
956
1183
204
980
85
895
41
854
41
814
830
1092
178
914
81
833
812
834
1058
132
926
84
843
833
1070
104
966
112
855
40
815
1215
298
918
94
825
832
838
1072
201
871
56
815
1116
182
934
119
815
28
788
788
930
963
125
838
49
790
1162
256
906
113
794
812
1058
209
850
37
813
958
948
93
855
42
814
27
787
819
1066
199
868
56
812
800
1108
205
904
83
821
816
1086
142
945
101
844
24
821
1201
276
925
81
845
919
985
105
881
42
840
1275
374
902
66
836
882
1104
212
892
60
833
816
825
1074
158
916
71
846
30
817
829
1133
226
908
78
830
1254
383
872
48
824
820
904
963
85
879
26
854
847
841
1131
156
975
90
886
878
1130
101
1029
125
905
42
863
1413
491
922
39
884
873
888
931
1202
173
1030
102
928
30
899
912
943
49
894
1253
201
1053
100
954
32
922
913
924
1315
267
1049
108
942
33
909
919
929
33
897
909
1271
233
1039
68
971
958
41
917
915
1327
271
1056
99
957
936
928
907
1290
242
1048
91
958
40
918
906
900
916
905
1246
175
1071
141
930
34
897
888
945
1225
223
1003
66
938
50
888
893
1327
322
1006
49
957
30
927
43
885
902
939
1013
1237
232
1006
67
939
39
901
913
930
914
930
1267
256
1011
78
934
917
43
875
891
1305
267
1039
87
952
36
916
907
911
25
886
926
1293
305
989
57
932
27
906
905
1364
349
1016
106
910
46
864
862
1207
229
978
75
903
46
858
844
889
1121
196
926
40
886
151
736
912
1130
216
914
81
833
27
807
793
1056
146
911
77
834
32
803
791
1047
119
929
101
829
812
797
1103
134
970
137
834
24
811
1091
119
973
138
836
823
1054
96
958
96
863
47
817
826
1061
154
908
62
846
31
816
831
1079
163
916
86
831
825
1175
236
940
117
824
31
793
1047
115
933
91
842
822
862
1101
212
889
61
829
28
801
797
1096
179
917
94
824
30
794
846
1074
213
861
45
817
1289
397
892
63
830
828
835
1092
156
936
65
872
41
831
828
838
973
990
61
929
39
891
39
852
842
854
868
1182
164
1019
147
872
853
872
1161
132
1029
124
905
70
836
833
1138
181
957
84
873
852
27
826
813
1097
181
916
54
863
843
37
806
807
1069
161
908
82
826
29
797
855
930
64
866
40
826
40
787
777
771
1018
101
917
93
825
803
810
1067
154
913
54
859
836
1120
160
960
86
875
32
843
1174
225
950
89
861
840
1096
129
968
97
872
42
830
853
1089
111
979
105
875
37
839
845
1089
163
927
88
840
831
875
1148
240
908
62
846
850
1123
151
972
116
856
51
806
820
1279
353
926
81
846
29
817
827
1153
201
952
83
869
49
821
829
1185
233
952
91
862
33
829
820
823
870
1105
145
960
94
867
847
858
1133
194
940
59
882
60
822
827
821
809
901
931
42
890
57
833
818
833
1021
71
950
103
847
37
811
793
791
1051
181
871
61
810
27
784
771
999
95
904
93
812
36
776
774
1033
163
870
74
796
1020
120
901
80
821
62
759
1007
166
842
63
780
759
875
881
78
804
22
782
853
912
94
818
37
782
884
917
86
831
38
794
885
928
60
869
53
816
813
1062
146
916
94
822
801
1092
169
924
75
850
32
819
804
1067
105
962
100
863
844
830
827
1190
219
972
96
876
856
856
1215
235
981
103
878
38
841
847
1169
203
967
51
916
27
890
874
871
1028
32
996
104
893
54
839
830
857
1057
125
933
89
845
823
821
1059
108
951
118
834
28
807
802
1085
153
933
83
851
38
813
803
1060
108
953
100
853
53
800
784
1074
160
915
65
850
828
23
805
1059
146
914
59
855
45
810
814
1102
175
928
71
857
46
812
829
1130
229
902
46
857
36
821
835
1120
210
910
58
853
832
829
1150
206
945
70
875
31
845
866
1145
179
966
79
888
29
860
842
1168
202
967
85
883
864
863
858
891
1169
234
936
53
883
864
869
1251
272
980
69
911
27
884
873
1240
245
995
91
904
890
895
890
1366
387
980
89
891
25
867
869
894
1261
267
995
81
914
39
875
887
1272
255
1018
114
904
880
889
1338
353
986
74
912
896
1025
1068
81
987
59
929
25
904
911
1166
175
992
65
927
53
875
869
882
1369
367
1002
102
901
901
927
1269
293
977
47
930
909
34
875
1247
206
1041
119
922
900
899
891
895
1255
248
1008
104
905
29
876
890
868
887
1258
260
999
78
921
31
891
875
1264
235
1029
109
921
38
883
885
880
1251
215
1037
115
922
904
883
869
877
875
1199
184
1015
110
906
885
34
852
854
1239
260
979
73
907
890
874
869
1235
254
981
75
906
25
882
875
868
903
1210
204
1007
93
915
45
870
855
1254
235
1020
121
900
40
860
864
849
876
1271
278
994
78
916
34
882
875
1286
274
1012
106
906
885
876
870
882
899
1421
347
1075
181
894
915
1310
286
1025
113
912
34
878
878
875
895
1267
246
1021
100
922
44
879
874
856
858
843
856
1159
195
964
83
882
862
845
870
1185
201
984
72
913
26
887
887
1141
153
989
84
905
42
863
847
857
1318
386
933
72
861
845
1066
43
1024
102
922
50
873
35
838
829
1132
178
955
75
880
36
845
829
828
1137
210
928
87
841
27
815
818
1069
120
949
81
868
36
833
816
825
1079
163
916
55
862
28
835
828
1075
145
930
77
853
834
830
1117
203
914
67
847
845
1123
170
953
63
890
868
853
1166
193
974
82
893
896
1221
202
1019
109
911
32
879
878
862
887
1099
1112
157
956
58
898
887
867
887
865
861
1271
251
1021
106
915
27
888
885
877
975
1239
278
962
48
914
905
962
1243
243
1000
65
935
34
901
881
897
1416
342
1075
206
869
871
1223
221
1002
57
946
65
881
871
888
867
1225
210
1016
89
927
46
882
884
906
1365
339
1026
120
907
36
871
888
937
1200
165
1035
100
935
32
904
890
900
1374
350
1024
128
897
887
891
1362
344
1019
106
913
37
876
896
1210
217
994
56
938
48
890
874
882
1243
233
1010
73
938
26
912
897
1242
228
1014
72
943
928
908
40
868
1262
229
1034
111
923
37
887
899
889
880
917
1366
339
1028
112
916
921
1278
245
1033
93
940
63
878
869
888
877
878
917
1290
293
997
57
940
34
907
33
874
887
909
902
1285
256
1029
118
912
28
884
893
33
860
875
1318
293
1026
108
918
902
887
865
886
919
1414
437
977
65
913
37
876
882
910
1196
180
1016
67
950
72
878
38
841
25
816
847
1152
182
971
55
916
43
874
33
842
852
1167
189
979
58
921
38
884
33
852
871
1189
213
976
53
924
61
863
870
912
1157
164
993
111
882
878
870
1203
187
1016
110
907
39
868
856
858
1136
130
1007
89
919
46
874
39
835
839
1199
218
982
76
906
31
875
41
835
894
1191
246
945
58
887
877
1150
82
1068
162
907
37
870
880
1168
122
1047
132
916
59
857
869
900
936
1039
79
960
80
881
868
871
31
840
854
1373
376
997
130
867
1169
212
958
32
926
34
893
26
867
884
1168
192
977
36
942
58
884
873
24
849
1131
150
982
78
905
891
1349
284
1065
1285
269
1016
126
890
1269
268
1002
86
916
41
875
869
885
1323
320
1004
101
903
29
875
889
1176
123
1054
140
915
55
860
955
1189
207
983
64
919
33
887
1375
397
979
88
891
898
1213
215
999
77
922
908
26
882
885
1219
200
1020
100
920
901
895
1199
137
1062
147
916
41
875
885
1150
139
1012
137
875
862
877
1153
100
1053
163
891
876
1366
354
1012
128
885
912
1140
183
958
49
909
38
871
880
909
1144
166
978
99
880
875
884
1140
89
1051
138
914
41
873
875
1167
235
933
54
880
896
925
1027
113
914
59
855
871
1003
1001
97
905
37
868
863
1155
230
926
75
851
867
1147
231
916
49
868
28
841
1312
417
896
67
829
1193
256
937
56
881
871
872
1188
197
992
76
916
54
862
878
1211
200
1012
75
938
54
884
870
1245
230
1015
103
913
891
892
26
866
1181
179
1003
105
899
883
889
1197
154
1043
113
931
62
870
852
916
1218
224
995
71
924
28
897
41
857
868
1234
230
1004
77
928
905
884
862
1223
179
1045
114
932
31
902
888
925
1195
187
1009
105
904
26
879
867
882
1190
183
1007
94
914
39
875
876
929
1177
181
996
74
922
54
869
856
894
1173
191
983
65
919
902
48
854
863
1212
245
968
46
922
910
37
873
870
1202
195
1008
68
940
65
876
889
904
1201
226
975
75
900
897
945
1147
163
984
70
914
38
877
876
30
847
1183
195
989
88
901
878
879
874
1134
138
997
72
925
56
870
856
862
1203
203
1000
53
947
1423
337
1087
1375
232
1144
190
954
1337
286
1052
125
928
916
922
1286
273
1014
70
944
40
905
881
875
886
923
1164
146
1018
59
960
67
894
882
903
1245
202
1044
118
927
48
879
867
1177
183
995
78
917
60
858
862
856
862
1132
139
993
90
904
35
869
25
844
32
813
1131
169
963
58
906
40
866
46
820
847
1142
213
930
43
888
32
856
842
828
1098
156
942
93
850
831
1244
360
884
53
832
1082
176
906
78
828
1109
183
926
74
853
858
866
904
1113
176
937
40
898
893
31
863
1183
157
1027
108
919
32
888
904
1240
248
992
73
919
29
891
26
866
858
855
1394
413
982
100
882
875
861
856
1224
187
1037
98
939
67
873
854
856
1238
242
996
77
919
29
891
46
846
868
1208
205
1003
76
928
908
886
886
1258
214
1045
92
953
64
890
901
906
25
881
1263
195
1068
148
921
35
887
916
39
877
924
1293
295
999
83
916
34
883
862
917
1202
177
1025
102
924
29
895
875
28
848
1248
248
1001
80
921
45
877
875
1245
240
1005
95
911
44
867
25
843
846
893
1157
190
967
56
912
890
1333
280
1053
126
928
963
1426
427
999
38
961
1341
289
1053
45
1009
62
948
941
1307
237
1071
81
990
45
945
937
916
1310
252
1059
84
975
56
920
28
893
900
1269
248
1021
41
981
54
927
40
888
903
1283
214
1069
114
955
930
56
875
922
1300
264
1037
93
944
920
39
882
895
1198
197
1002
125
878
33
846
1132
207
926
53
874
45
829
111
718
1149
243
906
46
860
32
829
818
1078
126
952
118
834
34
801
960
55
906
80
826
814
885
928
98
830
30
800
1218
378
841
51
791
1061
182
879
107
773
800
944
123
822
59
763
835
887
70
817
41
777
25
752
953
120
833
53
780
34
746
961
114
848
76
773
33
740
51
690
1078
265
813
130
684
811
1034
169
865
74
791
22
770
1076
165
911
81
830
809
793
88
706
1209
323
887
33
854
27
828
807
814
939
965
74
892
33
860
33
827
835
1171
242
930
72
859
837
834
826
1130
134
997
109
888
866
854
850
1195
211
984
97
888
875
860
859
1203
205
998
88
910
25
886
867
860
1268
252
1016
98
919
904
892
880
1230
205
1025
96
929
913
916
901
944
1447
437
1010
102
909
891
1247
177
1070
133
937
922
914
895
1239
206
1033
87
946
35
912
891
891
874
881
906
1225
180
1046
92
955
59
896
888
910
895
25
871
895
1233
225
1009
43
966
59
908
32
876
907
1254
225
1029
74
956
64
892
42
850
875
1248
261
987
52
935
26
910
33
877
25
853
1247
218
1029
88
942
60
882
875
893
1168
161
1007
73
935
54
882
875
907
1188
179
1009
60
950
49
901
880
1252
222
1030
111
920
898
875
901
1204
193
1012
72
940
43
898
875
1265
268
998
70
928
905
31
875
859
1248
198
1050
116
935
41
894
896
931
1184
156
1029
72
957
77
880
885
928
1163
156
1007
76
932
46
887
42
846
867
1238
245
994
73
921
47
875
43
833
812
833
1141
129
1013
99
914
57
858
859
857
1265
259
1006
100
907
54
853
873
1234
215
1019
101
919
911
44
867
1056
1193
247
946
67
879
921
1373
390
983
115
869
1233
236
997
94
903
33
871
862
852
1257
233
1024
94
931
26
905
909
896
893
900
1291
194
1098
121
978
47
931
915
1290
259
1031
94
937
34
904
883
898
881
878
888
901
911
907
1174
128
1046
66
981
63
919
911
925
1322
248
1075
120
955
37
918
898
893
881
890
909
903
909
922
1250
170
1081
112
969
56
914
895
876
1242
201
1041
103
938
30
909
54
855
1228
241
987
69
918
60
859
847
23
824
830
1118
195
923
84
840
819
805
798
1083
170
913
75
838
42
797
787
775
1043
92
952
144
808
26
782
768
984
61
923
75
849
57
793
22
772
1045
124
922
126
797
26
772
759
971
71
901
74
827
49
778
758
938
64
875
68
807
41
767
749
768
952
72
880
59
822
54
768
988
88
900
73
827
77
750
948
97
852
836
72
765
851
28
823
801
797
36
762
918
53
866
88
778
31
747
954
42
912
123
789
33
757
771
1006
338
669
917
154
764
91
673
1050
229
822
802
869
63
806
821
808
94
715
840
50
791
774
33
742
783
765
27
739
778
759
754
765
751
3999
3999
3999
3999
3999
3999
3999
3999
3999
3999
3999
3999
3999
3999
3999
3999
3999
3999
3999
3999
3999
3999
3999
3999
3999
3999
3999
3999
3999
3999
3999
3999
3999
3999
3999
3999
3999
3999
3999
3999
3999
3999
3999
3999
3999
3999
3999
3999
3999
3999
3999
3999
3999
3999
3999
3999
3999
3999
3999
3999
3999
3999
3999
3999
3999
3999
3999
3999
3999
3999
3999
3999
3999
3999
3999
3999
3999
3999
3999
3999
3999
3999
3999
3999
3999
3999
3999
3999
3999
3999
3999
3999
3999
3999
3999
3999
3999
3999
3999
3999
3999
3999
3999
3999
3999
3999
3999
3999
3999
3999
3999
3999
3999
3999
3999
3999
3999
3999
3999
3999
3999
3999
3999
3999
3999
3999
3999
3999
3999
3999
3999
3999
3999
3999
3999
3999
3999
3999
3999
3999
3999
3999
3999
3999
3999
3999
3999
3999
3999
3999
3999
3999
3999
3999
3999
3999
3999
3999
3999
3352
855
34
822
26
796
787
791
796
792
1077
124
953
112
841
51
791
779
776
772
765
748
1000
109
892
71
821
800
25
775
768
1035
166
869
68
802
34
768
753
992
137
855
47
808
35
774
33
741
950
68
882
83
800
47
753
746
921
56
866
74
792
35
758
748
935
80
856
77
779
39
741
738
955
54
901
125
777
28
749
976
88
888
115
774
29
746
1024
192
832
68
764
1059
182
877
120
758
763
968
111
857
65
793
773
23
750
1032
172
860
54
807
36
771
785
1014
159
856
67
789
770
1168
317
852
66
786
31
755
1114
240
874
97
777
1034
120
914
105
809
32
778
782
1099
219
881
67
815
24
791
809
1058
151
907
64
843
47
797
803
788
893
967
87
881
29
853
837
839
1085
126
960
97
864
853
833
1126
223
904
54
850
44
807
791
1063
190
874
27
847
30
818
36
782
786
1048
182
867
43
824
23
801
24
778
1012
90
922
99
824
812
814
1018
110
909
59
850
45
806
812
1048
114
935
84
851
48
804
784
1062
140
922
81
842
51
792
778
1057
182
876
55
822
37
785
769
1008
107
902
102
801
792
775
980
76
904
97
808
34
774
775
884
898
32
866
53
813
827
1059
153
907
54
853
837
47
791
797
1143
224
920
64
856
29
828
820
816
821
906
1126
200
927
40
888
32
857
847
1166
209
958
59
900
48
852
862
894
1308
347
962
131
832
845
1166
230
936
54
882
890
41
850
895
1173
207
967
60
907
893
25
868
876
1376
404
973
99
875
1220
250
971
946
49
898
887
901
891
896
893
893
973
1212
229
984
49
935
49
887
868
875
875
876
889
891
880
904
910
908
1255
208
1048
102
947
948
51
897
884
867
888
888
873
889
909
1229
193
1037
68
969
37
932
926
945
1078
1220
190
1031
68
963
32
932
917
919
901
906
927
926
36
891
912
1268
235
1034
60
974
64
911
889
882
884
881
899
1226
234
993
43
950
925
53
873
882
888
938
1255
240
1016
92
924
28
897
878
863
874
897
917
1363
309
1055
143
912
30
882
907
1349
251
1099
181
919
48
872
871
899
891
890
910
910
895
901
919
1297
250
1047
77
971
77
895
888
894
874
902
923
34
890
916
1275
261
1015
50
965
32
934
58
877
894
1286
260
1026
62
965
60
906
43
863
887
1330
321
1009
54
956
44
912
46
866
885
887
889
875
880
884
31
854
880
875
887
30
858
873
1287
274
1013
83
931
41
891
880
27
854
1228
201
1027
95
932
37
896
873
874
1247
226
1021
71
950
56
894
872
900
1175
189
987
34
953
57
897
28
869
871
1273
250
1024
89
935
52
884
904
898
887
907
1209
197
1013
77
937
41
896
35
862
885
897
894
892
1255
254
1002
61
942
41
902
28
874
857
877
33
845
862
875
1187
195
993
56
937
56
881
874
899
1166
185
981
58
923
54
870
867
870
1163
191
972
53
920
41
880
50
831
852
1216
261
956
44
912
25
887
34
854
835
1185
210
975
98
878
31
848
36
812
806
829
1147
197
951
90
861
34
827
842
28
814
829
1162
202
960
92
869
862
877
1086
80
1007
106
902
45
857
32
826
848
1206
252
954
41
913
35
878
41
838
853
1231
283
949
39
910
887
51
837
852
1190
242
949
44
905
26
879
50
830
842
856
25
831
843
865
843
847
1203
211
992
74
918
32
887
42
846
851
861
853
876
1157
196
961
94
868
851
871
1157
208
949
72
877
864
45
819
831
846
1270
306
965
106
860
38
822
829
1307
339
969
134
836
839
1160
144
1017
123
894
56
839
851
874
986
1053
119
935
33
903
30
873
866
863
873
1232
196
1036
113
923
36
888
875
1251
264
988
73
915
32
883
41
843
863
875
1325
358
967
94
874
861
878
1340
287
1054
174
880
889
878
1178
179
1000
97
903
63
840
833
849
876
949
1013
76
937
940
38
902
50
852
860
1260
278
983
73
911
890
36
854
868
1194
185
1009
71
939
73
866
857
886
1135
155
981
75
906
56
850
845
868
1157
171
986
74
912
45
867
869
856
863
1222
248
975
64
912
46
866
31
835
823
822
828
33
796
919
1000
90
910
888
865
29
836
842
842
26
817
840
1186
221
966
63
903
34
870
26
844
1192
213
979
98
881
46
836
833
859
1131
159
972
62
911
49
862
843
868
1216
217
1000
73
928
53
876
25
852
870
1323
316
1007
115
893
24
869
868
1162
183
980
73
907
889
25
865
857
855
1125
181
945
60
885
873
858
26
832
1308
350
958
87
871
862
880
1248
263
985
79
907
44
863
890
1223
231
993
58
935
54
881
860
906
1154
152
1002
60
943
68
875
861
880
1143
128
1016
87
930
33
897
44
854
859
1181
200
981
52
930
29
901
25
877
870
849
862
1366
429
937
75
862
857
841
828
846
859
863
1143
167
977
99
878
44
835
843
1222
241
982
85
897
36
862
30
832
841
855
1150
163
988
90
898
41
857
846
1163
187
976
93
884
32
853
867
871
1314
314
1000
124
877
864
856
1151
140
1011
91
921
32
890
870
880
1152
176
977
81
896
39
858
848
854
1213
192
1022
148
874
857
857
26
831
855
871
882
895
1180
171
1010
99
912
27
885
878
860
1167
158
1010
95
915
27
889
24
865
871
1177
168
1010
75
936
79
857
853
854
1181
192
990
71
919
51
869
847
1165
209
956
68
888
25
863
863
1204
222
982
94
888
868
871
880
886
1286
224
1062
144
919
31
888
879
883
870
875
966
1208
217
991
81
910
891
878
858
1192
173
1019
102
918
906
936
987
1177
187
991
85
906
27
879
908
1405
364
1041
150
891
873
875
887
1267
254
1013
83
931
51
881
30
852
871
868
845
1157
153
1004
100
905
882
27
856
843
845
842
833
1156
152
1004
103
902
57
845
839
840
1169
173
997
93
904
46
858
33
825
835
845
836
816
1190
200
990
116
874
862
840
845
1225
242
984
96
888
25
864
841
824
1151
152
999
101
898
50
849
847
1333
374
960
85
876
27
850
879
1146
176
971
54
918
45
874
902
1198
252
946
48
898
26
873
864
846
855
881
1356
349
1008
131
877
860
25
836
849
1261
264
998
114
884
867
851
850
1242
209
1033
116
918
50
868
881
875
892
1213
193
1021
67
954
43
911
29
883
872
880
889
884
896
1254
208
1047
96
952
48
904
27
877
888
876
888
1176
148
1028
66
963
54
910
886
893
1246
224
1022
61
962
70
892
874
871
874
869
877
885
880
876
1235
199
1036
91
945
56
890
875
885
1283
255
1028
84
944
53
892
885
883
879
890
904
1247
229
1018
58
960
51
910
29
881
886
1203
171
1032
73
959
68
892
873
882
1262
245
1017
88
930
920
899
909
894
909
1232
178
1054
93
962
44
919
31
889
902
898
879
889
1262
227
1035
103
933
911
894
900
889
906
1241
208
1033
82
952
28
924
906
25
881
1211
191
1021
53
968
80
889
898
889
900
899
1247
222
1025
78
948
71
877
886
895
878
883
1168
183
986
51
935
35
901
51
850
864
1200
225
975
55
921
35
887
32
855
854
1198
206
992
81
912
35
877
855
840
1202
180
1022
104
919
45
874
866
876
1154
174
980
55
925
46
880
867
852
1187
173
1014
108
907
55
852
847
852
1233
241
992
75
918
37
881
865
872
1207
193
1014
87
927
39
889
27
863
854
1222
202
1021
111
911
37
874
860
865
1177
181
997
60
937
47
891
41
850
872
1216
215
1002
69
934
30
904
881
880
1200
178
1022
86
937
35
902
35
868
893
1211
197
1015
66
950
33
917
37
881
883
1164
159
1005
63
943
58
885
865
875
1192
191
1001
74
928
48
881
24
858
855
1182
219
963
47
917
50
868
850
857
1172
231
942
48
895
29
866
54
812
819
1087
120
968
97
872
40
832
835
850
1103
146
958
89
869
24
845
1307
358
949
101
849
845
985
1016
105
912
57
855
834
828
1180
233
947
74
873
25
849
1156
149
1007
92
916
894
900
1024
1005
54
951
939
29
910
937
1195
154
1041
96
946
52
894
897
1375
351
1025
124
902
28
874
870
883
931
1198
180
1018
95
923
904
883
872
902
1243
192
1051
123
929
909
914
964
1250
203
1047
98
950
48
902
879
1249
206
1043
79
965
76
889
923
1424
335
1090
180
910
1236
209
1027
89
938
46
893
930
1238
209
1029
111
919
912
917
895
1209
192
1018
86
933
65
868
856
866
1205
210
995
73
922
40
883
870
875
1220
236
985
37
948
30
918
906
902
1206
188
1018
42
976
64
913
891
909
1258
218
1041
97
944
45
899
887
895
892
1427
315
1113
222
891
902
1248
205
1043
88
956
42
914
891
883
1255
248
1007
69
939
49
891
42
849
831
1191
178
1013
94
920
33
888
895
897
1231
183
1048
70
979
45
934
129
806
1010
1340
306
1035
74
961
940
37
904
912
910
1429
425
1005
48
958
28
930
1012
1216
193
1024
67
957
41
916
930
1321
288
1033
73
961
75
886
903
892
918
1225
190
1036
90
946
47
899
25
874
879
884
1283
271
1012
89
924
902
882
918
1432
418
1015
113
902
25
878
1298
265
1034
113
921
38
884
30
855
879
870
872
877
1265
261
1004
112
893
873
865
1209
209
1001
67
935
924
36
889
873
875
875
895
1235
252
984
74
910
39
871
854
1278
235
1043
140
904
28
876
862
867
1184
195
989
58
932
34
898
42
857
875
1231
196
1036
103
933
50
883
865
852
1188
194
994
97
897
874
906
1211
137
1075
146
929
25
905
32
873
1239
220
1020
99
921
46
876
862
863
1222
196
1026
99
928
37
891
24
868
855
1167
138
1030
106
925
61
865
858
866
1214
216
999
86
913
32
881
47
835
838
1163
141
1022
100
922
35
888
33
856
1213
209
1005
105
901
885
870
892
1195
179
1016
81
936
52
884
878
945
1225
226
1000
95
906
892
891
1255
240
1016
88
929
54
876
866
882
896
35
861
1206
206
1000
86
915
893
896
957
1204
219
986
70
916
35
882
913
1266
243
1023
80
944
35
909
915
1184
180
1005
86
920
42
879
869
882
1150
155
995
57
938
52
887
905
1225
178
1047
132
916
895
881
1240
256
985
49
936
40
896
27
870
876
1245
199
1046
123
924
912
898
884
1233
197
1036
92
945
51
894
873
895
1232
216
1016
97
920
904
902
894
1241
220
1021
77
945
930
33
898
903
1246
211
1035
106
929
908
892
928
1243
239
1004
90
915
47
868
35
833
23
811
1163
162
1001
109
893
29
864
852
842
1203
203
1000
83
918
43
876
869
887
1212
214
999
72
927
33
894
894
907
1207
172
1035
113
922
48
875
858
872
1185
198
988
80
908
889
875
878
1193
157
1036
98
938
55
884
878
899
1213
211
1003
69
935
911
893
898
1180
154
1027
79
948
41
907
31
877
880
1252
225
1028
98
931
36
895
883
882
1185
185
1001
55
947
41
906
44
863
873
1217
182
1036
96
940
916
26
890
898
1217
194
1024
72
952
42
911
924
1239
240
999
67
932
39
893
876
857
887
894
888
1252
202
1051
101
951
38
913
26
887
869
1269
262
1008
77
931
51
881
1364
392
972
69
904
886
883
880
868
872
884
1219
221
999
63
936
44
893
28
865
852
1194
188
1006
84
923
900
883
879
877
863
1228
192
1037
77
960
53
908
897
904
1250
197
1054
111
943
29
915
904
910
1215
182
1034
76
958
30
929
31
899
26
873
1236
213
1024
88
936
34
903
885
881
1228
197
1031
86
945
56
890
880
900
1182
182
1000
65
935
48
888
33
855
870
1187
191
996
76
921
41
880
862
1198
196
1002
91
912
897
884
899
1206
159
1047
93
954
51
904
883
908
1240
206
1034
95
939
41
899
888
897
1235
237
999
82
917
32
886
870
875
1231
195
1037
87
950
55
895
877
886
1166
145
1022
85
938
50
888
883
879
1412
398
1014
127
887
891
1263
239
1024
86
939
29
910
28
882
875
1214
169
1046
128
919
33
887
870
860
1168
141
1028
94
934
44
891
893
896
1226
238
989
69
920
901
880
1172
197
976
42
935
25
910
894
893
1264
259
1005
95
911
38
873
869
865
894
1225
228
998
74
924
31
894
879
892
1213
174
1039
88
952
45
907
46
861
852
1192
177
1015
118
898
26
872
24
848
865
873
880
896
1242
220
1022
85
937
47
891
884
893
873
865
1208
188
1021
99
922
40
883
868
852
1224
197
1027
93
935
38
897
887
886
899
885
1266
229
1038
112
926
42
885
875
890
1192
175
1017
73
945
47
898
31
868
876
884
931
1144
178
967
76
892
33
859
857
1193
210
983
60
924
902
878
897
1213
215
999
46
953
31
922
899
893
1242
232
1010
62
949
34
915
27
888
886
1216
205
1011
53
959
40
920
34
887
26
862
1170
163
1008
89
920
40
881
869
855
1125
125
1001
91
911
32
879
882
871
1147
161
986
72
915
896
882
1203
206
997
84
913
889
880
867
1218
230
989
79
910
889
28
862
856
1235
236
999
91
908
890
32
859
870
1191
205
987
78
909
27
882
870
913
1139
160
980
71
909
34
875
860
906
1172
209
964
63
902
887
32
856
1190
186
1005
100
906
52
854
29
825
833
857
1155
202
953
84
869
846
851
840
1196
220
977
80
897
875
871
1285
291
994
78
916
894
26
869
872
1252
226
1027
97
930
911
887
890
973
1240
230
1010
105
906
40
866
868
861
851
848
1175
163
1013
119
894
35
860
847
843
1186
171
1015
103
913
41
872
36
836
837
1176
206
971
83
888
34
855
841
831
1175
177
999
97
902
35
867
864
880
1288
286
1002
98
905
36
869
851
1203
166
1037
118
919
39
881
33
849
851
859
851
845
1220
197
1023
115
909
44
865
857
861
1200
179
1021
79
943
54
889
887
1243
190
1053
116
938
41
898
882
889
903
896
896
1211
181
1031
85
946
38
908
37
871
859
864
855
874
1203
203
1000
79
921
45
877
858
845
1211
184
1028
127
901
29
872
855
846
1188
153
1035
127
908
36
872
860
872
1185
200
985
85
901
29
872
867
906
1176
209
967
63
905
33
872
868
1224
231
993
118
875
855
856
1170
142
1029
154
876
870
1304
341
963
95
869
863
1178
182
996
99
897
35
863
1274
342
933
55
878
881
1361
267
1094
1303
193
1111
206
905
1241
201
1040
89
951
44
908
900
1297
238
1060
118
943
50
893
911
1271
232
1039
121
918
897
881
883
1208
170
1039
82
957
42
915
913
1230
218
1013
71
943
48
895
42
853
847
1221
237
984
91
894
61
833
844
853
861
1147
151
996
113
883
27
857
1180
180
1000
47
954
49
905
889
890
1246
203
1043
141
903
43
860
850
885
1221
195
1027
96
931
908
911
1419
398
1022
106
916
896
894
881
882
1246
181
1065
80
985
68
918
897
896
902
908
28
880
1265
196
1070
105
965
60
906
900
938
1216
182
1035
56
979
64
915
896
889
1243
196
1047
96
952
928
915
1269
228
1041
98
944
42
902
895
876
1225
184
1042
99
944
41
903
895
918
1216
169
1048
92
956
49
908
34
874
893
1270
234
1037
107
930
31
900
898
918
1185
141
1045
103
943
43
900
891
906
1217
190
1028
66
963
52
911
898
901
1266
239
1028
104
924
916
902
904
1253
203
1051
91
960
38
923
902
905
1213
155
1059
89
970
61
910
892
892
1209
197
1013
49
965
42
924
32
892
878
1271
232
1039
80
959
54
906
902
911
1242
214
1028
65
964
42
923
32
891
892
1227
171
1056
88
969
48
921
41
881
911
1238
223
1016
52
964
40
925
36
890
896
1219
191
1029
84
945
35
910
902
909
1183
167
1017
61
956
38
918
42
877
900
1215
184
1032
73
959
33
927
25
903
895
1224
173
1052
104
948
33
916
909
28
881
1229
161
1068
101
967
51
917
909
1261
221
1041
91
950
34
916
903
909
1212
193
1020
71
949
27
922
39
884
901
1218
192
1027
72
955
34
922
33
889
903
1208
177
1031
56
976
59
917
25
893
878
1206
196
1010
52
958
55
904
33
872
880
1276
249
1027
76
951
49
903
894
875
1219
161
1059
93
967
63
904
903
910
1247
207
1040
70
970
47
924
27
898
896
1224
189
1035
77
959
52
907
888
895
1202
157
1045
93
953
56
897
883
918
1233
212
1022
79
943
29
914
914
912
1195
151
1044
66
979
63
916
903
916
1222
188
1034
77
958
34
924
914
907
907
1256
210
1047
96
952
42
910
30
880
873
1252
212
1041
86
955
55
900
880
889
1248
223
1025
60
965
51
915
32
883
893
1257
209
1049
88
962
47
916
898
893
1216
164
1053
78
975
54
922
30
893
880
1208
177
1032
83
949
33
917
29
889
894
1212
174
1039
68
971
49
922
913
919
1199
161
1039
73
966
40
926
929
1194
152
1042
84
959
44
916
34
882
899
1192
175
1018
78
940
27
914
933
1213
195
1019
68
952
933
930
1205
171
1034
78
956
46
910
914
1188
166
1022
76
947
940
1006
1038
42
996
63
933
911
924
1220
237
984
66
918
901
880
879
1146
162
984
56
929
40
890
882
878
1194
177
1017
75
943
29
914
34
880
911
1206
173
1033
70
963
44
920
46
875
886
1213
159
1055
87
968
58
911
888
894
1219
179
1040
60
980
56
925
33
893
875
1194
145
1049
100
950
53
897
32
866
24
842
1083
104
980
73
907
79
829
827
819
1048
96
953
100
853
55
799
781
782
1062
132
930
97
834
31
804
36
769
1020
133
888
74
814
1159
246
913
113
800
792
981
81
900
68
833
47
787
32
755
975
75
900
93
808
54
754
827
871
57
814
41
774
24
750
981
112
870
88
782
44
738
958
90
868
98
770
41
730
805
847
37
811
57
754
747
938
67
872
115
757
30
728
913
87
826
39
787
774
30
744
841
70
772
768
770
54
716
27
690
836
75
762
750
23
727
748
750
734
22
712
754
748
748
736
754
751
28
724
746
736
718
742
730
24
707
718
721
21
701
710
703
712
707
693
687
699
700
685
693
685
697
680
677
684
685
674
683
678
680
681
19
662
686
689
676
669
679
675
669
669
665
661
665
662
653
663
658
653
653
660
651
659
653
648
656
655
642
653
649
650
652
649
653
655
656
649
652
656
659
656
654
651
653
651
650
649
643
643
641
641
644
645
634
643
642
633
636
633
632
629
633
630
629
635
634
638
662
673
690
715
727
734
722
705
21
684
689
691
689
694
721
704
711
735
716
709
744
756
752
763
811
90
722
948
115
834
71
763
31
733
745
903
51
852
59
794
35
759
748
753
956
81
875
64
811
28
784
763
762
943
110
834
29
806
27
779
30
750
751
1004
147
858
74
785
766
1084
236
848
65
784
767
993
134
859
75
784
765
1151
304
848
71
777
770
1011
150
862
75
787
28
759
804
997
159
838
826
820
982
138
844
44
801
803
874
876
57
820
24
796
798
987
88
899
51
848
851
1065
161
904
48
856
851
1110
201
910
71
839
847
1141
223
919
61
859
857
872
1140
208
932
88
845
845
848
859
1120
186
934
79
856
42
815
25
790
810
1155
242
913
67
846
858
875
892
1128
158
970
90
881
880
885
890
1139
173
967
76
892
24
868
874
883
1151
172
980
90
890
872
866
849
924
1205
284
921
50
872
858
838
838
1157
193
965
92
874
862
855
35
820
835
856
1242
273
969
103
867
44
823
825
836
820
821
1142
214
929
47
882
32
851
33
819
843
848
30
818
1087
149
939
83
856
35
822
23
799
1059
137
922
51
872
28
844
828
826
841
875
1198
251
947
87
860
26
835
29
807
824
835
833
831
1183
207
976
88
889
868
853
835
865
1188
231
958
31
927
38
889
873
861
882
882
879
1233
228
1005
94
912
26
886
887
868
1176
172
1005
93
913
891
26
865
863
856
872
887
1141
165
977
52
925
51
875
854
857
863
24
839
843
1202
210
992
85
907
891
29
863
847
1231
239
992
70
922
47
876
30
847
854
860
875
874
30
844
872
1261
271
991
61
930
29
902
888
886
884
866
890
887
893
896
878
900
910
908
921
1235
197
1038
71
967
64
904
36
868
877
887
30
858
882
896
880
875
1244
224
1020
78
942
918
35
883
870
865
879
894
1196
204
992
35
958
64
895
40
855
858
868
869
24
845
1227
222
1005
87
919
30
890
869
858
866
30
837
862
1214
225
990
66
924
38
887
34
853
857
846
858
869
875
26
849
876
880
881
863
1274
254
1020
83
938
68
870
873
872
873
855
1262
244
1019
105
914
890
883
873
1250
190
1061
118
943
65
879
884
903
896
1214
192
1023
81
943
66
877
869
872
858
883
40
844
860
878
868
848
1255
237
1019
107
912
54
859
852
856
856
845
867
872
867
851
1186
187
1000
73
927
55
872
863
865
864
878
860
853
1180
227
954
71
883
27
856
835
844
1223
241
982
69
914
46
868
39
829
835
1195
218
977
71
907
26
881
867
849
1213
188
1025
119
907
887
47
841
864
1208
211
998
71
927
914
897
31
866
1271
236
1036
87
949
59
890
884
1283
239
1044
105
940
64
876
878
875
894
28
867
893
901
908
909
25
884
891
933
1423
348
1076
185
891
904
891
890
1354
310
1045
96
949
49
901
890
870
903
903
908
916
901
916
913
900
908
906
901
888
903
910
892
881
888
29
860
879
876
875
889
876
876
880
883
880
880
1204
160
1044
122
923
45
879
871
875
1271
250
1022
84
938
35
904
34
870
892
1216
199
1018
108
910
60
850
29
822
821
808
808
805
1100
184
917
26
892
63
830
28
802
793
798
796
788
1170
183
988
135
853
35
819
825
832
811
820
1185
214
972
89
883
864
851
850
862
26
836
856
1247
235
1012
104
909
891
876
869
873
867
874
874
1287
263
1024
113
912
41
871
859
876
900
1246
273
973
66
907
31
877
899
887
892
1213
192
1022
66
957
48
909
892
895
901
1269
232
1038
82
956
53
903
906
897
902
886
916
895
874
1235
212
1024
75
949
926
45
882
901
1315
294
1022
88
934
40
895
895
1203
197
1006
86
921
61
861
35
826
836
1170
201
970
64
907
42
865
50
815
817
1110
165
945
80
866
44
822
813
240
574
303
271
316
317
473
1160
855
305
12
294
32
262
303
315
14
301
883
602
282
1007
747
261
483
183
300
3999
3999
2260
1739
1408
331
396
696
438
258
267
583
282
302
373
1323
440
883
480
404
565
1686
706
980
613
368
99
269
686
421
265
532
228
304
2560
2278
282
280
15
266
609
715
406
309
300
453
470
1165
3534
3999
3887
112
268
275
274
267
2110
213
1897
1170
728
395
333
3485
3009
477
119
358
350
967
691
277
3999
3999
3999

