08-08-2022 - 10:03 - Correr
Bernardita Chaura
Intervalos entre latido y latido
1058
1050
1049
1054
1033
1044
1028
1028
1014
1001
1011
1006
32
975
983
966
948
971
950
954
960
958
968
983
966
962
974
27
948
965
971
953
957
967
949
959
955
945
958
964
973
995
972
976
986
27
959
968
969
965
972
966
973
986
972
981
984
971
984
990
978
981
980
982
965
979
997
982
987
1001
997
33
964
988
989
969
980
979
954
968
972
953
977
985
968
981
979
974
988
987
980
993
985
993
996
984
995
1009
30
979
993
1003
40
964
49
916
926
948
943
941
966
964
947
965
972
950
958
972
949
939
955
945
926
953
945
927
952
960
941
946
953
949
949
962
952
940
971
973
956
977
989
974
974
987
979
986
985
960
977
973
960
971
969
950
941
958
948
936
968
979
960
981
975
962
995
1000
27
974
981
985
965
967
975
965
973
977
27
951
964
972
950
971
966
948
967
976
27
950
971
976
957
978
990
988
987
997
980
998
1000
977
986
980
961
976
990
975
982
995
986
972
992
982
960
979
965
949
957
955
932
953
964
949
937
952
957
937
958
964
942
959
960
946
965
964
953
961
965
943
956
953
937
953
968
960
975
982
970
962
981
961
967
971
958
974
981
967
982
989
970
977
977
958
955
959
939
950
940
929
954
949
948
961
954
947
962
944
942
955
956
961
981
960
970
969
958
970
970
954
951
965
964
952
979
1010
996
988
1000
1000
41
960
973
976
960
951
971
958
960
972
978
962
984
984
969
980
984
964
981
977
968
982
974
972
982
29
953
960
954
932
959
936
54
882
877
872
884
915
27
888
910
906
899
908
900
900
904
914
904
30
874
882
876
872
875
888
897
886
913
47
866
882
873
871
858
841
838
830
843
826
831
829
819
818
824
26
798
794
799
795
790
797
801
799
804
795
796
793
784
783
775
777
763
764
755
752
748
746
748
750
745
756
758
754
765
768
767
771
771
765
770
766
765
768
759
757
750
754
750
742
741
744
738
739
743
739
743
744
747
743
733
737
741
735
739
731
733
727
732
725
724
720
716
717
710
714
708
706
708
708
709
706
710
704
706
707
702
701
693
694
693
689
681
688
684
678
682
673
678
677
670
668
671
668
666
667
666
663
666
663
668
662
656
660
659
656
661
658
656
649
649
652
644
648
643
642
642
646
638
642
639
639
635
637
636
632
626
632
628
630
629
625
628
625
621
620
623
623
622
623
623
624
620
620
620
621
620
621
626
622
624
620
623
617
624
614
621
620
620
615
621
610
613
615
617
614
609
607
608
606
597
603
616
625
620
618
611
609
607
603
600
605
598
596
598
630
32
599
626
27
600
625
21
605
608
631
22
609
608
632
34
599
612
628
24
605
629
622
617
613
639
623
617
620
636
632
660
657
666
691
695
698
738
801
39
763
751
766
754
737
749
775
807
24
784
793
824
815
803
818
853
48
805
818
831
36
795
782
780
793
781
767
781
821
30
791
27
764
774
815
814
27
787
801
831
89
742
748
745
751
736
749
786
766
775
820
827
816
861
917
85
833
819
872
981
989
77
912
919
964
33
932
28
905
947
71
876
858
869
36
833
835
836
823
864
857
847
30
818
825
866
894
27
867
872
878
49
830
819
828
810
838
860
850
892
881
25
857
870
858
867
894
73
822
57
765
817
824
875
934
939
1021
998
1058
1047
1043
1050
1029
1013
36
978
1007
1007
1014
1023
1008
1058
36
1022
1015
991
969
994
979
33
947
933
68
866
845
827
815
837
819
859
925
973
965
985
68
918
41
877
66
812
837
821
848
922
976
998
1060
1034
1044
1096
33
1063
1082
1070
41
1029
1052
1034
1025
1047
48
1000
1016
1047
69
979
998
984
962
985
987
28
960
1005
1034
38
997
69
928
973
1011
1012
33
979
1009
1007
48
960
1002
1015
65
951
981
1012
993
1000
1002
39
963
972
984
47
937
965
1002
46
957
980
989
54
935
968
990
27
963
980
981
956
994
973
981
1005
39
967
971
973
48
926
959
984
42
942
969
991
46
945
966
984
57
928
964
971
31
941
966
960
940
967
976
953
979
976
951
977
982
966
989
991
55
936
960
940
55
885
41
845
857
29
828
812
833
864
895
25
871
874
922
939
967
1014
1025
1008
1016
1003
984
1001
990
976
983
979
977
973
951
959
975
34
942
965
965
948
967
964
946
961
949
26
923
945
941
922
948
948
939
952
942
945
953
935
958
972
948
961
956
945
962
953
943
958
955
944
965
971
960
977
959
959
973
42
932
956
963
944
961
979
955
969
962
939
961
974
32
943
969
971
40
931
949
929
31
899
923
939
916
944
944
946
953
26
927
932
929
27
903
887
39
849
845
827
826
857
871
881
881
861
875
910
932
954
964
967
971
976
956
959
958
37
922
943
956
37
919
938
942
27
916
935
914
925
927
904
921
923
32
892
916
923
26
898
914
919
913
938
935
934
944
938
920
905
907
907
893
899
890
880
887
32
856
849
845
838
846
843
845
851
858
860
881
24
858
854
857
852
844
852
839
825
819
828
843
830
853
892
939
978
1003
992
1008
991
978
71
908
900
906
37
869
878
881
860
875
902
27
875
895
915
900
920
918
917
916
928
911
907
895
908
891
915
907
910
934
941
36
906
902
890
28
863
858
870
871
31
840
853
843
827
830
824
818
819
822
803
813
814
827
835
840
26
815
819
827
830
833
834
836
833
812
799
786
790
800
791
790
791
787
772
767
763
765
760
778
770
808
802
799
802
806
816
815
821
830
836
824
832
836
850
849
847
41
807
801
797
815
827
815
842
857
850
867
909
922
27
896
27
870
863
30
833
852
877
901
913
34
879
892
912
898
884
920
935
34
901
924
933
33
901
882
904
934
946
39
907
920
915
926
931
915
944
941
936
957
42
915
943
939
946
958
39
919
941
39
903
919
945
941
26
916
917
912
905
907
908
914
900
878
890
882
895
888
893
39
855
870
883
922
936
940
949
942
928
922
913
906
898
895
898
920
950
959
958
950
41
909
26
883
888
878
898
908
902
920
898
925
914
921
937
916
933
919
916
906
908
912
27
885
907
921
930
922
42
881
877
888
896
32
865
848
857
865
882
867
875
895
910
914
920
916
29
887
890
898
897
892
877
883
876
31
846
868
28
840
860
875
33
843
852
872
892
27
865
900
916
935
951
929
923
29
895
925
947
994
1018
1015
1014
1012
994
989
985
981
963
958
961
44
918
940
916
37
879
895
881
885
911
909
921
916
910
916
925
953
969
982
975
56
920
926
940
957
963
941
924
940
916
925
927
29
899
881
890
887
878
891
893
917
915
928
947
949
947
953
931
39
893
907
885
881
894
874
891
918
916
939
927
958
942
957
968
48
920
927
925
934
943
945
30
915
912
922
930
938
47
891
908
920
924
48
877
895
920
928
48
881
915
932
946
46
901
924
930
933
35
899
917
936
934
56
878
902
913
924
933
930
925
28
898
26
872
877
884
899
908
905
930
938
944
41
903
885
889
896
899
881
875
878
875
875
883
875
890
900
910
30
880
900
897
898
912
918
921
908
893
884
901
918
912
913
914
890
909
891
917
926
31
896
906
937
938
940
935
927
922
914
903
25
878
870
855
870
889
907
925
919
911
905
902
25
877
857
836
846
858
888
908
899
37
862
890
922
959
968
994
1003
993
28
965
979
976
986
978
966
37
930
930
915
933
48
885
882
889
901
925
919
901
907
903
914
907
906
922
921
917
37
881
884
904
902
896
886
913
936
961
983
997
995
986
36
951
941
956
951
976
990
970
986
1001
988
1011
986
28
958
938
942
26
916
896
920
946
934
943
945
946
938
930
25
906
886
906
903
920
948
980
1000
974
987
63
925
936
942
940
938
941
27
915
892
900
897
911
924
929
923
914
907
922
28
895
909
929
935
935
925
945
946
958
38
921
951
26
926
928
945
938
930
931
914
919
917
922
928
915
892
896
891
907
35
873
880
902
916
909
946
947
942
945
956
958
962
976
36
941
967
969
954
930
939
948
935
947
938
941
948
946
960
962
32
931
935
938
39
900
908
920
914
928
932
925
910
39
871
897
894
877
902
895
911
924
916
944
961
966
958
962
958
28
931
26
906
909
920
927
924
928
28
901
920
912
937
964
963
986
980
28
952
983
977
41
936
958
968
41
927
945
961
963
953
42
911
929
945
965
981
977
33
944
948
958
972
967
966
966
975
951
966
969
973
963
41
923
915
897
881
863
866
860
867
862
861
847
862
887
935
943
939
916
30
886
28
858
856
867
883
879
862
859
32
828
831
809
830
848
866
870
868
858
850
848
844
849
831
851
846
844
832
832
810
810
806
23
783
785
775
777
757
770
765
757
766
759
772
781
782
796
800
825
818
835
852
850
853
25
828
845
845
841
866
869
853
862
853
840
834
844
832
840
821
824
818
833
837
824
812
796
798
792
802
806
819
831
836
836
845
851
840
836
850
853
858
845
830
837
824
828
832
818
824
830
817
820
834
821
852
880
910
918
905
922
28
895
909
898
885
896
889
876
887
906
897
922
948
935
952
26
926
941
949
932
944
937
924
904
909
912
28
884
866
862
881
890
883
880
881
887
885
885
897
45
853
874
863
865
879
885
883
865
885
886
892
908
909
921
942
923
942
940
923
937
946
29
917
943
946
31
916
943
941
36
906
925
939
35
904
918
923
902
911
912
908
916
916
904
904
901
892
903
888
889
896
875
870
880
870
869
877
885
875
892
896
873
890
899
891
886
909
922
32
891
908
918
896
910
917
906
900
917
894
896
909
894
892
899
901
30
871
890
892
877
899
897
887
889
873
28
845
879
890
887
881
871
878
879
857
845
835
819
833
833
826
840
833
841
836
849
844
60
785
404
381
554
873
853
858
869
869
862
37
826
837
830
32
798
808
808
810
819
814
821
802
806
801
798
798
797
791
805
806
811
807
815
808
810
819
817
801
817
806
796
796
800
790
807
799
810
812
815
830
840
846
872
855
897
910
913
69
844
862
839
862
27
835
814
803
802
792
803
783
793
783
787
784
781
780
803
787
780
790
772
787
781
786
780
783
779
780
774
766
769
767
761
752
747
752
749
740
739
725
734
723
721
713
718
716
721
724
737
750
746
750
768
780
791
773
772
771
779
785
784
783
786
33
753
759
755
762
777
788
769
784
766
785
777
803
825
846
838
27
812
812
821
833
817
835
856
871
29
842
850
832
834
844
882
25
858
891
920
953
952
928
925
33
892
893
30
864
845
840
835
848
828
837
828
855
845
844
849
849
854
873
878
28
851
855
851
829
842
854
854
868
897
878
895
885
889
889
874
900
880
892
909
885
895
896
30
867
857
862
850
31
819
811
834
839
857
861
846
864
859
862
863
851
850
853
840
859
843
862
867
888
881
881
886
875
887
874
878
874
857
850
857
849
846
855
846
855
25
831
825
814
801
820
28
793
829
807
45
762
811
820
846
846
850
28
823
804
812
820
814
847
875
896
910
899
911
923
912
931
31
900
913
901
887
915
906
915
935
916
932
937
928
945
932
933
921
56
866
880
889
26
864
897
901
889
906
902
889
905
913
27
886
919
927
927
957
957
965
972
27
946
943
948
52
897
896
47
850
880
881
874
919
908
918
901
893
887
900
883
889
908
913
894
902
41
862
875
875
872
887
870
875
34
841
850
844
847
852
862
860
849
830
849
849
869
883
885
910
924
25
900
935
929
917
930
917
902
25
878
875
862
33
829
841
859
893
908
920
903
913
923
904
917
916
909
925
922
905
906
911
895
909
906
893
898
900
883
895
886
34
853
837
837
834
839
833
842
847
834
823
823
816
820
810
826
829
832
833
829
836
816
827
817
829
837
856
855
877
868
847
867
863
862
868
875
877
876
865
30
835
852
846
27
820
808
836
852
864
889
918
915
932
950
958
969
978
987
986
995
971
947
39
909
899
889
884
874
886
869
885
877
885
878
856
874
859
866
853
856
843
846
843
852
857
865
880
893
906
914
925
913
923
915
916
26
891
914
898
914
919
909
928
923
924
920
930
916
916
29
888
897
880
884
873
881
865
865
869
849
868
852
870
868
864
879
875
896
902
923
912
919
37
882
893
892
898
914
891
916
923
918
934
918
919
905
914
907
912
916
915
904
916
892
909
890
914
908
909
905
904
902
912
901
910
899
891
874
870
875
889
24
866
901
897
912
907
929
925
942
954
957
961
954
963
35
929
953
929
960
975
42
933
950
30
920
953
939
961
954
941
957
952
978
965
976
956
965
951
973
37
937
959
941
968
948
966
959
988
964
1001
985
996
31
965
966
954
985
968
1007
38
969
1000
32
969
968
966
966
964
964
33
932
931
932
36
897
899
911
912
908
922
910
932
937
923
942
930
946
944
945
926
941
30
911
929
918
925
924
921
936
928
940
939
927
947
940
948
944
30
915
929
934
913
911
926
35
892
910
916
896
914
915
906
912
907
924
909
893
906
901
920
926
912
930
27
903
923
911
910
916
892
915
898
910
914
916
927
918
929
919
934
38
897
906
899
913
901
922
919
934
32
903
919
26
894
896
889
47
843
841
849
876
894
933
934
963
948
975
980
997
992
972
981
995
996
985
966
38
928
937
929
941
34
908
937
946
30
917
919
28
892
907
903
883
896
892
875
892
902
908
889
910
904
927
933
944
958
952
967
953
950
956
946
952
929
954
930
955
938
930
908
899
898
907
904
908
913
931
910
936
929
943
931
937
940
35
906
930
909
936
937
957
963
31
933
951
934
935
924
909
902
917
925
924
931
936
955
26
929
958
944
26
919
923
910
908
914
909
889
877
856
849
31
819
833
831
820
832
827
822
830
824
839
848
865
29
836
843
841
857
24
834
820
817
811
812
821
818
826
820
832
832
844
828
834
841
843
856
869
882
870
871
875
879
868
861
852
31
821
834
833
834
840
824
841
832
842
839
859
876
880
873
894
911
913
35
878
893
906
885
892
905
900
909
925
932
929
940
921
937
940
26
914
903
906
889
905
910
887
902
897
896
894
909
33
876
878
892
912
908
948
944
919
940
952
945
979
979
959
965
967
979
977
959
985
980
38
942
964
981
39
943
974
959
971
955
936
959
71
889
912
929
50
879
34
846
889
919
956
967
948
974
970
1000
1010
1007
1037
37
1000
1023
1014
51
964
984
31
953
981
973
969
968
42
927
961
953
958
974
40
935
953
937
958
955
954
970
36
935
959
961
31
930
956
941
950
960
953
944
960
947
925
952
952
36
916
937
951
941
28
914
946
945
27
918
940
937
925
928
906
922
912
934
914
929
931
910
927
927
39
888
929
928
27
901
926
913
923
954
935
929
932
916
941
951
948
963
961
955
962
34
929
935
935
41
895
915
913
908
927
29
898
930
916
934
950
959
33
927
955
947
34
913
939
951
936
913
947
930
926
946
955
34
921
934
957
965
36
930
956
975
951
35
916
942
931
917
944
30
915
939
933
919
938
921
927
937
26
911
925
943
933
929
958
958
32
926
950
936
966
949
950
950
40
910
931
921
48
873
855
877
905
923
939
933
953
947
951
940
962
962
994
977
1010
27
984
986
978
993
983
958
979
975
27
949
967
36
932
954
929
942
963
944
943
946
27
920
942
926
935
938
921
917
905
913
915
911
922
934
927
928
925
937
932
916
937
922
927
28
900
909
923
28
895
894
878
870
864
853
869
26
843
878
896
888
889
916
929
925
901
912
916
906
936
958
963
939
946
33
913
911
934
948
27
921
936
944
34
910
928
949
950
36
914
913
906
914
916
903
925
941
937
28
910
936
937
30
908
920
924
25
900
921
947
941
41
901
897
910
915
43
872
870
883
920
956
966
958
955
940
935
953
972
982
973
59
914
939
955
47
908
913
924
921
926
920
899
923
915
928
957
972
953
953
965
960
35
926
942
938
915
953
982
979
27
953
967
984
34
950
936
953
947
935
962
957
977
1000
990
30
961
979
977
46
931
950
963
945
952
954
941
933
938
30
908
934
932
965
943
964
952
42
910
921
38
884
875
25
851
860
892
920
927
985
986
990
993
968
47
922
934
937
31
906
916
921
914
903
912
910
935
924
909
934
930
925
942
918
941
919
908
899
909
921
919
937
984
959
37
923
924
932
933
950
928
955
958
29
930
942
952
969
28
942
944
947
29
919
952
974
978
992
967
999
42
957
979
982
960
973
39
934
944
925
934
927
46
881
878
896
929
958
979
997
42
955
967
950
966
970
974
992
983
973
1009
1000
1003
28
976
39
937
942
940
943
38
905
34
871
880
863
869
888
881
904
880
894
919
29
891
902
903
902
912
27
885
911
906
886
903
926
907
911
919
914
928
933
926
925
922
934
924
934
954
962
34
929
923
929
929
935
954
929
938
922
946
945
946
962
36
927
951
942
47
895
921
916
898
926
925
934
942
950
944
36
908
936
954
939
917
940
944
35
909
928
913
936
946
929
959
953
979
976
974
995
981
59
923
951
964
949
950
960
37
924
937
939
941
951
935
970
963
31
933
954
964
951
61
890
909
43
866
856
874
865
898
905
931
944
970
950
965
965
30
936
957
946
981
957
957
965
27
939
955
36
919
933
940
38
903
921
931
36
895
916
938
953
948
936
33
903
916
922
916
924
939
943
944
931
936
938
955
934
958
938
939
46
894
911
928
33
896
925
27
898
916
934
27
907
916
918
916
929
922
54
869
847
864
873
902
945
954
955
27
928
933
922
935
931
958
973
958
958
965
952
26
926
944
934
35
900
918
924
903
884
907
903
911
895
916
933
36
898
929
943
938
53
886
912
897
911
896
895
913
915
30
885
901
924
926
925
946
948
934
936
924
931
42
890
916
926
911
25
886
906
890
882
897
877
887
901
644
257
626
903
910
893
916
895
904
891
905
906
25
882
894
907
892
897
893
889
911
911
919
923
911
931
908
925
918
921
922
912
924
902
914
35
879
900
913
165
748
491
257
755
879
869
886
890
904
898
898
914
892
904
906
900
914
912
27
885
906
896
896
904
896
900
900
904
910
901
892
907
891
903
912
895
911
892
916
919
40
880
895
889
882
891
884
877
885
870
872
873
868
884
875
889
887
877
887
876
887
893
874
884
873
880
874
885
894
879
884
873
892
887
900
901
891
876
887
375
513
151
363
875
882
884
874
884
870
878
899
887
906
904
908
894
905
919
907
908
925
565
361
529
908
898
891
887
883
891
882
896
905
896
903
911
901
934
932
932
934
912
917
305
613
322
291
863
30
833
846
860
873
906
930
28
903
891
903
909
917
924
935
929
25
905
901
913
932
924
937
927
929
916
921
901
890
909
921
918
30
888
899
896
876
896
895
881
896
900
914
910
906
919
911
28
883
911
923
28
896
890
898
883
862
874
868
882
882
896
897
899
898
895
902
28
874
898
905
894
902
888
888
894
891
27
864
878
860
878
864
875
893
888
905
886
906
148
758
1017
120
898
919
903
892
892
884
888
874
892
902
900
901
881
892
892
877
892
894
881
902
879
867
878
896
908
34
874
879
872
877
886
903
894
908
916
930
911
933
915
929
920
349
572
221
351
920
36
885
904
886
905
897
39
858
865
858
859
888
876
902
913
34
879
904
895
884
882
895
899
901
60
841
852
850
858
877
892
905
921
45
876
887
900
908
921
920
914
28
886
882
899
893
26
868
882
904
920
920
41
880
868
876
890
892
886
892
891
907
916
920
25
896
912
914
42
872
895
908
916
914
904
911
43
868
871
881
896
915
916
919
28
892
897
889
888
882
900
925
933
934
37
897
888
32
856
870
882
877
30
848
854
868
879
891
871
861
877
25
853
865
875
869
875
893
32
861
871
859
877
867
875
883
873
874
868
38
830
836
818
833
859
866
882
885
26
860
874
886
875
885
43
842
822
829
831
849
860
843
848
851
32
820
832
859
875
890
896
904
904
38
866
879
877
891
900
909
890
903
897
28
870
871
872
888
903
907
39
868
863
871
885
41
844
862
870
880
870
890
893
899
898
897
904
31
873
896
876
898
902
910
929
944
934
27
907
924
922
929
928
914
925
916
915
921
46
876
896
913
919
917
905
905
883
896
892
906
904
917
925
920
919
951
961
29
933
942
944
36
909
921
936
29
907
940
932
956
969
966
959
47
913
926
920
935
932
943
949
944
936
927
922
913
34
879
870
24
846
35
812
828
818
834
815
829
823
823
812
833
854
858
870
895
897
882
892
899
910
920
51
870
886
900
902
910
913
902
915
915
904
925
930
937
45
892
895
888
896
906
916
33
883
888
883
874
861
854
861
850
831
838
846
853
845
851
858
844
857
869
861
869
899
875
897
894
896
889
871
882
891
886
32
854
868
871
871
882
899
898
906
928
937
48
889
871
860
859
854
843
843
831
820
822
27
795
775
779
780
796
835
863
901
906
909
943
955
961
972
37
936
953
948
951
949
943
932
911
26
885
908
909
936
946
953
946
948
954
26
928
936
929
44
886
888
881
24
858
898
922
918
970
960
963
980
958
26
932
26
907
921
40
882
897
898
28
870
906
920
29
892
911
915
910
929
908
930
937
938
945
35
910
927
908
905
888
47
841
857
849
848
845
853
843
840
836
836
832
815
821
815
795
791
796
811
813
805
824
816
824
807
820
816
807
802
798
801
802
824
835
848
853
903
936
41
895
907
907
883
882
878
27
852
869
867
24
843
861
25
837
831
832
815
826
815
326
490
1019
146
873
866
860
889
893
915
916
924
916
908
919
899
904
903
26
877
893
902
29
873
896
899
877
902
894
881
885
49
836
855
858
854
871
849
868
883
884
915
929
913
941
944
54
891
874
876
29
848
869
875
903
916
930
944
949
975
951
969
1006
1014
992
982
975
968
33
935
68
868
850
834
828
835
847
868
871
914
958
990
1014
1036
1016
82
934
35
900
885
873
873
878
887
897
909
922
939
941
972
959
960
34
926
41
886
872
864
857
864
876
883
889
915
931
946
946
943
942
39
903
890
874
856
863
859
855
857
853
866
867
884
886
907
922
930
916
52
865
37
829
827
825
830
839
856
848
25
823
818
835
858
856
873
899
930
921
50
872
857
861
851
851
855
861
867
883
879
896
894
905
927
928
34
895
35
860
844
23
821
806
801
803
799
803
807
813
815
823
845
873
882
878
863
36
827
29
798
789
789
790
797
803
812
815
820
834
822
814
828
855
924
927
40
888
26
862
846
825
812
816
816
825
847
867
873
878
881
880
888
886
869
870
856
53
804
800
789
806
809
794
792
797
812
832
844
857
865
875
873
879
867
860
872
854
871
850
871
854
865
861
856
868
853
852
845
37
809
811
804
801
799
810
810
808
822
838
833
836
848
842
859
863
841
841
826
833
824
30
794
798
807
807
812
827
822
831
822
840
850
840
850
858
856
867
871
866
860
866
862
859
39
820
25
795
800
797
803
801
819
824
828
826
834
843
848
860
854
863
866
867
872
867
868
847
842
832
24
808
822
831
818
828
841
822
836
836
837
861
869
857
874
875
875
875
27
849
868
852
865
866
872
849
862
862
846
855
860
844
851
849
860
857
40
817
824
833
831
836
858
837
854
854
868
870
871
879
872
878
867
880
867
871
871
30
841
853
850
846
853
834
844
844
830
839
840
844
848
826
836
848
37
812
814
24
791
806
809
805
807
820
802
781
792
791
801
791
788
784
797
799
825
838
831
846
846
863
852
867
879
871
894
895
883
900
900
888
903
898
916
931
914
926
924
915
936
932
935
942
923
916
918
30
889
894
907
898
903
916
900
894
902
894
889
906
896
886
901
901
887
899
896
901
915
925
910
931
925
917
937
946
935
954
943
927
933
943
928
938
943
27
916
944
948
29
919
934
946
937
936
952
938
931
944
936
920
940
937
920
938
935
915
938
941
928
947
956
937
947
961
951
942
946
940
922
935
940
917
925
926
908
916
915
901
916
922
913
933
930
911
916
928
909
920
925
913
933
934
927
942
947
926
942
950
927
937
942
919
922
932
910
920
927
905
924
923
917
937
949
33
917
927
934
925
905
916
916
898
907
911
898
908
907
898
911
909
899
912
914
897
911
909
904
917
920
904
915
896
888
902
905
882
911
916
900
916
926
908
921
933
910
919
922
899
909
920
904
913
916
911
926
947
932
942
948
29
919
940
929
925
933
916
906
919
919
900
915
910
909
921
30
892
898
915
894
914
919
903
911
922
914
915
928
921
908
924
927
914
934
940
923
933
941
924
941
943
923
918
939
943
923
938
925
913
927
926
905
916
916
25
891
906
911
887
907
902
891
909
909
889
916
915
903
914
924
25
899
915
924
25
900
912
907
898
913
911
900
916
933
916
936
944
936
925
934
933
909
913
919
27
893
906
906
25
882
893
884
880
894
907
893
908
914
904
902
920
922
912
924
909
910
916
918
901
920
921
910
926
923
909
923
937
916
932
943
28
915
933
943
943
947
964
955
936
948
950
34
916
942
944
926
934
945
922
935
938
921
932
934
915
916
930
917
932
940
27
914
918
916
47
869
37
832
862
868
895
916
909
916
906
902
916
919
916
938
949
946
943
948
954
943
920
932
933
26
908
916
905
26
879
892
889
869
884
880
862
878
873
24
849
872
865
888
907
896
916
918
907
919
919
29
891
915
914
26
888
910
916
32
885
901
909
890
909
898
915
924
914
919
921
902
921
934
911
920
927
914
924
918
909
914
911
916
921
920
909
928
924
917
930
934
921
933
940
923
930
931
916
926
933
916
936
946
925
929
934
25
909
910
100
810
816
837
836
837
829
840
847
845
857
860
855
877
879
873
875
875
873
29
844
844
34
811
822
810
806
800
811
798
801
794
787
781
775
766
770
754
750
752
741
735
736
735
734
737
729
731
736
730
737
745
747
749
747
758
753
749
752
745
743
736
736
735
727
728
722
719
715
709
711
706
704
708
709
702
709
698
701
702
697
699
694
690
689
687
680
682
674
676
669
678
677
675
667
680
674
675
673
671
672
670
668
670
673
673
668
673
668
666
668
674
670
669
676
666
674
666
672
670
664
668
671
660
663
664
663
659
662
656
655
655
653
654
658
654
653
650
653
26
627
665
22
643
650
646
651
653
640
652
648
631
653
646
647
648
21
627
658
645
21
625
656
641
20
622
651
32
619
646
637
30
607
648
24
624
620
640
633
629
638
631
640
641
643
25
619
660
44
616
674
23
652
649
651
23
628
658
655
669
671
29
642
634
666
41
625
637
636
643
633
650
23
627
655
39
616
631
635
620
625
652
44
608
626
642
29
613
604
634
637
20
618
623
625
617
626
638
622
621
632
623
625
625
628
624
631
626
612
647
652
679
689
688
703
687
685
703
23
680
679
680
664
682
674
685
27
658
686
700
688
682
698
698
709
724
720
710
708
726
711
712
741
747
742
758
750
736
750
38
712
723
717
752
771
769
784
834
23
812
819
850
33
818
817
825
37
788
768
769
808
903
908
26
882
915
980
110
870
882
954
999
109
890
884
964
1078
99
979
958
119
839
1032
146
886
914
904
916
1029
55
975
30
945
1012
1060
97
964
963
948
923
963
1138
90
1048
1085
1081
65
1016
1016
1006
61
946
960
1000
1075
105
971
26
945
937
968
84
885
877
901
32
870
884
942
1003
72
932
928
974
991
36
955
979
35
945
32
913
944
968
30
939
970
957
116
841
855
875
916
959
941
31
910
920
912
930
965
970
961
956
949
982
37
945
932
954
42
912
909
900
34
867
863
840
851
885
876
879
907
897
902
916
908
936
939
945
967
34
933
932
945
45
900
901
886
28
858
875
889
887
912
902
892
918
908
904
916
900
903
917
901
903
886
885
908
892
899
900
883
907
923
69
855
39
816
846
847
858
890
920
919
920
938
929
938
932
26
907
917
930
914
931
920
915
941
926
935
940
925
927
941
27
915
918
937
26
911
928
940
918
933
940
916
934
941
29
912
934
959
29
931
948
945
31
914
935
936
916
942
951
30
921
958
978
51
927
953
954
29
925
949
953
31
922
935
944
923
943
951
929
937
947
34
913
920
932
44
888
906
917
46
872
47
825
864
872
892
925
919
923
928
916
939
928
928
934
928
931
936
933
927
941
944
44
900
918
903
916
921
43
879
915
925
25
900
916
929
26
903
917
932
919
938
937
920
933
925
916
914
896
902
880
24
857
870
850
873
891
872
890
913
892
907
921
898
915
927
915
921
927
28
899
917
927
27
901
916
916
39
878
885
889
868
880
884
27
858
878
878
26
853
867
872
32
840
825
846
865
897
899
927
941
923
947
945
932
954
955
946
965
961
951
965
956
948
958
949
928
937
929
907
922
910
27
883
895
906
29
877
886
903
880
893
904
28
876
894
900
887
909
913
31
882
893
904
28
877
898
916
27
889
906
904
26
878
889
890
33
857
871
892
887
887
911
39
872
872
869
851
837
836
816
822
820
803
816
811
821
834
848
854
29
826
823
23
800
801
838
818
825
827
826
821
820
800
794
805
805
826
834
813
846
23
824
818
837
839
24
815
832
820
839
851
833
844
832
24
808
807
830
841
864
882
28
855
834
847
853
881
902
915
920
902
909
896
886
29
858
842
853
841
857
873
868
880
906
915
897
916
902
901
910
894
893
901
896
885
901
906
913
916
926
921
940
940
923
933
934
915
933
921
903
921
933
41
893
901
894
876
890
25
866
852
881
867
855
852
863
887
868
881
878
885
865
908
935
41
894
49
846
869
868
865
876
886
878
874
864
869
888
916
26
890
886
24
863
864
870
867
860
859
866
866
871
869
128
741
824
814
801
791
791
781
786
788
801
806
787
795
793
797
802
805
797
800
812
836
822
835
854
839
824
850
860
866
862
859
844
838
830
32
798
814
841
840
860
913
909
890
897
919
935
30
905
25
881
875
46
830
830
823
821
804
805
803
801
803
793
797
785
786
770
760
764
759
752
761
750
753
757
753
766
761
780
784
766
773
766
774
768
769
764
760
748
744
728
746
748
752
764
761
755
752
768
791
773
785
793
788
774
774
773
767
759
766
763
766
767
768
771
777
770
766
753
750
741
742
737
740
751
751
756
745
744
737
732
718
721
722
719
740
766
754
751
773
772
754
759
747
21
726
725
709
718
718
715
721
720
727
721
727
724
730
719
721
712
717
718
714
716
712
708
708
277
432
157
276
712
707
709
709
713
256
458
206
253
715
183
533
3081
3999
3999
3999

