05-08-2022 - 9:30 - Correr
Fresia Olivos
Intervalos entre latido y latido
963
948
964
953
942
964
963
958
981
991
991
1000
1020
36
985
999
984
964
981
968
952
970
968
28
941
969
956
945
963
959
941
979
976
962
985
976
956
976
976
34
943
960
961
947
949
958
947
937
934
958
933
939
953
941
953
975
974
956
976
977
955
969
963
953
957
965
950
937
959
958
950
958
959
941
958
961
949
935
956
945
926
939
935
921
931
932
924
916
940
944
923
935
946
933
924
945
939
933
955
957
945
934
948
953
938
952
961
958
943
958
963
959
953
966
979
969
951
968
958
942
958
960
966
948
968
966
960
948
962
963
941
967
974
950
953
966
958
943
959
959
946
952
967
956
949
968
964
955
959
970
978
967
971
974
977
961
967
971
952
942
957
955
944
938
960
967
961
972
976
965
950
946
947
948
937
946
952
956
938
959
964
947
938
953
957
954
938
963
967
947
961
974
978
961
985
986
988
968
982
990
988
966
986
991
970
954
974
977
970
956
977
971
950
958
965
970
950
969
967
958
939
945
935
916
931
933
924
947
956
946
961
977
979
966
990
989
978
990
996
981
972
990
987
962
982
981
960
971
981
964
952
975
966
955
980
979
979
984
995
992
973
990
984
982
964
943
950
953
949
939
952
955
960
946
945
961
963
955
942
970
961
951
960
967
970
954
967
982
973
957
978
988
988
978
991
997
999
974
976
995
983
968
959
975
984
983
968
976
987
997
989
1016
1012
993
1006
1014
989
983
983
962
943
969
957
32
925
925
917
28
890
898
899
902
880
56
825
822
822
35
787
787
795
29
767
761
772
756
740
752
736
724
753
748
25
723
725
726
719
702
704
708
696
685
686
706
695
685
690
27
663
666
663
662
647
646
665
653
650
644
659
655
646
642
652
641
639
636
655
638
637
643
628
636
636
640
627
636
633
628
621
623
632
628
629
633
628
633
625
629
631
639
625
631
632
617
620
627
636
21
616
621
625
613
612
623
620
609
618
625
609
613
622
615
617
623
616
617
625
618
190
428
726
53
674
75
600
603
608
607
593
605
606
593
589
601
597
588
599
604
591
586
597
605
593
589
592
591
585
588
586
587
584
588
591
579
587
586
582
579
593
584
575
581
593
589
580
584
592
587
580
584
586
587
581
586
601
19
583
590
585
583
573
590
578
578
583
583
17
566
575
569
571
563
579
567
558
558
568
558
557
562
569
560
556
564
563
555
562
551
570
19
551
549
47
503
601
59
543
543
552
545
540
529
560
546
535
541
545
541
536
546
541
531
543
537
537
531
545
541
537
531
546
544
542
535
549
540
547
534
547
541
542
533
553
545
545
533
539
543
542
537
552
550
544
546
555
551
553
560
552
551
562
566
552
558
570
570
564
567
577
580
575
584
588
585
593
599
603
600
610
623
612
609
622
636
629
633
640
643
646
639
657
659
659
675
696
692
696
719
720
705
713
700
690
702
700
682
688
700
686
677
683
697
701
704
711
703
693
690
31
660
653
670
663
662
672
668
667
685
703
706
713
749
761
752
779
770
769
786
786
772
795
805
796
810
830
24
807
833
841
829
819
845
842
826
820
866
873
854
871
880
864
863
853
847
881
870
863
893
874
887
901
883
908
900
28
872
898
899
898
930
920
916
937
919
926
935
913
918
925
910
921
943
922
946
958
943
962
958
940
969
953
947
960
32
929
931
938
923
944
958
941
939
958
26
933
942
935
924
957
947
940
958
948
948
967
954
952
969
955
958
976
960
962
975
977
958
968
957
960
971
32
940
966
976
29
948
976
962
944
969
965
949
983
981
960
971
965
29
937
961
954
930
946
960
949
951
986
962
971
987
964
968
988
985
28
957
970
965
952
931
960
962
945
964
974
970
949
972
975
26
950
952
966
963
946
972
968
959
935
960
957
954
28
926
957
966
974
955
975
967
945
975
981
958
979
983
975
960
992
999
986
968
986
1000
981
959
987
993
987
972
988
992
979
956
976
965
949
970
990
986
964
984
991
991
970
996
1001
996
974
1005
1013
1006
985
1009
1011
997
988
1003
999
977
978
981
959
947
975
965
958
993
988
978
1005
1019
1001
1010
1025
1033
30
1003
1006
1024
1027
1016
995
1019
1020
1024
43
981
997
986
961
979
975
975
953
987
1005
33
973
995
996
34
963
941
958
953
931
959
968
959
983
981
986
1005
1008
1009
32
978
994
996
990
972
998
997
988
967
982
985
985
961
959
969
974
958
969
981
976
952
981
980
984
28
956
977
975
966
26
941
963
962
944
975
984
974
960
978
991
994
968
998
992
988
27
961
980
991
976
957
982
988
987
971
990
974
29
946
940
949
943
925
951
965
950
979
986
1000
981
1002
1006
1004
979
1000
1000
1000
34
966
976
977
980
963
979
987
977
956
990
997
997
35
962
959
947
926
919
26
894
889
874
880
873
856
865
846
835
836
825
816
819
802
811
820
828
828
844
849
846
836
843
841
833
847
865
864
873
877
861
862
863
849
834
829
835
836
828
24
805
844
833
833
838
842
842
840
839
832
834
839
837
832
843
840
848
848
843
859
862
856
863
866
858
840
843
836
824
832
823
820
826
827
823
827
834
858
882
890
882
865
866
859
868
867
866
858
849
850
840
824
835
834
828
834
835
831
821
824
819
832
835
839
836
847
842
840
840
837
816
809
817
802
818
825
833
818
816
816
802
807
804
813
816
825
837
838
836
835
848
841
845
864
863
850
847
848
850
836
833
829
842
841
838
864
875
874
870
863
860
860
853
837
833
842
836
821
833
841
833
842
846
831
836
836
829
818
821
833
828
823
827
828
823
817
816
817
803
811
803
801
802
811
815
816
809
808
808
803
796
796
794
797
779
784
793
798
803
816
827
832
829
839
820
813
822
821
807
821
818
828
833
834
835
837
838
826
832
830
833
831
825
832
823
831
826
841
835
854
846
857
860
872
876
883
872
878
875
874
851
851
837
838
834
829
833
837
829
813
818
821
815
802
819
826
835
843
841
841
840
26
814
811
812
820
829
843
842
830
828
833
833
823
834
838
849
848
852
833
833
836
840
836
830
842
852
856
844
852
857
840
861
861
859
841
829
855
836
835
833
842
845
843
843
851
842
836
36
801
833
38
795
817
863
880
891
907
27
880
869
867
855
858
853
855
856
852
838
844
843
848
847
846
850
857
839
839
833
841
830
835
836
830
836
830
822
819
828
817
814
822
826
820
824
835
833
818
824
811
824
829
820
818
813
823
830
831
837
835
820
825
833
828
811
310
502
1014
187
828
833
832
829
813
808
809
806
805
814
801
799
811
815
817
820
803
789
793
800
809
808
810
814
811
810
810
820
800
805
802
799
809
821
816
815
807
803
798
796
804
806
819
810
816
816
828
836
840
846
849
853
853
835
823
825
825
823
834
831
843
835
847
853
855
850
856
24
833
827
830
832
815
801
806
47
760
36
725
737
770
841
880
933
936
40
897
890
880
859
849
848
835
832
842
842
866
877
885
881
895
909
885
878
895
891
884
883
874
871
24
847
834
843
851
862
868
867
876
878
876
877
860
877
862
866
875
869
877
885
881
887
883
891
876
879
875
893
899
904
884
895
899
902
911
892
900
885
875
877
879
875
869
869
885
880
875
880
880
882
875
857
866
874
879
888
895
886
902
916
925
923
921
916
909
902
911
908
893
891
877
61
817
816
25
792
39
754
771
38
734
716
718
23
696
682
699
690
674
679
690
697
687
692
707
702
686
723
36
688
695
717
32
685
699
714
25
690
679
678
664
667
689
676
32
645
638
675
29
647
640
656
649
633
636
636
628
635
625
621
627
641
631
639
638
637
645
656
656
654
656
664
656
663
670
661
667
664
663
665
675
692
694
694
693
705
715
702
711
714
722
719
706
722
736
720
719
743
741
727
719
750
736
728
740
754
744
732
746
772
770
757
771
799
799
781
820
853
854
839
869
865
32
833
885
31
855
839
849
852
842
837
850
856
860
881
894
902
885
899
883
890
875
880
879
878
867
886
891
882
892
912
912
930
917
928
922
25
897
896
897
892
898
900
895
889
896
897
886
884
889
868
858
861
852
859
866
848
854
868
855
841
845
860
849
851
864
875
882
872
875
885
887
884
884
875
887
896
903
891
895
888
874
881
873
874
865
870
879
880
873
887
886
868
861
863
860
843
850
849
856
850
845
849
856
866
860
862
872
885
887
879
874
883
875
872
864
863
844
859
862
853
860
891
899
903
916
923
904
911
26
886
871
872
874
872
865
865
868
871
848
854
864
869
869
861
865
862
858
853
834
833
834
845
855
872
864
886
890
891
884
876
882
878
877
883
871
849
850
856
861
871
871
859
844
828
830
839
848
865
848
28
820
836
859
877
888
885
874
867
35
832
840
841
832
34
798
792
36
757
765
772
786
831
871
932
956
959
946
922
47
876
854
839
821
30
791
795
791
787
788
782
776
780
793
787
789
779
799
833
852
861
866
868
34
834
834
830
825
807
809
810
815
820
816
826
820
804
800
801
811
823
831
840
846
852
858
844
854
846
836
833
833
830
831
835
845
841
854
857
869
860
842
849
851
850
834
830
816
818
819
814
794
799
809
817
841
850
857
870
872
861
847
845
843
845
851
852
840
849
854
859
851
858
860
875
880
861
867
873
867
868
867
875
24
851
852
864
875
874
884
884
868
875
857
847
848
844
844
825
822
826
836
849
857
860
865
867
863
847
857
860
866
868
859
854
853
861
852
840
828
833
838
843
850
850
851
845
857
871
883
887
875
875
869
865
866
870
854
860
866
861
860
860
849
853
846
857
863
849
859
872
879
862
844
841
833
825
818
822
805
817
819
831
843
851
844
830
841
850
854
852
854
856
25
832
835
845
850
848
838
843
845
861
861
861
849
845
846
838
830
813
821
819
813
807
831
849
867
867
24
843
847
847
844
834
815
830
819
810
815
808
822
816
838
865
878
874
870
879
886
878
872
877
881
865
879
880
881
859
867
31
836
841
844
836
821
822
807
798
825
871
853
853
852
864
868
879
889
890
871
862
859
860
861
845
846
862
857
866
865
858
850
849
841
863
873
875
877
869
864
857
854
840
848
848
860
860
860
859
847
854
851
852
843
844
849
834
848
859
862
856
866
859
853
856
853
842
845
850
849
856
853
27
827
825
830
833
842
848
845
842
850
845
840
828
829
838
845
855
861
848
857
846
835
825
818
822
816
822
829
844
849
835
843
843
839
836
827
820
822
824
831
835
830
835
837
838
843
852
838
839
842
847
845
851
838
837
847
833
840
837
840
830
842
846
848
833
836
840
830
831
834
834
821
830
825
835
834
841
843
838
828
834
827
818
819
823
808
813
823
826
822
826
834
822
834
839
840
833
819
822
827
821
823
813
810
812
811
809
805
824
822
832
826
814
808
807
803
792
795
796
798
807
812
804
796
794
801
803
840
833
828
829
824
823
820
804
791
791
783
766
767
767
774
780
787
797
799
801
789
786
782
795
806
808
814
816
808
791
799
804
806
809
803
810
811
816
814
811
799
810
812
819
821
810
816
824
829
836
817
817
821
828
833
835
841
827
836
848
851
861
859
845
852
856
856
851
856
857
860
849
854
861
882
875
862
863
864
857
839
850
851
849
870
868
850
859
861
863
875
866
858
863
856
841
842
850
865
866
865
859
868
851
842
858
855
845
842
832
833
837
841
832
829
834
846
842
849
863
871
862
867
883
876
888
888
889
30
860
870
857
863
864
864
860
850
846
841
823
819
834
844
847
846
858
857
864
867
859
862
858
842
833
831
835
833
836
844
835
865
864
876
875
880
866
876
874
853
861
860
849
857
862
860
860
838
851
857
869
863
867
856
862
872
866
874
863
864
28
836
835
832
827
842
846
849
834
850
852
850
855
845
836
839
839
824
838
23
816
795
789
784
802
845
863
875
860
849
836
836
842
841
830
836
845
838
836
842
828
812
818
818
813
800
797
799
785
775
766
761
772
767
780
791
796
799
807
812
825
827
840
839
834
823
821
824
823
820
827
828
827
815
821
822
821
822
823
832
842
835
842
831
839
845
855
849
842
844
836
823
824
817
825
833
827
830
820
830
826
818
821
825
825
820
827
825
819
822
820
809
819
818
824
818
823
824
831
840
841
833
849
850
831
839
835
836
834
830
847
855
847
873
882
888
870
874
872
865
854
838
827
832
821
815
834
855
859
874
890
872
890
891
894
895
881
871
875
880
876
883
893
881
867
890
893
899
889
887
894
897
895
875
888
26
863
840
839
839
838
838
838
832
841
844
847
842
846
838
837
829
849
857
863
867
850
857
859
849
843
848
851
847
840
828
849
846
850
860
873
881
882
879
875
857
860
846
847
841
835
831
821
811
810
807
811
813
818
826
808
816
815
821
816
823
838
853
864
889
915
925
916
914
913
905
893
894
892
881
870
884
870
854
867
878
865
855
851
854
868
862
846
862
855
833
856
877
881
885
879
865
867
867
864
861
847
842
847
855
858
862
866
866
874
858
861
853
842
844
857
869
859
858
869
867
858
839
850
836
845
845
844
836
851
846
868
875
880
882
883
892
889
883
874
875
880
873
860
871
872
870
866
845
846
848
849
834
847
887
44
843
864
865
868
862
849
857
861
860
853
856
865
859
837
839
831
838
838
838
842
840
827
837
815
824
821
827
827
837
833
825
824
826
822
818
835
831
843
852
864
853
866
867
848
853
850
841
831
829
823
822
833
836
822
830
839
840
841
840
829
824
824
823
826
813
827
825
810
820
819
818
822
822
816
810
822
830
824
826
832
841
843
845
840
833
823
802
806
806
800
810
821
834
840
850
853
844
831
835
842
843
847
838
847
845
839
818
833
834
836
836
867
876
884
867
885
877
879
24
856
845
854
836
833
832
833
831
820
816
833
832
842
844
853
833
833
839
853
858
869
855
850
867
868
864
870
875
874
857
841
845
844
834
848
858
844
863
865
868
861
853
843
855
863
868
878
877
874
858
862
873
875
874
898
904
912
894
912
900
898
907
900
33
867
870
873
861
843
842
855
853
847
839
852
838
855
868
878
889
893
887
881
877
873
872
855
860
866
871
28
843
853
864
863
861
875
880
883
887
882
28
855
855
855
852
854
856
846
856
854
868
868
856
873
858
869
866
871
849
861
868
866
850
858
863
849
858
870
866
854
850
851
865
854
852
857
855
838
841
848
839
841
850
837
842
847
839
828
841
843
844
844
848
855
845
852
849
843
840
839
835
841
826
822
830
820
801
811
822
837
833
854
862
869
882
865
842
838
828
815
823
829
832
822
839
848
835
846
847
857
856
860
854
853
856
872
877
884
874
877
887
875
875
877
857
848
845
842
828
834
844
858
857
858
842
850
848
850
838
832
862
873
879
888
891
888
883
890
879
876
880
884
886
876
862
852
859
865
865
869
880
875
889
890
887
878
885
880
863
855
853
864
851
839
847
825
810
821
804
826
838
853
889
34
856
899
57
842
859
846
837
824
821
820
815
807
809
816
830
870
43
827
867
883
884
889
880
891
883
878
859
862
860
850
853
854
855
856
850
855
866
865
863
861
864
863
888
901
906
916
912
903
893
892
877
33
845
843
845
832
819
806
811
808
817
830
830
822
836
848
852
855
833
837
846
834
833
841
842
842
845
845
833
836
836
835
833
841
839
838
824
824
819
833
844
857
861
876
885
871
880
875
873
33
841
848
854
851
851
842
841
840
832
841
843
853
859
860
856
838
834
842
844
856
856
839
848
848
854
858
856
862
880
873
882
887
892
891
900
908
901
897
893
899
892
885
867
871
872
871
850
851
851
842
833
841
845
843
838
833
825
837
846
849
850
845
854
855
833
832
834
840
842
848
844
845
860
863
876
880
875
868
856
865
864
867
867
852
872
918
37
882
907
916
915
916
913
905
893
892
888
888
887
896
892
906
901
895
898
893
880
879
877
863
848
848
835
24
812
820
832
840
835
822
839
846
849
851
847
848
832
846
846
844
858
842
858
861
860
844
828
815
42
774
792
781
787
799
807
808
801
805
807
810
814
816
819
806
817
844
35
810
852
55
797
813
825
826
858
38
820
826
817
825
824
834
845
867
36
831
842
839
851
852
846
836
848
853
880
865
32
833
842
864
34
830
830
828
822
830
833
854
37
817
865
858
35
823
875
34
842
882
47
836
878
48
831
842
833
840
848
876
55
822
850
850
833
839
838
838
845
852
861
848
856
866
873
856
860
864
875
877
875
868
861
845
859
860
867
857
855
865
868
875
875
866
866
871
854
852
859
853
857
869
863
889
50
839
862
856
849
852
858
847
851
837
851
879
30
850
855
872
867
861
860
868
862
843
849
860
858
854
872
857
840
850
852
870
869
848
861
865
869
866
873
860
864
865
862
865
858
841
835
833
826
835
818
822
838
836
852
850
845
844
831
832
829
836
843
850
843
854
864
879
861
867
867
847
840
833
23
811
806
811
818
824
822
813
817
825
813
820
824
832
841
827
829
836
840
834
833
816
817
819
815
822
826
841
869
45
824
874
28
846
868
875
878
890
872
876
877
861
873
863
843
841
836
829
811
822
805
807
810
814
814
804
819
832
838
860
868
852
861
853
860
845
837
832
833
828
829
824
823
833
828
823
828
847
867
869
873
892
886
868
877
882
876
29
848
850
851
855
856
852
838
842
845
851
843
861
881
892
916
921
927
932
936
927
929
928
908
918
35
884
885
883
891
901
915
907
887
894
884
872
861
861
850
858
845
837
842
857
857
873
887
912
916
918
924
932
909
921
34
888
897
905
895
881
877
884
882
873
882
900
912
909
907
905
907
904
894
896
897
892
898
899
892
894
889
866
880
893
903
910
912
916
912
922
916
913
925
916
31
885
898
912
896
898
893
890
894
900
877
890
893
900
892
904
916
895
896
877
880
876
877
863
873
874
862
866
866
869
870
874
862
853
869
867
877
876
860
870
856
859
843
833
838
849
843
853
871
888
879
879
881
870
878
886
888
872
864
854
847
856
866
869
902
42
860
871
873
875
890
886
891
889
882
863
856
854
846
833
839
846
867
878
897
941
40
902
917
899
904
915
895
890
889
878
859
877
884
883
882
897
900
929
927
929
25
905
912
912
25
887
890
900
903
902
911
887
901
907
897
893
873
875
882
875
890
884
878
883
26
858
862
876
895
901
896
893
899
894
873
877
875
875
884
888
888
891
884
893
885
889
882
865
875
864
866
858
845
852
862
856
841
856
863
903
46
857
875
864
851
849
841
844
846
831
833
831
835
824
818
823
833
841
836
858
870
886
879
866
879
875
866
861
852
854
846
826
831
828
831
818
831
836
830
829
836
846
844
846
825
840
830
815
817
824
822
813
817
817
819
814
807
23
785
788
792
789
771
781
796
805
809
802
809
819
831
834
831
839
841
838
854
844
850
852
849
853
849
849
844
847
852
849
837
852
854
848
852
850
28
822
823
830
828
830
812
820
815
814
812
805
805
813
811
820
813
814
810
805
803
821
829
818
833
841
840
851
866
871
871
861
883
880
27
854
856
860
851
26
826
823
806
22
785
798
792
808
809
818
814
823
833
832
841
845
862
854
879
884
881
861
872
875
871
876
872
862
871
875
31
845
847
850
846
836
843
851
851
844
831
835
835
836
828
825
827
830
830
833
837
842
824
834
823
822
829
831
835
835
837
842
840
848
841
839
843
850
855
853
833
840
845
840
841
840
832
839
844
846
853
858
858
850
854
851
854
863
862
851
849
868
877
871
864
877
872
857
872
861
849
850
843
23
820
820
831
833
836
830
820
828
837
834
822
818
826
832
833
836
829
825
830
839
842
835
843
859
864
860
875
874
859
863
873
865
871
870
863
866
869
869
856
852
853
861
860
864
868
872
859
851
852
861
862
856
855
851
867
870
873
870
866
860
850
834
837
836
835
833
825
811
820
817
829
828
839
849
854
847
851
851
858
845
833
815
804
804
805
810
809
801
788
805
803
796
795
799
809
820
816
809
821
830
831
818
832
837
831
832
832
834
840
830
832
829
821
826
830
836
819
833
838
840
840
843
833
839
840
840
823
835
834
845
853
859
855
835
843
836
839
825
842
839
822
818
823
821
825
822
824
807
810
810
815
813
806
819
829
840
837
838
843
845
844
845
826
825
828
823
825
817
810
805
801
805
813
809
822
830
829
821
821
819
821
824
820
813
821
817
810
814
824
819
830
818
812
807
815
815
819
816
807
804
803
808
794
809
805
812
806
816
813
806
804
802
800
785
790
810
816
821
830
821
810
813
798
803
800
795
803
795
808
821
834
828
839
833
838
833
840
842
843
835
850
844
825
811
817
799
785
797
812
809
797
799
803
807
814
810
815
820
815
814
819
812
813
815
816
817
823
820
829
829
833
842
855
855
854
834
838
832
827
835
835
836
838
836
840
828
828
833
833
840
847
860
851
875
879
895
894
891
886
892
906
911
897
29
868
855
844
843
831
835
25
811
804
809
813
827
838
827
828
842
835
843
832
824
827
830
832
834
825
831
820
811
810
821
818
829
831
835
828
839
854
872
874
875
861
867
876
877
864
847
862
854
875
866
868
870
867
876
885
883
882
861
858
849
849
840
858
859
845
854
848
837
837
843
837
851
841
831
845
850
853
848
845
832
814
827
835
831
821
833
840
856
866
876
884
876
883
893
898
888
898
28
870
871
875
884
881
865
857
868
874
870
873
869
875
860
874
872
862
853
850
838
832
833
833
843
839
835
843
854
857
863
864
852
859
865
868
862
856
852
861
867
877
893
875
880
895
899
903
29
874
871
24
847
826
826
829
833
838
841
833
840
854
869
875
882
883
885
892
901
897
905
886
898
901
896
879
883
891
895
890
902
906
899
30
870
877
884
874
891
898
906
910
30
880
880
24
857
845
852
847
843
855
863
858
866
870
875
868
872
877
883
879
863
859
852
855
852
849
861
863
868
862
27
835
832
841
838
825
838
851
868
872
884
882
888
873
854
858
875
876
855
874
872
871
854
852
867
875
868
856
866
864
871
862
853
835
840
844
850
853
847
847
852
848
842
845
852
857
861
853
851
857
865
870
884
892
894
884
883
882
877
27
850
851
854
843
824
824
828
832
836
841
832
823
830
838
853
858
866
850
863
866
865
845
838
835
831
835
829
835
821
830
843
851
844
852
865
867
873
865
851
851
847
842
846
853
845
839
829
830
826
819
808
816
822
830
821
820
823
831
843
852
840
848
860
875
889
881
877
880
889
891
899
889
886
887
882
29
854
843
833
835
823
849
860
864
875
867
851
868
881
883
879
886
884
884
870
24
847
849
832
845
840
857
865
863
868
881
882
878
891
877
876
885
880
885
880
887
892
891
885
887
895
905
909
896
900
889
896
887
24
864
853
834
23
812
816
807
810
823
831
848
860
858
880
883
882
862
876
870
866
868
863
24
840
846
844
845
839
840
834
833
833
843
837
836
822
830
833
837
846
852
837
845
861
867
883
889
889
892
875
886
881
876
868
871
872
874
867
877
874
889
883
890
897
890
872
891
884
869
879
884
883
886
873
861
873
884
882
869
856
853
843
843
846
852
857
855
859
860
860
860
853
855
857
853
855
845
848
850
23
827
836
830
829
828
825
833
845
855
867
883
890
893
878
875
874
880
888
892
895
883
865
865
863
875
883
899
883
882
891
898
897
890
874
874
865
25
840
843
840
830
830
837
849
831
836
859
855
877
864
857
867
869
863
873
872
879
863
862
871
878
874
880
879
883
889
878
883
885
876
873
875
882
871
885
890
894
875
880
881
871
868
875
879
874
880
896
898
896
895
900
904
896
892
898
897
896
893
891
888
900
876
871
878
877
875
883
878
24
855
855
847
859
850
866
872
862
878
884
903
909
895
901
899
893
872
856
862
849
848
846
843
852
867
886
887
906
891
894
879
26
854
858
860
853
863
869
871
861
870
867
877
873
858
838
852
853
843
840
849
856
855
876
886
888
885
876
873
890
895
903
902
901
902
912
900
894
891
893
872
863
872
888
883
888
885
871
877
862
862
862
855
843
854
853
869
853
892
904
891
915
918
926
916
925
920
910
893
893
879
874
881
30
852
863
863
855
847
857
865
868
863
878
885
887
906
913
894
896
885
879
877
26
852
861
859
854
866
879
883
889
900
904
883
886
878
880
874
27
847
863
861
860
854
872
885
868
873
870
870
852
869
867
865
880
885
894
896
886
895
895
881
890
25
865
875
876
854
854
867
879
871
873
893
897
892
896
901
909
908
914
921
25
896
885
888
884
875
862
864
853
24
829
844
859
852
884
905
914
920
921
928
925
917
916
922
911
908
903
911
29
882
890
898
887
889
890
881
884
873
854
864
871
881
893
897
898
901
889
879
865
877
885
886
879
889
899
904
895
898
902
25
878
873
871
880
895
873
860
873
893
900
912
900
901
896
885
877
877
870
886
892
885
885
900
906
908
901
896
909
893
26
868
863
859
845
853
863
853
876
889
879
871
884
881
885
877
875
855
864
864
866
863
849
856
845
840
821
812
817
808
812
817
831
839
847
854
865
877
875
885
881
869
875
884
885
888
24
865
859
868
877
875
25
851
876
870
886
884
889
902
900
908
914
917
911
906
911
912
905
912
907
886
894
883
883
878
889
886
900
28
872
871
869
25
845
832
843
831
826
834
850
853
867
877
898
892
912
902
913
914
892
875
866
863
857
870
875
3999
3655
873
861
875
868
861
864
872
879
887
898
893
898
894
896
890
875
897
898
899
878
882
890
868
882
889
884
869
874
883
884
886
897
892
902
911
915
908
918
922
38
885
878
892
893
905
909
905
881
884
881
875
865
872
871
872
878
886
891
877
885
49
837
838
833
835
3999
267
846
856
855
870
879
875
869
866
872
874
868
846
837
838
846
837
859
870
877
906
913
915
922
916
904
900
888
883
865
868
870
876
861
862
870
873
861
882
887
875
875
869
852
833
828
835
836
848
843
846
846
857
858
862
850
858
849
855
850
837
837
852
853
847
864
864
850
851
846
840
838
858
863
884
884
888
877
895
898
901
901
891
919
929
930
912
897
886
875
24
851
852
836
829
815
830
842
850
842
868
875
879
860
871
875
873
864
878
880
869
877
876
879
874
886
900
910
903
881
881
879
861
861
871
878
881
888
885
875
888
889
878
884
891
28
863
864
867
867
861
848
844
853
860
847
866
875
877
895
905
893
876
885
889
891
885
891
887
26
862
854
851
846
24
823
835
846
839
848
873
896
904
902
905
25
880
877
855
851
856
838
843
849
841
852
873
876
876
886
880
878
901
909
906
900
878
893
895
895
902
883
868
872
879
879
873
882
864
869
877
877
878
866
875
872
867
850
858
866
872
882
864
870
875
881
879
877
874
869
874
869
856
859
851
839
852
860
881
31
851
871
878
892
905
910
916
923
909
902
915
911
915
908
911
895
875
860
857
30
827
825
828
833
842
838
849
851
841
848
850
862
863
871
891
900
895
896
905
907
904
894
907
912
925
913
906
904
901
886
881
866
28
839
836
821
805
819
802
822
845
856
867
877
860
850
851
840
833
811
809
809
818
820
831
823
833
858
871
891
882
874
886
878
876
861
859
838
828
841
834
845
847
854
849
829
839
840
842
840
829
822
824
817
805
804
796
809
808
819
832
841
854
859
854
853
859
857
851
853
858
850
872
880
881
868
856
866
858
875
869
853
854
853
848
856
853
833
42
791
780
767
748
28
720
739
750
29
721
715
24
692
688
680
694
681
671
664
677
21
657
662
661
650
658
663
662
660
653
661
674
661
24
638
642
644
656
672
691
698
719
747
785
24
761
804
29
775
792
798
30
769
775
781
24
757
742
24
718
723
719
718
727
715
713
712
700
708
705
704
699
694
680
694
682
676
677
689
680
683
675
661
668
662
647
655
19
636
643
667
663
657
665
664
677
675
681
682
702
694
697
707
723
743
744
747
755
764
745
750
734
731
736
728
731
725
714
716
706
701
698
694
686
674
674
678
686
688
691
691
692
691
691
701
711
703
714
727
730
744
728
732
733
750
742
761
774
806
45
762
36
726
736
727
25
703
701
724
724
715
727
737
763
787
773
796
797
40
758
22
737
742
756
748
756
793
25
769
780
795
784
769
784
774
780
798
805
792
802
809
794
37
758
762
745
739
754
764
750
754
767
773
791
807
802
798
800
791
789
800
799
801
809
801
796
788
796
794
778
786
795
797
820
817
832
825
836
841
831
824
831
821
817
833
833
821
833
847
837
830
839
830
817
808
824
814
797
795
802
797
797
794
782
774
772
790
794
797
809
833
845
842
866
872
865
861
878
868
857
850
833
826
829
807
22
786
807
793
792
802
786
786
793
805
812
830
809
821
815
804
803
812
833
824
818
811
816
818
813
837
838
829
834
832
818
826
820
806
808
818
826
827
853
861
859
883
887
874
886
880
867
871
867
850
851
862
851
842
848
859
853
838
842
837
821
804
805
794
786
795
795
786
789
803
796
790
796
783
768
775
756
744
751
739
739
762
785
794
782
34
748
791
797
36
762
771
754
754
752
762
759
764
764
748
738
755
776
790
776
780
789
790
784
773
768
762
754
749
742
750
745
740
741
746
750
754
765
758
759
754
226
528
977
372
605
880
156
725
713
719
22
698
695
708
692
682
694
687
20
667
680
674
659
291
368
78
290
665
661
665
667
676
674
679
665
666
665
656
667
665
28
637
652
652
645
657
673
666
660
691
698
683
704
711
699
708
718
704
708
726
729
716
738
773
38
736
766
776
32
744
758
774
770
791
802
799
780
787
23
764
794
34
760
25
736
724
726
729
721
712
726
719
719
736
23
713
727
750
750
764
798
808
832
46
786
785
816
35
781
798
810
28
783
781
761
747
755
762
783
790
797
814
802
817
25
792
801
791
794
791
793
808
795
793
787
766
763
786
786
775
765
760
754
737
731
110
621
824
117
708
722
712
709
717
719
726
718
726
731
732
740
743
744
753
749
750
741
738
740
732
723
729
21
708
707
704
699
252
448
931
208
723
51
673
683
690
39
652
665
699
689
675
672
697
698
702
697
702
720
718
704
712
726
722
728
736
742
741
746
745
737
740
739
729
737
736
728
743
743
750
763
764
778
777
781
792
791
791
807
810
807
822
839
830
818
830
823
818
835
838
830
833
826
814
813
816
820
817
841
850
854
875
886
887
884
897
890
873
882
892
874
871
894
899
34
865
876
869
850
865
862
854
861
881
880
863
880
875
859
868
873
856
875
888
883
883
895
881
907
908
911
927
931
928
939
932
920
927
915
907
916
920
915
933
925
911
897
910
891
903
912
909
897
904
888
890
875
870
867
877
880
867
875
887
883
878
871
866
844
843
844
837
842
850
29
821
806
804
788
791
808
805
791
794
809
795
792
784
776
769
780
782
790
825
30
796
815
824
850
42
809
828
830
818
819
821
802
817
824
821
817
826
830
814
801
801
792
782
761
775
764
752
758
754
742
749
748
737
745
730
722
711
733
742
24
719
728
750
735
24
711
712
716
705
695
687
691
23
668
666
690
682
679
687
690
696
705
713
720
736
747
749
732
727
732
723
707
720
714
710
703
735
746
731
736
754
796
793
22
772
800
829
832
38
794
821
835
37
799
804
804
806
790
781
779
783
776
786
795
804
809
845
841
836
846
837
825
812
803
799
802
791
808
816
811
828
845
848
843
859
852
839
848
853
855
848
843
831
834
846
848
833
840
852
858
855
869
877
870
870
880
864
877
875
890
876
884
878
886
878
894
891
872
868
880
887
876
885
870
859
850
853
840
844
845
866
873
883
871
870
41
829
830
818
806
808
820
800
792
833
834
838
848
860
856
854
858
858
852
852
865
854
853
851
837
821
830
30
800
795
786
785
793
803
804
803
822
827
838
845
833
838
830
823
847
852
845
865
859
852
852
856
861
854
862
870
869
850
869
872
857
849
869
869
861
841
844
827
814
811
792
783
786
771
786
796
805
28
778
792
785
26
759
769
752
746
752
751
754
752
745
737
745
730
730
722
717
703
710
702
698
708
704
688
685
680
676
684
672
655
660
674
680
690
695
686
694
704
713
703
699
725
732
746
751
775
760
782
771
762
766
774
774
772
783
791
786
790
795
796
812
808
806
800
800
796
793
792
777
769
767
762
760
767
777
787
786
788
790
770
762
764
759
759
777
789
798
815
832
825
829
828
832
823
833
837
843
848
837
838
842
836
852
865
868
894
898
922
925
934
930
931
909
901
45
856
833
381
452
1039
267
772
237
535
988
239
750
750
751
760
747
744
753
27
727
771
822
820
820
852
851
846
883
906
894
885
903
905
883
887
911
921
921
914
938
939
936
916
929
924
909
916
915
915
898
893
900
883
871
888
26
863
844
208
637
988
86
902
935
984
36
949
56
893
898
923
939
927
921
26
896
27
869
876
904
898
898
898
894
905
881
860
861
898
918
925
922
912
917
906
908
901
897
887
871
852
846
888
909
919
953
946
947
944
934
922
30
893
874
876
915
930
941
959
974
956
936
923
921
42
879
862
872
899
912
924
930
948
937
931
26
906
26
880
870
887
894
891
896
906
908
903
894
879
863
841
829
850
869
882
887
906
920
922
915
900
890
24
866
25
841
845
865
877
893
927
950
930
922
910
886
41
846
833
847
865
880
912
925
942
932
914
898
884
30
855
836
839
857
862
879
884
906
891
884
875
867
852
833
813
808
837
875
903
918
934
955
971
982
983
982
36
946
923
905
30
876
869
24
845
826
837
840
848
850
860
866
871
862
858
847
829
818
804
30
775
776
28
749
760
755
756
757
751
750
748
738
746
734
732
724
709
718
716
711
708
708
734
730
721
718
747
29
718
721
756
754
738
730
754
757
25
733
736
758
767
25
743
753
783
785
773
800
816
28
788
791
827
827
826
839
818
810
825
823
820
832
835
830
849
846
842
845
854
843
845
861
867
882
883
883
873
867
865
860
844
835
856
851
841
843
854
847
840
844
862
851
847
861
853
841
844
849
839
836
857
862
860
865
879
895
892
897
906
916
907
932
941
940
944
934
952
943
937
925
934
942
940
930
912
916
914
904
905
928
929
908
922
928
922
907
918
920
925
905
908
915
913
903
920
928
935
929
939
952
962
955
950
947
944
946
950
932
945
945
957
35
922
909
932
924
905
929
938
943
927
949
955
946
928
951
954
963
941
946
951
951
952
945
954
965
959
966
975
976
977
965
972
974
27
947
969
971
977
970
951
969
966
969
956
951
955
951
26
925
932
937
924
913
920
920
905
926
927
937
926
950
953
960
957
974
978
985
978
982
987
967
981
972
975
958
964
970
967
944
952
955
958
943
952
956
951
940
950
953
953
932
945
949
957
964
957
971
969
972
956
978
980
982
966
961
978
972
969
948
959
959
964
962
949
971
970
959
960
978
968
958
971
977
979
956
985
988
996
980
990
988
977
966
977
987
988
977
976
991
990
987
971
976
976
953
32
921
930
926
904
896
918
936
931
970
996
996
989
992
994
995
989
973
991
991
981
981
968
26
943
956
970
979
982
29
954
994
992
979
966
978
993
972
972
994
1005
1005
990
1017
1013
1013
991
970
980
981
972
965
972
971
978
976
953
970
971
975
964
26
939
950
965
977
973
965
995
997
999
989
1007
1014
1019
998
1015
1013
1003
981
992
998
1006
1008
989
1016
1026
1023
1000
1005
1006
995
969
978
967
956
936
947
950
957
972
951
958
951
951
939
959
967
981
968
978
985
984
977
34
944
946
959
954
952
961
956
962
943
967
975
965
958
984
993
972
38
935
947
930
909
903
890
869
854
858
846
834
826
830
25
806
804
30
775
766
778
764
753
34
720
721
730
746
736
21
715
729
733
720
731
721
708
716
717
708
700
701
708
703
702
712
713
24
690
681
673
667
652
660
654
658
651
658
650
647
648
647
646
635
649
636
635
631
641
648
23
626
631
632
638
630
639
626
631
629
630
627
627
626
630
626
623
624
625
624
616
612
620
622
605
613
609
601
596
612
606
593
595
601
598
588
593
597
587
588
588
599
588
590
600
603
599
597
599
602
599
606
591
601
599
602
591
604
599
587
583
600
585
579
577
583
580
575
578
579
578
568
566
580
572
563
558
566
567
558
547
565
563
550
551
562
558
549
554
554
553
558
554
557
550
551
558
558
556
551
563
554
562
548
564
556
558
551
562
555
555
547
556
556
555
547
562
553
546
556
561
555
546
563
561
554
558
564
556
556
556
567
553
564
561
553
556
566
560
550
560
555
551
550
557
550
550
557
556
552
558
552
562
570
557
570
561
559
573
567
559
566
567
564
563
574
572
560
567
569
557
556
566
563
559
556
571
564
554
560
564
555
559
565
554
559
564
27
537
557
580
34
546
541
553
586
23
564
567
581
587
24
564
576
584
592
587
587
601
609
601
599
612
637
30
608
611
629
627
20
608
602
615
641
23
618
617
629
633
621
638
625
617
619
620
622
632
632
626
646
641
641
671
19
653
28
625
657
692
682
675
701
25
676
676
701
683
676
692
26
666
676
722
30
693
703
750
743
740
751
789
793
794
790
779
795
798
787
816
802
814
823
813
807
818
805
34
772
765
770
759
778
787
789
787
799
789
795
780
766
773
825
809
813
810
794
792
808
815
819
830
863
868
890
893
881
911
899
877
893
25
868
892
884
881
911
28
883
889
896
881
882
891
884
911
913
901
921
915
902
920
905
906
923
916
919
930
922
913
933
936
921
941
939
939
918
949
942
925
937
924
909
931
940
925
948
948
925
952
962
939
959
959
935
943
949
932
925
938
938
918
927
936
916
923
932
925
905
935
925
907
924
923
908
915
926
918
908
933
936
918
933
937
928
911
928
933
916
941
948
934
956
964
955
940
963
969
958
949
966
973
965
948
967
972
971
30
942
960
965
959
936
957
955
950
946
964
964
965
953
971
977
976
36
941
957
944
931
913
936
945
944
946
958
955
940
965
969
956
962
977
954
944
952
940
933
964
957
946
962
970
965
949
973
983
974
961
980
981
29
953
958
971
968
955
965
974
971
26
946
967
977
969
950
969
984
981
27
955
969
971
971
955
968
979
978
960
984
984
980
958
973
982
983
967
986
989
978
960
972
968
984
961
974
979
28
952
951
978
991
990
970
998
1006
1005
992
1016
1010
1006
996
1001
1000
984
968
984
974
956
977
989
995
981
1012
1025
1020
994
1018
1021
1008
993
1008
1007
1000
978
990
985
968
967
983
995
972
995
1002
1002
984
1007
1006
995
986
1006
1001
997
980
1002
1000
997
972
995
1006
1009
992
1020
1026
1013
1005
1021
1032
1027
33
994
1013
1017
1008
989
1009
1013
1007
28
980
993
999
994
982
975
1000
1001
993
998
1009
1000
979
1005
1013
1019
1000
1021
1027
1005
1015
1014
1005
37
969
984
983
978
27
951
974
979
981
981
957
976
978
984
976
993
997
1000
988
1006
1006
993
976
1000
997
1013
27
987
995
1000
1000
978
1000
1003
1003
987
1012
1014
1002
978
999
988
36
952
958
947
36
912
933
927
906
927
922
902
920
906
883
896
895
890
895
911
900
30
871
875
878
878
866
872
859
841
834
828
814
796
778
776
767
769
764
756
749
745
745
736
734
743
746
752
34
719
717
764
750
731
761
808
817
31
786
864
854
852
848
863
870
876
866
869
882
875
860
867
865
848
850
858
854
851
859
857
840
840
849
842
839
853
857
847
857
859
856
856
876
880
874
888
893
882
864
866
869
852
861
865
844
842
850
841
830
833
819
814
817
812
793
800
25
776
765
771
763
755
756
758
755
755
754
762
764
767
774
780
775
768
771
757
757
344
414
77
337
750
731
749
225
524
798
199
600
340
260
256
278
282
757
765
746
775
274
501
206
296
27
270
294
42
253
298
43
255
323
316
2650
2342
308
303
45
259
284
760
1312
739
574
3999
3999
486
3513
3119
395
513
251
263
306
417
164
254
288
289
416
588
3999
2726
1273
780
493
788
1301
790
511
3999
3428
571
301
271
338
893
467
426
139
288
282
1455
1180
276
25
251
3999
3999
3288
711
431
281
24
257
281
24
257
281
281
24
257
281
25
257
281
281
24
257
281
24
257
281
281
24
257
281
24
257
281
281
25
257
281
281
24
257
281
24
257
281
281
24
257
281
281
25
257
281
25
257
281
281
24
257
281
281
24
257
281
24
257
281
281
25
257
281
25
257
281
281

