31-08-2022 - 15:22 - Correr
Laura Leiva
Intervalos entre latido y latido
719
704
693
699
171
529
825
160
665
666
675
690
680
695
713
768
760
753
818
878
55
824
836
838
25
814
26
788
797
807
25
783
805
839
41
798
807
836
835
24
812
840
830
28
802
804
792
790
775
792
811
27
784
793
808
27
781
784
792
791
771
792
798
30
769
774
778
28
750
750
759
748
743
749
762
743
754
771
754
750
769
778
25
753
746
760
752
735
732
740
722
719
725
734
729
750
776
768
792
809
790
789
796
33
764
767
775
758
761
766
764
752
757
759
746
744
764
754
746
741
740
27
713
695
720
748
749
779
814
31
784
785
811
807
24
783
794
796
28
769
764
777
759
755
763
774
761
767
794
799
23
777
27
750
756
787
806
820
818
41
777
30
748
742
750
736
752
778
810
26
785
808
836
856
39
817
841
858
857
50
807
824
833
834
36
799
809
814
34
781
786
794
794
24
771
788
806
799
23
777
798
809
796
783
801
781
764
764
775
764
765
782
776
763
775
794
25
770
765
778
780
760
775
776
773
763
775
768
750
751
760
749
741
750
757
739
738
754
754
739
753
764
21
743
741
741
750
737
740
744
754
736
750
783
773
762
782
806
798
782
793
806
24
783
794
806
23
783
777
792
803
783
803
808
28
780
774
788
789
30
759
763
768
751
747
753
759
747
754
764
757
758
762
757
742
747
769
765
750
768
788
27
761
770
784
33
751
765
775
771
762
777
790
24
766
785
803
34
770
777
800
28
772
777
799
781
31
750
734
732
737
719
732
739
738
741
754
774
23
752
767
784
28
756
756
754
740
731
739
755
21
735
717
738
730
741
767
767
756
768
788
25
763
769
791
803
28
775
779
809
823
25
798
845
857
45
813
832
842
853
52
801
784
798
796
31
766
782
794
23
772
775
801
816
32
785
783
815
805
29
776
788
795
793
774
790
793
773
770
775
780
32
749
756
765
774
23
752
763
774
769
760
780
782
766
761
767
771
26
746
750
756
750
738
750
766
767
750
765
785
766
762
778
790
28
763
758
769
781
764
769
775
759
749
751
769
750
753
771
780
764
768
788
33
756
759
747
24
723
722
728
750
737
747
771
765
758
762
760
26
735
727
731
735
720
716
735
746
729
730
735
719
709
700
684
702
725
712
712
732
770
759
764
798
810
36
774
794
817
806
791
826
833
32
802
833
836
26
811
835
842
32
811
830
848
27
822
831
844
38
807
838
24
815
28
787
773
789
792
773
762
779
775
760
776
790
27
764
784
804
27
778
792
816
798
787
818
830
56
774
770
755
739
719
717
704
690
713
718
701
688
717
756
840
874
38
836
55
782
781
786
791
40
752
759
33
727
728
714
25
690
684
680
692
700
687
697
712
726
746
772
816
814
27
788
779
818
813
35
778
24
754
25
730
731
718
732
736
748
748
752
808
818
835
829
23
806
24
782
36
747
22
725
728
714
22
693
678
21
658
643
642
649
648
649
664
690
673
678
698
695
685
695
682
684
688
671
658
654
661
23
638
635
627
634
622
617
616
625
614
616
622
622
620
622
629
624
618
622
611
610
613
602
597
606
592
588
600
584
587
599
591
593
594
597
598
605
603
602
611
611
621
626
636
639
625
614
26
588
584
590
580
578
583
588
580
592
593
595
606
609
597
590
586
583
573
575
573
577
582
581
578
583
578
579
584
579
579
581
577
571
571
570
556
558
555
551
554
549
549
549
547
549
550
539
544
544
539
542
539
541
544
540
543
545
538
537
533
534
529
530
530
527
528
528
530
525
530
534
526
534
531
538
541
539
545
540
545
546
546
545
548
552
549
550
557
550
551
558
548
548
548
539
545
548
538
541
541
541
537
539
541
533
538
537
536
538
535
544
540
543
545
542
546
540
541
544
542
542
543
540
538
538
541
539
538
541
537
541
541
538
542
539
542
535
537
538
537
541
548
559
564
561
571
564
568
568
574
567
573
578
580
580
595
623
645
665
20
645
656
662
662
651
661
660
647
19
629
626
622
625
628
614
620
615
614
614
611
612
629
646
643
635
652
664
19
646
650
656
680
684
666
659
657
646
643
653
661
665
682
669
686
703
689
680
681
21
661
665
681
685
681
708
711
695
718
719
726
747
27
720
711
723
20
703
688
706
706
694
693
706
20
686
683
717
711
711
744
759
29
730
739
757
27
731
30
701
708
734
753
32
722
730
724
716
706
21
685
20
666
661
668
682
702
34
668
678
32
646
653
654
650
657
687
689
692
716
720
711
708
731
714
696
703
716
730
714
713
700
681
680
702
726
719
708
728
730
22
709
723
720
20
701
700
716
706
708
724
717
717
744
746
63
683
683
700
30
670
686
29
657
646
658
695
25
670
659
670
652
669
669
19
651
653
650
664
664
666
672
681
684
22
663
675
664
653
654
639
640
662
700
769
825
833
37
796
797
796
47
750
764
777
759
783
791
777
783
801
58
744
731
772
65
708
697
693
688
695
732
23
710
723
713
722
731
734
733
739
748
747
22
725
47
679
690
715
742
748
780
834
27
808
801
810
789
26
763
795
815
800
51
750
753
764
780
776
27
749
762
762
747
25
722
718
734
751
733
742
756
764
751
753
771
783
773
23
750
767
759
762
757
756
745
738
743
766
773
767
782
824
816
796
815
798
24
775
792
782
783
808
817
810
843
38
805
813
802
26
777
24
754
28
726
725
738
764
754
750
767
775
30
745
748
773
824
850
29
822
854
844
848
50
799
810
796
819
805
64
742
772
797
817
39
778
803
794
22
773
26
747
756
761
769
24
745
754
756
765
750
756
778
796
22
775
775
794
802
33
769
771
785
800
803
23
781
798
799
780
763
776
787
787
29
758
771
775
768
23
746
747
739
775
50
725
718
719
724
719
704
701
715
732
761
767
748
734
736
737
742
729
738
740
742
743
743
747
737
728
732
731
716
719
725
737
732
746
757
756
750
757
760
741
741
740
734
728
722
747
740
740
747
753
737
728
741
739
749
769
767
751
752
759
761
746
747
762
745
742
760
790
771
786
815
801
804
817
28
790
770
787
788
26
762
763
776
759
749
770
759
752
748
761
754
753
775
764
766
787
790
774
780
792
26
767
760
780
27
754
746
758
750
746
742
762
748
750
765
750
745
727
753
771
752
748
747
751
734
741
750
742
752
772
781
761
759
761
745
737
748
746
742
742
763
750
746
752
765
750
757
766
751
742
742
747
751
735
32
703
694
693
691
708
742
736
735
763
767
757
754
769
750
745
747
764
24
740
736
739
741
727
727
748
759
751
766
781
762
772
792
800
789
793
795
31
765
771
787
22
765
757
766
758
746
741
760
744
755
773
767
765
777
773
760
772
781
24
757
755
773
773
768
775
789
790
776
52
724
708
707
706
745
831
889
876
886
884
43
842
873
883
875
35
840
873
862
850
832
25
807
791
35
757
754
758
775
28
748
751
771
788
24
764
747
739
741
726
740
761
770
750
752
774
795
812
815
30
786
799
810
809
22
788
809
826
839
36
803
803
811
810
26
785
794
804
791
786
818
824
37
787
788
805
805
24
782
792
800
790
771
801
810
29
782
792
805
828
25
803
811
820
806
28
779
792
803
794
777
788
805
803
30
774
775
776
787
27
760
773
776
782
35
748
745
750
751
742
756
756
763
26
737
738
750
736
733
726
715
720
721
718
711
718
718
719
718
717
715
734
737
726
733
748
748
741
749
750
30
721
713
735
750
744
37
708
701
721
24
697
689
700
720
31
690
685
704
689
689
710
725
733
732
734
749
746
738
738
743
744
725
722
720
703
699
705
699
733
783
809
30
779
820
845
869
56
813
823
830
809
27
782
794
803
23
781
803
798
780
792
790
25
765
763
751
762
744
737
732
742
765
750
745
755
758
752
739
721
727
773
765
31
735
728
746
768
753
750
778
801
788
782
823
840
32
809
800
833
846
26
821
833
860
866
843
880
858
875
853
875
883
50
834
839
855
850
865
56
809
833
44
789
789
29
760
778
790
799
27
773
786
787
780
28
753
748
739
731
723
720
708
697
715
741
21
720
721
735
755
747
741
756
772
773
754
771
790
798
31
768
779
798
797
24
773
785
798
800
781
790
806
824
33
791
807
799
798
779
794
810
793
782
806
813
31
782
783
799
794
29
766
763
779
782
777
25
752
754
750
752
756
743
748
769
781
767
781
792
791
33
758
27
732
726
724
714
705
711
724
743
739
750
757
751
749
731
25
706
723
715
707
725
749
755
743
752
766
766
751
747
756
765
26
740
733
743
747
737
741
762
783
777
808
810
794
784
789
789
45
744
32
712
700
700
732
817
905
917
908
910
30
880
895
882
874
856
850
847
46
802
825
836
839
33
806
805
815
816
810
31
779
799
821
817
42
776
791
786
772
755
781
794
793
26
768
790
801
814
38
777
788
793
785
768
787
804
800
23
778
788
812
826
834
834
33
802
36
767
753
750
765
21
745
745
757
765
772
26
746
746
753
745
739
741
763
761
757
749
765
781
785
770
764
767
754
22
733
734
744
764
779
774
791
801
781
792
791
804
31
774
782
784
803
784
801
802
809
804
793
802
800
22
779
765
768
764
750
731
740
738
748
736
742
764
797
813
803
787
36
751
745
734
730
750
765
789
777
788
31
757
759
779
787
22
765
773
788
773
766
773
769
758
746
761
773
772
767
795
803
803
811
823
807
796
805
821
804
825
831
25
806
789
799
794
776
782
804
823
807
43
764
759
761
761
769
778
773
764
750
731
732
741
766
780
785
24
761
749
738
749
758
763
763
759
21
739
741
29
713
724
716
706
742
743
749
786
814
24
791
811
814
820
37
783
806
816
817
813
791
817
826
820
807
828
837
37
801
813
817
811
31
781
815
833
835
820
850
866
47
820
834
816
27
789
793
814
822
815
798
25
773
788
797
28
770
778
803
826
809
793
802
810
26
784
779
783
785
766
778
800
854
839
839
40
800
781
782
786
22
764
759
782
23
759
26
734
724
729
751
798
835
842
848
852
862
862
859
41
819
820
819
807
786
806
821
839
27
812
834
830
34
796
803
809
27
783
781
779
795
793
26
768
781
795
775
775
786
793
773
800
796
796
779
796
799
779
781
790
775
776
791
789
25
765
785
794
802
808
34
775
785
791
805
26
780
801
813
817
803
812
820
823
35
788
786
775
762
748
23
725
746
773
825
815
812
845
847
50
797
804
791
779
29
750
750
743
745
739
731
748
758
748
749
750
764
21
744
761
763
765
767
776
778
769
771
758
779
29
750
750
750
754
759
742
728
726
719
719
714
725
734
723
734
771
784
793
787
769
774
24
750
121
630
824
118
706
100
606
763
84
679
720
749
780
24
756
782
798
820
809
40
770
768
778
31
747
757
780
790
796
784
774
792
792
807
394
413
59
354
779
763
791
32
760
758
793
801
832
828
32
796
822
811
31
781
791
790
823
842
843
839
864
847
837
34
804
801
805
799
786
811
816
796
806
806
807
36
771
770
781
764
784
797
810
32
779
791
801
797
27
771
788
799
789
786
794
812
801
782
797
791
30
761
757
788
816
23
794
777
805
822
819
27
792
33
760
756
765
787
801
800
796
34
763
755
759
779
794
799
809
33
777
778
784
796
800
23
778
23
756
767
771
759
758
773
794
796
33
764
766
774
773
771
796
820
830
813
32
782
792
828
818
799
26
774
782
801
819
804
797
804
787
822
830
845
852
833
813
38
775
769
119
650
340
311
484
703
711
731
774
817
867
38
829
814
796
28
769
30
740
721
20
702
29
673
668
654
667
702
710
749
796
835
823
812
810
803
798
795
33
763
779
770
789
773
753
755
788
834
29
806
29
778
796
815
823
39
784
772
785
788
792
41
752
766
777
797
780
805
822
841
833
819
805
46
759
743
733
751
745
743
748
784
825
32
793
818
27
792
791
25
766
23
743
750
753
735
742
753
742
760
763
756
751
776
777
26
751
734
30
704
689
681
669
680
682
721
710
718
755
845
856
875
40
835
837
844
829
25
804
27
777
32
746
727
45
682
689
23
666
22
644
651
645
638
646
652
652
652
655
665
661
655
655
666
669
676
696
705
731
765
764
752
766
766
756
752
760
740
753
759
745
766
754
755
768
23
745
732
738
753
746
747
732
32
701
695
680
663
670
691
737
740
761
781
789
801
822
26
796
40
757
755
767
50
718
712
706
720
41
679
679
683
680
674
688
701
720
731
24
708
728
736
734
732
752
767
755
756
765
757
26
732
740
750
758
753
734
730
740
750
743
752
753
21
733
732
728
711
730
757
750
736
751
767
752
771
788
769
790
809
796
789
28
761
43
719
709
722
755
750
739
734
716
750
750
743
33
710
710
700
27
673
662
20
642
630
624
614
611
613
672
696
21
675
674
695
683
678
668
675
660
647
651
646
645
642
631
629
624
625
630
618
609
609
599
593
596
590
586
586
586
586
588
583
575
567
569
562
556
553
549
544
544
554
571
588
605
639
646
659
666
666
660
663
663
667
650
639
25
615
606
598
587
583
583
578
579
580
575
567
566
558
552
551
545
538
534
532
529
525
529
533
526
538
553
606
614
668
670
30
641
655
665
654
640
640
630
621
625
619
617
609
608
596
592
593
598
601
607
610
611
610
606
612
609
610
612
612
611
608
615
620
619
621
635
646
646
665
674
666
661
665
658
27
632
627
668
688
680
668
684
678
669
668
691
697
683
682
697
719
701
698
727
732
21
712
728
750
734
727
764
779
23
756
747
773
767
760
769
758
43
716
787
770
39
731
712
737
747
49
698
699
25
675
663
651
702
698
37
661
647
641
640
637
654
661
649
673
696
692
698
714
713
714
728
737
25
713
716
707
708
701
26
676
676
666
667
670
667
672
678
678
686
694
684
678
664
673
677
688
692
25
668
697
23
674
691
697
722
714
22
693
695
27
669
33
637
624
610
598
588
581
577
577
568
564
560
552
550
545
541
536
539
537
529
532
534
540
552
558
583
601
611
624
612
606
597
590
585
578
576
578
568
565
563
568
558
561
556
558
555
571
581
583
601
628
631
656
679
677
680
695
708
26
682
693
675
673
676
669
669
670
655
653
651
633
628
618
621
621
631
628
636
628
627
627
622
619
619
613
605
601
600
596
603
611
603
613
614
612
618
615
607
609
601
594
590
583
584
585
590
583
580
582
575
574
570
566
562
558
561
553
553
554
547
547
546
547
547
546
548
544
553
556
554
569
583
576
590
587
585
583
577
575
574
567
571
571
565
573
575
572
578
572
575
576
574
571
579
576
572
572
578
573
581
580
581
579
583
584
579
588
592
592
603
615
624
618
632
633
627
650
654
19
636
648
637
622
623
628
625
616
634
647
655
646
22
625
639
640
688
692
723
28
695
709
702
698
706
708
704
26
678
667
19
649
632
648
638
646
644
637
636
658
659
684
689
678
673
678
673
669
690
710
695
707
717
710
702
717
745
733
733
757
752
745
761
749
31
718
710
719
716
714
727
710
715
728
725
715
712
705
699
697
710
709
707
721
717
21
697
688
696
704
706
714
730
716
726
29
698
40
658
644
644
22
622
642
677
689
730
761
750
788
804
27
777
799
791
24
768
775
765
753
764
776
758
749
788
772
756
794
782
25
757
762
762
742
735
742
725
721
724
744
736
729
761
761
748
764
768
30
739
24
715
721
23
698
708
728
723
720
726
736
730
740
752
737
723
739
737
727
716
735
747
744
757
766
750
750
757
742
750
767
759
757
785
23
762
751
764
773
758
757
778
28
750
739
739
752
736
720
708
21
687
690
695
692
700
715
716
709
716
724
712
723
740
743
752
762
21
742
747
771
760
747
755
775
30
745
746
756
757
750
753
741
722
717
721
721
708
738
752
750
744
741
726
719
738
746
728
729
750
754
746
763
779
29
750
750
769
761
25
737
739
741
733
722
736
746
739
727
742
763
748
741
750
748
734
730
739
740
729
739
740
721
716
733
739
728
718
709
693
744
734
32
702
693
692
683
671
661
663
662
648
652
645
634
627
618
612
610
18
593
594
597
594
585
625
636
652
663
666
697
689
24
665
664
667
681
681
21
661
646
643
635
626
634
653
654
663
676
675
686
696
688
675
667
663
655
653
655
657
657
655
649
639
625
619
613
602
598
599
600
602
607
611
621
621
616
615
616
607
599
591
593
592
597
597
600
606
618
615
618
616
611
608
617
623
622
642
670
679
679
665
667
693
697
707
750
798
31
768
788
804
830
26
804
815
836
41
796
846
839
34
806
841
827
806
23
783
763
804
810
66
744
728
741
749
765
31
735
734
749
757
24
733
734
748
763
21
743
750
772
769
750
780
763
747
744
755
774
760
761
54
708
702
685
702
735
786
801
34
768
790
826
37
789
782
802
793
24
770
795
813
792
801
833
29
805
804
813
794
778
796
802
33
770
786
792
26
767
788
823
815
807
828
819
803
807
810
50
761
765
778
769
751
771
800
825
809
26
783
782
39
744
749
763
777
22
756
759
801
808
32
777
786
817
27
791
799
39
760
35
726
23
704
701
706
756
816
838
31
808
851
860
41
820
833
837
835
31
805
821
830
829
811
24
787
31
756
743
734
734
738
757
786
769
787
804
817
824
30
794
780
771
773
24
750
761
776
777
762
791
800
779
790
776
27
749
749
755
778
781
770
758
744
39
705
699
699
719
724
749
772
839
37
803
835
848
32
816
26
791
791
787
27
760
765
754
743
748
767
783
765
785
777
759
767
777
762
752
767
778
760
762
779
787
766
769
767
747
750
750
753
739
726
742
750
740
733
753
761
758
749
753
734
740
721
715
705
724
22
703
704
708
713
708
711
726
742
734
750
745
739
22
717
720
25
696
686
21
666
654
654
636
631
618
623
612
607
622
622
634
633
628
638
660
689
701
705
714
742
796
29
768
785
818
809
32
777
797
792
783
42
741
747
762
756
746
758
785
787
773
753
766
786
36
750
761
781
786
774
761
778
791
35
757
772
767
773
757
765
23
743
732
738
760
748
774
802
22
781
796
805
801
22
779
25
755
36
720
23
697
25
673
666
657
661
667
715
754
783
768
759
777
810
811
44
767
788
797
25
773
755
770
769
31
738
746
737
731
751
762
22
741
737
760
31
730
742
749
736
735
741
721
723
728
717
724
732
721
728
740
727
739
744
729
741
735
721
717
723
709
714
738
722
720
729
732
712
735
725
713
719
719
715
718
708
23
685
674
678
704
764
785
768
770
24
746
757
750
733
735
742
727
730
728
725
722
740
727
22
705
706
704
693
687
705
700
698
713
727
719
740
747
24
723
725
730
715
703
702
715
701
699
704
714
708
738
740
727
733
728
708
719
725
728
721
733
714
703
711
720
726
710
716
722
713
20
694
709
715
703
707
721
716
719
736
723
742
746
25
721
718
721
703
697
709
716
730
29
701
697
704
694
684
687
689
690
687
704
721
710
718
745
732
730
750
741
727
729
717
706
727
730
724
731
748
753
734
727
716
704
20
684
690
704
718
721
748
743
738
739
742
725
734
737
723
727
726
715
722
723
717
725
735
722
704
712
711
703
706
714
720
731
725
726
745
731
721
714
698
23
675
668
658
670
683
689
694
722
724
723
755
760
747
757
760
750
756
767
755
761
798
778
790
807
30
777
775
776
757
772
781
768
777
802
793
785
791
23
768
775
784
764
775
782
23
759
778
786
773
768
778
29
750
749
755
741
737
759
750
757
798
782
771
797
789
770
785
779
24
755
760
768
753
757
763
26
738
733
742
729
724
740
764
757
773
790
774
784
784
27
757
767
762
747
761
759
741
745
747
735
740
750
749
741
750
740
22
719
723
717
708
708
726
732
750
776
773
760
764
28
737
726
730
733
720
729
726
718
727
729
733
733
747
742
742
752
734
735
738
728
734
745
733
737
738
730
732
743
733
724
742
757
739
756
745
736
737
732
715
729
742
729
727
737
744
728
750
746
726
733
727
718
732
739
724
730
729
718
728
719
712
720
720
708
712
725
725
720
743
734
724
730
728
710
712
709
701
707
707
704
710
713
715
735
738
725
722
729
721
715
714
706
722
734
737
758
763
786
769
771
774
39
736
727
713
711
707
691
673
681
690
722
785
768
773
770
763
30
734
742
750
745
728
27
702
719
755
784
810
29
781
829
810
810
32
779
789
34
755
760
763
778
759
774
762
753
734
741
736
740
760
770
28
743
751
742
728
718
728
23
705
707
718
726
713
724
726
708
712
721
718
26
693
704
743
769
781
776
762
26
736
722
20
702
687
690
693
725
746
776
834
36
799
830
808
31
777
767
778
26
752
36
717
720
723
716
705
725
756
761
773
780
774
23
752
753
740
737
754
771
780
28
753
759
751
31
721
724
728
742
22
720
726
730
741
725
738
736
727
755
764
746
765
796
30
767
775
768
34
735
734
728
712
714
730
734
723
738
731
717
719
725
21
705
701
706
713
702
714
733
746
751
748
736
733
732
717
717
728
720
723
734
745
738
754
753
742
742
733
722
730
742
740
743
743
725
733
725
711
706
710
714
722
723
740
727
735
727
22
705
708
710
721
708
711
711
702
690
696
694
683
684
697
703
693
701
706
698
695
687
677
678
676
682
681
680
687
702
697
708
710
709
716
708
698
708
706
708
707
712
695
693
688
692
686
703
718
706
715
712
702
697
695
679
663
654
649
660
693
722
739
743
769
773
767
758
23
736
724
709
709
697
708
706
696
691
696
700
31
670
677
687
684
691
705
691
692
712
719
712
723
733
716
732
739
743
733
750
741
735
749
767
759
794
794
35
760
747
747
741
21
720
736
735
729
752
760
763
763
760
750
754
747
733
719
717
721
706
710
719
720
713
728
737
733
737
747
730
736
739
730
23
708
714
718
718
724
725
731
712
717
722
723
740
776
770
763
764
24
741
734
729
713
706
698
689
678
683
700
698
707
716
716
700
702
708
701
21
680
682
693
702
691
702
708
708
703
701
707
697
706
701
697
705
717
705
706
694
677
666
671
680
675
678
687
689
684
684
682
690
674
662
645
662
670
687
697
720
733
745
748
24
724
712
711
708
696
692
683
681
687
690
693
685
681
683
671
679
678
679
685
696
705
700
701
687
688
688
690
680
688
693
693
701
705
696
688
689
681
681
687
693
691
692
699
696
30
666
671
668
662
658
661
669
668
656
651
641
665
670
669
682
708
698
723
732
738
724
739
753
745
740
767
770
31
739
736
729
26
704
692
700
716
718
747
773
759
756
771
760
29
732
736
739
748
23
725
725
727
728
711
720
730
731
716
720
735
746
26
720
719
730
738
24
714
715
710
710
711
705
714
728
734
720
734
744
747
734
748
747
737
751
761
766
754
763
22
741
732
714
728
750
746
761
789
774
782
796
779
790
789
40
749
767
779
787
766
59
708
708
690
694
693
686
21
665
649
643
646
666
703
771
786
801
799
782
770
755
747
34
713
719
717
730
740
736
26
710
708
698
684
672
666
653
654
664
676
692
686
680
686
697
707
709
694
690
685
689
681
695
695
701
695
716
730
751
26
726
755
777
770
752
737
28
710
715
710
704
702
706
709
697
700
705
702
712
727
717
718
724
737
717
720
729
722
709
718
725
731
716
719
722
20
703
703
708
720
712
725
734
751
28
724
725
714
702
695
702
718
719
708
725
719
711
724
732
722
20
703
696
688
679
671
682
709
719
708
743
789
780
778
798
791
771
26
745
730
740
753
741
733
741
741
26
715
719
712
696
695
697
687
678
683
698
697
705
723
743
29
714
720
730
728
715
709
707
710
22
689
674
20
655
659
675
684
705
713
712
734
729
22
708
736
737
27
710
701
707
707
695
271
424
145
280
688
674
679
687
702
691
695
693
681
678
678
688
679
676
686
703
695
699
712
717
20
697
701
700
691
684
689
690
689
675
687
695
693
686
693
699
696
684
693
704
693
688
695
687
678
671
685
693
703
698
701
705
717
707
705
710
720
715
708
720
734
753
751
21
731
734
727
717
716
720
715
732
736
724
735
749
741
723
727
728
715
706
708
711
697
700
706
696
687
708
722
724
710
718
721
716
700
699
702
700
694
703
711
700
701
709
712
715
735
748
26
722
731
724
710
700
708
722
709
60
650
717
25
693
716
750
767
792
802
812
24
789
799
782
780
766
766
768
768
767
756
38
719
734
724
723
713
726
723
711
722
726
722
711
701
26
675
681
697
687
696
701
685
684
682
693
694
691
697
691
675
684
699
698
686
695
704
698
685
702
710
712
695
694
694
685
684
689
709
729
721
722
21
702
698
695
694
702
709
720
715
704
703
686
670
669
665
678
737
797
807
817
805
30
776
784
791
808
808
43
765
35
731
722
754
796
812
825
841
842
25
818
54
765
761
776
805
817
39
778
777
34
743
724
714
736
787
823
839
841
837
829
25
804
800
790
49
741
737
736
766
799
809
792
42
751
740
780
820
842
37
806
34
772
755
41
715
716
713
733
750
755
757
767
757
757
745
27
719
700
696
726
793
849
877
875
26
850
35
815
40
776
768
774
777
783
778
784
24
760
772
759
760
33
728
734
741
745
738
751
782
832
34
798
800
809
813
23
790
782
25
758
34
724
717
723
739
735
32
703
28
675
678
691
740
823
863
879
888
29
859
29
831
863
30
833
824
805
32
774
31
743
750
756
763
780
765
750
746
756
759
768
782
780
781
25
756
27
730
725
709
711
710
725
748
749
26
723
716
725
755
743
732
720
718
21
698
693
690
686
683
672
690
714
736
749
778
798
783
786
784
776
22
755
770
772
22
751
749
750
761
748
740
734
741
751
743
740
25
716
715
713
725
725
409
316
407
721
722
713
715
717
701
697
692
720
744
762
778
29
749
23
726
729
730
741
764
760
783
764
38
726
719
732
746
26
720
705
701
717
742
781
770
28
743
739
725
707
709
720
716
705
45
660
660
655
650
674
688
724
735
745
26
719
717
715
716
726
761
792
808
24
785
771
773
804
822
820
809
804
23
781
33
749
744
749
789
789
808
815
23
793
823
832
823
814
794
784
50
734
728
709
720
740
756
771
27
745
747
764
796
821
822
28
794
809
822
819
52
767
759
767
790
795
781
764
781
787
793
26
768
784
810
824
37
787
771
30
741
23
719
23
696
703
709
740
724
744
775
803
805
795
829
848
836
836
23
814
35
779
769
753
744
726
714
735
722
718
725
754
796
800
795
789
773
34
739
743
758
775
780
765
27
739
740
749
767
779
772
764
787
811
32
780
801
820
817
821
802
786
772
756
759
750
743
743
28
715
707
714
704
708
736
749
749
761
820
828
834
814
800
35
765
760
771
770
771
788
780
46
735
717
718
723
759
805
823
834
816
831
853
843
857
848
832
831
29
802
22
780
780
22
758
765
757
756
752
757
756
762
24
738
725
728
31
698
22
676
675
667
677
665
666
672
688
716
702
747
796
791
830
834
831
847
841
822
46
776
775
787
815
823
816
802
807
790
780
769
761
788
25
763
750
792
851
874
25
849
42
808
797
779
43
737
739
738
747
21
726
758
797
822
42
780
802
805
790
771
792
812
804
794
34
761
774
780
789
781
32
749
764
791
813
826
821
818
29
789
791
28
763
33
731
23
708
22
687
669
658
651
640
652
664
679
696
742
772
863
845
825
34
791
793
796
783
37
746
729
733
731
757
785
823
807
806
787
39
748
764
763
778
791
772
780
805
846
63
784
805
820
831
828
811
24
788
770
36
734
721
714
738
775
790
844
823
821
830
831
821
24
798
28
770
24
747
736
759
745
741
753
778
823
833
836
822
44
778
22
756
748
763
790
819
831
823
814
797
28
770
751
735
35
701
690
697
731
779
813
795
776
777
756
761
791
33
759
758
774
790
802
49
754
752
762
779
809
42
767
776
786
787
791
34
758
756
779
795
822
30
792
801
786
777
41
737
739
733
742
728
745
764
796
812
23
789
780
784
789
769
781
804
821
802
859
25
835
831
44
787
790
785
775
822
848
844
44
801
831
848
858
64
794
822
800
813
816
840
29
812
826
31
795
26
770
778
791
797
792
782
779
773
29
745
750
749
752
749
766
772
751
764
765
785
787
767
776
804
805
27
779
31
748
734
29
706
701
705
705
709
720
739
757
22
736
755
772
788
768
802
833
838
34
805
822
825
32
794
35
760
770
771
771
766
762
744
772
800
821
812
40
772
799
819
834
45
790
799
809
823
817
39
779
791
781
763
761
778
794
815
816
802
791
24
768
21
747
734
715
700
697
695
691
675
666
665
714
746
808
853
870
873
853
846
53
794
30
765
23
742
744
750
752
784
800
804
31
773
26
748
745
756
780
791
780
780
37
743
730
736
740
735
737
770
812
805
39
767
765
790
799
801
805
810
791
22
770
47
724
710
705
715
717
710
719
766
810
833
836
826
823
36
787
48
739
737
21
717
718
737
755
739
735
721
728
724
25
700
719
745
726
738
749
755
758
795
830
837
52
786
800
797
790
29
761
775
795
816
795
844
860
44
816
798
794
794
790
775
759
754
735
21
715
708
722
766
783
24
759
762
795
802
806
792
37
756
748
740
768
792
785
774
35
739
722
731
744
772
803
796
806
798
791
776
29
747
32
715
700
697
722
792
870
901
925
37
889
883
874
866
25
841
40
802
43
760
751
750
773
770
775
765
756
752
750
730
714
715
719
751
767
767
753
738
35
703
706
30
677
670
19
652
644
639
655
683
717
739
770
834
871
855
906
923
920
916
60
857
838
833
815
814
42
773
765
747
761
753
740
753
779
788
22
766
786
794
800
783
801
813
802
32
771
758
774
783
780
767
27
740
736
758
798
797
853
856
26
830
855
846
826
810
44
766
769
759
750
768
804
799
803
829
32
797
814
816
36
781
765
768
765
750
762
786
811
820
37
783
808
843
826
837
835
826
42
784
774
785
777
34
743
729
757
765
789
792
797
789
787
770
30
741
738
744
766
777
798
29
770
794
798
815
800
811
815
799
26
774
767
769
781
28
753
770
771
791
24
767
788
796
803
43
760
787
805
808
791
33
758
746
761
754
750
741
741
751
764
772
753
764
771
26
746
740
753
758
740
749
751
739
746
758
769
757
771
785
771
767
759
779
773
765
749
732
717
715
715
708
703
687
678
692
759
828
820
853
869
29
841
853
858
43
815
826
825
31
794
26
769
752
741
743
728
726
737
758
761
794
819
800
807
819
28
792
796
797
793
30
764
783
764
23
742
738
734
723
728
736
722
723
713
703
686
724
766
763
758
782
784
794
810
794
788
775
29
746
30
716
25
692
685
710
761
854
839
871
878
894
886
868
856
30
827
23
804
790
41
749
29
721
707
714
749
773
807
810
793
784
785
792
30
763
772
792
777
764
789
785
778
35
744
749
755
751
751
765
776
760
744
736
32
705
697
681
690
716
755
781
792
785
780
795
789
790
776
29
748
758
745
740
734
722
721
24
698
691
688
728
755
762
24
739
732
750
750
744
782
808
812
50
762
772
788
786
773
30
744
740
730
753
769
771
764
763
50
714
711
704
722
744
772
793
805
37
769
27
742
753
772
790
777
756
773
794
806
821
803
789
771
760
23
738
755
765
762
785
809
827
45
783
789
795
791
772
26
746
750
758
765
23
743
748
768
777
782
32
750
757
769
767
757
763
755
741
722
721
32
690
694
20
675
689
690
705
716
776
807
827
827
832
829
834
826
41
786
783
796
786
773
760
38
723
724
716
719
723
710
747
746
782
796
22
775
785
807
792
22
771
33
738
735
736
729
725
727
733
743
750
749
27
722
717
724
755
797
806
28
779
808
833
828
806
821
802
30
773
32
741
24
717
708
32
676
671
20
652
646
659
647
642
644
636
635
646
686
701
753
857
859
897
926
49
878
867
876
866
59
807
812
815
819
32
787
810
798
789
792
822
806
33
773
759
775
784
779
790
797
800
33
768
757
769
782
793
38
756
747
757
769
783
781
23
758
739
741
750
756
788
837
850
834
865
891
59
832
810
811
808
51
758
754
750
741
740
730
735
750
751
734
741
725
720
711
719
717
752
783
28
755
780
811
24
788
32
756
738
747
755
795
851
848
877
885
897
48
849
879
876
854
850
853
850
852
852
834
827
824
806
820
839
848
862
32
830
830
875
874
33
841
879
861
864
849
829
823
65
758
23
736
26
711
727
749
768
24
745
753
785
817
815
796
34
762
789
824
860
852
37
815
35
781
793
39
755
739
724
730
726
731
741
23
718
729
753
763
771
752
747
765
29
736
742
766
809
791
774
811
833
30
803
799
839
856
60
797
819
828
813
31
783
791
814
831
810
854
871
51
820
836
854
69
785
769
762
25
737
724
715
728
737
791
822
853
37
817
31
786
798
815
818
39
779
783
784
33
752
759
766
777
24
753
765
780
762
773
787
767
764
778
777
765
770
786
804
30
775
791
804
783
788
794
792
780
800
824
821
806
827
826
37
789
791
792
27
766
750
751
756
739
739
740
744
735
748
776
23
753
754
776
797
24
774
777
784
767
763
764
766
746
755
759
745
752
770
791
26
766
779
786
768
766
778
776
27
750
752
750
737
733
728
744
22
722
715
20
696
701
689
682
708
707
713
749
784
27
757
755
769
775
29
747
748
767
785
22
763
778
788
774
755
29
727
708
740
771
794
829
825
32
793
818
829
853
838
36
803
792
795
806
811
804
32
772
774
785
787
788
769
761
759
778
774
24
750
752
751
764
750
760
779
785
31
754
750
757
773
752
757
769
777
760
758
762
766
748
743
763
777
761
772
785
767
759
761
757
739
736
748
749
742
750
762
749
744
745
749
739
732
735
750
750
743
763
790
781
774
786
801
42
759
747
738
746
729
727
730
741
729
726
735
733
728
738
757
772
22
750
746
746
727
720
726
731
718
716
731
742
737
740
752
748
741
743
750
22
729
750
755
739
736
745
747
745
756
797
33
765
771
751
780
767
25
742
26
717
705
690
678
677
675
698
704
697
712
720
703
708
704
23
682
705
766
28
739
725
738
753
748
740
755
784
25
759
757
790
794
30
765
771
791
792
772
790
819
36
784
785
804
798
779
794
800
25
776
774
790
802
26
777
791
773
773
25
748
742
742
740
737
757
776
759
759
778
779
26
754
763
768
750
748
750
759
743
750
756
756
741
743
755
759
747
755
776
26
751
746
751
770
24
746
749
751
754
22
733
727
731
750
735
745
758
765
761
778
776
23
754
750
750
763
750
759
773
766
753
757
764
750
741
742
758
745
747
760
761
750
750
757
738
750
778
790
769
762
774
763
747
750
752
745
731
725
720
715
30
686
20
666
662
675
702
696
694
707
736
731
740
768
794
775
782
801
797
28
770
785
796
23
774
771
766
779
759
766
775
774
756
764
775
23
752
745
766
751
740
750
786
767
764
787
804
31
774
32
742
732
729
717
703
697
695
687
726
733
755
752
755
762
776
805
67
739
731
728
732
31
701
702
688
673
658
643
639
628
647
682
688
693
22
671
668
25
644
638
640
651
653
672
678
700
717
736
734
744
759
766
762
47
716
701
709
713
708
704
717
44
674
685
56
629
626
630
614
612
604
604
609
612
612
605
603
596
591
592
591
585
571
574
575
575
570
565
561
556
563
567
551
556
558
551
554
550
562
559
554
556
552
556
555
552
544
551
552
552
541
545
546
541
542
539
539
541
539
538
541
541
542
541
540
541
539
537
531
535
535
528
531
532
527
526
527
535
529
527
530
534
528
527
528
531
529
526
529
525
526
525
521
519
520
519
517
517
518
517
516
519
518
519
516
516
518
520
519
514
517
512
509
512
510
505
507
508
506
505
507
510
509
506
512
512
508
509
514
506
508
510
507
503
502
506
498
498
503
498
495
496
498
497
495
495
498
497
494
496
498
491
490
494
490
490
489
492
487
490
489
491
487
492
493
490
490
489
493
492
494
492
497
493
493
495
496
492
493
496
495
491
494
498
492
493
497
494
489
492
494
492
493
492
494
496
496
498
500
506
512
514
517
520
521
520
515
517
515
512
513
517
524
533
542
550
563
558
559
560
560
554
552
554
560
549
552
548
553
553
552
555
546
555
558
557
552
555
562
570
573
592
601
593
599
602
602
595
598
603
599
599
609
617
625
624
621
643
644
22
623
638
626
617
634
24
611
609
599
596
583
588
581
583
608
594
604
642
666
662
672
704
23
681
665
652
652
644
627
625
638
666
656
27
629
663
689
698
718
747
744
749
750
22
728
37
692
31
661
655
670
695
726
760
26
735
717
739
755
770
773
769
29
741
38
703
686
670
669
666
649
648
686
724
786
28
758
745
736
718
701
21
681
676
682
672
24
648
654
666
701
707
696
712
706
41
665
650
656
719
827
832
57
775
790
810
36
774
786
791
31
761
794
828
32
797
795
803
804
29
776
792
789
45
744
755
776
774
763
809
820
36
784
792
810
804
34
771
780
795
774
26
749
746
766
775
760
761
29
732
756
750
737
740
755
745
26
719
719
737
743
771
797
26
771
752
741
735
32
703
696
691
717
749
749
767
781
789
38
751
27
725
37
688
26
663
646
633
626
618
619
647
663
669
665
658
683
691
685
673
703
755
765
746
771
784
781
34
747
755
781
24
757
741
782
792
34
759
750
762
747
740
29
711
23
689
704
743
745
731
771
793
779
33
746
35
711
715
738
761
745
28
717
702
717
812
852
841
827
61
766
754
769
781
22
759
745
728
710
713
727
745
729
716
712
711
706
698
700
698
683
687
683
697
703
701
701
705
699
686
696
704
696
690
704
720
721
727
753
745
750
782
796
798
844
25
820
29
791
50
741
737
758
795
809
860
845
871
47
824
27
797
809
817
831
809
822
802
80
723
712
711
725
746
746
28
718
709
700
704
709
699
685
682
676
670
677
674
680
690
678
674
671
680
666
684
698
695
704
741
745
732
734
744
736
719
721
741
746
733
736
748
743
22
721
706
696
682
683
692
707
705
689
672
660
658
675
716
734
717
724
739
756
768
26
743
728
742
761
745
735
736
749
743
747
747
739
727
730
738
727
726
736
741
735
729
738
732
725
723
728
733
725
723
735
725
718
722
715
707
698
705
708
698
703
708
698
694
678
687
690
686
674
673
700
714
705
690
678
669
670
712
759
770
777
757
31
727
22
706
700
687
680
685
704
724
714
720
757
772
751
764
778
26
752
739
754
759
745
743
754
754
739
740
744
740
735
744
750
749
740
749
760
742
741
743
743
731
724
729
733
722
24
699
696
692
697
688
692
705
711
701
696
704
701
686
677
671
664
661
656
660
661
658
658
642
652
657
654
669
676
674
666
681
693
696
677
663
654
658
658
669
682
682
683
678
709
750
767
756
739
749
763
750
735
734
745
744
731
734
748
750
742
739
744
746
729
714
716
724
720
719
727
734
726
737
750
745
745
753
766
22
744
731
744
749
733
730
737
734
733
732
747
27
720
715
705
700
687
703
714
705
693
692
706
741
756
754
743
725
721
741
760
769
758
756
755
25
731
714
724
731
727
723
726
774
34
741
26
715
727
712
22
691
690
674
665
672
675
677
674
688
686
678
674
662
660
658
678
702
715
728
713
699
723
718
711
735
771
751
756
779
770
751
759
759
744
741
760
770
779
806
822
805
823
843
37
807
812
813
27
786
782
795
27
769
784
804
793
799
814
27
787
775
782
770
752
765
752
748
748
768
750
754
784
779
768
785
786
771
765
765
753
750
758
745
750
763
750
750
757
747
743
750
737
727
722
725
712
697
690
676
672
662
650
640
640
654
655
671
710
726
720
755
776
755
755
774
766
27
740
744
754
769
750
743
757
751
735
733
730
21
710
704
717
750
772
759
762
36
726
711
735
750
758
25
734
723
728
759
767
768
772
29
744
740
753
772
788
783
762
746
747
754
749
744
759
763
26
738
720
723
728
721
714
729
749
778
28
751
758
751
761
745
744
753
750
24
726
708
699
682
687
698
700
686
679
687
693
708
709
711
736
761
756
781
804
812
26
787
32
755
746
741
729
719
733
744
741
742
755
770
23
748
747
754
764
749
732
724
725
717
720
735
760
781
24
758
771
779
784
800
24
777
764
29
735
722
716
716
709
709
732
764
758
755
763
781
782
769
28
741
722
712
717
724
722
707
705
714
727
743
744
740
733
722
21
702
687
697
714
729
730
758
781
761
762
778
772
32
741
23
718
718
703
361
342
342
673
682
699
702
718
730
733
729
724
23
702
711
694
694
688
677
39
639
629
617
19
599
587
20
568
574
566
585
612
624
630
626
633
660
681
693
26
667
666
20
646
629
628
628
617
609
598
595
596
597
591
583
569
562
562
553
567
588
595
585
620
639
649
643
648
638
640
638
657
666
660
25
635
627
622
610
602
136
466
704
128
576
562
566
568
574
587
646
723
27
697
716
719
741
730
721
725
710
710
21
690
692
706
713
702
451
251
432
443
845
229
617
600
18
583
572
565
551
552
553
550
174
376
122
255
271
278
2082
975
1107
326
782
501
281
311
3999
3999
3851
148
281
398
63
336
80
257
266
273
265
414
146
268
265
1968
971
998
596
402
719

