24-08-2022 - 16:06 - Correr
Rosa Maldonado Uribe
Intervalos entre latido y latido
1060
1071
1072
1057
1056
71
986
1021
1000
32
969
964
958
935
991
1066
101
965
1084
169
916
969
1064
1073
40
1033
1023
1041
30
1011
1057
1033
1058
1046
1063
1073
1063
1036
1041
38
1004
993
44
949
44
906
936
924
950
979
993
1093
32
1062
1073
1077
1093
1095
1082
1070
1062
1057
1060
1041
1051
1044
1055
1046
1082
1084
1090
1073
1082
1057
1060
1041
1049
1039
1042
1043
1043
1049
1052
1061
1062
1065
1055
1072
1057
1069
1049
1047
1046
1047
1051
1052
1066
1049
1063
1056
1057
1060
1059
1064
1053
1063
1052
1054
1035
28
1007
993
1014
28
987
981
978
37
941
958
934
952
958
958
968
970
1104
144
960
1007
997
55
942
974
983
1083
142
941
1066
120
946
986
1079
162
917
1076
153
923
979
967
947
972
39
933
951
945
937
1088
177
912
986
962
990
1083
66
1018
1045
1039
1071
1056
1092
1079
1068
1076
1052
1065
1044
1059
1045
1067
1064
1071
1070
1066
1055
1036
1053
1030
1022
999
1023
1004
1013
1009
987
1015
992
1023
34
989
1001
993
991
979
33
946
968
41
928
940
979
956
983
33
950
1065
111
955
959
988
1011
990
995
1017
1123
48
1075
1054
1069
1048
1062
1046
1066
1048
1072
1068
1067
1066
1071
1075
1058
1077
1065
1062
1062
1041
1045
1031
1044
1025
1023
1024
1014
1023
1013
1032
1016
1031
1027
1032
1025
1022
1024
999
1007
987
1000
987
999
1005
988
999
35
964
1012
38
975
955
990
966
986
1013
1082
93
989
1038
1018
1011
1017
34
984
1024
33
992
994
41
953
1042
104
939
970
998
37
961
998
38
960
941
963
940
955
935
926
955
31
924
950
941
928
940
35
906
936
916
923
954
935
972
996
1005
984
988
973
965
992
38
954
992
1032
33
999
1046
46
1001
1017
1017
1025
1029
1031
1036
1031
1036
1029
1034
1033
1033
1013
998
979
972
965
957
974
30
945
981
962
973
956
957
967
979
1007
1037
1011
1039
1019
1043
69
975
1059
1038
1048
1051
1029
1031
1020
1032
1016
1035
1012
1024
1040
1040
1045
31
1015
129
886
48
839
863
28
835
856
874
67
807
831
831
830
49
782
823
34
789
800
797
779
792
792
23
770
802
787
787
766
783
775
776
789
33
756
763
762
779
23
757
763
761
751
764
750
745
757
744
767
21
747
762
22
741
764
28
737
751
746
743
747
753
758
741
786
26
760
780
773
754
765
751
737
749
739
757
22
736
756
31
726
745
731
743
21
722
743
28
715
747
25
722
740
724
743
728
730
713
714
758
38
721
752
747
730
749
739
738
731
748
757
23
735
766
25
742
769
23
747
764
759
753
746
749
740
749
739
748
757
747
751
758
749
759
741
739
740
722
733
716
730
712
729
24
705
728
29
700
719
705
710
699
699
693
695
690
687
687
678
696
677
690
22
669
676
675
670
670
670
664
671
669
664
671
664
668
670
678
678
665
678
671
687
674
686
681
691
676
689
22
668
676
663
670
659
660
669
660
668
22
647
657
655
647
637
650
658
662
653
665
659
654
663
656
657
663
645
664
652
657
648
665
653
676
664
677
670
679
703
692
721
709
699
740
735
764
762
814
23
792
794
798
796
788
773
772
29
743
765
751
779
759
756
746
737
729
733
764
41
724
745
779
784
792
24
769
756
781
779
760
800
781
799
29
771
798
44
755
784
786
766
796
806
798
847
851
839
840
822
850
55
796
803
815
833
892
929
991
983
960
957
30
927
903
971
103
868
859
873
53
820
851
895
886
1038
1041
64
978
1000
994
1008
1005
1024
1040
1051
1062
1066
1063
1056
1068
33
1035
1043
1034
1016
1007
1018
1019
1025
1038
1014
1035
1016
998
1043
1032
1007
1040
1028
1067
1054
1075
1070
1090
1089
1074
1082
1071
1096
1092
1109
1091
1112
1097
1113
1106
1115
1088
1098
1091
1087
40
1048
1069
40
1030
1027
1047
1030
1036
1025
1043
1041
1049
1039
1034
1057
1046
1067
1054
1075
1068
1088
1071
1097
1077
1083
1083
42
1041
1044
1048
1055
1056
1084
1068
1085
49
1036
1063
33
1030
1052
28
1025
1041
1035
1066
1059
42
1018
1005
1035
1022
1005
27
978
978
37
942
1014
64
951
979
1060
1108
1099
87
1013
995
1074
1048
1054
1045
43
1003
1055
74
982
1153
1126
52
1074
1093
1074
1075
120
955
31
924
955
67
888
938
919
939
972
1033
1041
1167
35
1133
56
1078
1091
1095
1099
61
1038
1071
33
1039
1075
1057
1082
1069
1091
1102
41
1061
1087
1120
37
1083
1090
1119
1177
44
1133
34
1100
58
1043
1080
112
968
62
906
885
897
884
920
935
926
1047
1042
1177
149
1028
1042
1032
1139
56
1084
40
1045
1059
1033
1063
33
1031
1048
58
991
1025
1049
1035
1016
67
950
965
45
921
913
967
43
925
1003
1176
108
1069
29
1041
28
1013
1078
1078
1056
1041
1074
1057
1073
1072
1082
1189
90
1100
1122
34
1089
1109
1088
1103
1090
1104
1088
1090
1074
1069
70
1000
1054
1041
1055
1061
1066
1066
1058
1072
1087
1086
1083
1057
1042
36
1007
1047
124
924
935
938
1100
42
1059
62
997
1121
57
1064
1051
1072
39
1033
1084
41
1044
1051
1094
54
1041
1087
1114
1107
1082
1178
65
1114
1124
1118
1118
1117
1109
1081
1109
1110
58
1053
1099
1089
1083
1083
41
1043
1068
1067
1063
1051
1087
1091
1070
1170
48
1123
1114
1089
1109
1086
1097
1095
1090
1083
1078
1056
1063
1065
1095
1080
1178
54
1125
1130
1121
1099
1090
1120
31
1089
1101
1095
1074
1072
106
967
42
925
919
46
874
877
28
850
840
916
898
910
1003
998
1206
148
1058
1143
101
1042
1108
54
1055
1131
1151
69
1082
1062
1089
1099
1074
99
976
1001
1067
214
854
898
874
899
49
850
882
914
915
977
1031
1217
133
1085
1093
73
1021
1008
1096
114
983
1055
1066
76
990
1042
1108
68
1041
1048
49
1000
975
1001
47
955
942
1000
984
986
996
1021
27
995
36
959
940
980
1009
1167
92
1075
1088
41
1048
87
961
955
943
963
91
873
919
897
924
919
911
895
879
885
884
884
987
130
857
929
1055
117
939
972
1030
1020
80
941
965
1012
53
959
1072
159
914
897
41
856
921
74
847
869
904
937
55
882
893
903
887
26
861
865
887
876
895
902
636
267
628
901
189
712
987
250
738
441
297
321
2536
1335
1201
950
251
255
998
3999
3999
202
3797
3999
3999
3999

