24-08-2022 - 16:06 - Correr
Ana Osorio
Intervalos entre latido y latido
772
777
781
791
787
784
795
796
796
791
800
794
793
793
799
800
800
795
797
795
791
795
792
790
799
797
795
791
800
802
801
797
804
803
802
797
810
812
806
802
807
808
804
804
807
812
810
812
821
822
820
819
826
822
819
815
817
814
814
815
823
820
818
826
828
833
828
838
833
834
837
839
837
829
833
837
832
831
834
840
842
834
848
843
849
841
850
846
845
834
844
838
833
834
840
836
832
841
842
840
842
846
842
833
835
833
833
826
833
841
839
842
833
852
848
841
856
855
859
850
862
855
844
834
828
822
814
815
810
816
819
825
825
820
816
820
820
817
824
822
812
826
830
824
830
823
836
833
832
827
837
836
840
840
851
849
844
855
852
850
845
854
847
849
839
849
849
852
845
855
850
852
842
855
847
831
842
836
833
841
845
844
834
848
846
847
844
860
862
869
862
870
875
874
868
870
866
863
851
860
853
849
843
850
843
841
829
835
826
824
828
831
825
825
824
830
828
820
827
829
823
818
825
830
829
823
832
825
821
814
815
808
807
798
804
809
809
824
824
828
835
845
853
854
868
870
876
869
881
873
869
858
870
859
855
845
855
852
850
856
857
855
843
849
841
833
823
835
830
837
833
851
845
850
846
863
852
848
848
858
847
851
852
865
861
860
862
873
864
859
867
868
869
862
875
871
873
871
879
873
868
867
871
862
861
867
858
859
851
860
858
853
857
863
857
854
871
868
863
862
863
857
857
853
860
858
846
858
850
851
843
858
857
848
852
857
854
859
858
868
865
856
868
866
867
861
876
874
868
877
879
884
881
889
888
888
882
889
884
879
875
880
874
868
875
875
876
869
875
871
870
872
875
869
862
873
870
861
863
866
859
849
864
850
842
849
840
834
832
842
840
834
842
848
856
859
851
865
854
871
858
862
854
867
859
859
858
861
862
853
863
863
862
859
868
865
857
874
869
863
875
871
866
875
873
863
868
47
821
834
24
811
798
795
782
781
784
783
771
769
765
761
757
760
754
743
749
751
751
765
771
772
781
791
792
806
804
789
792
789
787
781
775
764
753
753
748
742
740
738
734
733
730
732
736
731
733
729
730
726
723
723
718
718
714
708
708
708
700
706
708
704
708
703
708
701
701
694
702
700
699
697
688
688
685
685
678
678
675
678
673
672
668
671
665
665
660
664
656
658
653
657
650
649
652
651
646
648
643
649
643
645
645
646
641
643
639
646
639
636
640
640
638
638
638
642
636
640
636
643
639
643
637
644
639
641
636
636
636
631
644
632
635
628
633
625
630
627
629
622
628
635
632
634
633
634
638
637
632
638
636
632
630
632
629
628
623
625
624
618
624
619
613
612
617
613
613
610
615
613
608
613
615
609
611
609
604
607
603
606
602
608
604
604
609
603
602
598
606
603
603
605
606
603
605
602
599
604
603
604
600
607
604
601
602
598
596
594
602
605
607
619
619
619
623
625
617
627
618
614
624
614
620
622
616
618
629
626
621
630
628
627
631
626
628
633
637
632
639
644
647
643
658
661
659
668
668
660
664
671
664
668
675
663
204
459
525
810
133
677
682
683
682
690
702
694
695
704
708
712
705
705
709
708
707
720
728
730
739
755
756
741
750
749
732
732
736
727
719
749
766
783
777
780
800
796
23
774
779
763
790
780
791
815
817
28
789
814
826
24
802
806
811
797
793
817
812
24
788
806
814
795
805
819
811
800
820
809
803
828
830
808
819
800
791
808
812
791
808
821
810
801
829
833
812
828
839
824
819
841
842
834
819
847
831
836
855
846
844
874
877
893
901
41
860
865
866
25
841
823
841
828
819
838
850
832
839
831
834
838
833
831
839
837
840
844
853
833
830
838
822
831
838
831
828
820
830
830
819
823
28
795
778
777
785
794
812
828
824
851
867
858
881
884
887
903
903
880
891
881
860
884
890
876
869
884
879
862
856
884
881
870
873
899
896
908
923
935
940
934
30
905
930
936
935
924
39
886
893
892
886
27
859
851
858
838
839
845
830
817
826
820
808
823
826
823
833
838
844
862
854
862
849
833
822
828
834
834
813
806
814
815
805
798
789
796
792
807
805
820
813
818
829
841
832
848
853
848
845
26
820
832
838
833
842
850
856
841
833
821
832
840
856
861
864
880
879
888
877
859
850
828
828
822
813
817
818
838
847
863
855
852
839
840
835
841
835
855
849
860
869
867
865
849
27
823
826
816
828
830
847
858
845
846
856
850
835
837
837
822
817
824
833
842
841
835
837
840
849
839
852
850
841
853
865
858
839
845
829
820
817
817
823
835
858
858
869
874
875
885
898
885
866
869
860
31
829
821
827
818
818
807
799
808
802
820
837
847
836
825
837
851
855
853
868
873
870
884
873
883
873
855
851
841
834
826
824
833
846
855
856
856
851
860
850
849
850
834
837
842
849
837
833
843
832
834
841
840
826
815
816
828
825
824
823
828
828
833
840
848
860
865
866
874
875
860
848
847
844
844
846
841
854
875
892
878
881
878
875
870
868
854
858
872
887
881
892
913
919
907
914
919
929
925
920
901
917
897
876
885
880
861
864
863
849
851
852
856
866
880
881
877
884
881
895
908
909
893
899
894
896
906
906
889
875
880
885
869
32
837
819
820
30
790
791
777
778
775
779
782
790
786
788
791
794
176
619
132
487
202
286
353
611
240
372
465
793
542
251
1307
490
818
510
308
1045
3999
3212
787
287
500
181
320
39
281
2816
1502
1314
2719
3999
3999
3999

