01-09-2022 - 9:50 - Correr
Victoriano Acuña
Intervalos entre latido y latido
798
791
775
780
788
782
776
787
781
762
790
786
791
793
777
781
788
42
746
783
780
774
764
784
777
762
767
29
739
780
767
779
781
769
780
37
743
777
774
776
759
769
772
758
772
36
736
775
775
780
767
766
762
785
765
782
780
770
777
25
752
787
768
784
783
766
777
781
28
753
777
782
786
771
789
24
765
777
793
792
777
779
791
785
767
43
724
804
30
775
793
798
791
781
760
33
728
751
748
824
24
801
787
800
42
759
759
777
83
694
794
783
791
783
765
748
802
785
778
790
42
748
793
773
787
791
775
789
793
774
42
732
801
799
786
777
785
43
742
791
779
789
787
769
783
32
751
797
31
767
785
789
769
37
732
733
726
790
775
788
793
776
774
44
731
795
24
772
784
786
776
771
45
727
773
792
793
45
749
801
23
779
791
792
792
772
785
786
778
51
727
720
817
795
809
40
770
826
809
823
812
795
781
779
798
791
798
32
767
787
794
798
781
776
787
24
763
786
787
791
784
779
794
52
743
804
786
802
805
43
763
791
795
794
22
773
791
789
780
773
795
43
753
22
731
829
818
75
743
807
825
809
816
804
788
803
77
727
806
805
809
792
788
799
50
750
777
784
776
758
775
33
742
775
778
781
768
776
785
783
24
760
757
799
792
35
758
793
786
776
764
780
784
768
749
788
777
761
776
755
787
776
802
805
797
805
809
48
761
803
805
803
791
805
48
758
808
793
817
824
26
799
799
808
39
770
801
792
805
801
790
801
41
761
819
24
795
805
813
40
773
800
804
800
789
809
807
801
801
817
341
476
1138
321
817
806
791
781
795
780
806
786
791
793
783
783
799
812
808
833
354
479
1178
335
844
53
792
775
818
809
22
788
796
800
789
778
791
792
775
793
795
799
787
793
24
770
810
791
805
806
797
802
814
1580
763
817
804
790
779
796
797
785
788
794
778
44
734
724
830
817
845
841
827
23
804
826
847
27
821
841
832
812
798
816
27
790
791
797
795
784
791
799
793
789
807
807
791
806
824
1545
698
848
24
824
808
801
817
42
775
810
798
819
821
31
791
810
812
818
811
817
836
833
51
783
836
866
26
840
848
844
826
820
829
371
458
1126
302
825
808
790
786
802
807
27
781
815
838
832
827
850
862
30
833
840
83
758
825
826
835
832
816
805
833
822
35
787
837
833
826
813
834
822
807
826
94
733
860
865
862
34
828
850
52
799
821
877
864
44
820
818
831
59
772
760
763
27
737
746
21
725
748
739
722
731
33
699
714
30
685
695
686
688
681
675
681
666
668
663
652
657
645
648
640
635
637
18
619
624
631
634
649
663
672
682
690
705
22
683
700
45
656
714
701
702
693
688
679
675
672
666
666
660
663
664
660
658
659
657
655
648
647
647
643
642
642
640
639
628
625
632
627
624
626
619
616
615
618
616
616
617
616
617
610
617
625
621
626
628
624
629
628
624
619
616
613
606
606
604
598
602
599
596
596
593
594
592
598
597
595
609
607
603
604
610
598
596
608
602
595
609
608
606
615
617
608
616
622
615
625
618
610
612
607
606
604
606
602
603
606
606
604
600
612
608
599
611
609
601
611
610
607
620
616
608
610
623
616
610
621
621
611
625
616
611
627
18
610
603
625
612
603
619
609
606
613
611
608
610
609
609
614
606
614
618
604
605
618
602
599
617
220
397
822
202
621
609
597
598
608
597
594
607
598
592
605
595
590
599
594
591
598
599
596
594
596
599
595
593
602
595
58
538
656
55
601
590
599
602
594
594
593
592
595
593
596
602
597
596
606
600
592
603
602
596
609
602
597
608
608
598
592
608
598
588
601
596
591
597
596
602
600
594
603
606
592
21
572
625
33
593
587
602
595
588
596
597
595
603
603
601
601
615
19
596
595
612
604
596
601
601
594
600
593
592
598
601
592
593
607
595
594
609
607
598
605
609
599
600
606
608
600
604
600
601
611
598
599
611
605
596
603
607
601
598
606
605
595
606
593
589
601
595
590
604
598
591
606
600
588
605
597
592
596
606
600
596
603
617
614
607
625
624
616
633
624
619
631
624
621
627
625
612
627
617
604
618
613
605
614
618
610
609
619
615
617
632
625
621
639
638
626
627
641
636
630
642
641
634
632
643
641
632
647
649
644
638
658
660
647
682
678
667
696
694
676
699
698
691
28
664
698
700
697
24
673
705
706
688
718
708
58
651
756
51
706
693
710
702
687
711
707
21
686
715
704
23
681
708
701
28
673
703
688
675
698
703
686
708
719
20
700
700
716
710
21
690
717
714
22
693
714
720
21
700
700
723
728
24
704
728
733
44
689
717
730
51
679
727
734
43
692
673
707
710
726
715
40
676
681
709
27
683
752
72
681
735
739
66
673
744
757
745
747
747
28
719
740
730
742
728
743
743
21
722
751
752
733
747
729
40
689
745
731
27
704
759
771
762
21
741
723
728
735
25
710
711
707
706
785
775
759
742
768
43
725
752
742
757
759
757
28
730
755
751
733
742
29
713
712
761
758
755
736
752
756
741
760
63
698
770
768
778
768
765
35
731
760
773
758
750
745
750
749
738
748
49
699
752
748
750
23
727
748
39
709
748
750
750
736
737
750
750
732
749
35
714
712
750
749
735
728
751
743
734
746
61
685
752
742
757
746
743
49
695
763
35
729
740
738
32
707
720
724
719
703
702
708
752
746
22
724
738
757
750
741
728
736
41
696
736
753
734
729
732
740
730
31
699
29
670
753
739
750
740
734
736
730
54
677
746
745
731
727
719
720
713
707
708
710
707
734
772
777
773
774
776
766
759
48
712
733
748
739
737
741
739
732
718
723
40
684
666
723
712
709
699
703
699
694
697
692
46
647
714
708
20
688
678
673
678
683
691
701
691
38
653
723
705
705
708
697
698
704
40
664
704
697
690
692
681
685
683
670
670
670
665
662
669
671
666
1363
680
683
670
683
686
680
683
691
693
691
673
744
31
713
719
729
723
715
723
37
686
759
29
730
735
38
697
745
747
745
739
750
748
732
32
701
750
737
739
731
725
31
694
754
741
750
750
736
742
747
43
704
756
21
736
758
753
755
747
749
31
718
760
21
740
747
750
743
738
741
744
744
746
751
742
735
749
32
718
744
737
743
735
727
737
722
731
723
729
728
716
729
734
724
734
736
735
726
734
740
726
47
680
741
741
741
745
736
735
751
51
701
745
35
710
741
747
746
738
725
711
737
756
739
745
748
743
733
718
42
677
733
714
730
737
739
726
29
698
756
26
731
746
749
744
753
33
720
758
762
764
750
747
761
762
46
717
769
754
738
754
748
750
740
723
40
684
751
741
734
725
717
734
736
718
37
682
739
749
754
758
762
756
748
24
724
753
766
756
742
738
752
750
40
710
755
737
740
741
741
746
737
737
38
699
764
759
755
753
750
745
38
707
759
750
745
740
741
745
741
55
686
761
22
739
733
730
725
725
723
39
684
749
21
728
718
715
723
712
711
29
683
752
26
727
735
730
727
720
24
697
36
661
731
732
714
706
707
705
702
47
655
744
31
713
715
725
723
729
28
702
742
756
27
730
738
731
727
729
65
664
752
750
738
746
737
737
37
700
751
752
738
734
735
735
727
54
673
749
730
734
738
726
730
35
695
738
731
737
733
726
737
36
702
697
750
747
736
737
733
732
25
708
744
737
729
722
721
707
47
660
733
21
712
710
695
694
693
678
691
689
701
690
723
718
716
726
731
22
710
52
659
733
726
721
708
719
22
698
730
726
732
723
734
25
710
732
724
728
717
714
729
722
36
687
749
737
753
752
761
764
69
696
750
753
744
727
729
714
37
678
736
716
730
730
721
734
719
716
752
751
741
748
729
764
33
732
716
705
775
761
762
759
742
774
769
766
752
765
759
38
722
768
759
755
745
750
29
722
750
754
757
748
752
763
28
736
768
761
749
755
762
753
753
26
728
762
756
759
741
751
740
23
717
743
746
738
746
734
762
749
761
755
745
759
746
729
762
743
745
746
732
737
731
33
699
750
25
725
732
733
718
734
716
736
743
742
732
739
733
750
751
756
746
744
762
748
750
754
745
745
741
761
746
759
760
745
758
23
735
753
757
750
740
748
742
737
37
700
755
743
755
749
737
751
31
721
738
755
745
731
742
737
29
708
719
738
742
745
750
739
744
42
702
760
761
751
755
43
713
759
752
741
739
743
734
746
29
717
753
750
747
736
745
736
57
680
754
742
725
729
726
45
681
741
722
719
726
719
726
45
681
749
34
715
26
690
734
747
741
732
718
37
682
744
726
720
722
708
22
687
727
21
707
710
714
707
693
725
711
708
718
715
711
704
36
668
736
733
722
714
724
714
715
720
713
719
719
705
23
682
729
22
708
718
714
710
722
727
717
728
728
722
724
43
681
747
733
735
726
734
44
691
744
730
721
720
711
713
706
22
684
704
691
702
703
705
709
704
747
747
743
723
718
747
740
747
734
29
705
750
48
702
708
749
735
732
714
744
729
729
724
730
717
730
734
735
729
742
28
715
745
748
745
737
747
29
718
711
771
757
741
742
735
727
37
690
744
735
737
722
728
725
44
681
737
720
726
732
721
20
702
733
730
736
727
715
751
735
743
743
736
740
51
690
748
748
741
740
21
720
737
735
730
730
743
738
742
23
719
757
751
742
754
31
724
728
36
692
707
771
769
761
766
52
715
775
770
773
761
763
761
23
739
722
769
750
740
781
27
754
765
758
750
756
23
734
751
52
700
779
26
753
744
781
28
753
760
764
21
744
755
750
41
709
756
743
737
731
744
730
745
743
740
751
27
725
749
744
742
734
735
715
740
730
717
723
720
713
723
717
724
731
724
732
726
29
698
681
764
47
717
766
763
756
24
733
762
24
739
726
720
723
719
717
726
735
728
731
725
713
708
719
711
711
709
702
705
703
33
670
703
27
676
19
658
668
663
668
666
698
20
678
667
705
39
666
711
20
692
684
695
705
707
691
706
30
676
708
708
708
710
23
688
704
699
690
687
686
684
683
679
677
677
674
666
662
653
665
669
662
660
661
665
663
658
655
656
654
648
650
647
650
651
651
652
654
654
645
646
668
664
660
665
666
665
664
657
659
660
658
655
648
652
642
641
641
635
646
644
642
644
646
648
647
652
652
654
657
659
657
656
650
655
652
650
644
645
668
26
643
646
666
660
658
656
656
19
637
656
661
651
654
640
641
641
639
634
631
628
625
624
621
619
618
617
615
613
614
612
611
610
612
608
609
608
606
606
605
605
604
602
610
604
608
608
612
610
611
609
610
611
611
611
610
607
608
609
607
607
603
599
602
601
594
600
595
593
599
601
602
630
628
619
624
649
19
631
645
664
652
649
653
641
628
656
652
640
654
660
21
639
647
643
642
642
632
627
627
619
623
636
648
658
647
659
675
678
677
666
673
677
674
671
663
655
655
653
654
652
651
652
652
653
653
654
656
642
639
642
640
642
645
648
652
654
659
663
665
666
668
666
666
664
657
656
656
650
652
649
645
646
633
629
633
640
634
633
629
639
642
648
643
637
641
643
658
642
643
634
645
659
653
657
657
656
656
654
653
651
650
648
643
641
642
630
629
634
624
616
624
619
624
621
617
626
625
621
630
625
634
635
636
639
640
638
645
639
642
642
647
644
654
650
653
648
641
649
641
647
642
640
641
639
639
641
639
641
641
636
638
631
630
624
623
624
619
626
626
627
633
625
627
634
631
645
635
650
638
649
652
645
656
658
646
656
643
642
651
641
648
642
653
644
662
647
646
658
646
650
652
645
661
643
657
639
651
636
649
638
650
640
654
637
656
651
662
651
663
654
660
654
657
659
656
643
657
651
658
655
656
1313
660
654
648
642
640
641
637
642
634
652
641
661
659
659
670
668
672
677
676
665
674
675
668
672
672
664
672
676
683
672
683
681
685
679
681
690
683
685
680
690
698
705
704
687
700
700
684
698
693
701
707
703
712
700
687
706
20
687
692
687
686
696
709
721
36
685
731
737
745
740
731
33
698
714
32
683
725
737
36
701
702
694
702
706
691
715
703
685
735
720
23
698
40
658
729
26
704
714
700
727
718
26
693
707
40
667
674
657
715
721
714
706
20
686
689
683
686
678
677
742
49
693
744
46
698
756
783
806
788
784
26
758
773
763
754
760
758
749
753
750
740
748
756
749
752
742
758
23
736
736
720
761
742
34
708
752
738
31
707
750
28
722
724
734
763
759
750
757
750
44
706
710
762
750
31
719
733
724
734
736
734
749
747
753
762
757
759
764
752
763
762
752
757
756
749
752
752
748
756
759
755
750
761
36
725
737
765
764
778
762
48
715
718
768
762
750
750
22
729
724
729
742
742
728
740
741
734
751
761
752
25
728
803
55
749
33
716
729
716
733
24
709
758
767
64
703
741
774
23
751
748
744
730
47
684
773
61
713
712
704
718
732
787
774
756
750
23
728
22
707
695
770
777
762
25
738
728
708
788
777
29
749
755
755
747
745
45
700
700
709
720
34
687
774
758
740
740
735
723
731
724
709
742
727
719
725
717
731
727
719
722
723
717
716
699
727
716
713
713
702
721
714
717
727
717
724
21
704
724
735
32
703
706
695
703
694
705
705
704
702
712
58
655
726
728
731
731
731
729
728
719
71
649
728
714
711
27
685
700
694
700
700
35
665
695
701
44
657
653
659
661
705
42
663
759
28
732
721
709
708
706
707
699
702
686
747
59
688
762
22
740
751
747
738
757
762
761
770
762
762
755
36
720
757
23
734
733
726
718
711
708
721
723
713
714
31
683
759
56
704
736
777
30
748
749
750
749
734
738
718
755
740
31
709
719
716
717
718
702
729
724
726
725
708
697
707
707
711
718
727
729
714
726
735
719
721
719
726
730
764
50
714
730
729
726
727
36
691
706
699
710
741
728
729
724
721
705
722
708
709
726
728
757
756
757
755
754
29
726
735
736
21
715
733
750
740
735
716
722
726
715
739
54
685
710
743
730
722
710
707
711
24
688
717
49
669
698
742
753
21
732
734
729
733
762
751
752
750
748
738
734
730
21
710
697
702
704
705
705
23
683
716
28
689
673
718
726
761
759
751
740
745
42
703
765
22
744
23
721
728
729
25
705
695
722
33
690
708
26
682
727
746
39
707
705
751
57
695
715
701
24
677
727
758
748
21
727
713
729
728
31
698
714
25
690
746
750
42
708
707
751
753
755
740
733
757
45
713
746
740
737
719
721
704
722
722
715
723
711
721
722
21
701
703
696
691
741
739
723
731
730
24
706
689
691
726
28
699
725
40
686
708
720
741
727
713
724
728
723
40
683
740
724
26
699
745
737
724
730
711
27
685
694
675
700
741
726
722
708
35
673
706
31
675
676
707
708
708
704
28
676
695
696
692
674
661
724
707
49
658
688
32
656
687
723
710
704
692
678
685
29
656
677
695
689
682
688
675
686
20
666
654
716
40
676
685
32
654
705
48
657
694
722
711
695
27
669
678
677
682
691
695
695
34
662
705
43
662
690
720
716
724
727
30
698
726
56
671
705
713
35
679
697
749
733
723
712
20
692
688
689
685
680
682
674
686
689
694
701
709
715
709
708
42
667
708
740
727
710
722
715
710
702
708
728
719
715
702
723
37
687
759
804
30
775
775
783
777
775
776
774
768
758
757
741
741
740
734
736
730
727
708
718
718
727
731
736
735
31
705
719
28
692
765
789
781
31
750
759
771
760
751
29
723
723
717
711
730
735
39
697
735
768
53
716
726
776
768
763
753
749
743
727
728
722
713
697
692
705
1439
724
716
712
20
693
721
717
725
733
731
736
36
700
733
780
779
321
458
1063
346
718
738
722
715
697
708
715
714
731
1383
652
732
744
58
686
733
735
742
744
741
731
740
732
726
723
708
691
685
691
706
708
708
724
708
725
734
736
735
38
698
722
718
725
733
720
728
727
46
682
682
694
688
732
43
689
703
708
755
752
745
743
35
708
739
738
738
729
712
707
712
711
694
23
671
743
37
706
691
692
691
700
713
712
729
770
778
769
39
731
751
41
711
757
749
743
744
733
728
21
708
719
701
707
703
717
703
693
736
749
749
743
58
685
702
683
771
763
78
685
749
64
685
687
707
26
681
740
734
52
682
719
720
703
709
21
689
711
703
698
753
740
740
722
748
745
733
739
736
736
722
708
704
691
704
765
63
702
696
724
756
46
711
696
772
36
737
734
730
718
20
699
708
708
699
704
716
723
711
721
33
688
731
752
21
732
723
31
692
676
736
36
701
698
732
724
31
693
707
33
674
709
737
732
725
719
718
726
707
707
751
25
727
720
728
729
725
49
677
717
764
49
716
719
715
708
710
704
708
34
675
731
43
688
730
741
52
689
708
770
28
742
737
726
736
733
731
731
732
731
730
721
722
727
725
706
721
729
733
720
715
20
696
737
38
700
728
30
698
684
806
35
772
761
759
751
746
733
744
744
742
738
748
744
747
738
32
706
764
746
750
737
748
747
731
750
775
79
696
767
44
723
747
731
728
728
713
34
679
708
727
55
673
719
767
765
759
751
22
730
789
27
762
762
745
22
723
745
745
745
746
750
749
730
719
730
733
736
743
752
752
753
756
756
754
22
733
741
738
742
746
747
22
725
715
735
747
756
764
750
776
781
794
790
24
766
789
788
792
785
788
27
761
766
767
760
757
751
747
742
23
719
729
714
725
729
738
30
708
740
779
57
722
773
769
754
755
759
759
761
750
740
745
21
724
743
727
770
759
763
764
753
750
750
746
743
741
26
715
726
739
740
735
750
761
771
778
761
789
775
774
770
766
762
747
752
733
754
744
740
742
740
734
743
734
746
753
34
720
773
780
764
764
754
753
735
732
732
730
733
726
722
31
692
708
690
703
22
681
710
728
764
29
736
719
727
734
734
730
714
731
27
705
713
726
725
709
724
724
720
724
720
732
716
722
715
719
731
714
711
708
755
759
765
50
716
725
717
705
736
759
749
29
720
723
720
723
721
705
741
732
756
47
710
741
790
25
765
765
766
767
766
750
748
752
757
750
765
752
760
752
759
757
751
745
748
745
737
731
742
740
733
121
613
822
34
788
788
44
744
748
742
738
44
694
742
727
730
727
728
21
708
712
707
708
720
721
713
719
746
763
786
775
792
64
729
838
833
23
811
44
768
769
770
765
755
751
739
22
717
732
715
701
721
726
712
740
725
737
792
22
771
780
773
768
785
781
782
774
766
22
745
746
736
733
741
737
724
710
750
27
723
713
725
731
716
738
732
729
26
703
782
785
336
449
1084
329
756
737
749
750
742
22
720
719
727
734
738
734
744
761
762
767
772
774
763
754
744
748
753
749
735
734
774
28
746
756
760
754
29
726
774
33
742
738
737
733
734
739
730
725
727
713
724
725
728
736
732
736
733
721
21
701
710
21
690
727
757
749
740
742
737
734
28
707
695
715
726
33
694
722
750
22
728
725
722
708
741
727
721
711
710
704
698
683
690
682
707
31
676
682
22
661
696
28
668
685
674
659
730
55
675
709
38
672
725
36
689
710
772
67
705
708
775
32
744
736
741
724
728
26
703
713
785
764
749
743
743
739
43
696
806
55
752
754
757
739
751
755
29
727
766
24
743
748
747
753
735
718
749
750
32
718
786
25
761
759
762
756
751
745
43
702
725
732
720
721
722
712
727
721
753
746
748
750
734
743
739
34
705
762
751
746
749
743
727
734
728
727
726
721
727
720
721
37
684
765
755
739
735
744
736
723
735
743
749
756
752
748
735
729
335
394
840
94
747
745
745
741
721
731
733
727
21
706
735
742
761
747
742
745
746
744
29
715
772
781
25
757
752
53
699
775
36
739
731
732
735
730
732
730
27
704
710
722
748
34
714
712
699
741
769
57
712
789
48
741
754
752
735
779
761
755
761
760
752
749
745
757
752
753
750
749
737
743
750
752
26
727
761
760
770
781
765
747
803
31
772
770
771
24
748
796
24
773
768
759
754
745
725
741
741
735
722
724
57
668
722
22
701
727
736
745
732
750
736
756
741
766
753
746
754
41
714
713
764
21
743
748
749
23
726
747
750
746
30
716
698
724
774
758
749
24
725
722
729
747
733
742
738
754
751
743
750
755
749
746
38
708
755
740
743
740
742
742
732
736
737
736
735
732
735
724
730
739
731
35
696
756
810
47
764
745
778
28
751
752
751
754
748
750
733
769
754
748
749
744
745
734
758
746
746
747
734
744
737
743
742
740
732
738
738
30
708
750
742
740
737
720
731
727
736
724
728
724
726
721
713
718
35
684
760
744
732
731
733
728
712
755
739
736
737
729
731
727
719
731
717
721
721
719
720
711
730
719
717
712
705
711
712
717
712
709
727
715
721
727
722
721
725
720
720
725
724
722
24
699
746
726
731
735
733
739
735
742
743
744
748
733
746
752
741
753
760
754
762
767
757
763
756
767
765
752
755
751
741
754
744
727
742
741
727
733
733
730
728
738
744
743
747
750
27
723
26
698
711
766
749
745
739
725
726
714
710
710
710
716
711
714
717
717
719
721
720
704
718
723
728
736
742
743
23
720
739
724
725
729
713
716
734
749
752
750
750
748
754
742
749
753
752
740
744
744
741
784
776
779
781
783
772
768
757
749
21
728
741
743
749
750
758
755
757
746
739
743
741
27
714
791
33
758
757
760
754
21
734
719
719
732
736
734
26
708
719
22
698
743
755
750
742
729
721
720
21
700
733
794
785
267
518
997
244
753
738
723
721
710
728
734
734
734
25
709
715
769
23
747
730
743
729
739
746
743
750
742
750
753
754
749
734
727
732
718
732
714
738
742
740
34
707
779
758
761
768
765
755
769
29
741
782
766
770
766
762
766
747
727
794
32
763
758
761
759
755
757
749
22
727
751
751
737
744
748
736
735
764
746
750
745
755
750
736
741
739
744
740
725
735
736
732
727
732
726
730
735
728
731
739
738
737
733
732
727
730
726
725
732
721
730
736
740
748
748
23
725
727
721
731
733
733
724
739
734
737
740
730
738
724
743
752
754
743
766
765
773
776
762
767
763
762
760
743
747
735
734
735
742
744
732
745
755
773
778
776
783
23
760
784
778
781
776
771
758
757
763
753
750
763
764
767
756
759
773
776
768
772
766
772
769
760
760
23
738
773
758
755
745
747
747
733
728
741
755
754
753
760
763
764
760
764
756
763
763
762
766
748
769
751
739
742
732
742
745
751
751
758
756
765
758
764
754
763
758
744
755
765
763
765
770
761
763
754
752
744
733
745
741
740
728
740
743
759
767
769
775
762
779
39
740
775
769
27
742
764
766
773
754
760
22
739
798
28
771
770
763
757
762
755
748
751
32
720
722
21
702
757
757
757
771
759
750
731
24
707
774
818
798
778
761
37
725
736
719
731
720
736
719
738
738
744
731
738
761
743
725
721
734
745
747
758
51
708
733
773
759
748
748
745
741
737
728
733
733
733
735
727
742
738
743
749
754
750
78
672
772
41
732
720
722
720
723
726
721
733
734
737
744
29
715
739
28
711
790
82
708
742
791
42
750
748
731
736
735
721
738
729
718
722
722
722
722
721
24
698
750
733
735
728
733
734
28
706
766
36
731
728
736
735
738
735
737
730
742
748
753
753
761
755
763
759
760
24
737
719
756
23
734
745
757
752
760
751
757
744
766
761
743
728
29
700
768
750
737
757
751
743
754
754
751
762
30
733
734
744
754
812
796
789
27
762
781
27
754
766
763
746
750
754
742
747
749
738
742
732
725
738
745
745
21
724
772
30
743
725
767
768
748
150
598
970
148
823
808
26
783
22
761
783
22
761
768
765
748
757
757
749
758
759
756
761
750
764
766
765
771
762
773
773
764
380
385
380
762
757
762
752
738
788
774
759
762
754
761
764
763
763
762
750
763
769
757
772
779
43
736
724
813
823
54
770
762
766
750
751
743
745
743
729
733
731
726
731
730
736
743
753
759
775
773
783
22
761
785
788
780
786
34
752
812
23
790
778
770
766
764
768
768
765
752
761
31
731
732
787
31
756
748
759
765
763
35
729
775
812
28
784
777
762
772
767
770
761
749
755
755
752
746
749
751
754
761
25
736
736
754
783
25
758
761
750
753
759
767
753
21
733
777
771
770
749
757
752
738
22
716
773
769
750
749
754
743
753
753
756
760
748
734
26
708
737
28
709
804
34
771
28
744
738
22
716
729
768
750
754
735
739
743
750
748
749
753
746
754
750
752
758
760
743
771
755
760
767
763
770
771
762
769
762
761
764
753
750
754
753
746
752
744
746
739
736
25
711
728
714
743
24
720
741
28
714
747
31
716
717
719
763
760
747
741
749
746
737
732
741
725
723
291
433
878
131
748
729
23
707
708
701
712
707
703
702
693
679
695
24
672
666
677
672
663
692
24
668
655
659
663
667
673
681
705
719
729
742
748
750
747
749
741
741
731
727
720
718
718
715
721
713
716
708
708
709
704
706
707
701
704
703
697
702
696
694
699
693
694
691
691
694
687
688
688
670
679
675
666
667
666
658
662
656
656
657
655
657
643
670
30
641
666
655
652
647
652
656
656
659
641
651
1374
717
657
690
32
659
686
668
721
53
669
736
60
676
723
21
703
688
735
49
687
726
731
25
706
705
723
708
704
701
699
24
675
672
701
22
679
700
24
676
699
20
679
667
729
57
672
696
701
29
672
733
48
686
675
701
27
674
711
21
691
678
682
680
677
663
713
37
677
701
715
43
673
740
35
706
35
671
738
44
694
718
32
687
27
661
694
715
705
704
695
693
695
690
688
693
692
690
695
695
700
25
675
681
22
659
694
37
658
688
671
659
680
662
685
672
666
674
687
681
691
681
50
632
679
692
27
666
670
661
647
648
645
666
653
666
664
679
666
668
696
689
677
689
682
683
684
680
678
679
665
672
660
672
26
647
668
24
645
668
656
662
667
652
680
21
660
671
677
686
679
707
693
687
674
686
668
708
25
684
678
681
674
673
674
670
673
669
672
674
664
663
671
665
659
655
670
663
671
662
661
666
659
663
656
669
660
668
663
670
666
669
669
666
670
662
669
664
674
673
671
670
661
676
672
666
665
19
646
643
645
648
659
665
675
685
696
695
695
693
690
677
671
664
665
657
654
649
650
651
651
648
641
646
634
631
627
631
631
635
628
627
624
625
623
624
623
625
625
625
630
623
624
616
620
619
621
622
626
634
634
642
645
649
649
654
642
645
642
631
636
630
629
631
629
628
625
617
624
624
619
624
625
616
625
625
627
624
629
628
635
638
637
646
644
652
652
653
654
654
650
638
655
653
655
659
658
658
653
662
662
659
664
665
668
665
666
665
659
663
663
659
663
653
660
655
655
653
653
654
656
653
654
653
654
654
655
647
667
659
659
658
658
656
658
662
663
660
657
664
650
28
622
652
653
665
678
705
719
42
678
693
26
667
672
684
673
686
690
682
709
41
669
671
688
22
666
668
658
650
645
646
647
650
648
647
641
645
644
639
638
638
632
635
632
633
633
621
619
621
620
625
630
630
634
630
634
628
623
621
624
628
630
629
629
630
629
625
630
629
623
624
620
618
618
614
617
614
615
614
601
602
602
601
602
605
613
615
626
628
635
632
640
637
633
618
625
624
616
622
617
610
609
610
602
601
605
595
600
599
598
595
594
602
600
600
602
598
597
603
604
601
603
607
606
604
606
609
610
608
611
614
613
608
614
615
617
614
619
621
621
621
625
627
622
624
630
623
623
627
634
632
632
635
636
632
627
628
628
625
625
625
626
624
626
625
625
625
626
627
630
631
621
614
626
610
613
621
621
623
628
625
632
639
636
647
650
645
653
656
656
658
663
663
659
666
665
660
665
663
659
669
667
681
681
684
686
691
689
696
26
671
712
697
697
692
704
689
708
23
685
702
701
690
693
689
671
701
49
652
701
687
675
687
670
698
47
652
713
55
659
694
717
21
697
679
703
691
691
684
681
690
39
652
682
710
697
692
693
689
689
683
26
658
687
672
667
669
670
669
668
668
669
670
674
675
665
664
678
667
25
643
660
20
640
701
64
637
663
705
690
682
681
676
670
666
648
679
676
674
675
673
670
680
673
671
670
668
672
35
637
690
200
491
829
151
678
680
671
29
643
684
678
36
643
672
21
652
639
650
681
672
680
674
690
39
651
689
24
666
668
666
661
691
21
670
674
670
672
669
677
671
681
676
671
680
677
670
671
665
664
664
657
668
667
673
680
707
706
715
713
702
43
660
730
732
735
722
714
709
707
703
28
676
674
710
45
666
715
708
26
683
723
29
695
704
725
717
711
716
712
704
728
718
714
711
712
42
670
715
731
728
724
715
712
28
684
687
721
702
696
696
692
40
652
692
699
696
30
667
713
706
691
687
687
21
667
683
676
667
666
668
665
667
670
668
673
677
675
682
32
651
716
49
668
691
710
54
657
732
61
671
686
731
26
706
708
705
701
694
699
690
36
654
709
21
689
694
690
692
697
697
699
696
697
701
701
698
706
701
701
702
703
699
699
691
688
686
684
681
692
692
700
701
705
708
707
708
712
711
711
716
37
679
719
730
723
715
720
723
715
715
717
708
721
719
718
725
719
715
715
719
702
704
694
677
683
680
681
694
689
687
703
715
711
708
702
699
707
699
697
684
690
722
704
686
678
670
669
664
663
665
670
672
667
671
679
677
687
694
698
699
703
707
704
706
702
703
694
689
684
678
680
672
672
668
670
668
666
667
661
662
657
661
658
655
658
660
654
656
653
653
651
651
654
655
659
657
651
650
645
648
651
651
655
656
662
662
669
672
671
677
674
678
678
674
676
674
673
673
668
671
666
665
666
665
663
668
664
665
669
663
666
661
660
662
656
658
655
650
640
638
638
635
626
626
623
618
617
615
617
618
616
615
616
617
619
619
616
617
616
620
617
606
607
608
613
617
622
636
641
653
653
655
654
663
657
654
645
634
638
640
645
633
646
638
625
639
624
637
634
627
643
638
639
641
645
651
649
647
644
647
640
649
1289
644
645
637
637
637
643
636
645
639
648
642
644
639
645
642
646
635
644
637
640
639
640
640
642
632
638
642
646
642
635
645
644
634
643
634
629
638
631
625
639
635
627
637
633
626
633
623
622
630
620
621
626
624
624
632
626
632
623
633
618
624
624
612
622
616
613
626
622
615
625
617
625
628
622
640
626
619
626
640
632
627
633
627
635
638
624
636
633
630
640
630
645
637
646
637
639
639
648
642
633
640
630
635
3999
3999
3999
3999
3999
3999
3999
3999
3999
3999
3999
3999
3999
3999
3999
3999
3999
3999
3999
3999
3999
3999
3999
3999
3999
3999
3999
3999
3999
3999
3999
3999
3999
3999
3999
3999
3999
3999
3999
3999
3999
3999
3999
3999
3999
3999
3999
3999
3999
3999
3999
3999
3999
3999
3999
3999
3999
3999
3999
3999
3999
3999
3999
3999
3999
3999
3999
3999
3999
3999
3999
3999
3999
3999
3999
3999
3999
3999
3999
3999
2524
739
747
745
733
756
748
746
739
739
724
735
727
717
717
713
714
710
27
684
732
723
723
734
737
740
30
710
741
732
719
716
723
726
724
738
722
751
58
694
735
768
71
697
799
794
789
791
48
744
789
31
758
750
750
748
735
750
742
747
749
746
749
22
727
772
28
745
742
738
724
739
734
734
738
736
733
725
749
743
739
744
745
728
753
739
742
747
747
747
27
721
749
739
733
732
727
711
714
699
684
679
689
682
675
672
673
668
657
662
653
660
656
659
652
634
658
644
659
660
656
662
668
670
682
676
691
687
696
690
685
20
666
650
720
25
696
690
690
680
21
660
700
685
674
677
674
667
673
657
658
666
651
658
666
661
661
668
660
652
670
24
647
696
24
672
679
674
666
671
662
665
654
662
649
656
640
652
641
647
632
637
625
627
614
620
609
614
610
612
599
611
602
610
598
607
597
598
601
593
604
592
601
19
583
591
597
589
589
591
586
595
590
586
595
584
587
584
577
586
583
585
590
585
582
595
585
588
589
579
593
586
583
587
582
582
586
582
583
592
585
582
594
594
590
596
596
606
23
583
597
604
604
600
590
594
599
588
594
599
596
587
588
594
585
595
592
584
592
597
588
605
599
597
607
606
607
610
601
599
599
587
583
597
592
580
605
605
604
602
602
614
622
30
592
621
618
624
629
636
636
636
646
635
644
642
649
650
656
673
660
661
678
684
676
687
689
680
684
686
44
643
765
31
735
25
710
714
709
706
29
677
720
30
690
706
690
708
707
698
713
717
710
700
213
487
933
164
769
25
745
45
700
719
712
706
708
703
754
33
722
760
25
736
759
754
757
743
727
715
737
842
51
791
788
780
52
728
741
827
71
756
772
764
769
764
779
774
778
28
750
27
724
818
40
779
29
750
753
40
714
696
795
854
51
804
28
776
22
755
757
747
745
728
770
25
745
752
755
758
765
765
763
773
774
767
780
780
768
48
721
819
52
768
753
760
753
747
749
31
718
715
792
52
741
751
762
46
716
760
803
32
771
751
50
702
760
756
744
739
742
743
753
757
750
755
58
698
769
772
23
749
741
746
743
729
727
751
769
67
702
194
508
1086
312
775
22
753
749
742
741
743
738
74
664
787
30
757
744
742
739
736
727
720
718
736
735
83
653
778
27
751
739
720
716
711
718
702
721
718
729
710
716
788
38
750
751
736
749
44
705
35
670
789
777
766
756
752
750
57
693
748
729
730
719
710
706
721
707
727
44
683
749
744
750
751
743
740
732
729
727
722
72
650
757
31
726
734
734
733
743
750
43
707
782
33
750
749
752
739
747
744
733
41
692
800
45
756
755
760
759
757
744
754
29
726
727
793
42
752
754
760
750
753
33
721
721
766
24
743
735
743
741
734
738
730
44
686
767
28
739
744
741
750
751
746
762
763
759
768
771
759
765
762
752
758
756
746
25
721
789
31
758
752
758
755
758
757
753
734
787
31
756
764
754
763
763
755
758
764
751
750
21
729
783
25
759
758
752
759
752
752
755
32
723
768
758
749
749
755
749
738
762
749
755
759
755
749
754
27
728
740
23
718
715
781
26
755
748
737
743
743
724
750
741
738
737
743
740
35
706
766
32
734
740
735
735
741
732
743
743
737
739
22
717
747
730
724
721
723
719
722
728
735
747
26
721
38
683
798
787
766
765
760
752
30
723
761
31
731
728
723
725
719
722
724
710
727
724
719
726
731
718
731
721
724
722
721
727
729
735
727
734
724
762
753
749
752
754
740
747
30
717
760
744
739
746
736
757
753
765
767
765
771
758
760
762
757
757
750
739
740
731
722
727
719
731
732
736
738
742
725
767
748
747
743
761
746
755
757
754
760
746
783
25
758
765
762
754
756
750
748
734
749
749
752
744
751
755
749
758
754
27
728
718
727
733
718
771
768
23
745
738
729
24
706
769
38
732
733
734
730
29
701
754
26
729
729
733
734
730
719
736
735
734
733
735
728
734
736
730
737
737
728
710
758
26
733
741
744
738
743
742
742
736
742
742
742
747
740
724
30
695
732
778
769
24
746
745
742
756
750
748
741
743
735
733
21
712
755
739
739
737
726
753
744
742
744
746
748
753
742
741
28
713
791
775
760
752
741
724
778
38
740
739
736
729
727
716
718
710
714
702
712
712
709
708
710
699
713
24
690
680
750
734
729
732
21
711
752
734
735
733
725
727
719
725
724
727
720
723
721
43
679
751
733
732
733
733
730
38
693
760
23
738
735
732
714
748
734
745
750
754
752
37
716
764
31
734
727
732
724
721
723
719
721
721
31
691
747
731
733
741
740
728
708
770
751
762
762
762
762
45
717
783
32
751
748
740
743
734
728
723
726
726
707
749
733
746
738
736
740
33
707
760
22
739
735
734
737
25
712
735
723
719
721
724
722
725
727
727
724
725
26
699
734
725
720
725
731
725
54
672
774
86
688
689
697
779
763
25
738
26
712
750
22
729
729
725
725
722
26
697
685
754
41
714
710
697
691
683
685
677
675
668
651
661
650
644
646
649
650
644
637
633
638
638
636
644
647
650
642
678
673
664
43
621
688
53
636
709
54
656
708
38
670
21
650
706
760
26
735
736
744
747
58
689
786
46
740
739
724
728
21
708
738
721
724
721
719
724
717
33
684
743
727
730
725
730
725
708
756
741
745
742
750
26
725
768
21
747
750
753
750
743
31
712
782
37
745
738
750
741
752
739
768
770
775
772
774
779
773
33
740
798
25
774
764
761
767
757
759
23
737
778
22
756
761
757
758
759
750
754
29
726
791
23
768
766
766
764
754
743
749
744
50
694
778
29
750
751
741
749
748
737
21
716
784
35
749
752
750
742
749
732
756
752
745
748
750
744
745
746
25
721
744
740
745
749
745
750
27
724
772
752
747
748
748
737
53
685
688
682
750
43
708
762
27
736
728
720
705
735
716
22
695
732
720
711
717
39
679
750
34
716
714
720
25
696
736
719
723
728
734
735
725
733
33
700
755
737
733
736
740
40
700
762
27
735
733
730
730
721
44
678
753
36
718
715
715
722
719
722
724
726
44
683
703
705
28
677
713
764
746
23
723
714
717
45
672
740
731
722
723
36
688
749
735
727
715
729
725
731
745
744
726
715
733
827
46
781
763
763
759
750
753
748
744
731
737
751
739
736
732
735
733
714
741
731
729
724
734
733
726
31
696
733
763
67
696
691
690
713
697
735
790
60
730
750
737
739
720
32
689
760
33
728
727
720
724
719
715
50
666
739
724
729
716
731
742
30
712
710
29
682
711
754
810
44
766
759
751
59
693
770
35
735
736
737
735
25
711
762
23
739
734
739
737
732
732
24
708
753
24
730
730
735
732
738
26
712
768
22
747
744
741
738
740
740
738
729
744
747
747
752
757
744
771
765
762
760
752
750
735
722
721
713
713
25
689
731
716
718
717
721
23
699
742
723
725
727
727
33
694
754
30
725
721
720
718
709
708
704
702
707
704
708
709
696
725
717
715
714
710
708
734
721
728
744
749
750
42
709
764
26
738
725
721
717
716
716
716
47
670
776
779
779
780
761
761
756
753
41
713
765
750
738
733
726
720
710
701
710
706
706
44
662
718
711
696
698
704
706
711
708
709
719
45
675
763
57
706
712
710
699
684
704
707
710
714
40
675
732
721
716
713
710
706
702
695
694
694
694
24
670
658
666
679
689
702
708
709
723
724
39
685
760
747
749
734
743
724
735
23
712
725
736
733
736
740
40
700
719
713
708
23
686
695
699
701
700
711
714
716
727
728
725
724
720
720
725
721
725
727
722
728
46
682
743
21
722
719
710
709
707
33
674
723
712
707
711
712
709
42
668
738
25
714
715
716
713
710
711
47
665
731
712
713
705
707
706
706
706
701
685
713
700
703
698
698
701
700
694
701
698
694
694
693
687
677
706
696
701
708
708
709
704
728
27
701
760
756
747
736
740
742
739
24
715
35
681
762
743
726
723
727
723
20
704
29
675
751
23
729
722
719
719
721
713
30
684
721
20
702
704
704
703
707
709
33
677
746
731
725
735
730
724
718
48
670
746
25
721
708
707
705
701
702
58
644
723
706
699
694
695
698
697
693
35
658
737
35
702
704
703
702
703
28
676
722
708
705
708
712
714
708
28
681
752
741
726
723
719
718
721
721
56
666
738
734
719
714
715
697
729
709
714
711
704
708
706
703
685
728
712
721
730
729
721
735
732
719
723
725
717
708
732
722
712
722
720
709
702
717
725
163
563
842
119
724
744
753
750
755
758
751
750
740
763
781
762
758
762
755
749
24
725
762
764
757
751
743
745
738
730
43
687
756
737
725
727
729
721
722
724
37
688
734
722
715
715
718
713
716
709
43
667
734
729
716
716
719
712
708
58
650
737
722
723
719
719
723
44
679
748
740
733
734
729
731
731
48
683
747
740
725
720
725
727
722
36
686
733
742
728
733
732
730
736
50
687
752
766
27
740
733
733
731
727
38
690
748
728
721
714
717
717
711
706
49
657
728
729
725
717
714
714
725
34
691
745
761
755
749
747
748
746
66
680
750
762
745
732
734
735
732
46
687
30
657
758
753
747
742
738
739
50
689
674
763
749
732
731
725
720
714
30
685
717
732
715
725
721
716
718
723
57
667
741
733
722
712
712
713
709
22
688
721
710
703
698
705
704
697
692
23
669
726
717
719
717
712
715
53
663
729
716
711
705
697
702
700
687
41
646
718
704
696
702
699
691
700
29
671
708
700
705
702
701
704
708
37
671
736
719
715
713
716
707
704
36
668
716
712
708
705
711
717
715
716
60
657
737
737
22
716
709
710
1414
703
711
699
695
65
630
724
717
710
713
710
714
720
44
676
755
21
735
726
728
730
728
709
22
688
750
737
720
718
721
714
32
683
737
24
713
708
710
704
708
689
712
707
705
708
713
713
713
56
658
751
736
731
725
724
729
51
679
743
738
727
720
722
726
27
699
747
729
726
725
725
718
717
26
692
726
707
701
698
702
700
696
697
25
673
727
713
711
709
712
713
29
684
730
720
709
705
707
732
763
46
717
765
783
772
766
757
748
741
725
711
22
690
699
22
677
684
682
693
687
695
693
23
671
694
681
682
686
682
680
679
21
659
653
661
644
647
648
639
640
641
647
642
645
633
648
648
27
622
651
23
628
653
21
632
642
20
623
642
633
640
632
642
633
636
632
633
637
629
632
638
631
632
634
627
630
632
624
625
630
623
623
628
624
625
627
621
627
631
625
627
633
625
629
631
626
630
629
627
633
629
629
632
625
632
634
627
631
632
625
631
635
626
635
636
630
633
634
628
627
630
624
625
626
619
623
620
616
617
622
616
617
622
615
617
621
615
620
623
617
619
623
618
617
624
617
615
619
611
609
615
607
608
614
604
603
611
599
599
607
597
597
604
593
593
599
589
590
594
590
589
595
591
590
596
593
594
598
592
595
596
596
597
600
586
588
598
589
591
599
588
591
599
588
594
600
589
593
600
589
589
599
584
589
596
586
584
1180
598
583
589
584
578
587
583
578
587
583
582
586
583
582
588
582
583
583
584
584
579
586
582
582
590
587
588
594
593
590
598
597
595
599
594
593
584
591
592
587
584
603
604
606
614
620
614
611
622
620
614
625
630
634
631
641
645
635
638
641
645
650
638
649
647
639
647
653
655
654
654
659
667
662
658
666
667
663
668
668
663
670
671
665
675
677
671
678
688
680
670
687
680
685
689
692
689
677
690
30
661
698
38
660
694
23
672
684
30
655
700
681
687
682
669
679
680
674
685
696
690
687
706
702
692
702
706
694
706
712
28
685
704
50
654
716
716
711
701
693
703
708
33
675
713
36
678
23
656
712
59
654
689
720
704
29
675
680
724
715
707
694
700
698
680
683
682
674
659
692
683
680
674
676
678
680
705
44
662
711
41
671
689
681
19
663
682
672
28
645
692
676
688
675
686
689
691
688
689
700
696
693
704
703
698
693
719
701
698
704
38
666
706
41
665
692
704
700
689
687
696
32
664
679
34
646
700
692
31
661
696
21
675
694
684
679
683
687
20
668
683
665
704
34
670
691
23
668
657
711
732
43
689
691
37
654
683
729
716
708
699
703
697
38
659
677
30
648
689
708
697
690
698
702
689
41
648
726
706
700
708
710
702
695
710
703
701
703
702
699
706
28
678
717
704
706
699
700
702
699
694
694
695
693
691
28
663
708
695
687
688
687
684
686
682
692
691
698
699
700
707
31
676
726
719
712
711
711
712
27
686
728
714
709
708
707
707
704
696
706
701
699
700
692
676
666
665
660
680
682
678
721
725
732
750
744
741
755
49
707
753
746
733
722
730
719
710
725
715
712
728
721
716
713
734
725
746
742
738
765
36
729
766
756
751
747
755
750
747
32
715
788
42
746
52
694
773
809
37
773
770
769
777
771
766
51
716
799
27
773
768
768
750
766
759
749
748
753
746
748
750
742
753
749
755
755
755
760
26
735
780
766
767
762
765
24
742
791
25
766
772
767
749
788
30
758
30
728
793
780
771
776
32
744
780
780
768
765
767
24
743
776
776
773
766
747
786
768
764
764
772
768
767
760
68
693
781
770
760
756
761
762
763
47
717
785
778
770
763
767
771
767
749
44
705
774
755
760
762
756
752
61
692
762
747
735
741
743
738
733
729
722
48
675
768
763
748
732
739
735
727
731
732
34
698
747
21
726
726
722
726
722
734
727
735
737
734
741
745
27
718
760
744
739
745
743
724
770
750
747
751
735
732
764
751
746
742
748
746
737
754
753
748
746
750
748
745
739
752
742
747
748
745
747
750
742
30
712
694
720
789
27
762
27
736
739
726
743
739
741
735
735
725
757
40
718
768
21
747
742
739
744
39
705
768
29
740
743
741
736
740
40
701
757
756
752
752
750
749
742
729
710
743
724
722
714
724
717
714
712
710
708
708
698
700
699
695
38
657
717
23
694
692
691
690
687
694
680
694
706
715
717
722
736
26
710
720
767
25
743
747
745
735
23
712
723
726
706
735
724
727
731
730
734
39
695
692
748
747
748
740
741
736
732
62
670
763
752
24
729
729
721
719
718
29
690
725
721
725
716
725
727
721
45
677
756
21
736
730
731
726
714
719
47
673
741
24
717
726
721
722
727
33
695
742
724
727
728
718
715
701
32
669
710
24
687
670
684
676
689
692
687
702
699
700
45
655
725
722
718
716
708
709
706
691
40
652
713
696
695
691
688
688
685
695
698
698
705
708
705
31
674
726
708
698
695
697
698
691
24
667
712
24
689
695
683
684
678
677
667
681
675
675
678
678
679
24
656
673
669
682
670
679
666
668
668
663
662

