07-09-2022 - 15:10 - Correr
Bernarda Pallahuala
Intervalos entre latido y latido
819
820
43
777
829
851
852
41
812
822
851
863
60
803
849
872
55
817
823
857
843
865
67
798
816
813
835
835
67
769
825
842
58
785
769
812
819
820
35
786
61
725
789
788
799
23
776
766
812
825
844
836
841
840
832
852
95
758
838
846
854
845
61
784
833
840
44
796
849
837
837
872
58
814
866
876
53
824
896
903
75
828
812
841
841
873
897
918
952
963
975
964
73
891
907
916
904
907
906
35
871
895
897
40
857
868
875
24
851
852
865
859
853
43
811
837
845
829
841
41
801
817
825
835
858
48
811
799
815
817
827
829
825
44
781
31
750
818
44
775
802
831
842
840
28
813
887
46
842
832
864
64
800
814
812
821
41
780
818
814
820
824
62
762
786
791
809
815
43
772
807
817
40
778
774
791
800
811
81
731
794
785
41
744
803
819
833
839
73
767
809
822
840
828
33
795
820
832
76
756
816
823
822
37
786
770
809
850
828
43
786
854
871
875
65
811
806
843
856
881
29
852
41
812
876
897
874
894
70
824
814
870
881
898
39
860
56
804
833
870
863
28
835
858
888
903
28
875
875
894
67
828
904
902
902
930
914
896
99
797
845
852
835
71
765
779
801
832
837
848
832
45
787
791
820
816
802
35
768
799
833
857
855
832
47
785
831
855
860
882
29
854
866
27
839
869
875
52
823
848
38
811
818
839
857
852
32
820
828
851
868
864
841
853
834
855
844
843
52
792
806
820
841
54
788
818
838
848
858
849
53
797
820
819
826
831
814
35
780
819
799
22
778
758
787
789
784
819
839
27
813
853
887
898
897
896
30
867
883
901
57
844
878
898
56
842
894
908
92
816
872
877
874
58
816
31
786
801
835
33
803
814
803
838
861
873
25
848
882
54
829
870
31
839
894
76
819
869
869
864
55
810
813
819
799
835
846
43
803
840
852
57
795
834
839
41
799
857
891
873
26
847
869
871
866
39
827
878
886
48
839
879
880
37
843
848
888
872
44
828
898
906
889
907
906
56
851
879
889
874
41
833
875
858
865
857
44
814
856
867
849
831
868
28
841
861
874
38
836
26
811
853
862
878
869
853
841
837
828
26
802
826
828
827
30
798
829
838
29
809
795
838
817
44
773
768
804
805
786
791
811
823
815
832
846
874
853
848
854
843
836
818
834
847
24
824
841
59
783
804
822
844
850
23
827
31
796
816
824
806
25
782
817
836
833
820
46
774
794
778
781
791
777
808
807
797
55
743
793
798
35
764
807
809
805
48
758
811
799
23
777
48
730
765
750
745
726
725
727
724
715
706
721
729
740
743
744
726
713
735
734
743
726
718
751
738
726
709
714
739
34
705
715
738
740
738
27
711
732
749
745
32
713
742
747
29
718
29
690
713
719
706
716
710
708
704
718
742
733
726
751
23
729
722
712
706
691
706
702
694
684
691
709
717
705
715
747
32
715
708
744
745
24
721
748
768
758
739
771
752
735
750
734
721
722
719
738
735
723
767
761
782
776
36
740
781
38
743
767
768
29
739
21
718
758
772
65
707
740
731
727
726
21
705
694
735
740
737
35
703
708
734
735
728
716
750
762
760
753
26
728
768
32
736
752
773
754
29
726
761
770
37
734
755
776
775
39
737
769
773
778
38
740
768
767
30
737
731
754
744
31
713
68
646
732
734
728
739
752
748
21
727
743
759
752
29
724
762
769
28
741
757
758
25
734
756
760
758
739
760
758
745
751
37
715
740
750
25
726
726
758
760
768
31
738
773
801
797
796
57
740
745
762
96
666
754
42
713
705
66
639
667
694
34
660
648
642
42
600
659
24
635
31
605
643
627
623
628
640
652
645
652
672
677
662
32
630
705
42
663
667
673
682
77
606
646
701
87
614
622
705
30
675
683
666
43
624
700
681
671
691
685
62
623
727
31
697
31
666
687
698
696
706
79
627
719
33
687
689
22
668
681
685
75
611
650
681
101
580
615
628
22
606
626
614
662
67
595
654
643
47
597
661
21
641
647
637
633
637
631
643
645
633
641
653
55
598
653
64
589
590
617
33
584
576
593
621
53
568
576
595
29
566
568
570
558
554
558
555
545
545
547
544
539
540
543
545
538
545
547
538
539
545
542
539
539
542
546
540
540
544
551
542
541
543
545
541
539
546
546
180
367
750
1072
551
521
170
352
763
238
526
532
543
553
548
541
547
579
33
546
538
553
553
543
541
555
567
17
550
550
560
569
26
544
546
554
558
549
546
553
556
543
541
545
552
546
541
542
547
551
540
536
544
546
539
536
545
551
16
536
531
539
541
541
536
541
551
17
535
540
555
545
539
550
561
554
590
44
547
548
555
17
539
556
545
539
551
560
17
544
541
551
556
540
541
552
553
19
535
538
548
541
534
543
549
18
532
529
539
542
532
526
534
533
539
532
529
535
540
531
532
194
339
673
127
547
534
533
536
530
525
530
535
530
524
533
541
528
527
538
543
529
530
538
541
536
525
538
542
529
527
536
542
531
525
525
536
540
525
525
534
538
16
523
522
532
535
525
520
527
529
525
519
525
530
526
523
530
526
525
527
530
527
529
529
529
534
531
525
537
540
532
525
265
260
11
250
518
524
534
543
541
539
557
565
571
569
576
35
541
566
561
552
576
576
21
555
548
569
581
586
574
592
595
583
589
33
557
556
559
569
582
18
564
562
592
600
597
25
572
585
600
21
579
577
599
601
601
610
615
40
575
614
618
27
591
582
619
613
625
631
45
586
616
631
627
31
597
605
622
606
598
614
632
23
610
612
638
624
21
603
640
654
644
26
618
621
669
670
675
681
701
61
640
624
645
666
30
637
645
669
658
40
618
662
656
643
664
683
689
24
665
650
677
672
23
649
690
675
23
653
680
691
39
652
668
677
687
673
662
680
710
39
671
684
718
714
719
58
661
666
671
691
715
742
33
710
731
755
760
33
728
758
805
793
40
754
768
806
30
777
42
735
755
785
54
731
718
746
40
706
745
755
759
51
708
21
688
722
715
705
692
721
35
687
694
730
722
25
697
730
751
32
720
714
754
754
42
712
719
761
22
740
22
718
733
762
22
741
24
717
781
782
768
57
712
763
745
39
707
746
774
42
732
730
781
811
23
789
29
760
26
735
748
791
776
44
732
758
809
41
768
40
729
736
763
28
735
718
772
791
78
714
768
799
103
697
771
756
41
716
753
776
757
740
762
826
85
742
742
800
822
806
50
757
780
807
67
740
22
719
765
778
68
710
748
750
25
726
736
739
748
45
703
740
773
71
702
713
793
52
742
785
791
793
75
719
804
25
780
53
727
764
26
738
781
56
725
711
756
775
39
737
746
752
46
707
773
756
756
39
718
710
760
25
735
25
711
25
687
729
717
32
685
691
743
731
31
700
747
753
23
731
25
707
752
747
44
703
728
754
752
42
711
719
758
756
24
732
38
695
771
766
72
694
751
747
737
34
703
768
754
33
721
742
735
724
750
737
732
766
771
750
757
788
36
752
755
779
26
753
741
757
765
23
743
735
746
737
728
737
736
51
686
734
729
45
684
681
739
734
717
714
747
752
22
731
745
767
32
736
743
772
34
739
45
694
735
733
740
735
748
761
30
731
51
681
765
24
742
58
684
758
743
28
715
721
745
731
36
696
755
747
22
725
725
756
26
731
727
762
768
31
737
744
772
24
748
733
758
769
40
730
740
761
21
740
728
744
745
731
734
758
24
735
723
750
755
26
730
745
776
26
751
737
765
749
47
702
755
751
28
724
724
755
747
729
746
759
29
731
738
747
26
721
734
742
44
698
680
736
33
703
708
43
666
655
681
708
63
645
695
699
684
32
653
710
702
691
50
642
716
705
29
676
28
649
702
690
46
644
662
706
692
55
637
660
695
678
28
651
686
44
643
689
676
29
648
635
643
705
688
689
687
50
638
640
701
20
681
690
682
62
621
714
26
689
681
692
66
626
648
651
714
24
691
697
61
637
643
655
666
726
24
703
706
711
66
646
724
708
712
715
715
700
723
724
81
644
698
682
29
653
723
29
694
701
705
54
651
714
709
712
716
67
650
722
709
693
702
706
708
692
689
705
698
46
653
669
686
722
70
653
705
703
710
717
726
734
735
735
54
682
718
708
713
712
714
720
27
693
717
67
651
732
717
718
722
62
661
745
729
737
29
709
703
727
733
719
715
51
665
728
710
692
37
655
722
708
716
707
702
717
61
657
659
748
41
707
691
690
696
711
698
695
724
730
726
46
680
745
733
733
25
708
719
732
731
24
708
715
734
733
713
720
745
739
22
717
750
746
65
681
739
742
728
715
739
746
34
712
705
727
725
23
703
711
724
706
703
724
738
23
716
729
752
733
713
708
724
725
728
728
718
725
29
697
708
708
708
709
64
646
711
23
689
689
698
50
648
704
691
691
697
60
637
720
21
699
61
639
724
23
702
693
691
719
717
62
655
740
21
719
716
50
666
751
740
741
23
718
727
744
745
750
730
720
58
663
726
718
725
736
743
734
63
671
731
58
674
729
33
697
709
715
736
746
746
743
22
721
722
708
22
687
701
698
693
61
632
683
702
690
691
695
692
42
650
714
716
733
41
693
716
729
736
738
744
38
706
728
727
31
696
723
708
64
644
673
716
704
688
696
719
728
37
692
704
714
697
46
651
717
709
701
692
708
712
698
720
734
733
717
712
736
739
739
742
21
721
710
703
710
697
697
711
703
709
718
727
737
39
698
717
707
725
733
714
700
716
727
717
21
697
704
730
729
28
701
711
720
720
704
690
718
734
738
720
720
738
738
743
69
674
718
713
22
692
717
723
725
735
732
30
703
708
721
720
722
61
662
729
710
719
728
718
718
743
762
25
738
772
779
782
766
755
784
787
767
753
786
781
770
26
744
781
772
759
40
720
743
744
34
710
708
729
727
716
717
731
21
711
703
726
728
31
698
724
709
723
730
726
725
708
53
656
738
37
701
28
674
694
696
701
688
49
640
708
25
683
55
629
716
699
697
689
689
705
720
716
28
689
687
703
710
712
715
39
676
702
706
705
700
702
702
79
623
704
25
679
669
672
671
41
631
708
42
666
677
689
696
681
683
705
28
677
698
704
709
711
721
87
635
719
22
698
700
705
689
676
679
663
680
683
680
57
623
698
679
686
671
693
704
708
692
694
709
722
734
722
705
735
743
726
721
739
744
729
715
743
754
760
33
728
724
748
730
23
708
724
731
712
695
701
718
723
731
725
707
694
713
30
684
708
716
719
720
38
683
704
711
715
722
20
703
714
20
695
708
716
717
721
32
690
711
713
702
54
648
725
39
687
709
716
723
719
714
713
695
703
707
714
716
713
717
721
81
640
733
715
720
725
719
712
711
708
708
737
740
746
756
31
725
730
729
738
747
752
45
708
727
735
41
694
714
698
689
674
687
697
684
669
705
719
701
722
741
739
36
703
734
730
722
710
712
726
713
719
713
21
693
701
723
708
700
715
698
707
737
717
731
745
757
758
742
741
733
26
707
702
708
726
27
700
697
714
723
724
22
702
716
738
736
30
706
739
31
708
735
720
703
728
746
750
22
728
747
756
39
718
714
743
742
25
717
730
721
717
25
693
686
697
21
676
671
680
679
675
697
705
711
720
727
731
31
700
711
737
735
738
729
732
720
80
641
725
22
704
712
712
701
723
746
756
762
37
726
753
753
749
740
28
712
726
711
715
737
732
721
738
751
755
735
757
772
777
40
737
762
775
766
769
34
736
725
727
726
724
728
26
702
704
721
729
726
756
773
776
790
798
798
38
760
791
794
32
763
776
772
36
737
23
714
700
729
729
725
731
712
743
748
743
41
702
731
729
731
731
721
717
704
708
706
706
24
682
704
701
62
639
631
707
693
680
674
39
636
714
699
712
712
704
700
710
695
710
736
738
724
739
731
737
753
760
37
724
727
754
752
758
759
33
727
743
758
756
747
25
722
734
726
729
745
754
756
743
81
662
760
24
737
728
725
719
79
641
736
43
693
694
50
645
718
708
720
724
738
21
717
710
730
735
730
64
666
734
723
726
750
758
759
767
776
762
30
732
739
759
740
764
773
44
729
743
771
754
765
771
35
736
735
755
757
743
24
720
745
762
37
726
751
759
768
763
756
42
715
743
745
738
728
732
716
707
708
727
710
732
731
727
732
744
735
743
733
723
720
709
738
745
741
745
752
33
720
741
742
738
37
701
722
728
729
25
704
736
741
29
712
737
743
746
732
72
661
747
30
717
709
723
752
764
770
767
773
776
764
35
729
751
759
747
769
791
787
778
792
773
792
781
25
756
749
735
739
774
781
51
730
740
735
743
760
761
771
757
33
724
733
755
757
763
748
763
45
718
735
741
735
728
716
712
60
653
718
712
720
732
739
750
55
695
731
742
40
703
732
24
708
724
712
700
735
736
735
28
708
722
741
746
21
725
719
736
728
726
748
754
29
725
731
752
763
757
749
776
25
751
790
813
31
783
787
806
791
40
752
766
767
752
24
729
759
766
765
35
730
730
748
748
28
720
717
728
708
729
734
734
32
702
714
724
723
709
21
689
709
710
721
707
704
730
733
32
702
726
743
750
752
771
767
759
751
736
755
768
775
774
39
736
716
713
743
752
758
29
730
22
708
736
718
20
699
728
734
731
741
723
724
751
36
716
728
736
781
791
832
833
811
797
45
752
798
821
808
818
802
56
747
780
778
781
36
745
772
23
750
40
711
734
744
745
746
761
36
726
748
739
759
764
748
742
769
801
801
784
793
775
33
742
760
757
761
767
47
720
723
733
746
746
760
757
762
760
746
736
753
747
743
736
721
723
734
746
740
29
711
746
742
761
771
755
768
770
778
49
730
750
750
749
30
719
39
681
690
705
706
691
711
733
740
739
720
758
742
733
748
29
719
749
21
728
742
749
742
738
750
759
38
722
750
768
776
765
24
741
733
750
770
770
756
778
799
790
34
756
780
783
36
747
767
771
778
31
748
761
785
36
750
746
775
764
758
780
781
44
737
754
761
764
773
756
749
765
752
23
730
749
752
749
738
720
723
732
750
756
765
47
718
724
719
749
748
750
747
38
710
720
737
750
31
720
727
749
763
762
32
731
758
29
729
760
765
770
780
762
754
782
794
793
802
51
751
750
765
764
763
759
761
760
80
680
677
752
26
727
732
756
737
738
754
770
778
770
762
797
786
804
30
775
759
788
778
39
739
763
780
774
754
775
770
760
29
731
749
740
728
744
768
783
783
36
747
764
22
743
762
750
761
782
780
764
795
809
800
791
809
24
786
798
793
37
757
754
783
787
774
772
29
744
21
723
756
765
769
768
773
763
48
715
720
735
736
720
728
725
759
760
783
782
776
779
759
765
32
733
750
754
757
756
30
727
752
764
769
24
746
765
784
31
753
778
787
26
761
783
772
772
41
732
723
735
721
726
747
754
758
21
738
770
780
788
29
759
33
727
762
770
769
39
730
741
736
739
751
758
771
34
738
732
745
783
783
776
788
36
752
750
757
752
26
727
740
37
703
725
25
701
713
725
725
750
745
755
780
781
781
49
733
770
761
752
747
21
726
27
700
706
732
27
706
688
716
710
709
708
706
693
695
702
25
677
676
681
680
677
688
712
716
727
721
24
698
688
714
726
723
718
729
732
725
32
694
688
686
678
686
687
677
701
721
708
701
704
688
673
663
684
680
680
667
667
684
688
690
20
670
672
679
687
680
753
61
693
691
695
695
685
671
703
691
686
689
687
684
679
680
28
652
654
667
668
675
672
676
676
684
688
689
699
696
707
702
731
738
28
710
22
689
715
708
690
691
701
709
713
727
732
721
730
738
725
708
725
724
714
708
709
699
698
702
684
677
673
660
670
675
683
685
702
707
713
729
22
707
729
727
707
725
724
730
721
20
702
718
723
720
729
32
698
709
710
692
709
22
688
703
720
22
698
733
745
27
718
732
746
764
768
757
744
760
766
764
745
730
738
739
28
712
720
728
737
745
749
79
670
726
24
703
719
722
723
727
710
700
707
719
23
697
698
723
717
734
743
748
31
717
708
734
730
739
30
710
729
29
700
696
707
695
690
701
704
704
707
696
712
731
715
714
738
742
746
31
716
723
737
748
742
34
708
735
741
751
734
750
24
726
758
38
721
715
742
762
35
728
758
750
731
718
707
713
721
735
22
714
731
766
21
745
771
764
760
28
732
40
693
750
758
763
29
735
754
758
42
717
709
709
729
718
701
736
747
736
735
740
78
662
731
732
735
32
703
52
652
740
21
719
722
712
702
56
647
719
708
722
731
720
22
699
723
724
752
756
36
721
764
768
752
750
770
774
774
48
726
735
741
745
743
24
719
714
731
713
714
741
758
768
24
745
22
723
717
744
750
756
757
761
745
78
667
756
741
28
713
731
750
28
722
743
750
758
749
25
724
750
25
726
735
765
757
749
781
786
780
776
793
787
777
34
743
759
755
744
738
745
751
750
750
747
752
733
31
703
710
734
716
704
738
744
768
791
27
765
786
791
788
772
756
49
708
706
718
710
51
660
715
724
730
711
722
744
733
743
748
762
766
47
720
709
735
726
23
703
705
731
722
732
21
712
722
26
696
693
727
737
740
37
703
727
721
733
45
689
693
700
688
680
688
679
693
690
685
698
702
684
50
634
710
705
687
51
637
716
708
693
692
716
732
24
708
741
747
732
782
26
756
759
784
768
762
769
763
775
796
781
791
208
583
914
222
692
721
23
699
27
672
687
699
28
671
665
654
48
606
631
669
65
605
622
673
22
652
649
665
670
61
610
695
22
673
664
661
651
666
665
63
602
686
88
598
637
20
618
675
86
590
670
83
587
664
27
637
643
630
632
632
627
44
584
607
653
33
621
36
585
592
654
28
626
47
580
658
25
633
44
590
599
3999
3999
3999
3999
3999
3999
3999
3999
3999
3999
3999
3999
3999
3999
3999
3999
3999
3999
3999
3999
3999
3999
3999
3999
3999
3999
3999
3999
3999
3999
3999
3999
3999
3999
3999
3999
3999
3999
3999
3999
3999
3999
3999
3999
3999
3999
3999
3999
3999
3999
3999
3999
3999
3999
3999
3999
3999
3999
3999
3999
3999
3999
3999
3999
3999
3999
3999
3999
3999
3999
3999
3999
3999
3999
3999
3999
3999
3999
3999
3999
3999
3999
2592
787
788
828
28
800
793
830
833
820
837
850
23
828
844
866
44
822
844
883
30
854
846
856
40
816
799
811
31
780
764
796
789
26
763
775
787
26
761
779
791
799
30
770
772
762
748
776
772
762
792
803
787
818
829
48
781
799
806
822
805
27
779
808
809
790
813
824
817
805
845
841
826
832
845
39
807
812
831
46
785
28
757
759
746
37
709
747
39
708
707
701
35
666
686
670
678
673
346
328
333
590
682
688
196
493
831
172
659
61
598
110
489
833
200
634
307
328
66
262
601
660
388
272
322
584
708
126
583
603
330
274
320
650
66
585
591
652
71
582
654
24
630
44
587
592
612
300
312
40
272
642
64
579
638
19
619
52
567
649
286
363
96
268
620
620
40
580
593
610
600
612
655
1166
561
606
24
582
594
594
22
573
592
583
596
22
574
574
23
552
539
549
560
549
548
612
53
560
548
556
560
552
556
554
553
563
555
551
548
554
553
549
555
553
551
556
556
252
304
53
252
558
555
562
565
552
554
578
35
543
546
606
76
530
601
23
579
566
571
580
566
57
509
609
32
577
568
560
566
49
518
528
589
38
552
47
505
584
33
552
54
499
583
29
554
547
552
561
557
559
547
554
550
551
552
549
549
551
551
540
568
562
555
548
18
531
548
586
51
536
534
601
31
571
47
524
597
23
574
565
565
578
575
46
529
606
26
581
584
588
50
538
551
565
617
79
538
608
593
586
39
548
624
610
600
601
613
610
623
629
625
56
570
661
32
629
59
571
649
22
627
628
621
618
627
638
71
568
646
635
638
632
64
569
603
674
89
585
653
636
642
650
657
642
58
584
624
682
89
594
619
688
34
654
49
605
686
668
655
658
670
667
666
668
685
667
41
627
707
30
677
44
634
708
698
680
690
714
20
695
701
722
29
694
694
716
710
697
708
712
695
711
739
33
706
698
723
717
22
696
707
729
24
705
711
734
736
23
713
730
753
36
718
719
754
28
727
724
760
43
718
738
760
760
86
675
751
36
716
61
656
736
88
648
714
71
644
722
714
713
59
654
689
750
740
70
670
749
750
24
727
58
670
771
26
745
76
669
769
756
41
716
742
767
32
735
750
763
26
737
767
773
24
750
775
776
757
789
782
38
744
768
763
28
736
764
748
745
759
748
744
766
26
740
753
770
765
746
777
767
28
740
759
744
729
756
737
727
747
765
749
751
766
747
750
772
26
747
743
766
31
736
749
774
28
746
749
764
744
756
740
729
745
21
724
748
743
733
22
711
727
715
716
723
725
732
23
710
706
696
708
710
718
720
721
724
725
20
705
22
684
704
21
683
708
712
713
711
720
743
725
719
741
746
747
744
743
724
724
728
709
703
726
729
710
745
727
722
741
737
749
747
750
742
31
711
700
720
20
701
689
716
725
25
701
721
727
710
712
733
26
708
718
729
741
739
744
725
750
759
764
772
760
27
734
742
752
754
756
22
735
731
760
25
735
743
755
763
760
767
35
733
723
754
25
730
726
764
772
769
28
741
756
759
761
742
729
748
752
750
751
24
728
711
735
747
750
754
736
726
758
757
742
775
783
765
749
771
31
741
26
715
719
734
756
767
769
36
734
737
779
779
49
730
763
768
37
732
768
753
736
765
31
735
764
772
783
31
752
24
729
758
740
728
758
772
776
765
29
736
771
779
759
801
792
32
761
797
802
28
774
806
805
38
768
801
805
785
26
759
782
789
770
760
785
779
31
748
743
759
775
778
767
762
43
720
705
723
726
724
733
733
27
706
737
739
751
22
730
22
708
748
746
28
718
729
733
744
755
28
728
742
772
763
750
791
786
34
752
780
795
789
24
765
790
794
798
31
768
749
781
779
788
791
35
756
751
789
788
796
806
807
27
781
806
31
776
806
35
772
785
791
42
749
736
748
768
29
739
751
760
762
777
787
766
787
786
799
780
22
758
774
767
758
758
751
733
745
22
723
708
727
707
725
726
735
748
763
26
738
731
751
750
741
756
752
771
783
791
27
764
787
776
761
769
778
788
23
765
750
770
784
767
763
767
778
785
769
791
792
776
795
791
774
782
791
778
781
780
774
24
750
765
774
765
748
766
757
750
763
772
769
756
763
769
771
24
747
750
764
750
744
765
770
775
29
747
747
771
763
750
761
750
748
763
771
773
770
25
746
25
721
725
750
753
762
755
746
764
759
44
716
755
765
747
732
735
750
750
747
741
778
784
782
763
787
803
791
32
760
783
789
789
786
772
32
740
757
756
747
728
739
744
27
717
730
741
744
746
746
21
725
719
743
737
729
743
748
778
765
759
784
767
764
782
26
756
780
772
751
745
754
740
737
764
22
743
751
764
758
24
735
735
755
741
742
760
755
739
756
758
761
753
35
719
722
736
721
715
739
750
732
750
764
776
773
37
737
750
757
764
37
727
745
753
755
25
731
729
747
747
745
22
723
729
743
747
750
732
743
26
717
718
738
741
731
754
765
771
773
30
744
736
759
764
763
759
25
735
737
762
749
749
778
770
786
795
781
763
783
785
777
779
762
46
717
710
724
731
713
697
731
736
719
728
750
758
762
763
35
729
749
751
761
754
752
25
728
724
725
730
23
707
701
723
724
721
749
750
741
759
765
760
746
42
704
717
711
694
722
706
697
724
740
745
732
713
721
737
755
756
739
719
739
749
750
746
728
722
744
736
722
730
744
742
744
751
738
730
754
751
743
730
756
754
25
730
760
766
750
21
730
763
755
739
780
769
749
786
778
760
751
778
772
24
748
765
32
734
719
727
719
704
733
727
731
736
740
731
24
708
701
717
702
717
733
735
718
715
741
724
743
760
756
736
21
716
738
755
739
726
752
763
750
754
768
750
762
764
755
767
39
728
749
742
744
744
34
710
704
730
735
735
726
712
733
734
715
700
695
699
719
726
713
715
754
740
757
773
759
762
800
34
767
748
776
774
36
738
21
718
734
721
738
742
754
739
21
718
737
738
747
749
737
736
726
732
744
742
742
750
745
732
734
753
748
750
749
769
786
788
773
761
781
786
29
757
767
783
772
757
746
767
773
775
27
748
740
765
23
743
747
759
763
755
736
721
745
41
705
698
726
732
727
723
721
730
21
709
692
716
712
701
697
719
726
723
23
701
740
746
755
26
730
760
775
784
783
31
752
782
797
789
47
742
741
770
780
782
782
30
753
764
795
801
795
776
797
818
813
809
33
776
809
817
29
789
772
786
790
779
768
771
29
743
753
753
38
716
705
732
22
710
726
736
744
741
741
766
774
758
780
794
777
23
755
784
785
36
749
761
769
771
24
748
769
777
770
749
782
761
26
736
765
753
22
732
28
704
691
729
723
713
704
712
733
752
751
737
770
771
773
23
751
780
790
37
753
774
769
763
23
741
766
759
747
780
771
755
787
782
764
794
791
790
780
802
792
25
768
781
791
791
773
770
796
802
30
773
768
778
784
768
773
784
763
21
743
759
755
751
24
728
22
707
718
703
693
715
730
723
714
735
755
758
775
784
767
759
773
770
762
751
772
758
752
781
22
759
764
787
42
745
776
767
21
746
763
744
30
714
714
754
759
745
737
770
768
756
770
773
27
747
766
791
778
759
782
791
23
769
754
777
768
24
744
765
768
750
733
741
752
751
742
733
750
737
739
751
768
755
775
779
775
796
811
24
788
813
810
28
783
790
815
45
771
790
782
32
750
28
723
751
764
747
737
755
778
767
759
799
788
768
804
804
29
775
807
793
781
761
785
787
24
764
750
776
766
36
730
25
706
722
740
743
726
734
758
768
23
746
763
792
793
30
764
767
795
785
764
796
795
31
765
769
789
790
28
762
780
791
35
756
771
28
744
742
727
717
757
763
29
735
726
747
751
24
728
25
704
714
731
736
721
726
759
756
737
767
778
28
750
780
792
793
29
764
798
23
776
32
744
741
744
771
774
775
32
743
777
23
755
745
768
748
33
715
731
758
754
737
759
777
781
27
754
751
776
772
22
750
768
788
28
760
754
792
780
764
34
731
746
728
750
25
726
22
704
735
750
755
33
722
716
747
766
772
793
789
779
53
726
740
720
22
699
716
728
732
745
47
698
708
726
732
741
21
720
708
733
23
710
702
695
708
720
732
736
716
735
742
742
32
710
734
730
31
700
693
699
692
700
699
27
672
696
699
687
711
732
728
743
769
753
773
793
798
791
25
766
785
787
33
755
786
788
790
773
776
782
788
782
772
23
750
766
761
748
734
746
752
753
755
27
729
713
736
735
734
716
729
733
738
732
745
752
757
744
733
752
746
25
721
740
747
753
750
758
770
767
774
781
782
766
747
760
751
751
758
774
777
773
762
784
783
781
773
788
782
782
789
782
766
787
795
28
767
773
799
806
26
781
765
791
784
767
780
785
776
770
791
787
778
793
794
779
793
791
777
760
765
777
787
34
754
756
769
764
769
30
740
739
750
746
739
735
746
763
763
751
740
770
770
758
766
787
775
778
771
773
779
788
767
757
770
769
763
754
742
757
758
773
782
22
760
752
770
777
774
775
760
774
783
785
790
792
37
756
27
729
747
729
721
748
753
761
752
743
751
747
734
735
751
749
739
34
705
743
739
725
723
749
762
742
735
752
752
750
757
747
768
761
744
762
759
768
765
763
778
791
773
783
789
778
766
785
765
760
796
27
770
755
785
783
791
773
776
760
787
793
37
757
751
766
769
758
768
773
765
766
35
732
720
736
723
726
28
699
713
716
725
708
731
741
739
753
751
757
744
758
747
730
751
754
759
25
735
718
711
730
718
738
724
735
729
741
23
718
724
733
719
710
717
724
22
703
702
702
691
722
730
727
725
756
745
749
777
767
758
766
755
778
776
756
750
767
24
744
767
760
746
28
719
749
748
22
726
719
745
752
734
747
751
763
754
28
727
748
728
720
711
745
761
744
730
752
770
769
34
736
734
731
727
708
699
722
33
689
681
692
706
21
685
687
711
693
679
716
713
697
706
722
706
707
727
737
26
711
709
735
741
29
712
732
750
22
729
713
746
746
24
722
724
747
740
26
714
733
736
727
715
754
771
765
756
792
794
791
37
755
781
794
782
27
755
781
785
42
743
37
707
703
747
756
765
763
767
782
35
747
770
771
788
799
809
791
833
830
47
783
790
825
827
806
801
42
759
21
739
774
768
751
29
723
743
737
723
747
744
736
746
764
759
747
735
740
724
719
712
709
702
24
678
671
666
665
656
658
650
653
656
19
637
650
641
640
82
558
729
133
596
606
673
26
647
650
656
656
642
650
647
641
641
638
634
642
643
641
641
634
632
56
577
686
52
634
633
629
625
624
634
623
613
626
614
605
621
620
606
623
624
611
619
625
617
619
626
631
625
616
633
635
636
631
642
649
654
652
661
670
662
655
666
400
267
378
640
653
646
645
656
650
654
658
96
562
755
95
661
662
649
654
662
658
653
661
668
658
655
658
664
656
653
664
663
648
665
666
32
635
649
646
628
641
637
622
630
641
633
632
647
651
642
643
651
25
626
640
627
620
624
617
623
621
614
614
51
564
632
27
606
606
620
624
616
617
618
611
618
626
629
629
630
637
636
635
635
637
631
628
630
628
630
626
633
634
638
640
652
645
647
638
642
642
640
632
638
638
636
640
640
636
640
640
640
655
660
660
670
674
679
676
672
666
658
666
676
662
659
665
684
675
670
680
688
683
682
696
695
687
693
680
669
688
683
27
656
666
650
640
659
657
646
662
665
655
671
660
649
655
674
666
662
679
679
20
660
690
691
673
690
708
701
689
706
733
730
728
747
768
751
736
756
780
26
754
748
765
782
24
758
748
765
774
22
753
755
774
765
22
744
763
774
772
762
768
791
774
758
764
791
782
27
755
758
781
777
23
754
756
769
789
24
765
757
767
767
23
745
750
735
720
733
23
710
705
726
31
696
693
683
679
679
670
662
660
659
661
661
657
656
651
643
648
640
635
633
632
625
625
37
588
596
638
61
577
583
645
35
611
606
606
622
628
624
630
649
656
662
662
689
678
668
682
693
694
678
689
689
689
684
703
702
691
687
704
698
692
693
721
708
702
714
709
699
714
708
695
687
686
676
662
1156
392
764
151
614
671
88
584
606
676
47
629
625
624
626
615
618
619
618
614
611
615
613
614
618
618
616
624
625
624
628
629
56
574
643
28
615
48
568
636
23
614
49
565
585
594
18
577
631
25
607
603
605
604
606
610
609
607
614
610
611
624
626
626
638
637
639
639
635
630
634
635
62
574
582
601
37
565
577
635
95
541
558
633
33
601
586
585
598
51
548
553
628
34
595
596
595
601
601
47
554
635
623
623
616
640
639
638
635
57
579
646
637
634
620
625
640
632
625
640
644
653
650
635
640
653
663
667
24
644
655
679
685
670
680
681
699
693
686
685
675
703
714
712
40
672
679
703
22
681
703
708
696
703
23
680
688
696
708
709
21
689
678
687
711
723
30
694
731
742
729
720
758
765
25
741
745
770
766
30
737
755
780
786
26
761
756
792
795
24
772
764
780
775
757
754
756
23
734
745
743
40
703
66
637
750
34
717
708
716
717
720
716
724
712
737
717
702
697
700
75
625
628
657
691
94
597
688
27
661
650
667
670
701
718
715
725
752
757
748
770
776
762
758
785
773
766
770
785
27
758
760
792
778
791
796
34
763
761
777
760
765
791
783
787
808
798
23
776
795
791
24
767
755
752
733
750
743
746
751
743
751
758
739
753
778
761
760
792
791
27
764
781
783
22
761
782
767
777
792
28
765
774
790
23
767
767
795
22
774
776
27
750
34
716
714
717
73
645
713
24
689
700
689
97
593
772
57
716
708
714
749
749
738
775
789
778
782
803
34
769
783
781
54
727
743
770
768
35
733
750
770
33
737
731
755
750
26
724
759
770
26
745
741
774
781
34
748
791
796
32
764
772
803
801
31
771
804
803
31
773
782
787
776
756
781
784
784
765
803
801
34
768
810
33
778
52
726
726
775
787
789
811
821
41
781
848
850
29
822
806
834
835
819
800
853
835
47
789
807
819
29
790
25
765
804
790
32
758
794
809
795
49
747
757
778
794
786
28
758
765
779
758
768
766
43
724
744
754
755
762
23
740
755
778
780
47
734
748
770
757
738
764
773
776
28
748
747
749
758
767
63
705
754
21
734
720
25
696
700
706
22
684
695
707
689
680
685
683
676
672
665
652
678
682
689
688
701
735
746
750
750
737
727
745
739
35
705
703
719
739
741
721
728
748
748
739
724
733
726
27
699
712
716
710
707
702
718
728
718
712
730
737
723
726
745
738
35
703
728
741
28
713
718
725
725
733
726
737
747
740
733
734
753
764
23
742
766
769
771
30
742
748
24
724
739
751
22
730
720
743
746
726
710
728
742
25
717
731
740
731
730
755
766
746
749
769
767
766
30
737
725
716
735
745
738
23
716
728
732
720
707
734
754
748
21
727
760
41
720
704
736
732
742
45
697
716
734
727
712
709
738
729
34
696
712
731
33
699
710
738
745
732
746
767
32
735
734
769
364
405
67
339
717
745
762
22
741
739
733
724
744
736
738
765
756
755
760
767
753
743
754
765
36
730
749
758
744
742
739
22
717
752
757
25
733
759
775
768
21
747
757
784
779
763
813
793
832
825
38
787
810
831
850
47
804
833
849
41
808
803
793
28
766
792
793
25
769
797
825
812
821
830
822
23
799
830
41
789
785
811
827
826
55
771
751
810
830
25
805
809
23
786
805
35
771
779
783
22
761
743
747
778
784
781
771
793
816
799
812
806
156
650
991
182
809
23
787
825
34
791
807
819
831
32
799
796
804
812
58
755
786
782
787
793
39
755
758
771
776
780
779
49
730
741
749
746
750
746
21
725
727
760
769
774
778
28
750
766
774
782
23
759
26
734
736
760
770
768
765
758
24
735
759
22
738
31
707
708
738
746
752
756
21
736
764
768
755
749
766
775
27
748
768
784
776
784
763
772
776
786
786
775
781
785
772
805
800
29
772
800
802
801
818
28
791
781
811
32
780
799
810
818
24
795
23
772
783
798
808
22
787
777
759
762
744
758
757
756
759
758
22
737
736
744
740
759
771
30
742
767
790
30
760
790
794
36
759
741
776
27
750
764
784
23
762
785
788
804
29
776
784
765
773
785
792
784
763
771
778
785
768
772
32
741
757
756
762
764
747
753
761
750
735
715
716
731
25
706
708
716
727
736
749
756
763
752
734
746
748
21
727
741
764
774
787
786
785
32
753
42
712
738
747
741
746
759
757
24
734
767
774
753
787
803
799
808
808
796
39
758
804
26
778
37
742
737
731
726
726
728
712
719
732
730
760
766
763
762
827
834
814
801
833
837
37
801
781
829
827
820
23
797
841
845
849
850
829
23
806
791
817
800
791
810
811
808
39
769
791
775
773
776
771
29
743
23
720
737
751
760
750
745
766
775
27
749
765
763
769
23
746
759
746
748
761
763
768
774
36
739
749
735
743
726
762
777
797
25
773
755
777
791
788
787
769
44
725
761
755
740
38
702
726
727
726
737
737
38
699
725
725
733
739
741
34
708
715
730
736
720
729
738
37
702
723
731
735
737
755
758
764
748
759
800
794
788
829
835
819
27
793
849
846
846
839
835
813
832
825
48
777
836
833
817
818
846
852
840
865
849
828
842
845
833
38
796
804
829
833
819
812
827
825
828
829
26
803
824
830
826
828
827
23
804
811
839
820
809
37
773
811
826
814
813
23
790
806
812
803
27
777
773
783
782
773
764
780
29
752
760
741
22
719
735
474
262
272
840
155
686
691
684
686
20
667
662
669
673
673
669
680
665
680
665
663
658
657
662
649
642
659
644
632
650
640
632
644
627
623
628
621
616
625
617
606
616
605
599
61
539
665
74
591
593
602
594
590
597
591
588
593
589
588
598
589
592
595
596
588
588
596
588
586
586
583
580
583
574
575
581
579
569
579
576
570
570
579
574
567
579
579
571
573
240
334
815
243
572
576
574
569
574
577
568
568
575
564
564
570
569
560
562
567
555
554
562
556
550
559
555
550
551
552
548
544
551
551
545
545
548
545
541
545
544
541
544
546
541
541
549
547
543
550
547
545
548
550
551
544
545
549
544
541
545
544
541
540
541
543
537
539
544
542
541
543
541
541
539
544
133
412
661
112
550
545
547
545
549
549
543
549
551
543
548
546
540
544
547
539
543
541
534
539
538
532
534
533
535
529
536
148
388
666
125
542
535
537
533
535
537
529
533
533
526
530
530
531
526
533
536
534
541
542
541
531
537
537
528
536
532
531
527
533
529
528
532
528
527
530
524
529
531
529
522
527
531
526
525
529
529
524
521
520
102
418
614
91
523
527
534
530
536
538
539
530
42
488
570
32
539
42
497
566
20
546
544
541
551
552
548
551
557
567
560
560
567
565
562
557
559
569
572
568
575
587
578
579
592
600
584
589
595
603
598
601
603
615
613
617
609
601
617
621
625
627
62
566
647
35
613
620
616
610
61
550
640
34
607
621
61
561
569
593
652
87
566
644
22
622
626
634
68
567
657
23
634
633
634
61
574
640
625
52
574
608
667
34
634
632
70
563
588
606
605
20
585
587
684
40
645
653
74
580
598
624
692
42
651
65
586
687
29
659
69
590
628
694
27
668
55
614
634
698
40
658
676
679
682
664
50
614
698
31
667
50
618
631
638
700
35
666
47
620
699
686
684
697
41
656
722
35
687
54
634
678
748
26
722
70
653
737
23
715
709
75
635
721
706
65
641
655
708
20
689
52
637
708
25
684
687
702
704
710
20
691
54
637
679
727
31
696
700
682
696
52
645
650
658
708
28
681
678
55
623
643
711
26
686
688
65
624
697
70
627
625
701
26
675
58
618
694
686
686
48
638
732
25
708
695
698
723
732
726
723
731
747
747
737
731
733
750
23
728
743
739
754
750
741
771
771
767
750
768
774
26
749
729
744
725
60
666
758
30
729
737
82
655
740
726
722
706
31
675
755
34
722
703
720
733
737
26
711
209
503
914
172
742
725
63
663
750
31
720
717
730
737
730
21
709
708
727
735
729
714
722
743
29
714
709
744
762
750
756
799
25
775
757
794
795
29
767
795
800
25
776
790
813
23
791
771
811
805
26
780
784
811
798
781
809
789
32
757
778
778
39
740
731
740
30
711
731
730
726
22
705
694
725
723
705
702
710
726
726
735
740
29
711
719
711
713
714
709
693
705
688
682
692
678
675
688
687
687
686
693
696
696
705
712
719
730
733
757
737
756
759
761
37
725
743
753
744
732
734
728
730
734
30
704
729
728
713
699
701
722
729
736
27
709
702
715
724
25
699
722
731
736
745
751
39
713
703
712
729
711
728
739
747
749
38
711
741
747
744
30
715
708
730
728
714
729
738
723
724
747
737
732
757
759
22
738
755
747
735
28
707
712
734
728
711
720
744
757
22
736
742
766
789
36
753
788
794
33
762
795
798
37
762
795
798
31
768
790
790
37
753
785
781
767
763
790
788
767
798
804
22
783
777
805
800
26
775
801
808
39
770
779
784
767
762
785
31
754
765
780
33
747
770
801
791
26
766
798
797
24
773
805
817
30
787
796
819
805
35
771
790
773
39
735
768
780
27
753
773
800
22
779
785
809
799
25
775
806
811
29
783
783
813
802
30
773
805
807
32
776
785
800
22
779
769
793
24
770
764
770
752
750
746
728
741
765
753
746
781
787
766
790
803
789
778
798
799
30
770
763
790
783
27
756
774
791
773
773
795
795
22
774
779
792
27
766
752
761
757
32
726

