02-09-2022 - 9:32 - Correr
Maria Edith Almonacid
Intervalos entre latido y latido
882
896
891
884
904
916
895
916
920
32
889
902
913
900
922
924
907
921
915
912
924
918
898
908
915
895
925
925
916
938
937
919
928
911
897
904
894
889
897
893
899
916
917
908
937
947
925
934
957
933
922
944
937
925
938
920
916
945
942
934
966
956
939
945
958
28
930
947
932
927
942
926
929
932
919
910
915
904
893
897
885
876
896
902
888
904
905
886
896
894
871
882
873
856
859
875
24
852
868
874
863
877
885
870
875
886
873
872
878
875
874
892
879
877
888
875
866
882
872
875
884
875
866
875
864
868
868
860
860
877
881
872
883
875
859
874
867
857
873
879
876
875
888
887
867
874
872
855
863
877
870
868
888
886
871
889
901
883
900
901
892
888
893
893
875
893
896
884
892
912
906
896
914
918
904
918
902
898
913
894
886
901
884
901
919
26
894
902
907
895
899
892
896
905
900
900
927
924
914
932
927
928
939
932
913
933
937
924
952
935
926
932
25
908
897
897
897
893
910
892
906
900
880
890
893
889
901
899
884
892
903
900
25
876
875
868
869
875
868
878
890
881
876
882
873
864
855
25
831
847
840
852
867
859
861
874
869
862
878
880
874
897
893
881
911
896
895
899
902
888
908
892
894
906
899
912
921
910
912
908
903
919
913
914
940
916
923
918
25
893
914
900
881
891
884
885
920
898
907
920
908
901
919
898
910
918
898
891
897
905
887
903
902
881
901
899
877
896
909
888
903
920
899
906
910
889
888
910
891
899
904
891
880
904
896
886
909
919
905
915
907
883
902
901
881
892
895
878
889
891
870
887
884
879
900
894
882
893
884
872
892
886
867
876
889
882
873
901
897
891
910
918
907
916
902
898
916
911
889
910
25
885
881
906
885
891
895
24
872
879
896
893
898
908
889
888
899
25
874
887
902
892
913
912
894
905
900
29
871
881
875
860
879
890
870
896
892
887
907
27
880
893
889
878
896
901
896
927
921
908
914
891
904
912
891
916
912
25
887
902
898
887
900
903
896
912
895
888
904
900
893
906
28
878
880
870
868
875
860
870
882
870
875
866
850
846
844
853
871
857
869
875
867
858
872
855
874
878
864
859
860
35
826
815
812
843
868
863
875
873
865
888
880
876
909
900
904
919
917
935
954
28
926
952
950
925
935
912
909
910
888
898
899
894
911
900
897
903
28
875
891
870
876
894
882
888
904
27
877
913
902
897
898
32
867
887
883
867
876
858
853
885
910
904
922
931
919
918
912
893
908
913
914
925
903
880
881
34
848
857
856
850
876
912
914
945
958
28
931
942
27
915
907
897
876
870
890
883
876
900
922
912
931
925
917
944
928
906
920
901
879
890
882
863
884
890
876
887
895
881
902
893
879
894
897
888
915
910
916
894
887
872
897
925
909
918
926
911
909
911
905
25
881
895
873
91
782
892
37
856
841
829
857
869
876
881
908
912
902
905
898
901
878
884
863
849
841
838
842
827
833
831
822
833
830
822
824
815
801
790
784
774
757
760
762
756
742
747
752
750
753
773
780
797
822
825
821
833
844
843
833
828
828
27
801
785
791
791
790
779
788
797
809
22
788
37
751
750
35
716
708
700
688
687
684
683
684
687
686
681
682
686
674
27
647
630
619
608
603
596
592
587
583
577
585
588
591
585
585
583
583
573
579
579
578
574
573
564
565
570
571
566
561
558
560
552
550
549
549
541
542
537
534
529
528
533
528
525
522
518
520
517
512
514
506
509
501
504
509
508
503
506
503
503
505
503
507
501
508
506
507
506
508
508
510
513
516
516
518
519
522
517
522
520
524
523
522
518
529
530
528
528
527
529
530
522
522
523
523
517
518
517
512
511
510
513
506
508
509
510
504
507
506
505
499
502
502
503
499
495
494
497
494
491
488
489
485
482
484
481
480
476
482
475
475
471
476
471
468
466
466
465
463
460
460
463
458
458
458
458
456
454
456
453
454
448
449
452
455
449
448
447
446
449
446
443
445
446
446
441
443
445
444
438
440
444
444
443
440
446
441
443
442
445
445
440
444
444
446
439
442
439
443
443
439
441
437
443
440
439
440
440
438
437
435
439
443
437
436
436
437
435
433
433
433
436
430
430
432
434
433
428
432
431
433
429
433
432
434
428
431
433
430
430
429
431
863
437
426
430
432
431
430
429
431
430
432
426
430
432
435
433
433
434
446
445
445
449
448
457
457
452
467
458
470
473
477
473
475
481
496
500
500
502
508
513
510
507
177
331
665
91
574
35
539
29
510
512
509
508
505
501
512
517
525
533
529
535
539
553
553
559
562
1695
1154
541
532
545
547
565
557
558
566
570
578
571
576
585
587
584
591
606
609
21
589
580
602
597
604
605
634
643
631
649
666
675
24
652
667
674
668
657
701
750
45
706
734
785
54
731
722
20
702
691
685
687
720
718
32
686
32
655
640
656
643
636
635
651
657
20
638
639
644
641
639
650
655
650
659
669
671
659
705
693
686
682
704
695
687
700
707
718
20
698
729
719
714
708
778
23
755
738
23
715
749
759
742
726
748
756
742
735
765
762
746
738
762
756
741
764
768
774
24
750
801
795
782
808
827
59
768
24
744
739
769
783
22
761
757
786
778
767
790
813
29
784
767
857
43
815
28
787
796
817
25
792
773
804
795
775
792
806
791
774
818
27
791
781
807
787
30
757
755
32
724
727
716
729
731
728
772
794
791
862
880
68
813
875
864
62
803
800
796
780
785
813
802
27
776
787
769
759
782
23
760
752
26
727
718
750
773
22
752
789
826
811
801
837
835
29
807
824
835
822
812
880
860
47
813
837
847
30
818
801
849
24
826
32
794
851
28
823
805
822
817
799
809
817
804
783
808
811
28
784
803
796
800
787
801
813
793
787
809
812
23
790
829
815
24
791
806
794
28
767
769
759
752
741
758
751
742
763
756
750
740
769
754
750
754
761
749
766
764
746
749
767
759
742
766
751
745
740
747
755
752
769
774
754
754
759
755
750
761
759
749
746
750
736
734
747
749
738
754
751
745
745
747
737
738
750
746
733
746
740
728
724
739
737
739
755
778
776
768
785
777
768
764
773
780
776
789
793
24
770
781
780
779
768
773
774
763
782
792
781
798
794
23
772
789
791
782
791
796
797
781
775
767
22
746
747
748
754
750
785
799
793
789
800
23
778
791
790
778
767
787
783
772
791
794
790
814
824
36
788
808
798
786
783
804
800
797
835
38
798
791
804
786
777
804
787
787
811
807
799
830
823
29
795
818
819
807
847
833
814
825
824
817
796
821
822
801
812
806
29
778
775
778
36
742
745
738
760
771
755
758
764
755
743
765
763
756
765
781
770
760
788
24
765
765
780
776
767
784
791
779
777
802
788
775
784
789
779
780
795
788
773
791
793
793
788
797
790
778
794
786
789
79
710
879
96
783
774
795
787
776
788
771
759
751
748
744
755
740
756
762
764
769
769
761
753
758
752
733
736
720
706
692
689
690
681
684
687
699
702
701
710
725
718
727
721
713
714
708
705
708
707
696
687
693
692
680
687
691
692
684
689
685
677
691
688
682
676
686
682
677
685
682
669
670
665
658
658
656
658
653
655
641
640
638
631
641
640
641
639
628
636
632
625
641
654
650
650
664
666
662
686
701
683
695
691
688
677
681
680
672
682
690
697
705
718
724
709
718
713
700
706
700
691
693
695
687
678
3999
3999
3999
3999
3999
3999
3999
3999
3999
3999
3999
3999
3999
3999
3999
3999
3999
3999
3999
3999
3999
3999
3999
3999
3999
3999
3999
3999
3999
3999
3999
3999
3999
3999
3999
3999
3999
3999
3999
3999
3999
3999
3999
3999
3999
3999
3999
3999
3999
3999
3999
3999
3999
3999
3999
3999
3999
3999
3999
3999
3999
3999
3999
3999
3999
3999
3999
3999
3999
3999
3999
3999
3999
3999
3999
3999
3999
3999
3999
3999
3999
3999
3999
3999
3999
3999
3999
3999
3999
3999
3999
3999
3999
3999
3999
3999
3999
3999
3999
3999
3999
3999
3999
3999
3999
3999
3999
3999
3999
3999
3999
3999
3999
3999
3999
3999
3999
3999
3999
3999
3999
3999
3999
3999
3999
3999
3999
3999
3999
3999
3999
3999
3999
3999
3999
3999
3999
3999
3999
3999
3999
3999
3999
3999
3999
3999
3999
3999
3999
3999
3999
3999
3999
3999
3999
3999
3999
3999
3999
3999
3999
3999
3999
925
834
833
834
843
853
849
830
825
830
819
815
816
814
806
816
814
825
823
812
816
819
808
40
769
758
750
747
737
729
711
708
704
690
695
687
684
681
681
680
679
679
689
691
685
701
704
700
696
706
714
703
708
701
690
695
700
699
697
708
710
702
698
688
696
708
724
724
757
759
1523
773
751
750
2236
1497
739
734
723
706
703
700
698
702
709
706
717
722
718
713
718
715
708
708
702
698
700
1163
258
906
225
681
674
681
19
663
666
672
685
706
724
747
746
767
763
761
754
767
763
760
760
754
756
750
757
747
743
755
747
758
754
755
766
755
756
762
750
756
760
747
752
745
743
749
732
747
741
731
733
738
736
750
745
738
744
741
723
715
714
721
723
720
726
730
731
748
749
744
760
773
770
774
787
783
781
791
777
769
778
780
774
775
789
785
778
779
782
775
784
792
792
796
791
800
797
783
781
789
784
775
784
787
788
768
50
719
756
22
734
733
737
723
742
757
765
774
795
800
792
803
810
810
809
825
833
819
826
833
825
838
842
833
842
846
841
854
842
832
857
847
853
876
865
856
890
24
867
26
841
844
848
833
815
28
788
802
809
805
823
833
845
827
833
830
27
803
800
811
811
809
827
835
829
837
845
835
842
824
831
831
818
817
821
815
808
812
810
804
814
831
809
826
831
833
821
833
839
833
829
817
806
813
811
795
800
815
813
813
828
830
829
829
816
821
821
826
827
822
808
823
814
818
812
815
795
794
793
794
793
816
828
849
830
845
842
829
828
834
836
835
825
828
831
834
831
847
846
843
864
853
835
836
817
807
814
826
835
833
848
858
855
851
835
823
823
825
834
829
820
813
819
823
816
818
819
813
821
837
832
852
842
837
840
831
829
837
830
842
839
831
826
825
816
815
823
824
812
798
787
779
783
791
784
797
810
823
829
835
839
841
839
844
845
832
836
839
828
821
812
816
809
810
827
820
806
810
805
796
802
813
808
806
825
819
813
823
817
811
819
819
807
800
797
797
791
794
801
794
791
791
787
777
528
250
516
750
759
750
757
771
775
779
791
792
785
780
765
768
773
781
782
785
792
796
792
794
800
805
802
811
561
250
565
813
835
838
827
834
845
837
838
824
831
24
807
812
821
833
842
828
840
836
815
825
827
826
822
824
803
822
824
834
832
817
823
819
830
839
314
526
227
300
833
846
415
432
28
405
834
849
845
834
842
841
834
841
844
830
837
828
833
836
842
834
819
809
810
803
801
810
811
804
804
794
787
780
778
773
774
777
790
806
807
806
814
822
826
820
824
833
835
827
837
844
842
834
827
828
821
828
832
846
838
839
833
822
241
581
1032
229
804
788
784
139
646
945
149
796
802
827
829
832
840
832
814
824
815
808
811
801
801
796
791
791
800
794
803
803
803
554
250
545
806
794
781
787
157
630
941
152
790
794
799
790
153
637
954
288
666
840
878
82
797
796
315
482
165
317
797
807
435
373
441
623
982
169
813
816
818
555
263
471
883
84
799
796
801
63
739
906
92
814
832
844
852
846
843
832
819
818
813
160
654
960
682
279
532
748
871
419
453
97
356
814
160
655
978
165
813
810
817
816
825
818
809
817
818
819
840
842
846
852
850
845
838
30
809
800
782
777
160
617
940
691
250
536
794
416
379
419
797
812
819
821
829
833
834
828
835
841
138
704
393
311
644
661
989
160
829
817
820
812
818
820
824
811
809
160
649
987
160
827
438
389
434
822
816
165
651
995
734
261
496
875
66
810
798
808
810
254
557
302
256
254
557
818
819
810
807
818
821
813
829
827
827
829
823
830
832
831
822
819
810
96
715
867
232
635
914
241
673
65
609
20
589
190
400
742
367
375
19
356
722
716
318
398
82
317
528
904
171
734
313
421
89
333
759
771
770
780
786
790
794
65
730
873
88
785
773
168
605
910
646
264
359
882
124
759
768
514
255
527
267
260
542
814
813
821
821
812
819
818
806
819
829
828
828
809
804
791
384
407
34
373
775
773
774
779
782
781
777
779
774
144
631
925
162
764
769
779
783
785
793
781
795
792
802
553
250
572
838
832
862
854
838
855
853
834
850
853
851
842
833
847
836
826
828
831
822
829
821
819
809
823
824
813
815
818
814
819
564
255
563
815
811
812
553
260
559
829
830
833
837
843
831
816
817
812
804
798
61
738
879
229
651
952
156
796
788
802
804
809
809
802
791
796
779
767
768
776
803
805
810
813
799
25
775
782
25
757
758
741
731
729
725
723
713
705
698
686
685
680
678
677
678
677
674
668
669
664
659
660
670
673
695
697
694
706
707
704
703
710
709
705
708
696
696
693
706
725
741
754
759
753
84
670
816
81
736
469
267
312
752
1311
960
352
755
755
761
383
379
368
727
102
625
29
597
207
391
80
311
34
278
402
153
250
667
656
757
73
685
131
554
182
373
466
617
43
574
164
410
880
381
500
2137
1432
706
378
328
544
680
276
405
131
274
1250
779
471
918
536
383
125
259
420
808
534
275
431
652
673
845
246
600
318
282
641
274
367
615
51
565
880
204
677
20
658
1700
1410
290
526
828
493
336
679
315
365
363
55
309
19
290
1132
443
690
694
431
263
1111
432
679
680
686
699
704
1426
854
573
267
306
1301
1383
1420
724
697
699
696
684
676
669
662
658
670
688
700
697
714
720
721
715
727
731
726
722
714
718
1424
718
707
710
717
716
714
1448
726
723
723
1455
725
730
728
736
740
740
730
1473
742
732
732
1466
737
729
733
731
728
733
733
1460
733
728
726
727
717
718
708
703
698
713
710
701
691
690
678
676
688
680
709
720
724
730
730
731
724
717
713
703
693
691
688
685
720
714
712
718
733
739
737
742
752
751
746
748
752
750
749
763
771
767
759
764
763
753
750
759
759
759
770
779
777
777
791
797
783
784
791
781
791
209
583
969
209
761
754
741
742
740
729
734
727
733
740
723
713
704
691
686
694
703
699
718
723
726
728
734
714
711
703
708
708
733
740
726
717
706
698
714
712
714
729
735
759
756
779
775
766
780
771
759
754
744
754
761
31
731
754
773
773
753
760
754
750
765
779
778
798
814
810
813
814
808
800
810
29
781
768
764
753
745
750
751
755
782
787
775
767
772
772
756
760
764
765
771
783
791
795
811
823
825
829
833
827
812
800
791
778
782
780
781
787
796
789
800
797
23
775
763
756
744
734
729
729
739
746
750
751
757
750
747
750
741
733
742
741
735
736
742
744
740
750
746
743
756
759
761
757
756
765
768
758
763
766
766
766
773
769
758
763
779
776
787
791
813
818
799
804
803
787
797
791
791
784
796
820
831
842
837
850
843
833
837
838
841
859
870
868
874
878
875
864
873
873
24
849
848
851
854
853
865
864
854
860
859
842
853
850
829
836
830
31
800
805
798
793
812
805
808
822
839
832
846
858
838
839
829
817
813
820
813
821
833
837
846
853
862
854
843
850
845
835
840
842
830
831
837
831
833
831
826
25
801
803
801
796
790
795
791
800
811
814
807
820
820
813
826
836
827
826
822
816
799
798
797
789
792
805
797
800
813
819
806
38
769
856
60
796
781
771
756
746
731
732
746
764
766
792
816
822
814
823
826
818
820
835
833
826
833
839
842
842
852
850
834
845
848
851
849
852
850
847
363
485
115
370
842
292
551
280
272
833
844
840
834
830
28
802
808
819
823
837
847
867
859
875
855
849
23
827
821
811
803
790
799
809
811
808
814
813
819
830
835
831
834
832
814
806
818
817
813
827
822
822
840
843
837
860
850
841
856
848
838
835
820
813
819
814
811
805
815
820
815
813
815
809
795
797
801
799
795
805
805
794
803
798
792
787
797
797
787
795
795
788
784
791
785
785
785
791
790
786
773
783
779
775
773
789
794
780
788
777
769
770
774
768
776
781
771
774
781
777
770
780
780
775
784
776
776
771
776
788
791
791
796
797
788
814
824
822
850
846
839
847
841
827
839
843
829
836
836
840
840
835
832
819
824
826
822
806
806
789
778
775
772
758
755
764
766
761
771
774
776
770
780
775
781
772
774
779
771
770
778
785
783
773
786
785
778
785
788
791
788
791
787
788
775
778
787
791
790
789
795
793
785
769
774
777
768
784
790
802
794
812
802
22
781
781
782
776
784
798
804
810
837
864
863
883
885
875
884
878
27
852
847
844
25
820
825
810
798
790
788
796
811
807
817
835
841
843
835
26
810
809
801
790
808
809
797
803
821
69
752
864
45
819
820
809
822
823
826
815
823
810
803
787
783
772
785
804
822
840
877
901
907
896
908
897
883
886
880
862
868
868
862
869
885
886
875
888
884
874
888
881
872
888
888
872
868
867
853
852
851
850
849
854
852
851
857
867
859
860
867
854
847
851
844
826
830
835
827
831
849
830
811
821
805
810
820
806
809
814
822
831
845
853
840
849
851
843
833
840
843
834
822
829
824
820
817
833
823
823
829
830
816
837
837
841
826
835
832
824
817
828
833
823
813
824
816
810
814
832
835
39
797
33
765
750
732
723
717
710
725
734
745
744
753
754
746
756
755
750
769
776
780
788
809
820
814
829
829
828
817
822
814
796
791
789
786
778
782
788
781
790
801
796
785
790
787
781
791
801
806
805
802
801
790
796
803
795
782
787
787
775
777
788
786
781
799
791
777
760
450
311
453
751
745
754
764
764
790
813
817
833
842
843
833
843
835
823
833
820
27
794
791
795
783
775
785
780
788
811
821
821
841
838
833
837
837
833
841
835
830
835
833
819
828
826
815
214
601
1041
234
808
799
800
795
791
796
796
789
800
791
790
801
795
786
793
785
780
22
758
27
732
737
736
22
714
705
697
715
726
21
706
719
789
26
763
763
764
770
761
750
751
752
751
763
773
779
782
798
811
815
820
821
813
819
818
827
829
838
820
830
833
826
816
822
822
822
818
812
821
820
822
816
818
827
831
818
835
858
848
837
840
822
51
772
775
773
764
772
791
789
803
806
790
793
786
774
759
766
784
794
801
823
835
835
839
852
853
844
843
850
851
31
821
829
835
828
827
816
825
835
837
839
830
837
847
844
844
848
851
846
850
865
877
870
865
852
840
830
813
798
791
785
794
805
809
806
807
805
804
809
815
822
823
814
821
814
813
803
793
785
784
779
773
786
791
793
810
805
803
791
798
789
768
23
746
768
757
766
771
798
823
824
846
844
840
834
823
826
825
821
831
824
825
816
825
832
828
837
837
830
841
847
841
850
849
839
836
843
843
833
837
849
833
827
838
834
813
845
855
862
873
862
848
30
819
812
803
794
788
794
790
778
771
775
765
760
766
771
779
789
805
810
813
814
823
819
804
794
802
795
787
775
771
770
770
769
777
776
778
774
782
780
778
782
783
780
775
784
784
783
788
782
778
784
784
787
780
778
773
772
770
795
22
774
767
763
778
780
47
733
817
30
787
797
798
791
801
804
804
800
796
800
802
803
788
793
794
797
791
804
808
802
807
818
816
819
812
807
804
804
795
788
798
800
798
796
803
805
804
792
790
796
784
791
800
794
792
792
791
795
787
790
790
785
791
795
798
795
803
804
803
805
799
807
791
798
801
798
800
789
795
796
792
783
794
796
791
785
799
793
786
796
791
784
790
787
776
775
782
785
776
783
786
40
746
789
838
42
797
808
806
791
796
796
784
777
782
786
785
785
793
795
795
791
808
800
794
800
800
791
789
800
796
795
808
806
798
798
800
798
791
788
791
797
791
791
795
803
798
798
805
807
801
795
43
753
842
100
743
775
802
40
763
60
704
757
750
791
92
700
765
784
796
798
816
822
820
816
807
812
801
797
833
87
747
795
845
47
799
45
755
851
48
803
61
743
792
805
819
882
83
800
817
822
833
873
96
777
811
813
828
829
887
47
841
844
846
839
833
833
826
819
813
806
818
813
46
767
880
32
849
57
792
853
916
100
816
864
881
868
916
50
866
52
815
868
859
905
35
871
853
857
861
46
815
862
928
96
833
923
30
893
56
838
866
883
925
102
824
876
915
59
856
52
804
889
41
849
828
40
788
834
883
54
830
808
881
49
833
824
44
780
849
45
805
1583
810
773
770
44
726
759
771
772
783
785
796
844
89
756
848
88
761
797
859
42
817
824
818
836
835
829
42
787
836
884
98
787
871
43
828
60
768
847
38
809
820
40
780
867
70
798
842
834
851
887
37
850
851
840
837
836
832
815
815
813
810
810
825
833
826
44
782
871
49
822
813
821
827
816
820
825
824
817
831
830
818
812
801
794
785
25
760
846
38
808
802
812
812
817
802
808
805
807
801
803
808
798
41
758
846
34
813
806
806
811
806
805
802
806
810
51
759
808
812
815
864
73
791
800
47
754
836
42
795
42
754
833
31
803
808
804
801
809
810
51
759
809
813
805
820
866
34
832
824
834
838
834
825
841
54
788
814
837
45
793
781
774
787
781
778
778
1571
792
780
788
798
802
794
805
798
51
748
780
792
794
843
34
810
810
803
809
807
53
755
845
52
793
67
727
790
795
811
829
844
853
858
850
861
856
851
843
843
842
883
56
828
818
50
769
802
839
48
792
54
739
836
38
799
800
805
829
835
44
792
905
37
868
854
868
865
846
847
849
840
829
842
845
843
841
837
843
844
840
854
856
849
847
852
844
833
837
831
832
820
828
834
833
821
833
829
827
819
823
823
809
814
56
759
791
844
96
749
790
802
797
794
791
840
98
743
789
780
822
92
730
822
46
776
53
723
817
42
775
776
774
770
757
751
769
32
737
776
788
834
45
790
798
811
50
762
828
867
38
830
834
830
840
835
831
828
829
831
817
815
814
817
809
822
818
813
812
809
812
804
798
802
792
785
791
780
777
29
749
745
53
692
778
56
722
725
725
732
743
735
738
731
734
730
714
726
715
712
708
717
729
720
727
726
717
731
742
732
723
732
732
2210
727
1484
727
758
749
765
773
762
752
737
735
731
725
710
701
711
726
710
718
712
721
724
726
754
762
770
778
788
793
42
752
833
1551
98
1454
688
766
46
721
715
1449
730
719
40
680
728
729
744
744
741
736
749
1500
751
750
792
50
743
739
44
695
774
55
720
706
58
648
730
42
688
676
29
648
750
87
664
790
25
765
791
819
48
771
898
107
791
811
809
799
781
798
847
108
740
875
856
853
872
603
269
607
861
873
866
846
852
855
844
848
850
843
846
851
846
847
853
834
848
864
867
864
873
865
851
858
856
839
858
848
831
834
839
826
82
744
834
115
720
813
44
769
773
778
806
833
843
850
876
881
876
874
878
864
875
877
878
872
863
875
867
858
860
854
848
842
853
873
860
865
876
879
878
880
875
853
855
836
822
828
808
816
812
810
804
805
821
837
840
850
844
851
849
844
833
832
830
26
804
810
795
784
788
781
776
785
791
810
827
836
853
858
848
855
853
837
844
833
833
846
862
863
875
885
885
900
920
31
890
890
889
873
863
860
851
853
854
857
849
858
862
853
850
850
839
851
851
845
866
853
846
846
846
840
852
856
844
846
833
823
829
820
819
824
820
812
820
822
820
822
834
817
823
825
820
816
831
823
824
819
806
811
805
803
794
786
785
794
794
797
809
818
829
833
825
825
822
821
823
834
861
862
890
899
899
880
873
864
846
844
26
819
811
817
834
842
855
848
856
850
859
848
859
870
859
867
876
872
863
872
861
859
877
882
865
877
881
862
871
877
872
861
877
886
871
872
878
875
853
858
860
861
855
848
860
854
859
843
828
830
819
810
811
818
815
804
802
806
804
783
791
799
805
806
806
830
833
841
840
833
817
23
794
791
780
776
770
784
784
791
798
806
800
813
824
831
45
786
775
759
747
753
740
753
746
733
745
734
735
753
760
792
785
811
806
828
835
838
833
818
819
824
810
810
815
814
792
800
800
805
829
823
25
798
799
799
804
816
819
828
831
821
818
809
793
791
23
769
749
742
731
727
712
709
725
741
747
769
773
769
781
783
781
790
788
788
785
783
773
771
763
760
762
757
764
759
760
761
758
763
750
748
747
760
746
760
753
757
772
764
768
766
754
757
743
731
728
730
745
743
752
768
769
780
773
763
750
751
750
753
751
749
753
759
777
783
791
798
800
817
819
831
826
833
848
830
857
852
842
868
884
872
884
875
853
862
26
837
835
845
825
835
830
817
816
817
801
814
815
822
846
856
842
859
873
871
854
25
829
833
845
849
849
871
880
870
892
899
887
911
907
900
915
909
894
907
898
902
36
867
867
872
858
859
872
857
879
890
875
893
904
895
884
897
882
903
898
886
894
890
25
866
858
843
855
857
845
842
868
864
858
871
868
866
887
897
911
903
26
878
875
872
871
25
846
851
833
839
838
833
853
850
852
871
870
874
867
874
877
884
894
25
870
869
860
861
866
881
891
884
874
866
856
853
837
839
831
825
828
807
821
822
828
820
841
841
850
835
856
855
865
877
873
878
887
874
885
893
875
895
900
878
900
893
882
884
868
865
864
854
850
869
864
871
879
868
880
875
858
865
858
855
870
874
853
870
872
856
868
871
853
863
863
848
864
867
864
858
853
840
846
837
834
832
842
828
831
832
831
835
842
843
845
846
862
859
855
853
866
863
863
860
853
848
862
843
850
838
841
837
826
816
808
794
785
789
781
763
767
755
739
741
723
36
687
694
696
716
759
780
790
825
849
858
854
857
846
829
834
842
832
821
829
831
824
828
829
828
822
829
840
828
831
837
844
823
817
819
815
803
799
797
796
788
794
790
787
777
781
787
773
776
779
784
769
779
777
779
781
796
796
791
795
802
801
793
801
795
789
778
791
791
795
792
809
809
800
801
799
794
789
798
800
793
791
792
792
797
806
808
810
805
817
801
794
787
788
774
761
767
768
772
778
788
789
782
791
790
779
781
791
803
792
791
804
799
787
790
788
787
781
788
790
790
798
801
794
791
798
800
794
803
809
808
812
825
827
817
822
823
817
814
819
812
805
811
810
807
810
812
811
793
800
796
792
790
793
792
794
788
791
796
791
781
789
789
791
803
810
34
776
878
43
836
23
813
803
70
734
775
761
757
821
84
737
783
854
33
821
836
827
833
60
773
815
27
788
777
791
791
777
780
775
781
790
796
788
841
54
788
49
739
836
49
788
54
734
823
40
783
780
41
739
830
110
720
760
770
767
824
46
778
47
732
825
101
724
771
775
772
761
759
751
749
757
750
737
725
745
776
801
850
838
862
875
858
844
33
812
798
801
842
852
24
829
852
62
791
59
732
757
750
750
757
771
781
801
807
793
793
791
788
816
854
844
831
831
814
798
779
766
766
770
776
814
2459
1665
795
57
739
777
780
786
798
803
798
826
859
861
856
851
850
26
824
815
810
791
777
773
762
750
2199
1504
695
681
54
627
664
673
708
782
801
810
811
815
847
844
836
824
807
791
782
770
22
748
732
715
740
784
2187
1533
655
701
697
699
733
833
812
803
829
866
874
853
842
824
35
789
780
767
757
762
775
789
802
815
817
852
3117
2359
758
750
742
729
22
708
709
718
734
34
701
794
440
355
35
320
710
712
713
708
704
764
57
708
45
664
771
101
670
725
767
763
774
816
31
785
791
784
788
1590
807
784
791
793
793
801
808
811
804
1624
809
815
813
820
828
810
821
829
834
821
810
1636
877
760
846
37
810
802
51
751
837
42
796
796
791
1595
845
751
795
838
1533
747
787
835
41
795
46
750
844
48
796
789
782
793
799
801
792
792
792
781
772
763
26
737
735
746
739
739
44
696
791
78
713
800
35
765
758
1560
788
772
778
777
773
778
55
723
811
82
729
763
772
1519
763
757
1521
770
752
755
793
52
742
738
735
741
746
743
30
713
803
78
726
750
748
753
743
744
739
726
726
728
732
774
101
673
723
1432
707
725
733
23
710
712
700
683
706
705
708
716
727
793
89
705
1524
802
723
712
702
711
716
712
744
35
709
739
802
95
708
787
41
746
755
754
744
42
702
737
782
23
759
744
770
64
706
741
757
741
751
742
725
715
710
696
688
698
695
690
773
90
683
729
751
766
754
754
807
99
708
789
37
752
47
706
731
786
44
742
45
697
789
39
750
40
710
782
45
738
44
694
730
766
51
715
35
681
762
38
724
32
693
725
770
90
680
712
764
86
679
772
90
683
725
718
766
94
672
759
33
727
739
58
682
773
35
739
52
687
774
47
727
49
678
752
26
727
740
53
687
791
47
744
753
747
54
694
789
81
708
26
683
54
630
670
20
651
714
95
619
656
716
47
670
57
614
679
688
696
757
69
689
749
47
702
698
684
689
703
50
653
679
745
93
652
697
726
839
110
730
802
877
91
787
876
45
832
818
58
761
854
47
807
797
790
800
799
48
752
853
87
767
795
847
104
744
782
817
829
861
48
813
792
786
785
51
735
780
824
86
738
781
823
40
783
791
34
758
841
48
794
39
756
839
47
793
783
35
748
830
56
774
772
760
43
718
795
29
767
767
46
721
768
817
41
776
36
740
782
823
99
724
780
831
83
748
795
837
97
741
780
1586
843
744
745
46
699
784
1424
703
722
723
772
82
690
803
785
777
32
745
840
46
795
47
749
842
50
793
47
747
825
43
782
784
43
741
796
837
45
793
1601
805
797
42
756
814
859
96
763
846
38
809
814
814
826
819
53
767
810
814
810
804
846
51
796
49
748
788
829
42
787
48
739
785
783
779
781
827
44
784
784
788
781
44
737
1596
873
723
1568
851
717
752
798
39
760
757
47
710
804
30
775
41
734
774
824
41
783
40
744
820
33
787
787
48
739
816
39
777
772
52
721
808
78
731
823
84
740
785
824
43
781
44
738
831
39
792
49
744
791
835
78
758
788
785
1565
857
708
797
34
764
772
45
727
1610
871
739
789
829
88
741
820
40
780
38
742
774
783
788
833
100
734
776
826
84
742
783
795
802
791
798
839
83
757
797
846
52
794
47
748
790
829
94
735
2342
1561
782
834
37
798
38
761
855
37
819
54
765
813
1615
833
782
813
45
768
762
772
777
778
42
737
792
795
783
789
789
825
82
743
1618
876
743
782
788
835
93
743
794
837
98
740
780
815
1502
720
783
821
88
733
774
827
50
777
39
739
782
811
92
720
2360
1618
743
797
800
803
1667
907
761
790
796
825
92
733
814
95
720
758
762
843
823
867
94
773
868
55
813
58
755
839
43
797
788
792
792
793
787
785
796
794
799
39
761
848
45
804
805
795
48
748
833
78
756
830
126
704
853
75
779
768
761
749
41
708
797
1510
788
723
815
30
785
784
48
736
1601
853
748
773
814
37
777
791
781
56
725
1545
734
812
102
711
2281
1514
767
807
22
785
773
767
773
770
65
705
762
777
1550
795
756
803
91
713
768
41
727
719
52
667
706
714
727
749
744
763
837
57
781
31
750
781
777
767
796
46
751
1480
1555
776
780
42
738
846
88
759
796
807
854
100
755
832
41
791
49
742
784
830
40
790
57
733
780
777
779
775
1584
875
710
755
1505
777
729
750
786
38
748
1488
738
751
51
701
1564
856
708
1553
795
759
744
743
754
761
40
722
821
40
781
787
783
792
1575
794
781
783
781
780
24
756
758
750
46
705
750
797
49
749
735
743
732
738
748
40
708
738
1554
74
1481
666
815
45
771
1575
857
719
2349
1620
730
757
1575
822
753
772
775
38
737
807
36
772
762
25
738
781
794
791
817
828
828
823
845
847
1680
826
855
60
795
31
765
51
715
755
775
791
794
809
827
833
816
824
865
90
775
864
58
806
50
756
846
40
807
47
761
821
1666
832
835
880
105
776
831
824
857
34
823
38
786
820
821
1624
826
798
854
54
801
54
747
825
79
746
775
794
821
888
92
797
847
859
25
834
833
855
65
790
59
731
756
806
47
759
779
799
50
750
851
45
807
807
805
810
818
815
819
816
807
805
823
825
822
824
833
833
827
1644
835
810
808
814
815
805
809
818
802
803
808
802
792
808
59
750
776
822
58
764
764
755
864
81
784
822
865
36
829
822
809
822
811
791
787
782
781
775
780
780
774
771
778
800
798
799
802
797
793
792
783
72
711
727
716
819
801
810
876
98
779
830
888
48
841
826
833
824
825
823
817
822
824
829
831
828
812
809
807
92
715
791
51
740
739
773
807
835
49
787
875
892
875
860
841
30
811
846
58
789
781
773
768
753
748
749
740
740
755
783
789
788
802
801
796
795
804
804
797
790
790
799
806
806
800
803
814
813
811
799
809
822
836
830
827
833
820
798
782
762
36
727
28
700
747
48
699
690
694
38
657
694
707
699
750
46
704
700
696
693
684
680
1982
1334
648
655
666
656
675
675
675
658
650
37
613
696
31
666
1311
632
679
1422
736
687
685
677
668
1323
671
652
652
641
643
639
644
637
647
651
660
661
669
666
672
664
654
671
665
20
645
627
620
59
561
603
606
602
595
599
598
596
596
594
594
589
588
585
583
575
574
572
569
562
562
562
556
550
550
568
570
568
564
559
561
554
550
549
562
559
556
554
554
554
549
543
545
544
541
539
539
533
536
524
525
528
536
535
530
531
526
525
519
516
514
513
511
512
509
503
510
503
502
502
504
499
500
500
501
500
494
496
506
510
507
556
99
458
505
502
505
500
498
497
499
493
494
496
492
491
493
490
483
485
481
485
491
485
484
479
479
478
482
478
475
474
476
470
471
472
471
513
95
419
465
466
470
468
466
461
461
464
925
467
459
462
453
458
455
459
463
462
463
459
459
460
460
457
454
459
455
454
453
457
449
455
449
452
454
452
449
450
451
453
448
450
451
450
453
447
449
455
456
454
454
451
454
455
453
452
452
454
447
451
454
450
449
447
453
450
447
448
450
448
449
443
448
449
444
443
440
444
446
445
443
440
442
445
437
439
438
443
438
437
437
487
97
390
436
436
438
436
436
435
440
437
434
440
438
439
434
439
436
437
436
432
434
437
435
432
431
435
436
432
430
432
433
436
439
430
435
432
437
436
434
437
439
493
49
445
44
401
446
453
500
40
461
49
413
460
459
467
485
492
548
83
466
500
504
548
93
456
492
498
495
499
497
498
544
45
500
508
50
458
500
502
511
543
44
500
43
458
499
504
551
84
468
508
515
537
533
536
540
558
553
541
528
542
533
538
526
556
596
636
81
556
595
595
609
594
591
629
651
43
609
609
18
592
625
674
92
583
621
629
631
619
629
636
645
26
619
617
666
98
568
594
624
678
98
580
612
628
671
98
574
598
619
662
682
91
591
625
632
627
620
616
625
626
612
629
684
96
589
624
644
687
89
599
627
645
683
83
600
641
653
708
94
615
658
673
729
103
627
668
692
677
665
691
732
86
646
670
697
721
64
658
62
596
626
643
684
93
592
632
646
647
637
656
657
662
648
665
658
655
652
670
659
656
670
673
675
665
680
711
94
618
665
675
673
670
687
739
94
645
685
727
717
711
712
725
763
105
658
725
778
105
673
710
747
739
733
726
798
111
688
715
718
711
711
20
692
709
705
695
696
756
94
663
703
706
756
111
646
681
735
49
687
49
638
703
704
708
20
688
712
745
105
640
694
751
46
706
59
647
691
701
691
681
676
728
67
662
645
49
596
638
639
690
45
646
47
599
671
22
650
641
637
655
663
663
666
679
683
674
672
676
669
658
669
670
669
671
681
683
673
679
696
689
684
698
698
680
677
680
667
666
676
685
687
674
690
686
688
674
679
676
665
659
666
658
655
655
655
660
656
666
676
666
666
668
665
666
659
671
681
669
669
690
692
691
685
689
693
689
692
696
689
678
672
666
657
651
656
658
656
652
667
669
670
661
662
664
658
651
651
649
653
652
663
664
664
669
674
677
678
672
673
673
672
673
674
682
680
678
678
678
670
665
668
676
668
671
674
679
674
673
678
680
679
679
680
682
670
673
672
670
667
670
678
668
663
665
659
664
657
660
666
668
662
663
665
664
660
660
661
658
658
661
664
660
664
676
674
669
664
675
672
666
676
676
672
668
675
671
674
667
670
675
676
670
671
661
659
654
658
668
662
669
680
684
680
675
668
664
651
648
650
657
662
681
696
679
682
681
696
689
679
692
699
690
679
682
691
678
672
684
692
690
682
715
708
700
708
715
708
697
701
705
688
694
703
687
680
701
706
701
722
714
722
723
733
720
724
721
728
719
710
725
729
713
23
691
697
720
708
700
685
680
679
692
679
672
658
661
658
659
664
675
686
709
742
771
787
776
786
771
778
28
751
765
773
759
767
779
791
805
817
28
789
801
791
788
796
788
777
766
773
768
25
743
734
739
723
722
728
718
720
717
706
708
689
687
681
676
677
685
677
676
670
677
672
666
677
674
678
677
685
678
680
690
687
686
683
702
700
697
709
713
717
718
725
726
731
730
734
749
750
742
749
735
741
765
750
768
767
771
750
754
746
742
739
753
754
756
757
781
769
770
770
763
756
26
731
739
743
739
734
750
766
761
755
758
761
748
733
744
763
759
758
770
770
22
748
743
752
743
25
719
747
737
718
724
732
733
728
727
718
707
709
707
697
693
682
675
20
656
655
642
629
629
614
616
610
609
602
602
603
601
600
605
601
601
614
615
611
610
606
598
590
592
586
582
580
581
578
572
574
568
571
571
571
573
575
577
575
576
576
577
578
570
570
570
562
564
568
569
581
591
598
605
626
633
636
628
627
626
630
624
622
623
626
628
623
629
628
623
626
629
642
636
638
651
651
643
642
640
632
625
621
611
621
626
631
638
659
670
678
670
666
660
306
354
51
303
648
398
250
403
634
47
587
714
57
658
667
697
700
708
21
687
721
719
703
698
748
747
21
726
385
342
385
704
384
320
404
490
980
248
733
731
730
718
715
708
696
693
689
695
684
691
691
693
694
693
680
669
21
649
650
636
624
170
454
795
163
633
637
661
679
685
681
683
1682
2670

