08-09-2022 - 9:20 - Correr
Ana Rodriguez 
Intervalos entre latido y latido
1091
1066
1084
1080
1068
1059
1074
1080
1079
1074
1069
1083
1098
1092
1102
1088
1123
1132
1122
1127
1112
1102
1124
1123
1130
1121
1113
1147
1142
1125
1118
1094
1126
1130
1120
1144
1157
1147
1145
1139
35
1104
54
1051
1071
1088
1108
1114
1104
1095
1113
1141
1138
1140
1113
1143
1138
1138
1139
1126
1131
1139
1138
1136
1125
1144
1159
1157
1151
1133
1129
1141
1135
1128
1117
1118
1129
1120
1125
1137
1150
1149
1124
1112
1107
1099
1096
1094
1077
1093
1095
1097
1096
1091
1102
1107
1106
1092
1113
1116
1119
1102
1104
1111
1116
1111
1093
1089
1085
1078
1082
1088
1099
1095
1089
1100
1112
1110
1091
1086
1101
1109
1114
1089
1097
1090
1082
1086
1088
1096
1090
1082
1088
1095
1089
1086
1083
1069
1071
1083
1087
1076
1077
1062
1076
1085
1102
1113
1104
1099
1124
1133
1136
1125
1116
1101
1111
1106
1107
1094
1088
1099
1101
1102
1091
1085
1099
1108
1111
1108
1098
1125
1131
1124
1118
1126
1145
1147
31
1117
1127
1130
1128
1115
1125
1119
1123
1101
1108
1101
1095
1111
1104
1104
1085
1091
1090
1079
1102
1095
1102
1082
1101
1115
1131
1125
1105
1112
1107
1096
1091
50
1041
1053
1045
1054
1055
1054
1055
1070
1075
1066
1053
1073
1088
1097
1110
1114
1110
1095
1114
1119
1117
1118
1097
1104
1105
1114
1122
1109
1089
1097
1113
1119
1125
1125
1125
1120
1123
1130
1131
1128
1112
1127
1127
1125
1099
1106
1100
1106
1111
1109
1086
1090
1088
1087
1090
1086
1100
1115
1125
1123
30
1093
1103
1111
1116
1114
1099
1109
1122
1121
1122
1113
1108
1117
1144
1149
1158
1147
1130
1142
1154
1131
1118
1096
1123
1124
1113
1097
1115
1108
1107
1108
1131
1150
1131
49
1083
31
1053
1066
1078
1085
1088
1076
1092
1094
1096
1093
1088
1083
1075
1061
1085
1088
1089
1087
1092
1081
1070
1085
1074
1069
1048
1080
1099
1101
1102
1108
1088
1093
218
876
1278
178
1100
1095
643
453
583
1036
1032
1022
1017
1006
995
982
985
989
990
993
984
988
984
984
988
982
981
969
968
952
943
930
916
912
926
923
913
930
912
25
887
873
883
890
31
860
863
876
884
869
874
874
24
850
838
851
866
851
863
873
867
847
847
862
862
843
849
848
28
821
817
807
809
791
816
809
794
776
788
811
789
769
773
780
774
783
788
783
768
791
802
788
800
812
800
33
768
777
772
779
29
751
765
780
778
770
754
760
22
739
732
757
761
23
739
721
734
742
760
33
727
712
737
746
739
723
724
739
739
740
738
737
750
756
766
39
728
712
729
730
741
735
722
736
731
727
24
703
709
701
707
712
732
25
707
722
726
742
751
40
712
704
739
21
719
703
696
721
725
707
697
703
722
26
696
685
693
692
698
717
734
716
731
742
737
723
717
724
49
676
698
728
741
32
710
727
755
767
23
745
737
760
767
27
740
755
791
816
819
798
839
835
31
805
836
34
803
823
28
795
803
822
814
808
845
850
833
821
869
879
878
890
918
907
31
877
904
908
902
885
910
915
893
898
929
941
916
948
958
945
951
978
985
967
999
1005
981
989
1011
1010
990
1011
1017
999
988
1010
1015
1006
987
991
49
942
953
962
954
975
990
987
978
994
1016
1014
32
983
981
985
988
977
981
995
994
977
983
991
996
990
994
1001
1004
990
1000
1008
1019
1009
1036
1067
1067
1039
1027
1037
1055
1052
1035
1055
1055
1045
1037
1080
1078
1058
1086
1078
1065
1083
1088
1071
1067
1086
1080
1061
1089
1104
1098
1072
1085
1097
1086
1094
1119
1115
1107
1087
1116
1122
1095
1134
1130
1105
1124
1133
1115
1108
1109
1083
1096
1112
1099
1118
1115
1090
1097
1092
1081
1104
1093
1080
1098
1105
1106
1106
1117
1097
1079
1094
1086
1071
1083
1090
1092
1086
1089
1109
1097
1082
1093
1092
1082
1081
1075
1070
1064
1066
1058
1058
1076
1095
1100
1095
1083
1092
1084
1083
1067
1097
1111
1117
1100
1116
1125
1132
1125
1139
1137
1135
1152
1163
1153
31
1122
1114
1127
1112
1099
1074
1082
1088
1076
1078
1093
1105
1094
1100
1116
1103
1108
1097
1102
1104
1099
1078
1095
1092
1099
1085
1093
1093
1087
1092
1098
1082
1080
1072
1058
1060
1066
1071
1070
1068
1062
1056
1060
1060
1056
1046
1062
1076
1083
1060
1054
1065
1071
1067
1070
1072
54
1019
1038
1041
1060
1083
1089
1102
1109
1106
1079
1083
1083
1082
1085
1065
1078
1080
1082
1060
1068
1075
1073
1077
1079
1058
1057
1069
1070
1065
1067
1052
1059
1061
1062
1059
1057
1054
1050
1048
1055
1062
1067
1073
1078
1060
1070
1080
1083
1077
1069
1055
1037
1033
1035
1066
1079
1066
1066
1049
1039
1042
1044
1041
1049
1055
1050
1042
1051
1062
1081
1088
1089
1090
1099
32
1068
1097
1174
61
1114
63
1051
1069
1048
1039
1016
1021
1012
1010
1008
1018
1038
1045
1055
1067
1057
55
1003
1019
1039
1053
1050
1045
1043
1057
1070
1083
1082
1103
1128
1140
1143
1131
1116
1101
1094
1082
1092
1111
1120
1125
1116
1110
1089
1101
1106
1114
1118
1100
1102
1111
1106
1102
1141
1132
1113
1135
1156
1128
1129
1142
1122
1112
1099
1077
1076
51
1025
30
996
35
961
32
930
912
892
930
910
893
920
902
897
898
880
878
872
863
888
886
894
894
894
920
920
960
960
981
972
998
1014
1021
1020
1015
1014
1017
1030
1028
1026
1005
29
977
970
1001
989
982
1006
1033
1045
1047
1052
1050
1070
1056
1051
1046
1035
1053
1051
1043
1042
1027
1046
1048
1050
1039
1032
1019
1032
1046
1045
1038
1068
1074
1072
1060
1044
1025
1010
1034
1050
1040
1036
1034
1031
1008
1027
1020
1015
1026
1017
1008
993
993
985
39
946
947
969
980
1006
1004
1025
1023
1027
1024
1013
990
978
980
994
979
989
1001
978
978
959
965
991
1011
1017
1003
1003
1006
1000
992
27
965
992
996
1006
1009
999
37
962
973
993
1011
986
1023
1052
1094
1102
53
1049
1091
1078
1060
30
1031
1034
1064
1062
1071
1070
44
1026
1062
1080
38
1042
1035
1030
1027
1033
1032
1041
1029
1006
1022
1025
1043
1030
1025
1040
1055
1035
1046
1079
1075
70
1005
1032
1041
1039
1042
1054
29
1026
1058
1076
1076
1061
49
1013
1037
1051
1055
1029
1048
1057
1057
1039
41
999
1023
1032
1036
35
1001
1051
1076
1085
1095
1090
1070
38
1032
1046
1049
1051
1047
28
1020
1032
1063
1064
1040
1041
1074
1093
1091
38
1054
1081
1090
1063
1050
1074
1082
1079
30
1049
1083
1081
1076
1056
1083
1091
1096
1100
1103
1075
1085
1089
1096
1097
31
1067
1086
1133
1150
1145
1150
1125
1147
1152
1138
1137
1129
1102
33
1070
1066
1064
1043
1038
1049
1059
1034
1039
1053
1071
1083
1058
1111
1144
1151
1153
44
1110
1130
1149
1129
1125
1111
1096
1086
1066
1074
1070
1053
1051
1049
1054
1047
49
999
989
29
960
988
983
1000
1004
1020
1041
1049
1073
42
1031
1071
1092
1112
1102
1112
1104
1109
1098
1076
1073
1099
1117
1125
1112
1102
1088
1077
1073
1067
1061
1063
1037
1046
1062
1075
1082
1071
1096
1106
1104
38
1066
1094
1096
1122
1094
45
1050
1079
1072
1063
1062
1083
1087
1092
32
1061
1093
1144
1166
1174
41
1133
1151
1169
1170
1177
1170
1157
51
1106
1128
1142
1132
1118
1112
1099
1091
1080
1075
1063
1049
51
998
1005
1015
1031
1047
1022
1046
1069
1073
1051
1056
1063
1096
1135
1126
1138
1142
1137
1117
36
1081
39
1042
1041
1018
1009
41
969
1000
1013
1010
1016
1023
1038
1041
1046
1061
1081
1068
1046
1061
1060
1057
1049
1068
1059
1050
1053
1046
1040
1037
30
1008
1017
1030
1029
1033
1015
1043
1049
1059
34
1026
1038
1049
1073
1083
1088
1088
42
1047
1083
1110
1124
1115
1097
34
1064
1069
1061
1052
1046
1049
1043
31
1013
1037
1050
1059
1061
1060
1060
1046
1062
1065
1079
1069
1099
1112
1117
1097
1086
1071
1063
1044
1018
1031
1024
1027
1029
1008
1023
1031
1050
1080
1071
1093
1103
1106
1105
1102
1099
1095
33
1063
1066
1067
1069
1055
1033
1024
1037
1042
1045
1031
1043
1036
32
1004
1040
1056
1075
1080
1073
32
1041
1064
1086
1101
1106
1125
1143
1154
1147
1121
1115
1149
1160
1153
1144
1134
1134
1125
1126
1110
1081
34
1047
1042
1031
1031
1019
1041
1051
1079
1064
1048
1082
1093
1092
1079
1068
1065
1052
1048
1042
31
1012
1016
1056
1083
1097
1088
1103
1094
1081
1079
1060
1040
1055
1065
1070
1053
1072
1080
1086
1083
36
1048
1087
1086
1101
1104
1097
1113
1113
1097
1080
30
1051
1071
1087
1074
1078
33
1045
1087
1102
1120
1125
1128
47
1082
1113
1104
1107
1100
1107
1104
1082
1108
1109
1106
1114
1113
44
1070
1097
1102
1117
1112
1109
1106
1122
1116
1117
1100
1090
1103
1097
1085
1065
1097
1112
1114
1117
1115
1113
1098
31
1067
1086
1093
1090
1074
1062
1089
1084
1083
1083
1069
1081
1089
1100
1091
1104
1102
1083
1083
1103
1108
1106
1103
1105
1096
1083
1089
1089
1100
1094
1095
1101
1106
1086
1065
1083
1081
1086
1095
1087
1072
1077
32
1046
1052
1074
1081
1086
1096
1088
1096
1093
1095
1091
43
1049
1075
1073
1071
1072
1058
1039
1055
1058
1065
1055
1060
1059
1059
1097
1104
1116
1108
1104
1126
1134
1138
1128
1125
1116
1091
1094
1088
1066
1084
1086
1083
1092
1089
1084
1099
1105
1107
1121
1109
1095
1085
1093
1095
1090
1078
1096
1098
1101
1082
1075
1067
1070
1081
1072
1078
1081
1081
1079
1061
1050
1051
1070
1076
1059
1084
1085
1102
1097
1094
1111
1106
1094
1080
1088
1095
1094
1092
1091
1083
1080
1089
1079
1102
1102
1095
1083
1069
1072
1072
1059
1039
1055
1042
1060
1070
1056
1057
1058
1059
1050
1043
1034
1016
1007
28
980
960
938
955
960
963
988
1058
1067
1059
1060
1065
1069
1082
1068
1062
1039
1048
1063
1089
1099
1102
1096
52
1044
1059
1038
1027
32
995
997
1000
44
956
942
975
1006
1012
1020
1023
1006
47
960
982
970
961
970
976
980
974
997
999
1015
1039
1039
1027
1044
1054
1051
1053
1044
36
1008
988
1019
1015
1016
1040
1040
1040
1029
1028
1032
1039
1022
1004
1053
1054
1054
1061
1050
1060
1058
1035
36
999
1026
1029
1037
1041
1048
1022
1062
1067
1079
1077
1055
1084
1093
1097
1083
1088
1091
1095
29
1067
41
1026
1034
1028
1026
34
993
1006
1011
51
960
962
963
958
941
953
975
972
972
978
998
1007
33
975
992
1001
31
971
988
989
977
966
968
26
943
926
913
70
843
875
922
913
927
942
942
930
946
937
932
925
916
931
947
951
940
28
913
928
921
915
916
913
929
932
923
938
931
943
936
927
940
958
934
958
958
954
958
936
928
934
925
39
887
907
904
905
917
937
944
948
948
955
968
981
977
971
977
997
1014
1012
1025
1025
1016
1020
1014
999
1010
1003
989
991
990
34
956
965
960
27
934
964
958
993
1060
1048
1066
1072
29
1043
1053
51
1003
1015
1008
993
1022
1026
1007
1033
1046
1049
1064
1065
1058
1090
1109
1129
1124
1139
1144
1137
1146
63
1083
1148
1142
1118
1092
45
1048
1044
1024
108
916
930
80
851
903
916
902
961
972
991
1006
1021
1033
1041
1041
1032
1008
1016
1007
1000
29
971
36
936
957
957
952
948
959
975
967
992
1001
999
999
1011
1017
1023
1011
1022
1023
1001
1014
1019
1024
1009
1011
1006
1005
1020
1024
1027
40
987
978
978
977
974
985
986
997
997
1020
1025
1036
1039
1032
1033
1038
1044
1033
1051
1046
1044
1050
1048
1051
1058
1034
1047
1049
1025
1029
1031
1017
1004
1032
1038
1033
35
999
1003
1016
1011
995
1019
1025
1006
1020
1029
1027
1022
1048
1037
1044
1054
1035
1055
1042
1026
1003
84
920
968
966
955
981
977
962
36
927
956
52
904
892
890
875
883
907
28
880
881
878
48
831
832
849
874
887
916
926
969
955
966
965
966
962
50
913
903
893
875
889
877
892
895
914
923
938
930
955
943
28
916
916
912
890
34
856
869
24
845
26
820
823
839
875
881
880
892
915
908
904
30
874
856
861
892
906
912
909
927
947
944
958
966
952
938
949
948
923
932
934
936
935
945
963
968
966
954
976
986
970
978
992
1013
1001
982
1016
1043
1044
1035
1019
999
1031
1062
1077
1065
1048
37
1012
1041
1031
1026
1009
44
966
993
985
991
28
963
959
947
961
949
986
1006
1006
1000
1040
1051
1035
1032
1052
1047
1032
1016
1019
1018
30
988
1005
1022
1030
1020
1008
1036
1048
1041
1030
1007
1015
995
999
1013
1024
1038
1028
1042
1055
1056
45
1012
1022
1047
1045
1041
34
1007
987
996
1006
1030
1050
1063
1067
1089
1090
1090
1111
1126
1125
38
1087
1092
1083
40
1044
1027
1014
1000
990
1022
1049
1078
1069
1082
1090
1071
1066
1077
1074
1048
1057
1045
46
1000
27
973
1021
1044
1063
1085
1081
1093
1110
1129
1112
1099
1096
1101
1098
1072
1083
1090
1088
1073
1089
1093
1094
1069
38
1031
1037
1046
1030
1042
1051
1036
1044
1067
1075
1065
1060
1039
1048
1055
1047
1059
1057
45
1013
1067
1128
76
1053
1067
1076
36
1040
29
1011
32
980
958
960
948
941
955
954
961
965
964
984
985
997
1031
1009
997
974
952
936
913
911
891
881
886
887
874
894
897
916
927
926
941
943
943
960
957
951
950
946
925
36
890
894
879
875
871
864
866
849
845
850
863
845
836
850
858
25
833
848
866
852
844
23
821
842
882
904
908
926
932
911
906
927
944
950
943
939
958
955
956
951
944
919
939
953
959
963
947
971
978
986
966
979
997
994
989
964
975
981
976
984
1006
1016
1002
999
1015
1019
1027
1007
1026
1045
1045
1039
1019
1034
1041
1039
1028
1033
1031
1033
1036
28
1008
1043
1064
1070
1053
1045
1044
1042
1055
1045
1059
1068
1070
1050
1057
1052
1046
1039
1054
1067
1051
1033
1058
1060
1055
1050
1063
1069
1051
1063
1082
34
1048
1082
1070
1089
1092
1097
1092
1082
1081
1083
1080
1092
1100
1096
1098
1095
1093
1073
1059
1066
1072
1078
1074
1089
1075
1066
1053
1070
1071
1063
1079
1077
1071
1078
1069
1068
1059
1038
1051
1051
1053
1066
1068
1078
1072
1093
1103
1107
1079
1084
1082
1076
1077
1085
1087
1086
1083
1089
1105
1107
1098
1100
1105
1095
1105
1099
1077
1091
1092
1083
1073
1070
1073
1089
1080
1084
1088
1091
1099
1100
1114
1104
1110
1109
1111
1104
1098
1094
1082
1095
1091
1096
1084
1074
1074
1087
1097
1082
39
1043
1079
1071
1060
1048
1059
1060
1055
1054
1068
1066
1066
1053
1063
1067
1058
1091
1107
1107
1121
1113
1101
1083
1095
1079
1076
1069
1071
1091
1071
1073
1061
1074
1077
1074
1068
1072
29
1043
1065
1081
1086
1086
1073
1093
1085
1070
1078
1096
1093
1090
1107
1124
1123
1125
1129
1117
1093
1104
1102
1106
1089
1105
1111
1093
1112
1103
1115
1093
1094
1100
1113
1126
1126
1118
1101
1108
1099
1083
1077
1091
1112
1106
1094
1107
1111
1100
1086
1109
1125
1124
1133
1122
1104
1118
1112
1108
1122
1122
1113
1115
1131
1136
1124
1139
1141
1144
31
1114
1119
1125
1102
1121
1113
1105
1103
1089
1090
1073
1059
1043
1049
1050
1056
1037
1065
1067
1056
1049
1069
1076
1079
1083
1085
1082
1094
1090
1068
1090
1091
1127
1162
1143
787
356
771
1110
1121
1131
45
1087
38
1050
29
1021
1027
1032
1049
1066
1051
1088
1102
1102
1114
1109
1090
1083
1099
1106
1115
1107
1100
1089
1103
1100
1101
1083
1063
1073
1089
1083
1090
1085
1080
1094
1083
1089
1097
38
1059
1093
1097
1100
1091
1075
1087
1090
1096
1083
1076
1055
1077
1081
1091
1085
1070
1078
1081
1083
1068
1083
1094
1094
1079
1090
1111
1107
1091
1098
1088
1077
1091
1095
1085
1092
1093
1084
1075
1050
1104
1087
1079
1060
1040
1013
1029
51
978
955
982
1007
1013
1004
1025
1065
1073
1069
1053
1083
1084
1088
1069
1056
1078
1092
1095
1097
1081
1073
1114
1115
1115
30
1085
1101
1103
1095
1088
1077
1067
1041
1049
1037
1026
1043
1055
1065
1086
1065
1102
1118
1123
1117
1105
1092
1070
1093
1107
1110
1104
1084
1117
1132
1141
1137
1127
1120
1129
1138
1133
1126
1121
1100
1120
1125
1122
1108
1111
1095
1080
1060
1081
1094
1104
1121
35
1086
1098
1101
1101
1103
33
1070
1082
1082
1068
38
1030
1067
1075
1074
1053
1076
1078
1070
1052
1074
1105
1118
1123
1127
1125
1101
1100
1117
1116
1118
1125
1104
1125
1144
1156
1143
1127
1141
1144
1126
1150
1158
1136
1150
1153
1148
33
1116
1131
1118
1110
1089
1094
1111
1114
1113
1092
1116
1126
1126
1111
1116
1134
1139
1122
1125
1148
1158
1159
1132
1159
1160
1164
1166
1170
1150
1127
1125
1145
1125
1124
1113
1141
1145
1138
1113
1136
1149
1159
1147
1149
1129
1132
1147
1156
1164
1165
1149
1125
1131
1138
1143
1143
1133
1118
1145
1146
1139
1146
1128
1147
1156
1126
1146
1156
1161
1136
1136
1140
1125
1111
1113
1120
1115
1120
1125
1098
1101
1092
1099
1086
1095
1110
1117
1119
1115
1096
1124
1150
1153
1144
1151
1146
1137
1129
1132
1125
1137
1143
1142
1135
1126
1125
1131
1114
1139
1135
1125
1125
44
1082
1077
1074
1073
36
1037
1054
1053
1053
1041
1062
1072
1050
1062
1085
1093
1090
1070
1053
1044
1053
30
1024
1049
1051
1043
1048
1046
1043
1023
1043
1038
1024
1013
1014
1017
1031
1042
1016
1048
1039
1028
1018
1009
1013
1004
1018
1040
1013
1052
1075
1082
52
1030
1043
1088
1098
1100
1093
1086
1074
33
1041
1068
1050
61
989
987
1035
1037
1041
1061
1091
1070
1064
1086
1084
1080
1063
1087
1083
1082
1074
1074
1085
1080
1080
1079
1059
1071
1053
1078
1083
1088
1077
1083
1081
1078
1088
1088
1096
1094
1082
584
498
1215
109
1107
1088
1075
1080
1078
1071
1077
1083
32
1051
1084
1092
1095
1096
1077
1106
1096
1083
1069
1070
1083
1090
1088
1096
1088
1081
1086
1085
1092
1078
1051
1096
1093
1100
1082
1086
1083
1072
1060
1067
1065
1063
1052
1065
1072
1054
1082
1075
1087
1082
1073
1081
34
1047
1072
1066
1057
1053
1026
1038
1036
1075
1096
1122
32
1090
1108
1108
1113
1110
1139
1156
1160
1156
1166
49
1117
1152
1144
1148
1123
1141
1139
43
1096
1130
1108
51
1057
1076
1071
1071
1051
1079
1071
1076
1048
1078
1076
1081
34
1047
1084
1060
1056
1086
1077
1078
1086
1093
1104
1116
1127
1121
1122
1107
1124
1126
1129
75
1055
1041
1065
1070
1092
1088
44
1045
1072
1062
1080
1098
1108
55
1054
1081
1090
1071
51
1021
1049
1058
1073
1084
44
1041
1078
1103
1105
1123
1101
1116
1125
1124
1097
1087
1081
1087
1092
1088
38
1051
1072
1092
1099
65
1034
1054
1051
1048
1056
1055
1034
1065
1080
1085
1088
1090
1095
69
1027
1056
1063
1050
1041
1063
1063
1060
1062
36
1026
1044
1031
1014
1041
1058
1054
1045
29
1017
1046
1066
1077
1079
1082
1072
1051
1079
1073
1071
1069
1042
1068
1066
1071
41
1031
1059
1034
1066
1066
1060
1051
1041
1049
1059
1059
59
1001
28
974
1010
1030
1042
1054
1074
1070
1063
45
1018
1041
1041
1040
1039
42
997
1039
1058
1062
1075
1058
1056
49
1007
1038
1041
1051
1053
1062
1048
1029
1037
1025
1011
27
985
1005
1011
1018
1015
1028
1035
1051
1054
1051
1026
1046
1047
40
1008
1039
1054
1062
1061
1069
1067
1065
1062
1071
1067
1047
1073
1092
1087
1101
1102
1091
1075
35
1040
1027
1040
1039
1020
1006
1021
1027
1032
1038
1051
1060
1069
1076
1062
28
1035
1021
1022
1031
1029
1017
1027
1032
1016
1044
1036
30
1006
1038
1041
1047
1059
1038
1064
56
1009
996
1030
1046
1035
1068
1083
1112
1095
1079
1077
1054
1084
1091
1102
1109
1117
1122
1126
1133
1136
1133
51
1083
1095
1087
1067
1059
1069
1069
1060
1054
40
1015
1052
1067
1090
1104
1117
1114
1105
34
1071
1081
1097
1098
1090
1094
1102
46
1057
1079
1086
1093
1086
1074
32
1042
1054
1057
1060
35
1026
1062
1047
1043
1043
1053
1039
1064
1071
1074
1097
1085
1062
1098
1102
1098
1082
29
1053
1070
1070
1074
1074
1076
1093
1105
1077
1113
1117
1122
1108
1108
1084
1060
1065
1091
1078
1070
1058
1067
1067
1059
1064
1057
1048
1077
1073
1067
1088
1094
1091
1103
1097
1080
1117
1106
1108
1097
1102
40
1063
1082
1091
1094
1076
1070
1100
1086
1089
1066
1055
1077
1087
1060
1065
1093
1111
1113
1106
1085
31
1055
1061
1077
1088
1101
1093
47
1047
1071
1061
1060
1065
1072
1083
1073
1084
1076
1085
1086
1079
1075
31
1044
1060
1080
1091
1095
1076
1065
1065
1078
1089
1094
1092
1074
1065
1064
1064
1060
1070
1059
1093
1133
1135
1127
30
1098
1097
1098
1102
1097
1095
1074
1077
1062
1059
1040
1055
1044
1023
1044
1041
1043
1046
1033
1036
1059
1067
1075
1080
1086
1084
1056
1068
1075
1073
34
1039
1060
1075
1093
1087
1079
1063
1080
1088
1083
1094
1082
1082
1087
1093
1093
1076
1066
1087
1094
1106
1111
1099
1107
1110
1122
1115
1099
1095
1080
40
1040
1060
1066
1062
1079
1069
1088
1097
1096
1106
1092
1096
1099
1110
1107
1097
1074
1070
1069
1074
1078
1088
1073
1052
1070
1072
1084
1087
1091
1095
1091
34
1058
1063
1080
1076
1085
1067
1080
1082
1079
1083
1063
1047
1059
1066
1066
1073
1065
1065
1054
1040
1052
1052
1029
1023
1038
1056
1065
1076
1056
1074
1065
1066
1057
1053
53
1001
1004
1009
1044
1073
1096
1090
1095
1113
1118
1118
1093
1072
1061
1035
1051
1062
1065
1073
1070
1064
1059
1063
1066
1063
1081
1093
1077
1058
1065
1079
1086
1086
1077
1064
1062
1039
1066
1053
1082
1108
1083
1115
1122
1120
1100
1085
1076
33
1044
1069
1063
1062
1062
1093
1104
1102
1106
1085
1100
1087
1086
1084
1100
1101
1103
1084
1109
1119
1111
1096
1117
1126
1124
1132
1125
1106
1113
1116
1108
1088
1106
1106
1111
1112
1090
1107
1114
1111
1113
1106
1114
1127
1120
1122
1128
1131
1138
30
1109
1112
1119
1114
1115
1096
1091
1081
1053
1070
1065
1069
1056
1079
1110
1146
1165
1149
1138
51
1087
1093
1085
1083
1082
1072
1055
1049
1075
1075
1086
1083
1070
1079
1080
1083
1073
1066
1087
1101
1111
1142
1137
1131
49
1083
1115
1103
39
1065
28
1037
1048
1056
1064
1066
1064
1082
1089
1080
1089
1094
1081
1055
1082
1103
1108
1112
1109
1120
1102
35
1068
1095
1088
1076
1060
1081
1087
1088
1092
1081
1070
1058
1042
1053
1069
1077
1075
1067
1077
44
1034
1057
1075
1080
1090
1094
1080
1088
1098
1096
1105
1107
1090
1085
1084
1089
1111
1102
1099
30
1069
1093
1082
1083
1096
1099
1096
1102
1103
1102
1089
1092
1096
1097
1101
1102
33
1069
1093
1108
1092
1086
1073
1063
55
1008
987
1020
1012
1030
1038
1033
1064
1073
1081
1090
1084
45
1040
1060
1061
1058
1046
1058
1043
1056
1068
1072
1079
1080
1084
1076
1067
1070
1043
1051
1065
1065
1092
1102
1104
1095
1100
1092
1073
1053
1052
1054
1061
1062
1056
1056
1041
1069
1095
1110
1110
1101
1095
40
1056
1085
1070
1071
34
1037
1043
1048
1043
1035
1037
1068
1073
1064
1070
1071
1088
1096
1095
1087
1069
31
1038
28
1010
1052
1069
1085
1097
1108
1122
1115
1116
1096
1098
1088
1062
1078
1071
1067
1056
36
1021
1043
1045
1059
1072
1090
1103
1102
1087
1068
1086
1077
1070
1083
1114
1113
1109
1095
36
1060
1069
1073
1068
1072
1080
1086
1092
1084
36
1049
1052
1075
1069
1076
1073
1049
1070
1062
1065
1050
1037
1052
1053
1060
1071
1066
1094
1110
1111
1108
1089
1080
1084
1083
1074
36
1039
1051
1045
35
1011
1029
1018
1014
1011
1029
1051
1058
1076
1072
1083
1100
1105
1097
1102
1107
1100
1089
1092
1092
1098
1071
74
997
1017
1021
1037
1020
1021
1051
1057
1060
1059
1052
1048
1045
1031
1029
1050
1075
1077
1074
1094
1084
1087
1090
1062
1046
1053
1054
1058
1057
1046
1029
1050
1069
1087
1085
1082
1064
1070
1076
1074
1086
1075
1065
1039
1067
1063
1061
1064
1069
1068
1071
1051
1059
1083
1074
1069
1078
1083
1081
1072
1064
1049
1050
1052
1044
1050
1049
1064
1075
34
1041
1053
1050
1052
1080
1094
1097
1101
1094
1075
1089
1095
1096
1079
1062
1054
1032
1041
1044
1055
1066
1053
1072
1079
1071
1067
1046
1046
1046
1054
1050
1043
1025
1050
1049
1046
1047
1022
1044
1046
1042
1041
1014
1038
1038
1039
1059
1046
1063
1065
1073
1088
1088
1082
1083
1083
1085
1069
1083
1088
1079
33
1047
1055
1063
1063
1061
1063
39
1025
1039
1042
1060
1071
1092
1110
1125
1098
1110
1122
1110
1110
1090
1079
1076
1081
43
1038
1051
1052
1071
1065
1039
1073
1089
1103
1098
1098
1081
1063
1072
1072
1049
1054
1049
1039
1062
1069
1074
1077
1075
1085
1078
1079
1091
1092
1087
1105
1103
1095
1073
1074
1083
1063
71
993
1022
1040
1055
1090
1100
1109
1111
1117
1115
1102
40
1063
1047
1061
1065
1048
1057
1064
1083
1088
1089
1081
1054
1085
1092
1095
1102
1087
1083
1062
1062
1066
1063
1062
1057
1045
31
1015
1025
1030
1032
1027
1033
1040
1042
1051
32
1020
1041
1028
1034
1025
1031
1038
1014
1000
1019
1028
1046
1053
1055
1046
1051
1047
40
1008
1031
1041
1042
1050
1032
1022
1045
1062
1053
1049
1047
1022
1051
1055
1060
1049
1045
1042
1044
1042
1031
1043
1047
1040
1019
1053
1079
1080
1055
1065
1060
1059
1057
33
1025
1035
1032
1037
1032
28
1004
1028
1046
1050
1042
1024
1050
1041
1044
1032
1019
1037
1041
1033
1041
1030
1034
1030
1031
1010
1008
1020
1034
1032
1061
1082
1067
1061
1071
1067
29
1038
1040
1037
1031
1039
1019
1011
992
1007
1025
1033
1048
1035
1033
1055
1055
1053
1040
1059
1035
1052
1082
1103
1099
1097
1084
1060
1066
1081
1081
1094
1094
1099
1110
1124
1115
1110
1108
1104
1103
1099
1083
1105
1117
1110
1089
1081
1063
1057
1049
1042
34
1009
1022
1040
1043
1046
1059
1055
1066
1057
1046
1034
1059
1058
1075
30
1045
1073
1084
1088
1081
1100
1097
1084
1088
72
1017
1022
1033
1041
1028
1039
1062
1071
1059
1075
1093
1089
1072
1058
1089
1080
1084
1094
1103
1108
1093
1076
1071
1088
1092
1099
1101
1101
1092
1078
29
1049
1055
1052
1064
1080
1081
1075
1070
1070
1060
1054
1050
1051
1030
1053
1063
1077
1087
1074
1061
1051
29
1023
1046
1053
1056
1065
1080
1078
1086
1092
1092
1103
1102
1106
1100
35
1066
1091
1100
1119
1115
1104
1093
1092
1083
1072
1083
1089
1088
1088
1107
1131
1120
1144
1136
1132
1122
1101
31
1071
1078
1066
1055
1045
30
1016
1029
1039
1043
1038
1039
1026
1007
1024
1019
1037
1042
1072
1099
1104
1098
1101
1083
1085
1081
1067
1066
28
1038
1050
1056
1043
1063
1054
1057
1053
1047
1057
1054
1057
1037
1054
1048
1053
1065
1076
1062
1060
1072
1087
1078
1092
1093
1099
1099
1078
1058
1055
1048
1041
1038
1049
1051
1048
1041
1054
1059
1069
1075
1070
1053
1048
1056
1054
1050
1041
1064
1045
1058
1065
1071
1067
1067
1054
1028
1047
1047
1060
1068
1080
1083
1073
1060
1037
1042
1046
1062
1071
1060
1079
1116
1136
1142
1137
1129
1101
1103
1099
1084
1083
1087
1076
1102
1118
1123
1126
1129
37
1093
1099
1088
1080
1059
1050
38
1012
1027
1034
1053
1061
1056
1075
1083
1084
1079
1063
1043
1056
1090
1085
1084
1063
1084
1080
1069
1055
1081
1076
1083
1083
1080
1054
1078
1073
1072
1077
1068
1043
1056
1056
1061
1063
1068
1048
1065
1065
1068
1072
1063
1061
1058
1043
1035
1026
1050
1053
1046
1052
1073
1084
1078
1093
1092
1074
1058
1067
1079
1088
1086
1096
1098
43
1056
46
1010
1029
1002
1037
1028
1041
1058
1068
1071
1077
1064
1047
1058
1061
1055
1056
1062
1049
1075
1077
1087
1088
1083
1084
1095
1082
31
1051
1065
1062
1076
1079
1083
1093
1091
1092
1106
1092
1067
1083
1073
1072
1064
1053
1040
1041
1030
1038
1041
1049
1024
1039
1055
1057
1078
1108
1091
1110
1089
1093
1093
1083
1085
37
1049
1055
1115
1103
1093
1081
1077
35
1042
1053
1078
1101
1095
1090
1087
1076
1095
1122
1103
1102
1086
1092
1088
1088
1080
1098
1086
1092
1081
1061
1071
1072
1089
1089
1091
1083
1082
1084
1074
1055
1046
1069
1070
1068
1065
1054
1045
1046
1043
1053
1031
1056
1055
1061
1067
1069
1065
1066
1047
1032
1059
1075
1084
1092
1096
1094
1090
1067
1050
1032
1072
1091
1099
1099
1077
1058
1070
1080
1077
58
1019
1001
1026
1041
1051
1103
1122
1116
1113
1088
1085
1087
1083
1076
1058
1049
1070
1091
1081
1079
1059
1045
1058
1053
1051
1063
1058
1059
1063
1053
1060
1070
1085
1099
1093
1098
1110
1106
1099
1087
1082
1071
1080
1079
1078
1061
1064
1084
1101
1099
1097
1100
1085
1073
1092
1091
1086
1086
1083
1074
1067
1062
1088
1097
1092
1078
1094
1100
1107
1103
1098
1083
1091
1084
1086
1085
1083
1083
1069
1074
1084
1091
1085
1076
1091
1140
1129
1105
1087
1064
1063
1070
1068
1074
1079
1075
1067
1088
1100
1107
1110
1109
1114
1110
1095
1081
1098
1100
1101
1092
1087
1067
1073
1069
1052
1046
1057
1068
1081
1085
1088
1075
1083
1084
1085
1086
1079
1083
1076
1077
1087
1086
1087
1086
1081
1065
1070
1073
1077
1075
1061
1068
1092
1088
1097
1087
1076
1082
1086
1093
1098
1098
1097
1100
1109
1089
1094
1100
1089
1090
1077
1055
32
1024
1040
1052
1064
1069
1063
1038
1055
1061
1070
1063
1051
1052
1034
31
1003
1045
1055
1059
1072
1083
1076
1075
1056
1074
1078
1087
1085
1078
1086
1095
1100
1104
1106
1098
1094
1090
1085
1065
1056
1066
1069
1075
1072
1059
1072
1079
1069
1068
1052
1069
1070
1090
1084
1077
1077
1071
1048
1050
1028
1035
1036
1035
1025
1026
1047
1057
1064
1066
1061
1054
1056
1044
1059
1064
1072
1068
1065
1046
1036
1054
1056
1061
1062
1072
1067
1056
1080
1100
1108
1100
1091
1081
1087
1098
1103
1095
1095
1079
1074
1092
1101
1108
1110
1111
1107
1093
1073
1076
1083
1075
1083
1086
1085
1098
1084
44
1041
1046
64
983
1040
1031
1024
1018
27
992
977
980
974
961
956
969
972
984
984
989
985
971
966
959
965
958
967
956
953
958
955
952
930
924
925
917
924
925
927
940
933
935
914
52
862
870
853
840
34
807
827
823
810
802
821
811
796
800
810
804
791
801
811
817
803
817
820
801
801
796
790
782
771
772
759
760
753
749
21
728
744
738
757
755
746
770
773
771
777
779
776
31
745
755
749
754
22
733
734
737
738
734
741
743
725
726
726
742
735
721
723
730
735
25
710
721
729
740
21
719
714
711
721
717
724
726
713
724
734
718
711
718
732
721
711
23
689
702
706
715
20
696
695
706
717
701
696
705
710
695
682
688
690
692
682
683
698
690
686
699
707
703
20
684
689
701
700
689
679
682
693
696
687
702
724
741
730
713
740
744
33
712
708
729
725
729
723
751
761
25
736
740
756
25
732
28
704
704
725
741
737
765
778
782
784
820
843
830
842
888
919
907
933
36
898
893
910
889
30
860
875
876
880
888
881
879
891
896
875
905
916
910
35
875
900
899
25
875
856
900
920
913
891
923
939
942
44
899
898
925
925
37
889
901
935
955
958
30
929
936
955
952
934
984
1002
984
986
985
970
948
955
981
1005
1005
990
996
994
35
959
952
984
1009
1006
985
1015
1016
1008
34
974
985
1001
995
975
987
979
998
1028
1025
34
992
999
993
974
969
52
918
933
968
1012
1004
1029
1045
1046
1056
1057
1050
1064
1072
1048
1042
1046
29
1018
1008
1030
1027
31
997
1007
1026
1049
1029
1007
1039
1048
1080
1069
1087
1100
1101
1097
1083
1091
1084
1106
1090
53
1038
1041
1051
1047
1057
1032
1022
1041
1057
1063
42
1022
1026
1034
1051
1068
1072
33
1039
1017
1026
1047
1057
1039
1042
37
1006
1025
1059
1075
1083
1077
40
1037
1038
1043
1029
1025
1037
1052
1047
1043
1056
1060
1058
1054
1052
1064
1049
1046
1030
1044
1050
1062
1065
1052
28
1024
1030
1041
1045
1071
1072
31
1041
1057
1062
1051
1035
28
1007
1010
1025
1035
1037
1041
1025
1041
1061
1059
1067
1069
1071
1062
37
1026
1022
1034
1041
1061
1059
1047
1025
1042
1075
1092
1088
1087
1090
1092
1093
1096
1093
1084
1071
31
1041
1044
1051
1041
62
979
993
1015
1008
1028
1037
1047
1051
1039
1051
1053
1041
1037
1029
1046
1066
1063
1072
78
995
31
964
946
934
33
901
895
932
972
987
991
982
973
989
991
989
981
981
985
994
1006
995
44
951
967
992
991
1033
1053
1060
1060
1057
1042
1049
1051
1041
1038
1021
1011
1007
1010
999
1006
1015
1010
1018
1029
1023
1032
1032
1043
1052
1046
1043
1020
1007
1002
1021
1036
1027
1024
1023
1005
1014
1033
1038
1042
1036
1023
1043
1047
1048
1059
1059
1065
1062
1055
1041
1024
1002
990
998
1009
1002
34
969
36
934
959
968
959
1000
1019
1025
1034
1033
1037
1041
1030
28
1003
1004
1006
1024
1019
1005
1007
1011
1017
1018
1014
1028
1033
1037
1035
1039
1047
1044
1046
1043
32
1012
1021
1026
1034
1055
1050
1033
1043
1046
1031
1024
1003
1016
1016
1016
1025
1031
1039
1056
1062
1047
1022
1028
1020
1011
1016
1023
1059
1077
1072
1073
1073
1057
1066
1072
1057
1054
1062
1059
1059
1041
1047
1034
1039
1030
1026
1040
1048
1049
1043
1044
1038
1042
1030
1017
1003
1016
1004
1007
1017
1026
1029
1011
1018
999
1000
1005
1002
1000
1037
780
257
281
26
255
541
219
323
394
3084
406
2679

