08-09-2022 - 9:20 - Correr
Maria Concepcion Fuentealba
Intervalos entre latido y latido
853
850
36
815
817
850
869
32
837
832
864
894
31
863
31
832
835
848
872
859
30
830
849
848
849
35
814
813
839
880
881
60
822
821
862
869
869
43
826
823
824
830
810
810
839
875
883
48
836
840
859
875
43
832
820
830
831
828
27
801
837
838
865
44
821
829
857
867
852
51
802
795
826
836
837
25
813
838
841
825
35
790
784
793
805
27
778
799
796
791
27
764
780
780
783
769
752
759
771
776
24
753
767
785
800
787
780
787
791
777
763
794
829
845
24
821
826
823
826
28
798
786
791
795
794
777
33
744
29
716
747
779
842
866
880
882
27
855
840
859
872
872
25
847
852
855
855
40
815
817
821
825
823
863
843
852
832
41
791
816
827
839
823
801
792
820
814
828
48
780
791
787
790
777
760
778
798
804
793
780
810
816
817
43
775
775
772
791
792
34
759
761
768
788
798
23
776
800
831
840
824
36
788
795
799
805
795
793
802
800
808
789
797
802
804
27
778
775
807
803
805
26
780
782
792
804
790
771
801
836
841
839
820
842
843
838
33
806
833
841
824
28
796
827
822
835
29
807
815
827
834
38
797
836
845
828
808
825
822
821
811
842
835
29
807
803
808
37
771
779
772
781
768
778
804
807
794
788
796
810
800
785
812
827
839
820
851
855
888
34
855
837
851
874
878
30
849
874
899
880
32
849
828
826
834
832
23
810
811
834
840
30
810
804
820
835
853
831
839
852
842
26
817
37
780
792
804
23
782
764
766
767
763
771
786
817
26
792
796
795
820
813
802
821
846
833
28
805
830
842
848
33
816
842
878
884
879
881
874
29
845
41
804
843
854
864
42
822
806
810
835
824
823
845
868
846
827
823
821
829
813
818
827
826
808
809
820
832
815
824
845
866
36
830
841
833
844
36
808
799
822
827
35
792
784
791
803
800
812
833
849
28
822
807
823
827
815
24
792
810
817
805
785
784
791
792
778
781
799
802
26
777
773
799
809
795
791
810
830
25
805
32
774
32
743
728
770
803
849
854
865
846
23
823
822
835
858
868
867
851
860
896
909
900
31
870
870
883
887
25
862
40
823
832
844
835
817
813
812
832
835
817
818
823
841
842
35
807
817
820
816
824
824
861
873
36
837
830
833
842
832
812
818
844
856
24
833
815
838
854
25
830
818
825
830
831
815
829
818
819
800
789
792
804
790
773
784
778
788
788
807
804
805
795
789
799
786
765
751
35
717
701
24
678
672
26
647
644
635
627
620
612
614
606
602
595
593
589
590
585
578
573
567
567
561
558
556
552
548
548
548
548
546
545
544
541
543
540
539
541
540
539
538
539
538
536
538
536
538
541
540
542
541
541
543
539
540
537
535
536
533
534
531
532
528
525
524
524
525
524
525
523
523
522
522
520
517
517
516
515
512
511
510
508
508
503
504
502
502
497
495
496
494
492
490
490
487
485
485
484
482
482
482
481
481
479
478
478
479
478
475
477
477
476
474
473
470
470
471
470
469
467
467
465
464
465
465
462
462
461
460
459
460
458
458
457
457
455
455
455
453
450
451
451
449
448
447
446
445
444
445
445
443
444
443
441
439
442
440
438
440
437
437
440
437
436
434
435
435
433
433
433
430
430
432
432
432
430
432
428
429
427
430
430
427
429
426
427
428
429
425
426
424
425
427
424
425
425
422
423
424
423
34
390
455
34
421
426
422
421
422
420
422
424
423
419
421
420
419
422
420
419
419
418
420
420
419
418
416
418
416
419
419
416
416
416
416
416
416
416
415
415
414
416
415
415
416
414
414
415
416
415
416
415
414
416
416
415
414
416
414
416
415
416
415
416
415
416
416
416
416
415
414
416
416
417
416
416
417
418
417
418
418
418
421
419
421
422
423
424
423
425
425
425
424
423
424
425
423
426
425
424
427
426
427
429
429
428
431
435
439
441
444
442
445
446
448
449
447
449
450
453
455
453
457
460
460
465
462
464
468
472
470
472
473
472
469
469
474
479
483
487
482
481
481
479
481
480
477
477
481
486
491
495
493
492
491
493
497
500
505
500
500
504
508
514
521
523
519
516
522
527
535
542
534
531
536
537
544
545
541
539
539
546
561
569
17
553
550
546
554
557
562
554
550
552
558
571
570
559
555
567
573
578
567
563
569
580
580
573
566
571
577
596
19
577
583
572
580
587
573
560
558
560
568
558
555
561
565
566
560
557
561
570
575
571
561
558
575
573
576
579
573
574
563
562
571
580
580
583
597
599
613
598
600
615
631
623
24
599
589
588
588
583
591
601
609
609
600
596
609
623
618
609
601
606
611
618
611
614
616
625
615
614
617
630
634
623
624
626
642
639
626
627
640
659
658
654
641
661
670
676
663
31
632
631
671
672
683
685
673
19
655
679
677
685
666
684
681
701
21
681
23
658
690
673
684
676
678
681
698
20
679
687
684
700
20
681
682
694
702
687
21
667
690
684
700
686
670
706
708
731
714
699
702
687
25
663
658
662
670
666
660
676
687
708
22
686
686
707
703
703
689
691
702
712
695
678
698
699
710
702
691
708
705
716
700
686
716
719
729
709
701
717
722
709
692
709
704
704
27
677
695
703
725
747
27
720
737
743
747
30
717
719
720
728
714
27
688
669
679
732
723
21
703
734
793
803
827
848
885
874
52
822
56
766
802
815
63
753
42
712
710
739
723
710
727
732
738
737
748
746
742
743
22
721
720
727
23
704
729
711
739
738
725
714
711
695
683
682
672
671
669
672
683
692
703
714
716
707
708
708
713
726
726
716
699
692
692
708
710
708
707
715
712
696
682
683
686
692
714
718
748
734
720
742
743
749
729
729
746
760
745
745
760
778
757
741
749
757
795
796
22
775
759
752
754
741
740
756
768
761
32
730
726
724
718
710
713
733
748
756
749
774
783
775
23
752
745
748
757
746
731
730
716
698
25
673
685
848
890
894
873
57
816
60
757
33
724
708
709
705
719
742
746
749
748
755
762
765
751
733
734
742
751
744
736
749
748
751
748
748
756
764
759
751
758
764
780
769
750
746
750
750
743
729
733
748
766
768
755
760
763
747
24
723
726
717
703
686
677
680
684
691
699
704
708
719
741
759
750
739
751
755
759
743
742
748
759
761
751
775
773
780
762
764
771
793
791
774
757
761
757
754
768
786
811
819
36
784
798
780
802
785
764
758
763
775
763
758
776
783
783
767
750
751
753
764
748
746
753
755
764
755
763
769
782
770
768
769
769
750
749
750
756
751
739
746
755
746
727
739
741
727
715
721
717
721
714
710
706
698
696
695
694
687
680
678
664
650
644
648
653
665
670
669
666
684
700
716
732
751
757
754
764
765
776
776
755
764
766
756
752
737
24
714
709
714
731
735
727
728
709
710
710
717
708
702
686
686
698
700
714
712
711
726
741
756
745
756
769
767
23
745
758
757
756
755
773
775
772
762
779
789
784
771
800
814
799
793
803
795
26
770
770
782
795
30
766
748
750
769
774
761
770
766
774
760
762
763
766
770
770
772
758
23
736
738
729
22
708
702
707
717
728
738
735
722
707
705
706
703
707
722
728
726
727
742
745
745
750
747
23
725
713
713
709
700
708
712
746
25
721
739
758
782
797
784
788
22
766
758
748
734
727
720
711
704
20
684
675
672
666
666
672
688
718
758
791
23
768
773
784
797
807
791
801
795
777
777
775
766
766
776
773
770
25
745
23
722
721
728
734
737
739
744
738
741
768
778
777
763
787
791
772
780
774
25
750
749
752
738
733
739
738
742
730
724
726
742
746
736
747
748
754
757
753
21
733
734
21
713
702
695
687
680
670
659
659
650
652
646
651
655
668
702
736
762
776
791
803
790
778
775
793
794
815
801
24
778
778
786
797
786
799
791
793
29
765
768
768
786
787
30
757
752
750
750
752
754
768
786
813
830
839
833
23
811
23
788
30
758
739
737
744
752
782
31
751
748
767
772
22
751
746
752
763
758
747
729
727
737
748
750
735
735
741
750
768
789
779
760
759
772
781
770
767
780
789
791
832
853
28
826
32
794
790
791
791
778
28
750
758
761
783
777
22
755
746
734
721
724
711
722
728
717
703
707
720
736
749
760
776
793
776
785
794
803
783
765
762
781
779
758
753
764
761
775
793
777
770
782
778
761
22
740
735
725
718
712
708
707
709
709
698
685
686
700
719
722
735
765
759
757
771
754
31
724
720
747
750
748
763
782
800
807
28
780
780
777
782
785
785
23
762
774
791
814
841
845
41
805
802
804
801
790
772
775
776
771
799
816
32
784
764
776
783
31
752
770
784
803
808
791
803
785
29
757
756
745
741
737
725
716
715
719
736
757
750
735
748
750
757
750
779
793
800
798
786
25
761
776
782
788
773
26
748
734
735
745
767
794
779
811
815
860
873
31
842
833
827
833
823
834
814
30
785
41
744
33
711
713
717
750
814
840
867
32
835
838
839
843
835
834
841
831
830
826
822
820
821
818
804
804
794
791
791
782
22
760
761
759
749
28
721
728
729
743
727
722
719
731
739
750
780
801
785
796
794
793
777
765
761
784
791
793
778
806
823
821
801
812
816
820
30
790
23
767
765
777
774
758
759
766
784
794
790
24
766
773
774
782
791
791
804
810
805
25
781
780
785
765
750
767
776
784
797
792
27
766
764
751
24
728
715
728
748
733
743
761
773
762
786
791
807
790
777
784
797
804
785
767
773
787
802
787
789
796
804
22
782
777
761
21
740
738
726
728
735
734
718
731
750
788
798
787
823
838
24
815
827
847
830
848
840
847
34
814
814
832
829
832
818
819
802
782
771
784
778
766
768
779
772
778
775
762
767
781
801
818
830
25
805
40
765
749
741
750
760
762
769
757
774
783
771
771
778
793
828
836
36
801
804
810
801
781
772
775
783
788
783
813
825
832
836
42
795
793
794
785
779
775
28
747
749
746
750
751
748
744
733
732
713
710
708
708
705
709
731
749
753
762
757
759
756
24
733
730
726
735
761
783
788
784
785
799
791
772
756
763
767
785
773
789
809
840
853
40
814
828
823
828
29
799
826
825
29
796
788
788
792
789
798
800
22
779
785
790
797
27
771
773
778
783
773
768
774
772
787
772
757
757
758
766
750
760
770
774
28
747
757
753
759
756
769
791
793
782
33
750
755
751
739
745
763
782
789
777
787
786
799
23
777
765
774
784
767
758
756
756
25
732
721
722
724
746
773
774
775
768
757
27
731
716
708
711
721
741
732
729
735
746
758
767
789
782
777
763
761
759
740
743
749
764
770
752
752
750
737
741
738
766
773
791
805
803
26
778
773
781
773
24
750
750
755
752
22
731
732
740
760
791
781
28
753
773
781
788
788
776
784
785
778
22
756
751
748
756
774
773
798
806
794
800
49
752
22
731
717
724
745
768
752
754
757
774
782
762
747
744
739
762
787
795
802
803
800
800
787
791
796
22
774
23
752
760
776
798
791
790
798
810
826
815
25
791
798
804
811
791
801
811
805
33
773
753
767
789
791
821
799
23
777
789
802
808
804
804
815
824
846
858
849
860
846
839
48
792
795
795
790
779
771
28
744
767
790
790
774
798
799
793
784
789
791
815
30
785
793
809
839
829
830
821
839
36
804
807
198
609
1012
162
850
845
54
792
796
806
829
816
817
830
831
811
807
809
798
24
775
793
815
827
29
799
824
825
813
825
828
836
820
834
844
31
814
808
808
815
816
818
813
33
781
790
801
818
822
805
785
786
780
788
789
801
797
813
818
816
815
816
807
39
768
761
758
761
777
800
787
778
791
24
767
750
748
760
764
761
751
739
753
769
793
837
852
836
25
812
827
819
810
794
799
780
760
767
780
782
774
788
802
825
823
39
784
770
771
761
762
751
733
734
720
708
702
691
692
704
725
751
738
732
736
743
760
775
778
25
753
31
723
750
844
869
889
907
908
899
893
877
869
854
842
830
825
829
815
26
789
787
774
780
781
813
838
854
850
38
813
809
801
786
31
756
738
731
729
719
732
743
760
787
786
803
799
801
23
779
776
772
772
775
786
783
765
756
747
24
723
708
705
712
716
713
737
759
770
761
747
747
758
753
760
773
776
755
739
727
708
691
685
691
710
743
778
768
783
820
806
804
31
774
768
768
771
22
750
745
750
773
773
774
790
808
809
794
811
808
811
32
780
791
804
809
816
794
801
39
763
765
775
762
768
775
764
750
757
780
782
808
35
773
777
775
765
27
738
733
732
727
726
709
699
687
676
679
687
703
707
698
702
715
739
744
753
752
778
801
787
772
768
768
763
751
750
771
777
811
847
833
832
838
853
47
806
791
803
816
832
817
31
787
24
763
755
754
779
770
768
750
748
750
773
797
782
792
819
831
815
823
804
797
782
25
757
756
766
760
762
763
776
767
765
761
742
27
716
708
698
685
681
689
709
734
739
752
764
796
789
772
785
771
775
792
807
810
33
777
778
787
794
813
802
36
767
771
766
757
768
772
805
797
790
829
831
816
804
796
805
799
795
784
792
778
781
797
798
782
788
809
794
787
797
799
25
774
754
761
770
785
795
797
802
817
30
787
775
768
774
776
782
30
752
746
764
774
803
792
782
791
771
751
764
766
21
746
759
791
821
806
821
827
842
864
856
27
829
35
795
793
791
780
760
765
774
774
765
752
743
753
764
781
777
757
744
24
720
711
728
734
730
753
774
767
751
779
804
798
786
788
789
797
812
822
806
828
850
842
841
851
864
872
32
840
829
841
835
819
800
799
801
804
22
783
775
795
808
33
775
777
786
805
791
801
823
820
808
832
852
851
37
815
830
842
841
27
815
803
800
812
801
792
800
805
830
833
826
816
830
840
25
816
833
857
871
855
55
800
43
758
768
802
842
874
875
877
26
852
846
834
23
812
795
22
773
782
791
829
859
871
849
834
833
817
824
823
805
791
800
813
827
820
818
809
803
810
799
27
773
756
755
739
723
732
753
771
791
787
779
787
790
779
767
767
791
794
808
796
791
25
766
771
772
783
780
765
777
787
791
28
763
755
758
755
743
762
787
803
793
798
816
807
32
776
792
790
36
754
736
750
762
748
752
762
767
777
777
800
798
801
781
783
776
789
800
782
787
791
797
784
783
794
794
38
757
768
772
794
793
799
800
785
767
765
766
758
743
738
736
752
791
775
795
801
798
784
28
756
745
734
730
723
726
736
733
718
709
716
731
745
760
746
732
730
744
750
767
794
810
795
777
769
31
738
739
748
764
770
777
788
780
32
748
745
739
727
730
751
749
750
764
788
811
846
836
838
821
30
791
774
775
768
750
750
761
772
781
789
798
778
770
803
824
825
809
812
807
26
782
27
755
753
765
791
804
791
798
796
32
765
766
771
769
752
744
755
769
797
796
827
840
837
40
798
793
790
782
787
814
828
816
24
792
823
820
30
791
775
776
785
815
840
23
818
821
32
789
787
793
799
35
765
748
759
775
804
789
792
822
836
26
811
803
809
820
27
793
798
820
827
808
822
817
806
842
846
27
820
798
825
848
43
806
823
837
829
810
814
837
856
835
34
802
841
861
863
865
875
877
36
842
838
855
864
32
832
42
791
801
831
836
822
32
791
804
820
826
25
801
797
812
814
799
788
805
821
799
793
797
818
813
832
840
856
852
860
850
834
34
801
784
771
784
774
774
24
751
738
720
708
703
704
692
703
693
691
683
682
706
726
725
707
712
730
750
23
728
743
779
774
767
786
805
833
840
843
25
819
832
848
836
848
34
815
39
776
25
752
733
755
782
769
805
840
846
829
830
850
858
31
828
829
838
854
859
27
833
860
864
861
34
828
853
862
843
838
849
859
24
835
857
861
846
830
838
837
825
842
842
853
840
839
828
850
843
25
819
851
866
28
838
26
813
827
820
32
789
26
763
757
766
786
826
39
787
802
811
824
30
794
794
812
798
24
775
793
820
852
834
854
890
875
47
828
843
39
805
794
806
834
822
810
819
833
833
844
859
27
833
53
780
791
807
804
22
783
776
797
846
881
864
29
835
857
852
42
810
791
811
810
837
854
865
31
835
838
850
853
833
812
816
831
813
839
847
840
37
804
814
818
798
790
801
810
792
791
814
846
850
869
26
843
856
31
826
829
808
25
784
786
798
794
791
34
757
747
753
765
745
747
756
754
778
786
788
824
818
848
841
833
29
804
793
797
791
26
766
761
781
805
813
812
840
869
860
43
818
817
827
810
794
801
795
32
764
744
740
749
740
742
747
762
749
778
806
833
864
846
843
829
807
42
765
23
743
729
719
729
719
734
746
743
728
26
703
690
678
663
655
657
650
634
641
654
679
695
689
692
700
721
747
776
790
27
763
756
752
28
725
35
691
692
718
753
745
776
786
798
804
798
27
772
758
23
735
723
717
708
692
686
678
693
704
721
709
708
704
693
678
677
699
697
719
750
808
820
825
811
819
835
841
23
819
826
815
799
808
815
819
832
861
857
837
842
835
814
799
801
805
796
781
792
787
775
801
795
23
773
760
765
767
771
752
764
771
767
760
765
769
753
767
754
750
750
767
776
785
773
794
813
800
802
819
815
794
785
786
795
810
805
808
833
832
24
808
820
815
813
25
789
803
812
842
825
829
823
810
29
782
762
766
785
786
780
768
781
780
779
22
757
767
794
791
783
805
805
799
27
773
790
806
31
775
769
789
789
776
785
791
794
778
768
775
786
25
761
779
789
781
791
801
812
31
782
780
774
764
746
754
755
773
774
759
765
749
743
751
758
760
757
750
752
767
762
764
779
781
762
753
767
782
785
790
776
760
753
736
723
706
21
685
687
709
739
779
781
784
791
795
796
777
781
778
779
787
780
775
30
746
727
741
749
761
744
747
759
760
742
734
740
747
728
736
759
770
773
795
812
25
788
778
786
793
796
785
795
815
806
809
35
775
791
779
762
763
779
779
778
786
802
801
799
791
806
799
788
775
763
776
779
792
789
775
798
794
791
24
767
779
781
795
27
769
752
774
772
755
754
772
779
788
22
767
767
772
757
748
750
765
773
767
787
781
775
778
768
756
757
749
735
736
743
766
798
785
795
797
822
813
806
28
779
784
770
764
765
762
753
744
737
728
717
707
692
692
699
701
713
721
749
791
816
832
24
808
813
810
807
787
776
768
768
757
742
744
738
761
763
757
34
724
711
700
706
729
730
718
707
707
708
708
716
709
728
746
755
752
753
758
775
25
751
760
756
748
752
766
773
774
758
750
779
797
797
783
768
756
30
727
712
740
771
784
784
809
819
828
821
833
828
806
810
798
784
781
799
812
830
811
23
788
802
798
782
776
784
802
819
806
808
807
819
23
797
802
802
821
831
27
804
815
822
830
817
814
821
810
802
791
803
809
792
801
810
813
816
807
797
27
771
762
752
751
764
787
794
806
27
780
791
802
793
800
803
810
794
798
800
812
827
24
803
812
812
819
830
34
796
798
799
798
22
777
785
811
834
830
808
811
804
794
791
27
765
753
756
773
778
786
791
793
810
26
785
790
788
793
23
771
781
777
787
779
760
33
728
713
716
733
772
789
795
810
804
799
797
791
792
793
798
805
22
784
779
781
791
795
795
28
768
776
771
763
746
750
754
742
736
736
744
744
741
747
743
750
740
751
754
760
752
748
751
755
765
756
757
771
777
788
771
754
759
771
786
786
776
791
790
799
796
811
811
798
798
793
792
797
782
786
784
24
760
21
740
734
746
750
743
737
746
751
745
757
758
758
763
769
759
748
756
750
742
731
735
744
751
750
750
763
777
777
770
764
783
779
801
796
829
847
843
46
798
29
770
36
734
738
742
775
788
792
811
828
829
830
818
817
805
796
783
765
767
783
800
804
796
801
791
782
791
798
802
792
778
786
805
819
825
26
799
797
788
785
791
782
802
808
817
796
826
843
27
816
802
814
26
788
796
783
781
791
794
774
781
792
808
24
785
773
791
783
797
809
804
817
832
846
840
25
815
826
840
834
827
826
837
837
47
791
803
799
791
774
22
752
761
765
747
756
758
757
773
773
774
779
785
800
791
807
822
822
808
805
807
821
809
24
785
777
781
796
793
25
769
792
805
802
805
33
772
777
781
789
797
780
776
781
791
779
774
791
776
767
768
778
775
758
749
756
768
783
773
791
810
814
25
790
805
823
832
839
29
811
809
811
28
783
775
779
788
779
791
776
782
785
772
25
748
750
743
735
741
724
728
746
772
777
781
771
780
780
33
747
731
773
824
834
869
884
877
862
856
850
837
831
825
821
823
825
805
799
805
805
804
805
24
781
776
781
804
818
833
842
841
851
838
825
814
814
823
825
36
790
786
777
778
812
814
39
775
787
788
785
786
774
769
33
736
730
755
758
742
772
795
816
875
870
858
849
833
48
785
773
772
785
809
835
825
35
791
777
784
798
816
798
807
832
854
835
847
842
852
25
827
838
841
823
815
818
803
22
782
776
766
21
746
737
732
716
725
733
731
739
741
733
736
740
748
752
765
749
751
21
731
736
723
714
733
738
748
742
751
748
739
745
735
730
727
708
704
698
695
706
710
719
738
738
732
723
716
713
726
743
759
768
756
761
774
789
791
791
785
800
814
821
801
796
801
815
797
783
801
820
833
819
812
795
808
813
831
822
813
810
814
810
825
821
820
833
835
820
811
821
819
832
821
26
795
807
822
26
796
788
788
769
759
753
769
775
756
740
749
755
771
791
808
800
785
791
787
807
810
837
837
840
821
24
797
784
779
769
777
787
781
36
746
748
761
786
826
846
872
885
887
887
884
37
847
24
824
829
833
826
837
840
867
876
886
41
846
42
805
801
799
803
830
860
858
39
820
836
834
28
807
795
796
791
821
835
847
43
805
803
826
819
807
789
796
797
802
25
778
768
781
805
827
839
28
812
839
36
804
787
799
805
830
853
39
814
36
779
28
751
746
744
749
765
791
807
814
835
837
28
810
827
846
863
861
858
873
883
879
27
853
838
848
853
867
881
870
866
38
829
818
822
838
857
875
889
63
826
825
823
839
24
816
818
821
27
795
821
833
860
853
840
26
815
798
819
827
844
868
880
887
895
897
881
867
28
839
851
854
864
880
880
28
853
850
859
871
905
912
892
891
882
865
28
837
845
866
890
869
861
885
892
890
871
58
813
804
798
820
26
794
799
824
846
883
885
33
853
864
35
829
833
840
841
832
853
861
865
875
900
899
51
849
833
853
833
816
831
858
860
25
835
826
849
846
899
892
894
60
835
826
830
832
871
906
896
890
886
51
835
833
844
829
811
815
842
870
871
36
835
833
850
27
824
834
847
885
863
846
842
864
37
827
35
792
793
31
763
26
738
749
784
823
847
872
891
887
877
872
851
832
23
809
792
795
799
814
824
816
822
855
851
856
857
40
818
812
798
786
788
784
769
760
21
740
736
720
720
713
700
683
679
674
677
686
703
710
720
721
712
715
741
758
21
738
758
783
807
815
846
880
874
871
856
43
813
798
804
788
786
797
808
823
851
34
817
823
823
842
830
24
806
832
865
889
873
868
29
839
838
839
855
851
865
882
875
884
884
886
889
890
49
842
27
816
33
783
23
760
792
837
40
798
815
852
881
872
54
818
810
813
800
791
772
31
741
727
22
705
705
25
680
685
672
23
650
651
634
632
629
624
616
609
611
605
595
587
586
587
597
633
661
692
719
750
774
760
742
26
716
703
20
683
666
656
645
639
637
629
625
625
639
654
658
658
669
659
655
646
642
633
634
625
627
625
633
652
666
668
664
669
672
671
666
668
670
668
668
681
684
686
695
697
702
691
22
669
661
660
653
649
649
644
643
643
641
644
655
661
664
659
656
653
652
641
640
651
656
681
692
704
706
709
709
707
703
690
689
688
695
687
686
707
730
762
764
750
768
781
24
758
772
26
747
734
23
711
718
718
711
725
743
762
760
760
743
727
719
21
699
685
680
671
668
668
668
664
666
678
686
693
687
679
685
682
675
675
681
679
681
683
686
696
696
695
684
679
672
666
656
650
641
640
638
645
654
655
655
651
655
645
632
632
643
662
666
668
679
698
710
703
691
694
681
675
671
667
666
662
679
19
661
662
669
663
658
661
666
666
659
653
661
671
657
649
651
656
655
651
645
651
664
664
669
664
677
681
679
676
669
675
686
705
702
687
699
701
704
695
685
695
703
714
719
705
702
707
713
699
696
713
729
748
735
752
769
752
762
761
757
739
768
764
752
735
746
727
710
696
693
677
668
679
695
742
750
21
729
711
708
690
675
666
661
655
648
647
653
657
660
672
674
683
690
704
718
725
724
750
790
823
827
47
781
43
738
30
708
22
687
23
665
655
645
634
629
623
624
623
627
626
625
627
627
626
626
623
619
618
614
615
612
609
607
604
600
601
600
598
596
596
591
589
590
588
590
583
583
581
580
583
596
607
608
602
610
615
627
628
630
634
631
627
624
623
621
618
620
617
619
617
617
617
620
622
620
627
621
622
630
629
628
631
639
628
628
625
626
621
622
634
646
642
638
645
645
642
650
650
646
646
651
655
651
645
662
661
661
663
665
660
659
654
663
655
664
689
710
712
714
717
723
724
728
725
731
734
31
704
24
680
22
659
658
651
646
649
666
681
673
687
705
717
718
717
720
710
706
707
694
676
671
20
652
639
631
622
609
595
593
590
590
597
600
608
625
651
674
671
684
692
700
690
687
688
20
669
661
652
654
671
689
712
715
718
701
709
717
712
709
724
743
768
755
737
766
764
761
746
771
794
832
831
50
781
781
787
778
22
756
740
770
792
791
23
768
783
797
825
833
42
792
33
759
746
728
727
713
716
704
703
731
796
813
28
785
794
808
807
819
814
26
788
776
802
830
860
864
28
836
45
792
811
833
830
27
804
28
776
788
813
839
872
31
841
855
871
865
40
826
808
804
810
818
808
793
795
797
826
826
841
823
846
833
831
830
42
788
804
811
794
798
822
853
871
870
849
48
801
807
810
849
882
863
881
888
867
34
833
859
874
870
45
825
814
833
828
836
840
831
815
26
789
791
784
804
804
31
774
771
769
777
784
794
831
846
850
839
856
864
872
875
33
842
858
861
845
846
879
865
863
40
824
30
794
792
817
826
821
817
822
834
37
798
813
827
861
31
830
825
829
832
845
875
870
867
866
874
858
854
862
46
816
856
858
871
869
889
904
899
71
829
839
844
37
807
24
784
800
827
823
825
833
848
866
874
858
898
893
38
856
863
878
875
31
845
832
821
816
803
833
852
843
839
23
817
833
862
846
30
817
825
854
56
798
792
32
761
753
26
727
716
708
701
695
695
697
716
727
750
780
791
810
819
835
833
843
24
820
41
779
26
754
777
807
832
845
847
25
823
46
777
765
764
770
779
23
757
755
766
799
807
805
810
822
832
832
25
807
838
864
862
31
831
838
849
857
35
823
839
883
886
879
31
849
885
874
36
838
847
870
891
888
27
862
859
861
873
862
867
869
857
855
27
828
826
806
833
822
818
28
791
777
765
756
752
750
743
737
743
740
741
735
766
788
772
780
815
854
862
28
834
847
876
908
885
59
827
844
876
904
27
877
884
893
888
899
876
28
849
868
897
26
872
872
880
886
877
46
832
843
888
874
32
842
823
843
873
875
878
880
25
856
884
897
59
838
837
831
853
859
873
39
834
839
853
849
838
859
571
288
574
883
59
825
826
839
878
900
883
898
881
26
856
31
825
839
855
877
28
849
868
890
903
32
871
868
880
878
895
923
932
928
905
67
838
844
862
855
859
24
835
40
796
796
786
770
772
778
792
804
819
815
24
791
791
34
758
743
744
761
772
806
825
853
853
56
798
790
809
829
821
511
310
491
784
773
785
790
796
810
816
798
26
773
777
765
756
750
772
801
811
826
819
40
779
31
748
757
792
821
847
870
854
38
817
837
836
827
813
800
808
847
875
897
888
893
879
39
841
847
852
42
810
31
780
778
774
764
766
760
760
763
761
760
749
739
732
735
743
747
762
795
792
797
822
32
791
792
805
795
807
811
816
810
806
811
814
841
855
852
24
829
841
858
839
832
828
820
805
804
827
825
23
802
788
768
766
770
767
775
756
751
768
779
816
832
828
847
857
843
34
809
809
812
820
822
834
367
468
125
343
816
836
49
788
778
794
807
808
791
32
760
745
735
741
747
761
781
772
792
793
784
23
761
758
771
792
826
23
803
31
773
27
746
729
735
748
764
775
799
804
809
797
822
834
833
822
850
845
851
859
847
836
825
833
824
802
808
824
844
875
26
849
831
833
815
24
791
798
814
837
838
837
826
814
26
789
773
34
739
734
738
755
767
774
801
814
838
854
47
808
817
821
853
903
947
950
933
918
55
864
849
837
851
854
863
889
905
912
904
899
881
871
863
863
26
837
853
856
29
828
822
825
840
854
846
35
811
813
814
33
782
786
791
805
824
814
795
815
828
833
818
843
855
28
828
838
848
854
842
878
880
26
855
856
26
830
853
863
884
870
880
888
875
853
878
915
918
905
36
869
877
892
916
34
882
879
881
892
875
855
844
874
887
912
888
889
888
27
862
865
862
53
810
34
776
786
827
818
806
834
824
822
33
789
30
759
749
739
739
742
731
732
719
717
724
746
735
754
757
748
728
750
785
789
828
879
917
916
65
852
867
867
886
875
875
877
863
859
36
823
840
859
844
850
883
879
868
43
826
827
840
862
867
32
835
825
846
23
824
35
789
22
767
778
805
823
861
876
876
859
34
826
28
798
800
814
854
31
823
843
860
849
863
871
871
895
916
930
973
56
918
48
871
868
29
839
24
816
812
806
803
819
820
805
805
794
791
771
791
804
830
831
841
852
836
828
847
861
881
888
63
826
864
899
952
61
891
869
860
891
894
901
896
902
901
894
24
870
849
836
859
900
900
907
926
916
903
46
858
52
806
792
830
873
915
927
46
881
882
893
897
32
865
867
876
885
27
859
869
879
65
815
814
837
853
872
858
866
865
854
840
38
803
818
845
861
860
594
267
607
876
877
869
40
830
839
820
798
813
809
799
801
799
813
795
806
824
853
876
25
852
887
871
44
827
828
842
857
857
875
43
832
850
859
869
847
860
889
884
871
882
908
889
883
890
875
46
829
846
866
875
889
874
901
890
893
896
26
870
31
839
835
840
842
825
838
867
861
34
827
831
857
874
47
827
824
837
836
29
808
820
830
838
856
848
864
860
56
805
27
778
761
743
741
735
721
716
714
718
725
732
735
733
739
750
753
771
801
809
824
827
37
790
47
743
743
750
793
833
865
917
913
928
912
64
848
45
803
792
798
830
871
912
938
953
942
933
62
872
858
864
875
882
899
915
912
907
900
27
873
860
841
33
809
822
816
824
830
812
795
802
793
791
770
778
787
783
798
823
840
846
875
861
37
824
835
837
409
429
35
395
813
820
820
24
797
787
28
759
759
743
745
751
739
740
760
790
787
774
769
756
26
731
716
713
717
722
731
733
726
720
730
726
727
712
712
707
712
723
730
747
735
741
750
759
770
772
775
794
796
808
833
838
833
25
808
806
824
858
867
854
50
804
799
804
806
808
790
779
780
771
760
757
766
752
752
772
766
768
21
747
747
728
23
706
697
706
710
721
716
734
738
759
762
758
785
777
772
773
766
768
757
786
770
760
785
797
805
798
785
801
822
831
822
40
782
765
779
787
777
791
799
798
805
797
23
775
770
780
777
24
754
759
760
776
792
806
800
816
830
817
29
789
797
802
799
795
22
774
764
755
760
769
751
750
744
765
792
813
813
35
779
789
807
28
780
35
745
752
775
791
807
830
858
855
844
877
897
882
871
864
870
24
846
860
885
881
39
843
867
868
847
835
843
872
873
28
845
823
829
852
854
834
835
843
862
45
818
822
834
871
871
881
38
844
869
866
457
409
453
876
893
43
850
30
821
829
827
833
821
821
811
799
785
800
793
785
776
762
783
785
816
811
800
817
826
837
821
827
855
871
42
829
831
833
39
794
776
770
768
789
811
822
823
838
830
826
26
801
785
23
762
748
31
717
731
30
701
708
730
763
801
852
895
915
928
932
932
935
921
45
877
881
890
916
929
42
888
44
845
41
804
803
803
822
842
869
868
865
872
886
40
847
862
855
28
827
34
793
801
802
833
858
883
865
869
858
26
833
833
836
857
847
855
858
875
876
24
853
33
820
35
785
767
800
793
825
815
841
44
797
27
771
26
746
731
30
701
695
679
675
321
355
41
315
669
327
343
20
324
667
674
674
670
676
675
680
695
698
705
700
697
326
372
30
342
698
710
713
719
708
717
724
721
738
741
754
760
776
791
797
796
810
824
823
811
823
813
803
821
824
828
809
799
814
34
780
781
797
803
813
801
822
805
796
804
810
804
815
833
29
805
831
865
855
839
827
811
812
807
115
693
943
135
808
804
31
774
763
776
797
840
863
851
864
882
878
885
885
28
858
861
869
872
868
48
820
819
831
839
850
846
830
819
836
844
31
814
801
839
895
921
46
875
41
834
846
857
889
922
912
37
875
33
843
842
895
875
24
851
26
826
28
798
797
821
833
847
853
51
803
791
814
848
883
919
31
888
911
912
931
934
964
981
44
938
33
905
906
925
936
954
932
914
903
897
888
865
867
866
877
890
876
857
855
874
874
871
26
846
860
853
849
35
815
45
770
165
606
861
131
730
719
203
517
913
191
722
712
710
702
704
708
714
716
720
732
750
804
839
833
824
818
807
789
806
838
856
842
855
50
806
40
766
762
792
813
831
833
833
833
831
836
862
848
37
812
836
859
32
828
24
804
824
833
847
831
832
847
874
866
863
888
907
28
880
865
856
873
878
31
848
842
849
881
890
872
866
883
886
886
24
863
880
909
907
31
877
893
885
868
859
871
879
28
851
850
851
23
828
815
848
880
912
899
900
911
937
922
900
935
939
918
27
892
903
895
889
875
875
875
864
849
35
815
842
875
910
897
26
872
916
913
913
60
853
859
882
886
901
26
876
883
912
911
894
898
44
855
55
800
31
770
750
786
852
898
950
934
928
45
884
880
878
870
859
26
833
39
795
36
760
770
836
868
901
915
941
916
896
34
862
888
913
939
935
42
894
912
936
27
910
896
879
904
902
907
27
880
27
854
836
829
836
835
836
862
853
882
884
33
852
27
825
825
809
810
33
778
24
754
745
750
791
838
837
877
897
894
38
857
852
23
830
843
855
870
877
34
844
848
859
854
38
816
30
787
800
813
808
25
784
795
810
835
822
815
840
848
847
27
821
833
835
818
801
819
835
842
824
836
848
834
848
869
871
869
880
903
896
875
878
893
890
30
861
878
881
905
45
860
869
864
851
835
856
867
29
838
840
841
860
32
829
815
843
870
33
837
837
845
31
815
24
791
804
805
796
25
772
777
769
769
753
757
748
753
740
731
729
738
751
741
751
761
783
26
757
759
774
781
789
772
791
787
795
793
35
759
25
735
741
750
768
755
771
782
801
784
772
762
757
755
743
735
733
731
738
736
755
767
774
785
799
807
22
786
776
23
753
25
729
714
707
703
21
683
684
731
773
848
899
944
951
957
952
936
42
895
53
842
858
897
929
941
960
953
27
926
946
949
954
948
51
897
46
851
852
44
808
33
776
761
787
801
864
887
883
864
870
888
875
875
854
27
827
835
845
865
32
833
830
851
849
838
848
873
882
27
856
847
850
857
836
828
862
886
881
876
863
893
896
889
51
839
864
879
888
896
890
916
27
889
41
848
859
878
904
27
877
896
921
941
39
902
901
49
853
893
918
923
40
884
899
29
871
29
842
825
854
862
858
45
813
40
774
32
742
722
726
82
644
668
653
642
635
628
622
609
601
595
589
580
572
566
560
552
548
546
543
538
537
534
533
531
531
529
528
527
526
525
522
522
520
518
521
528
525
525
526
526
525
525
524
524
526
526
529
528
524
526
525
524
524
523
521
520
521
522
522
520
517
520
518
516
516
512
511
514
512
510
509
510
511
509
508
506
508
506
504
503
501
502
500
498
497
496
493
495
493
490
490
489
488
488
485
482
479
480
478
475
475
473
472
470
468
466
466
462
463
463
458
459
458
456
458
455
453
454
452
452
452
449
449
449
447
448
447
441
446
443
443
443
442
441
440
440
439
439
439
438
438
437
438
438
435
437
438
435
437
436
435
435
433
434
435
434
433
431
436
432
434
431
434
431
433
432
429
430
431
427
431
429
427
429
429
426
429
428
426
427
426
426
428
425
426
424
426
424
427
426
423
426
422
427
424
425
422
424
421
423
424
424
420
422
420
421
422
423
422
423
421
423
420
423
422
420
422
420
421
423
420
421
419
420
420
419
419
420
416
420
419
417
418
416
416
418
418
417
418
416
416
419
416
417
414
416
417
416
416
416
417
416
415
416
414
416
417
415
416
414
415
416
415
416
413
416
416
415
414
414
415
414
416
415
417
420
422
422
424
425
430
429
428
427
428
430
431
429
432
433
433
435
435
436
439
440
442
443
443
443
445
447
451
452
451
453
456
458
458
460
458
460
461
462
463
462
463
466
471
479
479
480
478
480
481
483
481
481
483
484
481
483
483
485
488
483
483
483
485
487
484
483
482
486
485
484
482
483
480
478
478
483
484
483
482
481
484
491
500
505
503
506
512
517
523
525
522
525
534
538
543
536
536
538
543
551
545
542
542
546
541
535
527
522
521
527
535
538
540
547
558
576
595
584
577
567
564
555
553
545
542
542
541
538
540
537
539
541
545
553
551
545
546
544
547
542
539
539
547
560
571
585
593
587
583
588
593
598
588
587
594
599
593
591
603
607
614
604
603
610
613
607
607
615
609
630
621
609
611
615
623
617
617
625
648
656
22
635
639
633
625
619
612
630
642
638
634
639
640
635
624
625
619
623
617
612
623
624
619
613
634
641
637
634
652
655
663
19
644
652
663
681
19
663
658
674
666
661
654
648
23
625
625
639
635
632
643
659
659
649
653
664
672
20
653
660
668
679
666
668
672
677
670
657
666
674
685
666
666
680
691
682
679
681
696
698
20
678
682
703
700
709
20
690
713
719
732
722
742
731
711
721
744
743
21
722
709
740
751
774
37
737
25
713
750
750
27
723
716
736
737
744
23
721
738
761
763
43
721
738
747
742
722
728
757
762
747
756
780
792
43
750
739
760
764
758
746
787
868
871
61
810
805
806
789
37
752
761
762
778
767
769
794
810
33
777
767
792
794
36
759
758
764
801
784
776
801
819
31
789
789
794
790
778
786
810
827
37
790
784
794
813
791
794
825
852
842
52
791
801
829
840
32
809
805
825
876
860
39
821
55
767
24
743
779
822
854
863
877
870
41
829
827
829
835
839
32
808
833
873
25
848
839
874
886
881
25
857
857
879
47
833
819
832
826
36
790
793
803
806
793
825
840
821
804
819
826
842
836
27
810
811
833
833
842
26
817
26
791
787
807
813
37
777
768
790
803
27
776
767
791
795
790
801
801
35
767
31
736
719
702
692
697
703
697
712
749
754
33
722
704
685
667
651
647
653
670
666
679
718
757
792
780
812
823
803
50
754
31
724
721
708
713
733
769
781
767
807
826
811
791
801
807
809
24
786
782
801
797
22
776
791
820
832
32
800
806
29
778
28
750
734
749
756
775
793
796
777
786
797
820
804
829
834
852
30
822
843
861
24
838
892
896
34
863
42
821
828
816
802
798
826
870
27
843
834
868
871
858
25
833
832
857
865
42
824
816
813
798
783
785
804
808
802
801
819
834
31
804
808
818
813
24
789
810
826
834
25
810
809
802
803
793
801
799
782
775
807
802
783
812
809
795
779
777
35
743
729
750
769
790
822
847
40
808
795
800
798
27
772
463
310
445
749
745
742
752
739
720
708
715
714
721
736
760
750
736
738
759
741
746
755
31
725
732
722
719
711
708
707
723
719
731
751
744
757
774
793
806
825
821
799
793
795
789
790
781
778
787
786
34
753
743
749
749
27
722
720
713
724
740
743
733
734
742
756
766
800
783
778
768
28
740
740
727
709
714
713
721
708
713
721
725
727
723
728
719
707
699
711
735
750
751
750
760
774
785
777
791
797
782
784
809
814
793
778
778
796
805
810
828
844
848
26
823
825
812
23
790
796
802
818
25
794
805
829
852
840
29
812
818
835
849
836
29
808
810
810
833
25
809
803
826
840
838
33
806
806
813
822
26
796
791
795
814
814
795
815
828
847
35
813
802
828
818
26
792
789
777
785
778
771
777
790
773
764
746
741
726
709
703
706
313
393
58
336
712
715
727
713
716
722
736
745
756
26
730
720
721
731
742
745
757
22
736
733
746
766
793
802
813
812
797
787
775
22
753
743
744
743
741
741
742
729
731
729
718
720
745
761
800
809
26
783
801
807
25
783
772
774
776
777
782
793
815
836
831
830
809
824
829
843
853
855
47
808
796
814
807
794
801
784
772
772
769
773
786
510
276
499
799
783
783
762
749
749
753
771
779
774
765
764
782
783
789
795
794
785
783
766
746
729
731
745
764
770
766
785
790
28
762
768
769
768
772
752
753
755
767
779
770
777
778
775
24
751
736
743
746
755
751
735
738
752
500
253
482
743
21
722
714
710
696
694
677
668
661
653
653
640
135
506
756
132
625
626
632
640
647
662
675
685
682
676
686
692
685
670
675
676
671
20
652
390
262
264
311
307
19
289
33
256
310
51
259
277
287
351
1296
788
509
101
409
532
679
3999
3054
945
266
679
198
482
3999
3999
3999

