08-09-2022 - 15:07 - Correr
Maria Velasquez
Intervalos entre latido y latido
890
874
889
890
885
865
884
879
26
854
866
862
25
838
31
808
819
824
824
850
875
870
867
872
870
857
869
878
869
881
891
897
881
891
906
901
880
889
888
868
884
894
878
862
868
883
869
866
869
883
24
860
863
870
869
859
882
899
888
896
911
905
891
906
918
897
896
917
927
906
905
912
912
895
894
902
908
894
911
915
898
910
916
907
887
898
912
907
895
908
909
885
893
900
887
875
880
886
864
864
870
868
846
852
867
872
866
861
872
872
853
839
847
853
846
843
861
880
889
894
883
896
900
881
866
880
893
903
880
861
868
875
876
865
879
884
865
865
880
882
875
885
891
889
868
872
884
887
884
867
872
876
878
861
865
866
852
859
873
871
865
30
835
827
833
817
822
836
850
838
851
866
871
858
867
885
885
875
887
888
870
879
889
880
874
880
874
864
860
876
891
889
876
888
897
891
874
867
877
882
890
874
866
870
865
855
873
883
887
876
893
905
900
25
876
879
894
903
907
887
892
897
903
887
899
904
890
872
873
873
862
869
895
902
912
895
900
906
905
25
881
883
883
881
871
878
884
889
875
878
888
898
880
882
892
896
881
877
891
894
873
861
875
883
864
858
870
862
849
861
872
861
859
879
894
877
874
880
880
866
872
880
873
864
874
881
874
874
886
898
876
886
895
890
870
880
883
874
865
870
876
867
861
877
884
895
881
890
896
888
881
898
900
882
893
903
899
882
894
908
893
890
909
917
903
885
890
890
870
878
890
887
879
903
914
905
891
905
904
893
875
881
881
876
873
893
900
887
875
879
887
893
875
888
897
893
885
886
894
878
863
864
866
847
842
850
882
894
900
880
886
893
875
886
893
29
864
845
847
845
864
882
892
884
899
914
920
911
906
912
915
32
883
890
884
884
869
883
890
884
869
881
888
881
867
874
878
859
862
871
855
850
863
860
840
836
848
29
820
67
753
762
36
726
743
739
751
757
766
772
768
757
748
734
717
34
684
696
21
676
673
673
669
662
673
665
655
675
681
678
691
697
717
730
739
752
747
746
751
736
745
746
740
751
750
750
747
740
731
735
739
741
743
730
730
729
719
717
713
702
703
693
691
689
682
680
677
676
680
670
674
679
665
670
681
671
672
678
675
675
671
680
680
684
689
694
696
690
693
689
682
683
682
675
676
675
669
668
666
663
663
664
656
656
658
654
650
653
651
649
655
657
649
648
654
648
647
650
646
643
647
647
648
642
636
641
641
632
634
637
637
635
633
636
639
634
639
636
633
633
632
642
637
634
638
639
630
628
629
622
621
624
623
627
626
622
635
635
629
631
635
631
631
632
640
635
634
636
639
642
645
640
643
639
643
647
646
642
638
651
646
640
645
646
647
642
638
645
644
638
634
638
641
632
632
641
636
629
636
633
629
628
627
635
635
633
644
648
656
666
669
672
685
677
24
654
643
650
640
639
642
647
643
639
647
652
646
638
641
642
639
636
635
635
642
650
646
659
21
639
644
639
21
618
617
603
613
634
76
558
723
76
648
650
673
682
695
688
692
705
716
712
731
741
730
722
732
760
743
727
709
699
694
705
713
719
741
764
754
777
801
802
803
805
811
789
802
813
805
804
792
786
24
762
757
764
749
755
775
768
772
776
807
793
803
812
803
799
804
813
808
820
829
817
801
788
780
768
749
765
789
811
812
820
828
828
807
800
850
925
945
958
951
28
924
902
902
899
899
904
904
881
890
899
890
39
852
860
859
850
837
34
804
812
796
799
792
797
785
782
786
809
792
802
817
817
827
842
860
842
855
875
893
887
893
893
28
866
872
876
878
31
848
865
884
874
879
883
882
860
875
875
860
870
864
878
863
867
872
890
902
888
891
897
904
905
921
923
934
939
920
897
891
28
864
873
872
858
863
874
869
850
860
870
850
865
878
870
884
886
880
883
872
877
889
896
894
916
916
911
921
919
924
934
927
924
914
911
49
862
871
869
862
855
870
896
904
882
892
881
863
883
871
878
885
875
885
882
874
853
25
829
818
26
792
799
798
834
829
828
820
818
803
787
777
777
790
827
848
843
847
848
852
845
838
847
836
837
846
833
842
857
853
145
708
970
161
810
811
805
799
811
823
838
842
822
828
832
845
833
852
875
891
911
902
900
906
909
907
903
27
876
877
887
866
844
833
818
804
57
748
774
26
748
743
727
734
751
772
800
825
854
865
846
825
811
805
800
22
779
795
782
790
782
771
768
774
788
774
774
790
782
776
764
752
747
772
763
775
791
801
819
830
830
836
830
813
813
807
795
791
806
790
801
808
818
829
833
832
848
847
839
829
828
844
897
909
912
901
882
884
872
869
879
892
908
916
931
927
917
903
28
875
865
879
880
889
911
919
922
922
899
903
26
878
34
845
842
842
833
833
842
862
852
856
864
853
864
868
28
840
844
840
827
834
832
828
848
855
875
883
887
875
880
867
865
875
871
869
29
840
824
830
828
819
830
835
830
839
831
838
856
851
833
832
32
800
813
806
819
820
826
845
853
831
835
29
807
841
852
855
843
878
890
896
898
910
889
869
881
883
882
878
883
895
880
892
889
886
866
856
867
872
870
877
880
865
868
868
867
860
860
867
869
854
861
856
846
838
837
843
851
860
881
899
897
916
918
26
893
901
904
897
887
899
903
886
905
909
887
898
876
861
869
873
858
875
874
858
854
855
860
848
854
862
846
858
866
857
875
871
886
898
895
882
867
875
878
866
865
868
873
876
887
880
892
885
906
915
911
902
911
916
902
902
912
899
897
892
907
895
891
884
868
863
843
824
827
829
843
851
863
876
885
884
901
911
917
917
913
917
902
906
922
926
914
914
915
900
896
903
896
27
870
875
873
857
840
830
835
864
871
869
858
844
837
828
832
845
871
881
901
918
911
900
889
897
903
912
916
924
936
25
912
912
916
920
908
25
883
898
895
877
865
865
27
838
842
850
836
844
857
863
860
878
884
872
887
890
875
890
901
884
906
908
891
903
893
902
905
905
900
899
879
873
864
858
874
871
872
859
869
886
897
904
905
891
896
891
889
870
872
859
869
874
875
882
877
876
884
886
894
914
923
912
919
925
913
894
897
889
33
857
865
870
883
905
910
895
885
881
890
903
925
924
931
922
910
887
25
863
859
866
874
888
903
898
912
923
927
916
915
911
904
887
872
857
837
840
834
833
815
811
805
806
825
850
876
906
902
913
923
922
27
896
900
912
920
900
912
911
31
880
876
883
878
873
866
874
872
858
869
873
861
868
880
888
887
879
878
904
914
928
906
916
910
908
895
889
892
875
874
899
905
887
884
890
882
872
857
864
848
857
870
888
899
915
923
927
931
922
918
917
916
910
911
926
929
932
935
931
908
901
896
897
878
885
883
888
877
885
878
874
868
869
859
848
849
855
860
869
869
853
865
860
874
884
876
872
883
893
893
890
898
890
27
863
873
872
863
851
881
887
896
905
908
922
917
928
940
957
945
939
919
913
29
884
875
874
879
894
906
897
874
877
881
905
914
944
962
950
939
939
938
929
914
25
889
28
862
841
828
818
811
821
838
852
872
887
891
917
933
941
941
28
914
919
918
26
893
890
875
880
888
879
869
846
833
833
830
816
817
838
864
882
890
892
912
916
919
902
882
884
885
885
872
868
877
883
889
870
872
859
855
850
846
839
832
824
821
817
807
804
804
814
827
830
855
867
880
878
887
886
871
874
880
871
878
881
892
902
905
908
900
891
894
883
881
881
879
886
896
883
889
898
892
886
882
876
26
851
832
833
833
843
872
897
920
906
913
916
930
922
901
896
881
880
872
862
26
836
823
829
841
849
845
851
849
843
828
28
800
781
776
782
794
812
840
863
872
894
908
907
898
900
900
891
885
876
877
881
869
877
891
907
918
923
940
939
944
947
925
927
908
898
885
862
869
862
862
856
836
833
818
830
836
835
872
896
905
905
903
895
34
862
845
852
856
866
857
872
894
889
882
864
856
852
840
834
830
830
817
827
839
819
799
788
795
811
817
829
830
815
819
26
793
793
802
809
820
838
860
846
834
823
833
849
855
852
855
29
827
820
815
825
850
879
887
906
936
958
970
991
63
929
38
891
895
894
899
902
28
875
873
883
900
899
895
901
884
879
898
904
893
899
897
898
898
902
902
897
873
35
838
820
827
832
858
863
881
895
896
875
871
879
876
866
873
885
883
882
900
905
893
896
898
889
880
900
26
875
880
888
880
879
872
869
865
877
857
851
853
860
858
848
846
844
832
851
845
864
888
909
890
899
894
28
866
845
863
845
832
829
811
801
793
787
797
809
810
807
819
826
843
862
874
877
858
837
817
797
781
31
751
29
723
719
706
716
727
730
746
786
791
827
836
893
917
944
944
919
30
890
873
851
848
831
816
816
832
864
891
906
927
938
925
907
25
882
40
843
31
813
796
788
796
835
866
899
912
924
907
889
893
917
923
928
921
901
877
868
874
880
28
853
834
838
845
856
851
841
849
849
836
842
859
865
862
871
879
889
877
875
875
872
862
853
864
877
883
875
891
894
907
910
935
943
933
929
34
896
888
899
903
898
883
887
902
918
924
930
921
919
907
897
879
883
874
858
847
838
833
831
822
875
892
916
915
907
33
874
854
857
857
861
871
860
854
868
874
885
894
893
887
899
900
884
27
857
846
841
843
854
837
845
857
867
879
881
863
874
877
889
884
894
893
888
888
885
868
875
877
882
875
886
896
911
908
903
910
904
910
893
892
889
869
879
875
868
868
879
892
893
871
854
853
846
846
859
859
864
876
875
872
861
31
831
834
829
832
828
829
827
829
833
833
813
817
816
822
819
830
858
873
875
888
899
886
898
895
877
888
896
892
878
884
887
885
871
880
882
878
883
879
894
897
880
891
891
876
886
879
863
866
863
846
856
862
863
855
872
867
875
869
881
883
24
860
872
862
859
853
31
823
831
834
836
851
858
857
851
869
872
873
891
895
916
929
920
927
910
906
888
890
875
860
854
837
836
833
849
862
871
880
875
857
856
862
853
851
846
846
32
814
40
775
795
23
773
763
766
791
816
846
873
872
884
865
861
28
833
835
818
840
851
857
860
858
846
842
829
823
833
855
871
867
868
864
852
844
827
850
861
876
905
912
918
925
916
906
30
877
374
504
1097
178
919
923
922
25
898
910
35
875
892
880
875
882
872
878
883
885
891
902
914
923
917
895
909
904
893
908
29
880
878
893
906
897
886
885
885
877
863
867
862
847
865
880
903
921
907
35
872
28
844
836
834
845
846
829
838
833
833
817
801
807
838
834
856
845
894
915
927
933
912
919
899
911
911
915
908
910
888
873
867
862
867
850
25
826
23
803
798
785
787
782
792
791
787
813
796
810
803
32
771
799
788
775
765
785
787
789
785
787
783
23
761
779
779
778
779
768
807
788
777
798
792
835
832
825
840
849
833
845
831
842
844
846
833
831
847
844
827
837
855
851
871
893
904
903
881
871
866
856
843
838
843
849
851
848
838
821
813
808
838
852
864
862
867
875
879
26
854
865
862
858
878
887
905
927
45
882
862
859
849
852
861
871
885
864
876
877
878
866
872
887
914
915
899
910
901
907
905
904
890
891
895
890
906
921
937
937
924
29
896
883
888
896
901
915
915
930
920
910
927
918
915
899
900
908
906
884
48
837
825
29
797
794
783
776
35
741
763
29
735
724
738
21
717
703
708
704
713
703
20
683
699
697
698
679
666
672
677
668
674
666
662
658
660
649
653
657
667
661
666
662
665
656
21
635
645
637
642
635
641
633
627
623
631
641
623
629
635
639
661
663
657
661
676
680
686
23
663
656
670
660
642
650
651
651
649
634
634
622
195
427
797
161
637
636
646
637
633
658
646
656
674
686
669
699
694
693
701
690
694
701
22
680
693
697
680
695
23
672
671
677
678
665
687
679
672
693
692
686
709
692
697
710
720
704
724
21
703
701
707
707
710
712
706
703
706
21
685
689
685
679
688
693
687
709
708
705
712
713
708
712
720
718
715
731
729
742
751
758
24
735
726
741
726
728
720
724
727
733
717
739
731
717
719
719
714
739
722
737
731
721
716
733
23
711
712
21
692
690
680
694
691
685
690
708
708
697
711
708
698
709
712
3999
3999
3999
3999
3999
3999
3999
3999
3999
3999
3999
3999
3999
3999
3999
3999
3999
3999
3999
3999
3999
3999
3999
3999
3999
3999
3999
3999
3999
3999
3999
3999
3999
3999
3999
3999
3999
3999
3999
3999
3999
3999
3999
3999
3999
3999
3999
3999
3999
3999
3999
3999
3999
3999
3999
3999
3999
3999
3999
3999
3999
3999
3999
3999
3999
3999
3999
3999
3999
3999
3999
3999
3999
3999
3999
3999
3999
3999
3999
3999
3999
3999
3999
3999
3999
3999
3999
3999
3999
3999
3999
3999
3999
3999
3999
3999
3999
3999
3999
3999
3999
3999
3999
3999
3999
3999
3999
3999
3999
3999
3999
3999
3999
3999
3999
3999
3999
3999
3999
3999
3999
3999
3999
3999
3999
3999
3999
3999
3999
3999
3999
3999
3999
3999
3999
3999
3999
3999
876
883
878
867
883
890
880
871
878
883
882
868
880
886
885
899
916
921
26
896
894
881
39
842
33
810
854
886
888
871
878
903
928
912
911
928
917
934
960
970
982
27
955
966
962
959
962
943
958
957
950
939
952
957
31
926
915
897
65
832
830
65
765
777
760
747
735
728
746
727
748
755
756
745
735
753
26
728
745
743
734
748
750
742
734
26
709
704
699
709
691
680
35
646
644
707
701
705
703
700
685
684
682
679
685
688
700
697
688
709
31
679
692
708
692
715
703
701
700
702
708
706
21
685
690
687
688
674
676
672
674
666
685
680
666
669
673
666
670
683
670
682
693
681
688
701
712
697
705
719
703
695
700
692
691
703
687
683
691
682
702
700
698
702
708
696
701
694
678
674
670
661
665
664
666
666
677
684
683
691
703
706
701
699
706
696
688
22
666
683
672
676
679
682
688
680
689
684
685
21
664
674
668
660
671
675
661
692
691
699
20
679
697
720
33
688
707
694
681
689
701
683
692
703
688
717
718
704
740
730
734
751
24
728
745
757
27
731
757
754
744
756
755
743
748
730
726
757
740
750
752
753
772
765
757
751
737
737
727
708
711
698
694
702
687
696
703
22
681
682
690
681
702
684
688
700
38
662
679
679
24
655
654
657
646
640
641
638
18
621
624
628
625
623
629
632
637
646
646
647
650
671
318
354
49
305
667
659
681
666
669
683
685
677
671
674
235
440
898
284
614
716
61
656
662
666
651
656
663
667
670
669
671
677
680
689
684
693
705
707
708
715
730
716
724
724
727
732
30
703
711
701
696
691
690
693
699
705
708
717
705
704
708
699
701
694
717
722
726
729
738
746
737
735
733
729
731
724
721
729
742
755
782
803
817
821
828
823
811
791
788
784
25
759
763
759
754
761
762
751
758
763
750
750
756
756
754
763
772
766
774
770
769
786
786
777
772
758
751
749
738
737
743
743
744
756
761
761
772
774
767
770
774
767
771
770
764
765
765
760
750
742
25
718
718
711
704
719
732
736
752
762
765
771
775
771
763
767
753
747
749
756
759
755
745
749
751
754
763
770
774
777
763
759
757
754
767
774
782
798
789
790
788
787
786
782
782
774
24
750
747
742
26
717
698
702
700
724
725
741
740
747
732
743
742
737
744
736
754
755
769
761
762
751
735
739
726
720
725
709
729
728
720
734
716
735
738
740
749
744
725
729
32
697
699
706
697
693
700
691
688
680
681
677
689
693
681
696
692
697
696
680
688
673
385
289
382
661
646
648
646
640
642
639
643
643
636
630
626
620
620
621
624
624
626
632
636
631
634
625
622
627
624
612
619
617
613
610
615
606
611
604
600
610
603
603
604
599
593
586
598
596
596
594
600
598
590
593
588
587
582
587
589
593
590
598
603
601
603
606
604
606
605
608
614
613
604
609
606
609
606
601
599
596
591
592
586
590
585
591
588
589
581
588
581
583
582
579
577
580
580
583
584
586
585
583
590
594
590
598
604
603
604
605
609
614
612
624
625
625
638
628
627
635
631
627
628
627
20
608
615
610
611
612
616
614
615
616
613
616
624
625
627
625
629
632
625
625
626
624
622
621
625
641
652
651
661
661
657
650
645
644
649
634
631
620
621
620
615
619
623
621
613
611
605
606
600
592
586
586
587
585
593
594
593
600
608
603
612
617
625
628
639
640
641
638
635
635
634
632
629
633
635
630
627
625
630
645
639
633
636
629
622
621
615
605
605
602
606
609
605
619
625
625
630
633
637
637
628
642
648
654
663
652
643
639
625
625
621
613
608
611
622
643
655
663
653
651
657
645
653
660
651
667
668
663
664
660
647
651
650
641
646
660
650
654
660
646
666
663
654
661
678
686
676
669
659
642
649
637
650
656
662
671
666
656
657
662
655
664
670
667
671
666
671
660
664
676
684
671
675
684
681
682
685
671
40
632
660
655
645
647
660
648
670
663
675
687
683
689
702
695
694
695
692
682
682
670
665
652
651
645
645
641
641
633
625
638
644
642
649
651
651
650
640
634
632
637
638
641
651
652
659
663
665
672
671
679
674
670
676
674
663
658
687
692
691
697
708
715
710
714
718
719
712
716
720
718
714
721
726
730
734
749
753
753
761
769
756
755
756
740
735
741
740
731
732
734
729
727
730
721
724
724
720
717
711
701
689
671
679
669
664
672
680
684
693
703
710
700
725
736
741
741
725
717
712
709
715
732
736
751
762
764
768
778
778
767
767
771
765
767
778
770
770
772
765
763
776
774
773
786
786
779
774
774
769
757
759
764
766
764
769
783
784
784
798
804
799
800
808
808
801
807
803
788
772
765
750
742
36
707
700
718
728
742
760
763
767
777
785
785
796
805
808
810
820
832
832
842
849
851
863
853
847
842
834
824
818
809
795
793
783
22
761
743
732
722
713
702
702
699
706
727
745
736
750
782
785
790
790
792
779
777
774
761
753
735
731
736
741
736
729
734
738
732
737
743
748
746
756
757
759
757
759
750
738
734
728
723
724
718
700
708
696
710
708
738
745
770
790
810
812
809
795
781
774
759
758
762
765
759
768
767
759
755
754
751
744
747
745
738
731
733
732
726
723
731
733
727
727
733
728
725
725
718
718
718
710
21
690
695
688
687
698
706
714
716
720
741
748
747
745
750
750
743
746
743
740
729
729
722
717
721
726
732
733
744
754
750
765
768
762
769
777
776
771
782
788
788
785
793
797
800
796
796
789
783
770
774
782
791
786
789
791
791
789
787
789
792
788
787
781
778
766
768
773
773
775
781
778
772
761
747
744
740
729
729
733
739
731
728
710
709
702
693
684
678
668
675
672
674
673
671
673
671
679
669
665
659
663
653
655
646
649
650
646
643
648
641
638
648
650
650
659
661
661
669
674
677
681
689
680
674
682
672
663
667
660
660
657
656
658
656
658
655
653
651
650
647
642
640
638
636
620
626
648
658
660
663
666
655
647
652
23
629
635
636
636
643
647
646
646
638
642
633
633
634
629
634
640
641
645
651
652
655
644
641
634
632
632
632
636
637
642
644
637
639
634
639
640
633
630
629
626
627
627
614
627
625
620
625
639
632
632
641
661
671
668
676
674
666
666
664
669
672
672
665
671
686
688
690
700
704
697
709
714
720
720
708
704
711
717
722
735
749
746
732
743
730
729
727
708
699
696
694
705
719
737
762
759
766
780
787
786
781
779
766
763
759
750
742
759
772
763
765
781
790
783
803
812
818
844
846
841
858
28
831
828
832
837
854
859
841
825
26
799
793
791
802
820
839
847
852
845
27
818
821
850
856
862
850
862
873
877
870
885
889
890
880
44
837
816
796
782
779
788
798
801
791
778
765
762
761
757
757
758
757
750
758
782
787
777
758
743
22
721
708
24
684
681
665
687
708
727
754
799
811
821
826
805
298
508
233
276
735
748
31
717
719
732
736
738
733
717
35
683
692
678
669
668
665
670
676
682
702
719
742
750
771
775
768
773
796
26
771
776
790
783
773
760
768
758
758
761
776
782
788
793
812
824
821
823
839
24
816
796
786
780
772
755
756
760
752
754
754
743
737
739
737
734
720
728
738
755
759
779
793
801
796
808
807
800
806
821
821
812
791
22
769
751
762
775
777
798
813
811
815
819
813
822
815
821
820
23
797
796
780
770
760
750
738
734
717
717
725
735
744
750
750
748
744
729
716
704
689
678
669
659
661
671
673
679
685
683
705
702
698
708
693
695
693
689
684
680
673
681
672
665
666
666
665
666
665
667
686
691
692
698
708
718
726
718
704
693
687
672
659
649
651
650
643
641
643
651
666
673
704
746
775
778
799
781
773
29
745
734
724
706
704
692
697
704
707
702
706
720
726
720
735
734
722
719
708
701
689
697
713
734
738
769
790
804
791
810
821
811
805
831
867
845
842
847
842
833
31
803
793
789
790
794
790
773
763
752
759
769
773
800
828
837
843
868
879
869
868
875
870
854
863
877
869
856
876
892
35
857
847
846
838
838
864
874
853
858
853
840
822
813
813
823
811
819
833
819
814
801
783
780
771
756
741
729
735
754
789
797
847
875
920
945
935
28
907
26
882
867
895
922
31
892
894
905
894
902
918
914
913
915
920
911
916
927
934
918
923
923
29
895
909
917
897
907
893
879
891
907
889
894
899
881
885
883
865
877
883
884
867
874
878
865
876
883
879
894
901
892
893
899
881
891
890
895
899
894
884
889
880
870
881
888
867
869
875
869
858
872
852
846
861
867
850
854
864
857
866
875
856
863
867
859
875
879
900
896
25
871
870
869
858
848
848
837
855
869
865
883
874
876
860
872
869
864
875
891
880
892
900
887
876
869
877
875
889
887
894
909
896
897
902
897
883
895
897
908
908
909
911
908
884
889
883
878
888
895
875
880
887
892
885
894
892
890
907
905
898
907
909
887
901
906
893
894
909
917
904
918
914
324
590
296
295
864
941
945
951
958
950
28
922
910
906
31
875
860
862
874
877
874
875
881
877
875
864
855
863
862
866
878
869
867
862
864
865
862
847
554
293
560
846
847
842
839
830
811
791
779
777
787
288
499
199
300
795
803
805
810
818
825
822
841
859
859
868
870
862
862
867
866
868
884
887
879
875
546
330
24
306
1092
218
875
865
860
873
864
857
866
873
861
848
853
855
856
874
875
862
877
882
862
874
869
852
874
857
863
857
850
854
851
832
829
826
817
257
561
297
264
827
845
861
451
410
437
847
857
851
833
825
825
834
832
838
833
826
824
819
826
833
840
839
358
482
134
349
834
831
196
635
1034
204
830
842
850
844
852
859
845
860
868
873
263
610
1108
241
867
859
854
856
855
847
868
879
871
878
879
872
871
875
394
481
105
376
850
858
857
847
855
861
856
850
860
850
854
854
516
338
503
846
847
858
855
865
862
856
862
388
474
106
369
838
50
789
894
46
849
865
876
884
887
877
875
872
186
686
1002
237
766
865
57
808
814
822
829
839
849
843
853
369
484
121
364
854
861
853
862
870
862
865
865
851
857
857
844
847
854
848
862
872
857
865
867
865
866
863
861
875
871
875
875
864
864
864
866
854
856
838
840
836
843
546
298
326
677
306
372
771
875
61
815
813
814
831
828
829
842
846
853
24
830
844
862
855
873
882
892
882
886
888
870
873
878
879
875
859
869
862
856
868
877
881
863
868
861
850
853
862
860
856
869
875
877
864
869
864
856
860
859
850
841
846
840
829
829
834
836
452
385
446
830
834
818
822
831
827
819
828
818
820
832
826
815
829
831
829
819
826
838
839
846
853
857
849
857
860
855
872
876
875
888
903
897
899
897
893
872
871
873
864
854
860
864
845
174
672
827
1011
175
837
125
712
945
499
447
73
374
837
843
834
847
847
835
560
276
540
814
825
840
840
845
861
866
857
872
878
868
855
864
486
378
395
920
64
857
866
868
874
879
881
867
866
866
869
857
846
826
876
855
856
851
833
829
831
833
825
833
834
835
829
833
828
409
419
1213
406
808
822
830
841
835
841
852
846
838
854
854
845
864
869
864
861
872
876
859
855
862
863
854
861
870
865
856
862
845
844
853
251
602
1085
236
850
856
847
861
872
869
869
873
875
859
866
868
869
857
868
872
857
862
863
855
847
856
857
845
843
838
833
824
831
836
826
832
834
830
831
845
861
849
849
853
834
838
856
861
855
863
864
856
866
875
479
396
460
862
874
863
857
864
872
865
865
864
860
857
864
864
852
865
869
863
884
892
879
865
872
871
858
851
858
859
846
841
851
847
448
399
443
846
853
851
846
855
843
841
853
849
842
849
857
847
844
851
840
831
841
845
837
854
864
856
856
860
865
861
855
852
841
838
830
820
812
799
812
814
818
826
817
813
849
848
851
830
824
817
826
826
832
835
837
842
869
24
845
848
844
836
830
811
836
830
845
851
851
860
841
843
835
855
849
839
833
851
839
846
855
872
872
883
876
873
875
863
880
858
877
884
874
870
874
882
879
875
867
874
875
872
875
885
882
867
855
843
28
816
806
826
828
823
819
835
839
831
815
802
799
790
779
762
787
787
778
774
779
24
756
756
788
799
810
818
823
842
850
869
881
909
896
918
916
915
894
894
887
869
858
854
840
824
822
823
818
820
832
853
864
872
895
897
900
879
902
887
904
29
875
890
885
891
897
875
36
839
842
832
25
807
810
29
781
794
24
771
786
767
769
767
173
595
972
515
458
99
359
831
844
860
865
870
878
891
897
875
906
907
914
897
914
910
911
909
901
39
863
849
851
843
841
844
850
847
848
836
845
851
865
867
867
854
861
871
865
861
864
856
228
628
1052
237
816
821
816
812
799
802
809
806
802
790
813
806
804
791
810
801
433
369
414
775
762
750
754
749
745
747
748
752
749
491
258
457
808
23
786
784
796
813
821
834
844
840
834
849
860
863
868
876
881
892
881
897
890
889
893
891
885
882
872
26
846
841
844
845
160
685
1007
150
858
853
854
852
855
861
852
859
858
861
855
426
430
421
853
838
848
838
852
845
849
849
861
865
872
869
862
859
853
842
833
839
826
821
26
795
786
781
780
765
778
779
772
771
776
785
782
772
789
792
795
787
807
815
829
823
843
841
829
534
295
541
834
840
850
848
200
648
849
1007
169
839
842
860
875
884
884
879
872
864
31
833
840
848
855
852
880
892
895
895
886
897
887
875
875
883
880
882
864
874
872
869
857
857
872
862
847
850
860
858
841
847
852
854
843
858
850
854
851
868
857
847
852
859
852
841
845
493
352
467
788
780
783
375
408
44
364
776
788
795
812
808
823
825
832
817
823
829
827
845
841
1694
846
848
848
856
856
869
856
850
863
866
865
863
874
871
867
864
869
867
862
234
628
1103
228
875
885
878
892
892
884
863
866
863
867
858
871
870
879
870
878
872
855
842
857
846
843
836
841
830
373
457
100
357
802
806
804
794
791
793
791
522
270
264
258
789
785
26
759
756
744
751
26
726
726
745
744
750
748
740
724
725
711
705
697
28
670
680
681
674
666
667
665
666
671
669
672
691
691
692
699
701
709
708
708
710
719
708
718
709
707
697
695
698
695
704
696
683
681
684
673
667
661
663
654
662
655
652
654
650
645
652
649
649
641
645
646
639
638
645
640
640
635
632
636
626
623
632
629
622
623
624
625
625
622
632
624
620
631
628
626
623
623
632
625
625
625
627
625
627
621
627
626
628
622
622
625
625
617
619
624
615
613
620
619
612
610
616
613
605
607
609
606
598
598
606
597
594
589
593
591
584
587
589
586
585
591
587
588
589
585
587
591
586
585
588
588
581
578
580
581
572
572
577
569
570
565
567
566
574
568
564
570
568
572
575
572
578
574
575
582
576
569
576
574
573
572
569
577
568
570
578
575
571
577
579
578
579
575
579
582
577
235
342
817
237
581
583
582
585
584
583
585
585
574
583
576
567
576
575
567
571
575
584
580
584
288
297
296
578
585
577
564
559
564
594
594
599
598
612
632
645
647
660
674
668
684
676
694
233
461
887
219
669
50
620
632
630
628
635
646
651
652
667
686
673
669
679
700
699
693
705
717
706
708
726
728
726
728
748
749
751
747
750
732
731
731
717
726
735
756
757
742
755
797
856
866
870
852
859
846
826
43
784
790
809
837
832
850
858
852
25
828
834
842
822
814
839
840
34
807
834
826
31
795
838
35
804
802
47
756
780
762
27
736
386
350
385
88
297
437
716
341
376
412
799
818
819
845
878
881
880
906
901
882
907
916
909
934
947
30
917
939
934
910
904
906
902
885
896
899
881
894
897
895
875
893
888
879
893
905
890
887
906
897
875
892
899
32
867
875
890
883
864
891
902
888
898
916
903
896
907
899
895
912
919
29
891
902
908
913
902
924
929
909
921
927
913
909
919
917
39
879
890
899
887
879
896
905
903
906
160
746
1001
145
857
42
815
815
815
794
795
828
841
852
884
862
845
842
23
819
36
784
781
768
792
800
830
833
833
23
810
790
780
768
823
39
784
786
774
795
825
817
29
788
31
758
777
27
751
766
773
803
783
804
794
801
791
795
794
804
818
820
28
792
22
771
805
818
454
365
429
788
814
54
760
905
93
812
832
843
854
863
886
912
935
943
945
940
928
27
901
897
878
896
913
926
26
900
911
906
918
905
916
912
918
924
36
889
909
894
916
899
645
254
620
672
1078
205
873
883
24
860
855
848
850
846
842
862
880
896
875
857
27
830
845
830
821
72
750
865
51
814
819
825
835
835
855
862
880
878
872
878
869
874
887
901
927
948
945
936
949
941
26
916
935
932
928
921
904
900
33
867
849
857
848
333
516
180
337
891
886
911
891
899
907
883
891
880
29
852
848
843
861
39
823
811
812
836
839
857
868
870
881
886
906
914
923
916
916
907
25
882
872
849
834
837
845
868
889
305
584
252
333
429
435
949
75
875
28
847
856
61
796
820
481
339
459
778
792
802
814
842
857
869
878
875
859
847
843
843
845
857
866
874
883
878
870
873
877
27
851
852
836
838
848
865
846
831
824
31
793
785
796
786
791
803
823
820
820
828
830
828
828
245
583
1060
250
811
801
788
772
807
796
787
784
798
821
821
824
845
858
858
856
874
884
866
24
842
860
847
838
845
847
845
837
33
805
814
816
35
782
775
779
809
877
920
931
953
954
937
928
26
902
31
872
862
26
836
848
836
841
843
852
868
875
867
859
838
24
815
31
785
786
791
783
795
797
829
853
868
866
884
890
881
33
849
828
835
829
830
833
860
887
895
884
862
839
833
812
800
788
787
791
793
795
789
796
805
820
823
835
843
843
845
843
836
825
832
825
826
836
851
853
851
863
856
856
845
825
827
820
810
811
810
817
807
827
824
820
810
797
802
23
780
25
755
741
778
770
758
769
765
780
766
757
756
741
746
760
752
745
750
763
772
783
785
790
791
787
784
775
779
779
780
775
783
783
783
801
816
819
807
820
825
846
859
849
855
859
863
873
858
866
865
858
865
874
876
881
876
884
896
886
877
886
893
25
868
875
869
849
838
848
841
832
844
837
828
843
850
833
845
844
830
835
830
826
833
841
840
865
874
884
869
875
871
851
860
864
864
855
872
874
860
871
874
873
853
862
859
864
860
863
850
841
838
826
821
816
833
839
829
837
838
827
836
829
845
832
825
829
832
828
830
826
843
850
843
849
838
844
823
821
821
808
801
786
765
774
769
753
740
736
727
719
721
715
722
718
711
698
700
708
715
714
742
732
735
761
759
782
771
763
776
783
805
815
812
800
796
794
797
803
791
795
798
793
804
825
833
856
868
880
889
890
882
877
881
878
881
887
868
869
871
853
840
836
826
41
785
787
39
749
765
747
25
722
725
30
696
716
708
26
683
704
20
684
699
689
20
670
662
27
636
639
638
631
627
626
643
640
638
656
664
670
691
706
713
736
725
728
727
717
733
720
714
701
699
697
694
691
691
682
680
674
684
673
677
684
676
681
677
677
681
674
678
677
76
602
306
296
36
261
294
302
37
266
272
684
152
532
2582
3999
3999
3999
3999
3999
3999
3999
3999
3999
3999
3999
3999
3999
3999
3999
3999
3999
3999
3999
3999
3999
3999
3999
3999
3999
3999
3999
3999
3999
3999
3999
3999
3999
3999
3999
17
305
369
367
368
373
364
367
370
367
369
367
372
369
371
366
795
529
267
309
3999
3999
3999

