01-09-2022 - 9:50 - Correr
Raquel Barria
Intervalos entre latido y latido
785
791
811
839
833
831
809
791
808
824
26
798
813
811
822
24
799
791
804
831
824
24
800
805
814
820
801
32
769
791
801
838
846
864
874
868
26
843
845
882
879
885
883
864
851
843
883
865
868
874
34
840
844
842
877
861
852
831
823
810
829
830
826
843
31
813
816
810
841
833
831
29
802
794
796
789
789
785
770
758
745
743
758
753
755
736
724
705
701
697
705
713
719
721
727
738
768
770
783
800
811
799
23
776
769
796
795
799
803
803
22
781
781
793
791
795
795
792
774
772
785
780
789
794
795
793
778
771
791
791
798
799
796
786
773
790
787
791
791
22
769
758
756
772
760
21
740
734
735
732
726
733
766
771
791
791
789
23
767
796
798
806
806
800
26
775
768
789
791
796
800
788
771
776
802
808
811
809
794
28
767
781
788
793
800
796
22
775
777
792
801
808
805
24
782
766
768
783
791
798
790
770
764
787
787
792
781
760
756
777
780
792
788
768
757
776
780
791
787
24
763
752
778
773
784
766
760
752
776
781
796
781
761
768
782
786
788
24
764
753
761
787
790
787
768
766
777
785
798
800
23
778
776
796
807
818
810
801
783
819
834
827
810
26
785
795
805
821
837
817
805
25
781
796
804
834
820
801
22
779
774
789
795
814
24
790
778
786
789
797
779
27
752
738
744
766
766
749
742
737
757
770
787
37
750
746
749
771
780
779
25
754
750
771
783
791
774
23
752
755
777
782
783
25
758
750
776
782
797
800
24
776
761
781
790
821
808
796
781
809
825
846
28
818
805
24
781
795
803
822
821
805
22
783
813
812
820
804
785
778
807
791
34
758
755
771
31
741
739
757
760
763
753
743
762
767
787
788
780
27
753
776
780
791
814
801
792
773
801
820
833
812
801
791
791
798
813
805
795
787
805
825
825
819
804
794
809
824
819
805
794
788
800
815
822
812
801
791
804
824
824
812
805
23
783
804
811
824
815
801
23
778
790
794
808
811
810
796
24
773
789
787
807
815
806
795
783
788
804
809
815
808
795
24
772
796
806
823
820
800
791
770
797
813
818
809
798
778
791
793
803
811
798
787
776
791
798
806
800
791
780
779
783
801
810
791
781
762
786
791
798
792
783
777
787
793
805
795
794
800
826
856
846
842
30
813
810
823
817
815
799
27
773
795
801
813
795
23
773
791
799
808
805
797
778
793
804
814
796
783
786
790
796
789
780
766
779
786
780
766
746
764
770
781
787
780
768
774
782
791
780
761
762
772
785
805
788
782
26
757
780
786
800
794
789
776
780
794
811
805
803
788
779
793
806
815
818
800
794
790
808
821
830
825
804
794
812
809
819
803
791
780
791
812
796
786
779
785
791
777
25
752
746
766
781
787
789
773
22
752
783
799
811
795
777
771
773
790
794
780
772
771
792
819
809
791
23
768
749
22
727
745
750
764
769
772
766
30
737
744
736
731
721
711
709
705
704
690
679
675
684
692
694
706
696
697
708
726
730
711
704
697
699
709
722
720
707
699
695
702
713
731
711
708
698
701
698
697
689
689
693
694
686
678
679
683
678
689
708
712
700
695
694
710
724
730
721
717
732
739
756
750
29
721
712
705
695
33
662
656
649
653
650
641
634
636
635
639
635
633
629
640
654
662
666
666
655
655
664
679
687
696
689
680
668
675
694
702
698
703
706
709
696
688
702
706
707
697
685
690
712
715
723
709
711
725
732
732
29
703
691
700
717
720
710
717
717
720
743
750
753
753
758
767
793
812
804
799
24
776
23
753
774
781
784
22
762
25
738
739
758
769
781
786
778
768
766
793
820
803
809
38
772
64
708
696
681
671
666
662
652
643
626
622
621
623
624
619
615
605
601
601
598
599
603
604
605
607
607
617
620
619
616
604
599
598
600
597
596
602
603
602
602
600
604
611
612
606
608
616
617
616
612
611
613
618
617
612
610
615
617
617
613
609
604
609
608
606
604
599
602
607
606
600
600
600
603
602
597
588
594
597
599
599
597
589
596
599
602
600
593
585
591
595
597
594
588
586
589
592
594
586
583
583
584
583
579
575
575
573
577
575
571
566
562
565
568
564
561
557
556
561
563
561
554
551
556
556
556
549
550
549
551
553
549
544
543
543
545
547
544
541
536
538
539
536
533
526
526
524
526
526
527
522
88
434
603
80
523
521
521
516
516
516
518
519
521
518
513
513
514
517
515
517
512
513
512
512
510
512
509
503
504
506
504
504
502
502
500
502
502
501
499
498
498
499
500
501
497
496
497
500
500
499
497
494
495
500
498
500
500
494
495
495
498
499
495
493
488
491
490
491
491
489
485
485
487
490
490
484
482
486
484
487
488
483
482
481
485
485
486
484
480
479
482
483
485
484
482
480
478
482
482
481
482
480
479
480
486
484
485
486
485
488
483
488
486
485
485
481
489
493
498
499
495
495
498
502
506
508
507
508
511
518
524
525
524
519
527
531
541
544
543
539
540
546
554
562
563
555
549
553
557
563
571
581
577
566
564
570
578
577
568
558
556
558
565
565
559
557
556
565
571
567
562
565
571
580
588
592
584
579
577
580
592
600
595
583
591
600
612
607
594
600
616
621
616
628
650
658
25
633
24
610
594
605
625
644
638
627
636
659
666
24
643
630
632
636
623
26
597
584
594
613
634
653
667
653
640
657
666
676
676
660
653
665
674
665
25
641
630
632
633
624
642
641
631
628
638
649
22
628
625
630
635
632
617
619
630
645
641
625
628
637
647
640
628
640
644
635
636
651
671
692
702
692
678
685
700
700
687
672
679
689
686
667
664
677
692
685
668
663
667
681
683
667
658
667
693
700
685
673
681
692
690
28
663
660
658
664
667
662
648
640
634
623
623
635
662
670
678
667
654
658
672
679
675
667
670
693
718
723
711
697
697
709
710
706
693
686
697
727
752
744
24
720
711
708
691
682
669
676
693
706
702
686
687
703
717
717
700
684
687
708
723
732
736
731
716
713
718
721
713
706
696
703
692
682
679
676
678
692
708
736
736
758
762
757
742
729
726
727
712
706
733
757
767
775
760
745
743
750
762
762
745
735
730
749
754
745
726
709
711
728
738
725
712
719
738
754
750
731
724
725
735
744
731
720
718
720
735
747
732
724
726
738
738
738
734
734
745
756
749
731
726
736
744
745
725
710
709
722
735
743
750
739
731
732
742
750
754
760
753
758
769
763
24
740
720
722
727
726
714
707
698
708
714
707
713
714
713
724
734
733
720
706
708
715
718
711
705
720
711
701
689
684
687
695
684
666
671
682
699
704
709
711
724
748
769
750
748
764
765
755
753
737
732
727
729
730
718
21
698
693
694
703
687
670
673
666
665
668
666
682
685
684
676
662
666
673
686
685
687
683
687
692
706
708
704
698
703
716
735
733
716
713
722
726
728
715
710
721
738
746
743
735
723
721
734
761
758
757
752
735
728
735
757
770
764
748
743
730
729
759
760
741
738
732
739
761
765
746
739
735
735
722
729
736
741
21
720
729
762
756
768
779
758
750
770
762
762
744
746
775
774
785
787
35
752
739
734
731
719
732
751
747
746
774
793
798
800
799
778
775
791
792
772
792
795
803
784
779
799
804
822
807
809
862
46
816
814
806
800
56
745
726
718
711
727
752
754
754
758
750
749
750
771
760
754
740
727
713
728
750
753
763
760
763
762
776
781
786
791
773
766
781
780
791
788
23
765
762
769
771
776
763
760
755
741
735
744
736
728
736
764
24
740
773
784
790
792
772
768
789
792
799
799
30
770
762
756
765
764
768
23
746
744
758
748
741
725
726
721
715
699
685
678
666
657
663
673
679
681
677
688
703
712
708
708
717
712
708
695
680
674
665
662
671
685
696
698
689
685
692
697
706
699
686
692
699
710
718
718
706
706
707
718
718
711
703
709
726
731
719
709
717
728
743
733
728
731
725
708
703
710
721
727
717
717
730
752
756
743
734
725
732
750
745
732
725
710
718
733
720
730
753
736
722
719
731
741
741
758
22
737
22
715
720
729
734
750
25
725
708
689
690
708
741
744
759
765
765
756
25
732
717
714
729
720
729
754
759
27
733
763
766
746
753
772
776
771
754
749
772
771
776
23
754
21
734
739
756
761
745
738
743
760
760
742
736
748
752
766
775
791
791
788
40
748
737
738
755
744
738
725
725
736
767
771
773
752
757
21
737
721
718
731
759
749
739
748
769
770
775
25
751
784
791
793
26
768
790
773
768
25
743
33
711
716
715
730
747
728
727
726
746
748
758
766
30
737
759
769
760
24
737
731
733
751
758
755
779
778
775
773
44
729
737
752
744
727
716
704
688
684
681
667
661
655
651
661
666
670
672
669
673
688
706
714
739
723
719
718
748
21
728
731
712
696
695
700
708
708
701
711
734
725
714
724
744
744
752
752
22
731
24
707
689
692
701
731
746
740
733
745
767
25
742
739
763
772
777
778
29
749
745
765
766
779
779
771
48
724
710
709
730
740
750
756
740
26
714
712
704
713
733
733
732
723
716
710
720
742
744
28
716
721
725
745
746
737
729
726
743
745
748
22
726
722
730
747
748
26
722
712
716
727
748
755
751
752
22
731
727
711
26
686
671
664
667
681
704
703
702
701
708
728
722
730
723
718
723
736
737
22
716
717
738
752
753
751
38
714
715
725
733
737
733
21
713
717
716
703
692
698
734
744
755
756
29
728
731
729
752
759
747
740
760
773
799
812
804
787
42
745
732
732
748
753
758
744
739
737
761
771
776
775
26
749
777
783
783
788
29
759
788
788
771
33
738
759
758
739
23
717
698
692
693
703
723
735
726
760
774
793
781
781
36
746
734
744
764
771
785
764
787
784
792
792
788
38
750
750
765
771
779
777
24
753
779
784
777
34
743
732
739
760
774
787
773
774
755
36
720
719
730
740
740
742
736
732
730
715
22
694
679
672
674
683
691
705
704
698
707
719
731
736
722
708
727
733
751
750
743
745
737
758
760
763
759
27
733
721
714
716
720
732
717
713
708
713
711
703
694
694
701
698
698
694
685
681
690
714
3575
724
731
716
713
719
739
725
721
716
719
740
737
733
728
23
705
20
686
674
674
686
709
705
713
717
748
758
778
22
756
28
729
732
751
749
23
726
720
727
739
727
708
699
690
701
722
721
732
718
703
694
693
715
714
712
702
691
691
698
697
685
685
700
706
711
709
708
699
698
679
671
654
643
647
648
639
639
645
652
645
648
662
677
680
675
674
677
673
672
671
663
651
644
644
650
656
662
655
642
643
649
656
664
666
666
654
648
648
655
667
671
682
676
666
655
649
650
659
661
661
648
650
656
657
655
651
646
633
625
626
630
639
647
644
641
640
649
661
673
665
656
647
646
651
657
658
662
644
638
645
635
633
637
639
640
639
632
619
614
613
615
615
616
619
623
623
623
614
610
615
619
624
624
626
626
629
625
625
619
613
618
624
628
619
622
628
632
630
630
620
603
607
613
623
632
641
647
654
658
653
638
645
656
666
672
676
666
670
679
690
699
681
24
657
656
664
684
699
692
679
680
681
670
666
678
698
723
726
726
21
706
22
684
684
692
708
721
708
701
695
702
707
705
699
681
671
663
670
680
689
702
714
697
689
686
700
721
724
724
707
694
686
693
715
732
742
757
21
736
723
720
730
749
750
756
24
733
732
740
758
756
21
736
740
739
731
732
733
740
720
711
713
723
746
743
725
718
729
754
755
760
746
735
738
759
759
773
32
742
731
733
757
763
774
775
27
748
737
754
750
750
733
724
729
750
750
750
738
735
747
761
760
761
747
735
722
727
746
744
747
746
735
723
716
709
692
687
689
692
693
686
674
671
677
691
709
705
713
713
701
705
694
682
34
649
645
643
653
661
666
675
673
659
666
679
688
700
697
699
699
697
690
29
661
653
652
661
670
680
678
693
709
707
714
20
695
697
694
676
677
688
687
688
683
670
662
668
666
656
647
644
654
672
693
714
696
710
723
745
737
720
731
745
745
746
728
725
23
702
699
705
729
737
745
729
715
707
713
707
700
707
727
733
737
718
706
22
684
670
678
691
720
734
737
717
715
725
746
755
769
754
743
749
765
756
750
30
720
20
701
693
682
680
680
675
671
663
654
653
662
679
694
698
692
693
702
724
716
719
720
711
705
699
701
704
706
701
705
708
702
690
681
669
665
681
676
20
656
659
661
654
1277
628
650
668
689
704
703
708
713
728
746
742
725
746
749
749
21
728
758
774
776
33
743
774
25
750
751
25
727
717
716
738
746
740
724
721
741
756
756
38
719
751
743
33
710
726
725
707
688
696
713
726
730
713
744
772
792
59
734
771
780
787
31
756
789
808
28
780
29
752
788
794
779
27
752
771
772
777
771
22
750
751
779
793
786
777
779
777
773
760
39
722
23
700
696
701
710
718
715
28
688
711
714
21
694
693
680
674
680
703
714
720
712
717
734
746
746
727
727
708
697
714
738
749
750
750
746
34
712
710
710
704
725
739
742
728
745
750
750
745
743
733
728
719
717
20
698
680
674
678
680
682
695
723
742
748
745
772
22
750
750
751
21
731
718
735
739
752
762
743
740
31
709
708
725
729
712
733
735
738
742
769
776
34
743
730
730
721
717
715
740
751
750
744
725
753
762
769
752
735
742
757
755
754
745
31
714
709
722
723
710
708
713
731
735
22
713
717
741
749
739
723
746
744
749
754
742
729
28
702
22
680
666
668
676
687
697
693
694
721
727
715
712
708
736
751
772
782
38
744
737
750
754
769
766
748
40
708
726
735
744
744
727
34
694
688
680
684
688
686
704
720
730
742
759
756
30
727
712
702
710
731
745
744
23
721
747
752
764
777
36
742
742
757
761
750
22
728
750
745
745
32
713
708
729
739
753
759
742
38
704
729
717
709
712
712
726
729
739
720
711
708
726
738
754
762
770
766
750
35
716
698
688
693
706
726
736
750
753
765
748
742
31
711
28
684
686
698
730
735
747
755
752
27
726
708
717
739
757
766
28
739
724
730
720
735
739
747
755
765
762
753
33
721
24
697
25
673
673
676
707
708
701
751
772
772
778
777
779
36
743
747
752
755
765
762
764
762
787
790
791
773
33
740
743
760
757
21
736
798
27
772
764
760
764
765
771
757
28
730
720
749
764
764
756
745
27
718
24
695
687
690
689
673
680
688
692
692
692
679
689
685
678
684
705
723
733
723
719
748
757
771
776
28
748
732
761
768
753
25
729
716
728
733
746
749
742
725
712
702
701
725
745
765
765
764
746
38
708
708
726
733
731
23
708
699
21
678
675
672
681
691
693
695
723
743
755
746
772
769
773
754
21
733
723
744
742
723
749
758
763
753
25
729
732
746
755
746
22
724
755
766
758
763
763
750
743
730
721
723
711
704
21
683
28
656
651
661
672
696
706
733
751
734
729
774
770
806
802
800
48
753
789
26
763
761
744
22
722
722
22
701
694
697
717
720
730
729
22
708
706
729
732
739
732
751
774
772
757
783
775
791
790
791
27
764
747
755
750
761
783
796
783
31
752
24
729
748
755
785
797
23
775
777
756
754
741
41
700
23
678
677
686
706
720
737
747
745
751
35
717
726
725
759
784
791
772
34
738
742
730
728
722
732
763
773
783
784
788
778
779
30
750
32
718
716
711
23
689
685
692
20
673
668
667
676
685
692
25
667
682
709
738
775
790
805
34
772
30
742
729
751
764
781
782
791
24
767
771
23
748
30
718
704
703
708
728
712
750
777
805
827
824
804
35
770
790
794
810
818
826
33
793
797
778
769
750
747
739
26
713
728
725
25
700
714
736
766
780
761
796
818
820
816
65
751
783
791
799
50
750
757
770
797
805
818
822
817
30
787
56
731
741
750
756
757
738
783
799
817
823
807
22
786
781
24
757
743
735
723
720
29
692
711
707
700
693
682
671
655
661
674
695
714
704
709
726
753
767
21
747
727
724
743
754
757
750
22
729
722
727
744
745
743
26
717
732
729
722
20
702
701
708
713
713
713
710
20
691
702
708
702
26
676
19
658
665
674
686
668
662
668
675
674
684
709
711
725
728
708
690
702
718
729
746
768
779
786
783
787
782
767
758
751
751
743
28
715
740
744
748
43
705
720
744
755
765
767
767
41
727
709
734
750
781
770
795
797
814
812
808
27
782
767
25
743
729
718
748
767
788
782
36
746
21
725
750
751
763
780
787
794
791
771
773
59
715
703
697
709
740
753
763
790
786
791
770
757
743
35
708
706
688
687
681
687
715
740
782
799
804
793
785
54
731
764
763
750
46
705
722
729
740
758
761
761
752
749
741
736
729
718
31
687
674
677
699
710
713
722
740
762
775
777
765
752
737
730
726
22
705
699
712
708
699
703
701
736
755
789
812
803
24
780
823
828
48
781
836
817
810
42
769
790
791
818
829
834
29
806
26
780
811
813
30
784
797
830
828
45
783
817
56
761
792
801
811
821
27
795
24
771
792
810
819
813
810
800
60
741
758
762
769
778
22
756
29
728
732
739
743
725
753
771
750
781
804
817
826
826
811
793
807
796
787
778
757
754
750
750
26
724
709
729
738
736
30
707
715
748
784
811
817
815
27
788
783
806
804
804
30
774
770
789
802
806
812
799
38
762
34
729
25
704
708
722
719
20
700
731
730
743
735
729
25
705
710
725
731
731
713
713
734
741
732
731
27
705
725
711
731
736
740
721
706
717
725
737
752
746
748
757
750
43
708
712
725
727
723
716
699
692
692
701
25
676
673
685
712
727
753
741
744
767
24
743
25
719
760
774
783
766
34
732
765
765
748
735
763
778
788
22
766
22
745
779
765
751
40
712
23
690
685
687
705
712
708
689
691
709
709
716
701
692
682
685
705
741
770
763
770
796
793
800
44
757
776
773
762
28
735
749
744
750
732
752
748
773
788
782
785
25
760
26
735
749
740
750
756
742
739
755
792
799
790
37
753
762
771
778
789
786
770
53
718
734
740
737
24
713
747
748
771
785
783
784
772
753
37
717
713
747
768
806
816
823
804
49
756
789
792
799
807
800
800
801
784
776
764
750
31
720
750
743
23
721
751
757
766
758
752
31
722
743
735
734
723
739
760
770
778
758
763
751
24
728
750
754
737
755
770
786
784
795
792
37
756
34
723
715
710
735
753
776
781
25
756
791
800
798
781
821
818
35
784
828
821
814
31
784
829
826
807
798
813
818
823
808
789
814
829
835
835
829
38
791
811
830
831
829
39
790
805
824
822
28
795
847
846
835
831
861
863
24
839
864
847
29
818
858
36
822
812
835
834
44
791
829
827
840
839
847
829
26
803
35
769
791
40
752
781
33
748
750
769
767
784
800
786
796
795
40
756
751
771
790
796
784
35
749
779
782
789
782
783
769
764
751
49
703
709
727
733
741
745
729
736
739
744
39
705
698
711
727
709
709
729
752
751
756
745
761
777
37
740
761
768
781
775
36
739
736
767
755
750
33
717
728
715
712
704
692
705
689
689
687
691
704
690
683
715
728
720
749
761
771
775
771
757
27
731
26
705
711
725
732
738
767
790
807
788
799
821
834
832
40
792
814
815
800
798
799
803
791
773
808
825
814
816
24
793
29
765
797
803
30
774
800
789
828
836
852
858
857
842
839
820
814
798
32
767
37
730
746
744
764
26
739
779
774
770
800
813
839
847
849
844
840
83
758
776
771
786
787
808
823
824
24
800
37
764
789
795
56
739
746
767
759
802
830
868
877
884
58
827
857
834
842
847
845
838
835
829
834
40
795
44
752
772
771
790
803
818
812
816
827
824
70
755
792
781
767
791
787
798
830
833
838
841
65
777
777
43
735
752
770
785
769
765
801
816
827
813
829
46
784
791
24
767
756
34
723
745
727
28
699
696
727
734
728
727
723
733
729
745
758
784
811
830
851
841
828
30
798
780
812
33
779
774
757
32
726
751
747
738
742
755
775
791
771
762
793
801
823
833
833
51
783
791
781
44
738
761
761
766
785
778
773
809
815
800
799
811
838
839
834
24
811
41
770
791
780
782
791
35
757
802
803
820
816
44
772
818
827
829
28
801
817
804
800
805
795
778
773
775
783
769
36
733
721
739
749
771
771
777
30
747
768
787
815
831
841
37
805
794
782
782
813
824
837
852
858
868
883
870
867
885
891
895
875
896
890
890
25
865
880
881
875
879
878
45
834
828
822
41
781
796
784
820
810
799
786
815
827
44
783
775
791
780
792
781
29
752
789
788
786
25
761
772
779
759
782
23
759
770
769
777
781
779
28
752
749
771
791
786
812
825
35
790
805
833
811
843
828
824
836
822
31
791
771
791
797
780
36
744
757
793
812
816
41
776
774
758
773
798
811
33
778
789
820
831
839
67
773
824
810
821
25
796
24
773
804
800
787
782
765
29
737
23
714
741
757
771
772
754
747
757
785
792
821
829
822
803
52
751
732
725
746
757
775
33
743
757
774
787
26
761
44
718
746
32
714
719
723
718
41
678
694
687
685
20
666
671
672
662
655
665
659
660
657
657
665
669
674
670
666
676
666
672
670
672
678
684
666
682
689
692
697
690
674
684
669
663
664
667
674
663
670
681
681
672
677
684
701
688
694
687
693
698
693
685
698
686
686
689
687
689
683
703
697
688
688
697
683
685
708
708
712
708
693
694
690
678
684
706
701
686
3999
3999
3999
3999
3999
3999
3999
3999
3999
3999
3999
3999
3999
3999
3999
3999
3999
3999
3999
3999
3999
3999
3999
3999
3999
3999
3999
3999
3999
3999
3999
3999
3999
3999
3999
3999
3999
3999
3999
3999
3999
3999
3999
3999
3999
3999
3999
3999
3999
3999
3999
3999
3999
3999
3999
3999
3999
3999
3999
3999
3999
3999
3999
3999
3999
3999
3999
3999
3999
3999
3999
3999
3999
3999
3999
3999
3999
3999
3999
3999
3999
3999
3999
3999
3999
3999
3999
3999
3999
3999
3999
3999
3999
3999
3999
3999
3999
3999
3999
3999
3999
3999
3999
3999
3999
3999
3999
3999
3999
3999
3999
3999
3999
3999
3999
3999
3999
3999
3999
3999
3999
3999
3999
3999
3999
3999
3999
3999
3999
3999
3999
3999
3999
3999
3999
3999
3999
3999
3999
3999
3999
3999
3999
3999
3999
3999
3999
3999
3999
3999
3999
3999
3999
3999
3999
3999
3999
3999
3999
3999
3999
3999
3999
3999
3999
3999
3999
3999
3999
3999
3999
3999
3999
3999
3999
3999
3999
3999
3999
3999
3999
3999
3999
3999
3999
3999
3999
3999
3999
3999
3999
3999
3999
2815
839
25
815
27
789
774
808
840
852
29
824
869
893
910
914
897
879
32
847
27
821
30
791
793
789
58
731
734
733
28
706
694
701
694
687
696
685
682
679
673
659
654
661
661
664
667
671
671
678
675
701
709
710
30
681
692
688
688
684
689
705
687
684
688
689
692
683
681
688
695
693
691
691
686
697
708
705
702
710
716
713
700
707
719
20
699
705
707
711
708
701
700
701
707
696
695
692
695
698
697
695
696
700
693
691
697
705
705
709
708
711
722
725
724
719
720
720
717
719
720
713
711
719
710
706
699
692
691
672
671
687
679
677
677
681
679
690
681
682
690
689
685
687
692
701
700
685
699
714
716
718
716
707
708
718
700
708
693
695
687
700
705
693
709
23
687
724
726
732
726
22
705
709
704
716
712
708
719
709
708
719
31
689
675
684
690
675
672
673
684
666
663
659
660
657
653
644
636
630
630
628
626
626
626
617
617
609
600
588
576
572
580
581
590
607
624
633
639
647
659
653
643
630
629
631
631
630
632
633
635
639
637
636
627
631
634
637
649
652
651
648
640
629
628
620
626
627
633
646
631
631
636
636
633
630
632
637
645
647
650
656
647
640
636
631
623
623
626
616
603
603
607
605
611
610
603
602
602
596
587
586
583
579
197
382
767
194
573
575
571
568
569
565
561
567
573
578
579
580
590
601
602
606
610
612
613
614
621
625
623
619
625
625
624
624
625
628
627
622
620
619
617
610
615
620
611
610
616
615
619
613
617
623
624
622
624
629
630
624
625
621
620
612
620
623
619
620
624
627
631
637
652
640
635
625
624
624
619
615
618
613
606
608
606
603
605
614
613
616
615
613
611
604
605
606
600
606
605
608
611
609
607
612
622
615
610
613
621
628
637
635
652
660
672
666
676
690
683
677
698
692
683
692
707
688
679
684
669
672
670
664
677
681
680
687
695
692
715
733
718
713
750
783
26
757
774
37
737
740
735
740
726
713
717
700
698
689
46
644
629
625
623
616
612
610
611
607
608
616
621
626
622
630
639
642
639
638
649
642
640
640
637
626
628
630
625
618
622
625
626
623
629
636
637
621
628
634
626
625
625
632
625
628
635
625
625
625
620
626
633
632
629
628
618
610
609
613
609
598
598
614
613
608
613
615
617
611
607
605
605
610
623
630
641
640
644
647
641
632
630
632
630
631
643
644
641
655
651
647
643
653
666
661
652
653
654
640
643
643
628
617
618
625
637
647
638
642
645
648
651
665
676
666
666
662
654
656
666
670
674
684
688
677
675
673
665
668
682
671
690
675
669
666
665
666
28
638
638
632
630
634
627
623
627
629
633
640
649
647
656
661
653
654
670
665
662
659
658
20
638
622
624
627
632
630
639
660
667
664
666
675
680
668
663
671
680
671
666
669
669
673
669
27
643
635
650
657
676
679
713
720
708
711
748
769
781
767
779
774
763
24
739
745
751
760
749
761
804
820
24
796
810
826
839
831
811
837
833
828
37
791
829
846
848
831
30
801
46
755
779
769
767
754
766
792
781
795
815
820
27
793
775
791
793
777
802
831
838
829
847
51
797
801
41
761
44
717
713
717
710
701
726
725
745
728
751
768
791
773
22
752
780
807
814
826
25
801
794
790
828
825
839
29
811
832
859
855
35
820
854
843
842
836
826
816
838
830
823
815
836
846
836
818
856
846
861
855
849
32
817
23
795
802
793
27
767
761
805
810
32
779
774
782
30
753
753
771
781
792
801
789
791
803
813
803
791
806
796
782
33
750
745
772
784
801
799
806
826
840
859
854
873
883
893
880
869
32
837
35
803
38
765
783
789
786
780
765
794
801
799
807
839
833
69
764
789
33
756
743
756
756
740
764
767
766
780
804
804
801
39
763
24
740
755
740
22
718
730
755
750
760
780
810
824
26
798
812
822
40
783
24
759
797
802
819
798
816
810
819
817
35
782
57
725
727
717
723
718
729
750
766
768
769
783
806
805
790
812
797
799
795
787
27
760
745
775
770
789
791
778
775
785
785
768
761
774
782
782
791
787
793
808
793
782
782
773
767
760
760
764
773
794
795
781
774
791
795
797
784
783
795
805
811
808
805
27
779
762
747
767
776
791
808
806
811
830
825
44
781
797
819
828
830
24
807
829
832
829
831
815
803
824
811
792
805
797
801
806
794
783
773
774
765
751
758
757
755
781
805
808
800
804
822
822
806
797
813
815
809
37
773
772
758
25
733
745
741
722
737
744
754
736
756
765
781
783
787
774
795
803
799
788
795
818
830
813
796
808
827
830
830
808
810
828
833
837
26
812
813
833
837
833
838
835
42
794
832
827
836
42
795
821
801
841
822
837
29
809
789
31
758
767
757
42
716
716
718
729
709
709
699
702
696
705
717
721
722
20
703
711
708
699
694
690
699
702
688
680
685
672
672
681
688
686
678
674
685
690
697
685
683
689
708
712
695
689
692
703
711
698
696
696
708
704
698
695
711
712
710
694
695
694
696
697
696
690
695
709
695
684
679
687
695
690
685
675
670
676
687
697
688
684
704
712
705
703
719
718
726
733
736
718
709
732
740
747
731
23
708
715
710
719
720
722
23
700
708
732
743
769
779
780
773
773
791
800
804
802
791
787
812
822
831
838
850
841
826
807
796
808
797
805
788
792
793
801
801
796
801
801
790
798
784
780
785
802
803
793
794
792
804
801
808
815
818
832
820
799
55
745
763
756
751
22
730
746
754
766
786
797
794
779
796
806
812
819
810
799
787
795
83
713
715
702
697
681
682
683
693
694
685
703
708
714
712
697
718
711
714
708
694
693
703
710
719
716
714
719
730
725
718
723
730
729
730
726
742
750
739
724
723
717
717
714
715
727
731
746
748
25
723
726
733
740
752
747
751
755
745
753
747
729
737
734
735
730
744
759
750
34
716
734
728
737
740
741
743
748
750
760
754
753
750
750
764
755
750
749
755
761
746
750
750
739
732
32
701
700
712
710
27
684
672
670
680
688
677
675
685
677
676
679
685
694
21
674
671
671
659
660
662
649
657
657
661
654
646
648
652
646
632
631
633
629
629
635
639
632
625
627
627
622
611
608
608
616
625
626
630
643
627
620
618
620
615
615
616
620
626
617
625
622
622
618
624
627
629
617
610
613
613
616
625
626
628
639
656
657
656
658
674
669
678
676
678
681
678
669
652
643
636
633
637
635
629
627
630
636
631
632
639
642
636
632
634
636
638
639
650
666
673
671
666
681
678
669
682
664
659
664
672
666
661
680
682
694
697
689
696
698
699
698
24
674
677
685
692
686
668
673
691
678
667
659
658
661
678
674
666
681
691
704
700
693
703
699
701
694
686
689
695
700
703
691
697
701
24
677
676
696
701
708
690
708
20
688
702
21
681
694
703
27
676
670
671
666
660
654
666
20
647
644
645
645
648
648
640
643
658
665
675
681
685
681
692
701
716
725
722
717
719
722
727
720
713
712
717
29
688
675
673
20
654
661
670
668
655
663
647
655
658
641
649
649
643
632
646
649
658
665
673
672
678
683
684
700
37
663
664
646
643
642
632
626
625
614
610
616
621
628
627
628
632
635
637
640
641
648
662
665
666
661
676
674
662
664
661
666
667
657
648
646
655
661
669
670
690
695
693
689
686
682
693
684
689
689
682
687
699
695
687
691
698
703
699
694
681
690
697
693
685
687
35
652
657
652
641
657
676
665
650
656
670
671
663
660
661
662
657
656
650
642
644
664
652
646
649
649
648
653
669
669
672
689
706
714
715
722
730
730
728
746
745
759
756
757
738
737
746
736
733
744
772
24
749
734
727
735
743
748
21
727
717
720
724
725
709
20
690
704
714
706
703
692
711
717
718
718
722
724
718
718
733
737
738
737
738
754
749
742
731
742
753
762
746
743
746
761
760
759
745
751
762
755
750
772
765
757
24
734
22
713
717
24
694
693
682
670
661
659
651
655
665
653
40
614
626
634
639
638
622
638
640
646
21
626
631
634
638
629
621
615
621
629
634
639
641
631
635
633
630
628
631
632
634
627
619
619
619
613
605
604
610
604
599
600
602
609
604
598
595
598
594
593
592
600
609
611
610
615
618
619
615
610
611
618
621
624
632
631
622
617
620
618
617
611
609
614
618
613
612
613
616
613
612
619
617
612
615
625
629
625
622
619
621
621
611
612
613
610
604
599
602
607
607
605
603
600
596
590
586
584
580
581
585
586
584
580
587
586
580
575
577
578
573
573
581
586
587
587
593
599
593
593
588
583
581
584
593
589
583
579
573
565
569
572
569
573
576
576
579
586
599
608
603
598
601
608
614
616
623
622
615
613
614
613
609
616
624
629
633
21
613
608
612
619
618
610
616
618
608
609
615
612
607
604
604
606
605
605
615
624
620
625
637
629
632
631
629
631
629
613
601
586
579
580
580
580
583
583
587
596
598
598
604
603
603
592
594
597
598
594
594
603
607
604
602
603
608
609
609
614
625
625
623
632
649
649
644
641
632
624
628
625
619
611
616
625
619
620
625
627
628
625
615
622
627
637
633
631
655
672
682
683
670
670
678
704
699
709
23
687
676
666
668
666
663
659
659
677
669
670
668
675
684
681
675
664
665
666
673
670
663
668
686
687
673
670
662
661
657
663
659
655
643
641
645
648
643
634
632
631
635
634
626
625
622
620
620
624
637
640
649
650
646
641
640
647
644
651
640
642
630
627
623
619
618
621
627
637
639
636
637
628
623
619
616
616
614
613
617
618
616
618
625
640
651
660
657
641
636
628
627
622
619
612
607
603
602
606
614
618
621
617
616
617
625
632
632
628
625
629
636
632
625
626
625
624
626
643
649
643
637
634
644
656
653
648
655
654
661
657
652
655
666
677
677
668
669
671
677
20
658
642
630
623
624
618
617
616
617
624
623
625
622
619
618
623
618
614
604
603
602
600
600
601
600
596
598
599
596
591
17
575
570
569
568
567
564
558
561
563
567
570
567
567
565
568
573
582
587
593
594
592
592
592
591
594
597
602
598
593
592
595
600
606
611
614
609
605
607
613
623
625
620
616
611
612
614
617
619
612
609
607
601
24
577
575
572
573
569
566
566
575
580
579
575
574
574
582
592
601
601
598
599
605
615
622
625
614
608
608
615
619
634
655
661
660
648
634
632
642
643
642
647
642
640
20
621
610
610
617
628
642
651
655
658
661
19
642
634
639
645
652
648
644
644
663
698
713
725
721
717
712
21
691
675
21
655
649
649
653
655
646
639
645
654
666
678
681
673
661
650
652
664
680
702
702
695
687
691
700
704
721
33
689
690
696
704
713
718
21
697
691
689
700
707
705
689
698
702
709
697
694
696
696
699
695
700
688
686
693
712
713
722
712
714
718
738
26
712
701
709
726
23
704
709
733
738
745
749
30
719
725
739
722
735
719
711
700
695
685
679
665
668
674
679
692
689
675
661
664
672
681
714
723
737
736
721
737
740
746
755
751
751
734
745
744
747
740
728
715
706
718
721
719
717
708
691
690
692
693
685
678
683
696
691
688
695
715
726
737
724
713
719
745
755
772
765
756
40
716
701
699
699
701
700
695
701
726
721
719
710
707
709
737
743
742
743
724
741
723
742
744
747
756
748
741
743
733
716
702
688
675
683
702
708
723
723
715
701
690
684
680
689
711
715
721
722
728
721
733
742
744
745
752
753
746
746
742
742
745
740
720
21
700
708
704
714
718
730
734
737
726
730
736
738
742
739
720
741
740
738
742
724
725
727
724
718
702
713
20
694
710
694
699
26
673
674
680
679
668
667
677
673
690
694
691
705
709
711
721
720
729
21
709
703
698
679
671
682
697
703
709
703
31
672
661
658
666
678
688
706
710
707
707
698
697
702
712
722
729
29
700
713
729
728
714
25
690
703
715
723
719
20
700
731
733
723
22
701
708
337
372
21
351
726
731
743
750
748
756
756
737
728
739
735
729
737
752
760
764
745
741
724
712
28
684
676
667
665
669
666
675
699
696
708
701
715
728
743
746
756
759
752
748
760
760
761
750
739
746
745
748
736
729
741
747
754
749
732
731
727
731
739
764
789
795
790
775
774
782
785
777
767
755
769
776
780
779
773
782
786
784
789
784
777
766
761
768
775
778
759
756
765
766
768
764
754
747
738
744
751
754
759
756
746
744
735
740
739
722
716
713
723
726
730
724
712
715
724
727
723
714
23
692
697
694
706
708
706
692
698
709
716
726
723
733
754
762
755
753
770
775
778
771
758
750
759
761
760
753
747
746
750
762
764
767
762
757
751
759
763
771
759
751
746
751
759
760
750
736
751
758
763
763
758
750
748
757
764
767
777
761
757
771
779
778
773
762
756
761
763
763
751
736
754
741
744
725
733
748
747
757
765
756
740
752
747
750
752
744
741
753
755
762
754
735
755
753
761
756
758
749
759
763
763
756
745
730
737
748
755
765
766
764
752
744
753
770
780
785
777
760
754
758
758
760
748
22
726
722
714
733
732
743
752
754
750
743
748
745
744
730
739
737
734
734
749
759
764
773
767
752
747
741
747
750
754
751
749
745
758
769
774
775
767
764
773
777
775
773
759
766
766
757
752
754
742
751
774
782
780
771
776
791
780
776
762
770
766
770
770
776
793
806
803
791
791
786
781
22
759
777
785
784
777
759
760
766
774
771
759
751
761
767
775
776
773
764
761
775
788
784
774
763
775
779
774
755
756
765
769
774
770
760
764
773
764
752
750
752
754
744
748
748
742
746
754
755
745
756
744
27
717
715
729
731
728
721
726
723
723
716
701
696
698
706
723
734
733
736
740
750
756
746
746
751
761
765
761
755
750
763
779
762
24
738
751
744
734
727
713
717
736
737
747
752
778
790
795
781
778
789
791
787
23
764
775
758
749
735
758
767
760
758
748
746
755
764
770
765
763
757
772
780
780
770
766
778
781
784
782
771
765
759
767
779
790
776
768
25
744
760
751
759
750
750
753
764
766
762
746
738
718
733
729
724
717
746
749
753
746
762
24
739
740
740
744
748
741
736
730
721
24
697
691
701
714
717
721
712
716
734
744
757
765
762
751
759
746
728
725
734
728
717
701
696
684
677
666
670
671
678
693
700
709
721
719
707
699
709
713
710
692
695
683
677
671
669
679
687
683
679
675
675
682
676
666
676
680
692
714
722
735
740
731
24
707
714
730
737
738
727
714
737
739
744
743
744
33
711
700
692
707
713
724
726
23
704
703
718
726
737
745
744
33
711
734
731
736
741
747
22
725
732
719
33
687
678
681
683
681
678
684
726
721
742
743
25
718
722
712
726
32
695
705
708
704
686
681
692
691
676
673
673
689
689
677
683
698
703
700
696
698
711
713
695
693
706
704
701
694
695
679
670
667
665
665
685
695
707
709
707
702
714
729
736
735
728
715
719
737
750
755
758
748
745
750
761
768
773
772
755
749
749
759
768
767
770
28
743
732
744
744
756
761
765
764
751
738
750
746
761
755
737
725
732
738
759
771
769
755
754
755
773
797
804
799
22
778
784
795
800
787
776
765
776
779
794
791
22
770
758
764
769
783
765
756
21
736
745
741
731
719
720
736
739
728
723
722
708
703
684
675
677
670
666
664
661
663
667
694
713
727
745
742
737
753
760
765
763
758
748
747
751
760
757
751
736
745
746
757
756
741
736
735
747
774
782
772
764
755
765
771
780
788
778
777
790
787
794
785
773
765
762
765
774
769
757
752
749
760
755
750
739
723
723
38
685
697
695
695
719
735
750
741
748
759
765
42
724
723
716
711
707
25
682
692
699
712
705
708
749
760
763
746
803
806
809
33
776
837
29
809
788
781
770
752
45
708
705
698
689
708
734
751
754
35
720
710
46
664
658
646
641
637
631
630
632
631
625
625
618
621
622
610
607
608
608
599
598
596
598
601
600
603
606
602
602
604
605
605
597
595
598
596
590
586
590
588
585
581
577
576
577
575
574
577
575
566
569
571
572
573
571
571
570
564
569
571
568
565
563
567
566
565
565
563
559
558
562
561
560
556
553
552
550
553
548
543
545
548
546
545
549
543
543
545
547
550
546
548
548
549
549
554
547
547
550
549
547
544
544
543
543
541
540
534
535
534
534
534
532
530
530
526
530
532
529
530
524
520
523
524
524
523
522
517
518
520
518
519
517
513
512
517
514
513
513
507
509
511
510
508
508
505
503
503
503
506
502
502
501
500
501
503
500
502
500
496
499
496
497
497
495
491
495
495
492
493
491
486
489
490
490
488
489
485
485
484
482
486
487
483
482
483
479
482
481
477
478
478
477
478
478
473
472
474
477
476
475
473
471
474
473
473
472
473
467
472
472
470
470
469
471
466
468
471
469
469
470
465
465
468
466
467
468
463
465
463
465
463
468
465
463
461
462
461
464
462
462
460
458
458
459
461
460
461
462
464
462
465
467
464
467
467
466
466
476
481
478
479
479
483
489
492
496
500
500
499
500
504
510
521
523
519
527
523
515
508
503
503
506
502
502
501
506
507
509
509
505
514
526
537
551
556
562
570
572
561
562
569
568
563
555
547
545
550
556
555
554
547
542
550
556
569
570
558
553
554
558
561
555
552
547
543
544
551
558
565
561
561
574
580
577
576
583
605
617
614
27
587
581
587
594
605
605
598
610
624
632
633
623
625
632
627
616
618
624
619
615
616
625
624
613
622
620
605
600
604
614
632
636
646
639
629
622
629
640
638
627
639
646
651
642
631
643
656
653
641
666
669
664
648
660
667
668
658
649
668
689
691
692
23
669
659
670
674
665
664
673
679
684
680
666
660
675
675
660
660
668
673
662
655
664
663
648
652
646
659
665
663
667
660
31
629
618
622
638
653
661
670
674
669
25
645
638
644
652
660
670
674
676
659
656
664
660
655
645
642
633
622
620
628
636
629
625
628
649
657
667
670
667
660
659
670
678
675
663
657
668
667
665
652
654
659
655
677
682
682
673
661
667
664
658
650
649
650
642
664
651
647
651
650
667
662
659
652
657
666
664
660
652
651
644
626
631
630
629
629
629
630
629
642
645
638
634
639
645
654
652
639
633
630
625
636
639
638
630
619
627
637
647
655
652
659
671
683
671
656
648
652
664
684
698
689
673
666
674
683
686
678
673
683
691
687
684
21
664
659
651
657
670
686
695
690
683
694
708
708
701
694
695
698
700
22
678
673
680
698
702
695
688
692
706
705
696
680
678
690
705
708
702
688
692
704
708
708
695
684
687
696
700
687
675
675
687
693
698
698
695
699
709
713
705
689
675
680
694
705
712
709
699
689
690
686
686
679
670
677
699
716
730
729
717
709
713
727
726
731
726
21
706
695
703
700
21
679
668
663
655
645
635
625
630
642
658
673
690
698
706
707
699
703
710
716
721
718
712
720
722
723
711
701
701
705
711
714
702
690
689
697
697
696
687
682
686
694
702
709
711
703
697
700
706
707
698
691
685
689
696
706
704
697
687
691
697
701
693
686
681
685
694
698
689
682
677
678
690
685
672
664
668
678
676
3999
3999
3999
3999
3999
3999
3999
2418
703
701
697
691
688
694
697
702
696
683
673
669
671
665
656
646
647
648
649
647
641
635
634
639
642
650
650
650
646
646
647
648
644
639
639
641
640
639
648
659
668
665
651
646
642
644
643
641
634
633
636
636
629
633
647
646
641
647
658
655
645
649
657
652
645
648
659
656
648
656
664
654
648
651
666
664
655
655
663
673
677
670
666
666
678
682
682
679
671
668
679
689
693
691
692
679
19
660
652
659
650
639
649
662
683
693
700
695
687
694
707
705
701
694
698
707
717
709
706
708
712
705
693
685
689
698
694
686
675
675
683
693
696
698
688
689
694
698
697
690
680
675
682
688
691
688
682
680
686
687
682
686
690
691
686
683
696
697
689
678
663
665
672
679
679
678
675
690
711
711
709
709
693
22
671
671
681
679
683
696
686
685
683
688
679
663
662
665
663
660
19
641
625
639
645
653
662
669
671
680
684
687
685
680
672
669
656
654
661
672
670
678
681
679
678
680
671
672
663
664
669
674
681
677
672
675
679
668
676
691
704
696
26
671
657
645
633
214
420
3381
3356
2741
615
903
1023
1125

