09-09-2022 - 9:24 - Correr
Custodio Velasquez
Intervalos entre latido y latido
881
877
876
887
887
890
883
875
860
861
870
865
866
862
868
881
891
889
889
888
897
895
891
887
889
882
880
875
879
882
880
878
884
890
894
892
892
895
886
883
883
888
884
883
885
895
897
895
896
906
907
903
908
913
916
911
915
917
919
916
919
911
897
914
905
910
895
902
903
906
890
887
897
891
884
880
891
896
891
890
901
903
903
892
900
904
900
895
899
909
911
908
902
909
911
911
897
914
916
913
899
912
912
917
911
900
913
912
901
896
912
914
905
903
908
907
889
881
872
879
873
870
887
881
881
877
885
891
892
897
891
893
895
890
891
875
877
876
873
873
875
881
884
888
884
885
893
887
885
879
882
878
874
871
875
875
875
868
873
880
884
883
887
896
898
903
902
911
919
918
912
913
918
914
914
917
919
916
909
916
915
913
905
902
903
899
891
895
897
899
896
899
899
898
894
892
893
889
888
890
893
898
890
882
889
884
880
884
887
875
885
885
883
879
869
886
889
870
862
882
882
867
844
858
861
863
858
874
881
887
881
883
898
901
901
890
893
899
896
891
880
884
888
889
875
883
893
892
892
897
914
915
916
905
916
919
920
904
905
906
900
891
888
893
891
886
875
884
887
887
875
890
890
884
875
879
886
892
892
898
905
914
915
909
917
907
905
903
905
895
894
906
905
891
898
908
906
894
894
903
903
895
891
900
891
880
876
865
866
875
871
871
867
875
896
900
899
900
908
917
914
914
916
920
916
909
913
916
928
916
917
915
927
921
913
918
925
930
925
932
935
940
935
940
935
936
931
939
940
927
930
944
942
919
927
937
939
921
932
939
935
28
907
919
932
931
914
919
935
935
915
913
933
935
914
907
921
914
29
885
875
857
867
886
865
876
873
875
884
898
899
896
905
911
913
909
910
912
917
915
913
914
897
915
907
907
902
891
891
875
874
876
861
849
847
827
825
821
825
40
785
784
776
763
760
791
28
763
777
767
765
759
742
751
744
741
744
752
736
747
747
738
743
764
22
743
728
731
720
732
734
745
733
743
762
743
733
731
731
722
719
735
724
731
730
740
726
722
726
721
726
728
724
716
733
717
716
720
737
723
710
721
714
709
708
719
712
709
709
715
702
702
701
702
692
694
709
701
702
697
700
694
693
694
692
698
697
689
677
679
671
677
673
676
680
679
674
674
682
681
672
675
685
683
675
674
680
674
672
679
686
672
679
678
687
684
674
675
674
666
677
678
687
672
679
681
678
678
687
691
682
677
684
688
678
678
680
684
672
676
679
680
668
669
672
670
666
657
659
657
652
653
644
650
649
652
647
651
654
657
652
651
663
655
659
652
658
655
660
650
657
655
647
655
656
652
666
654
654
655
668
20
649
659
660
668
653
663
668
673
666
665
666
682
22
660
669
665
668
661
666
667
680
21
659
673
671
678
666
667
670
673
668
669
669
677
676
671
666
695
28
667
667
673
672
666
666
668
658
657
665
655
655
660
653
653
658
658
651
655
662
654
652
654
659
648
657
655
654
647
659
663
649
662
674
685
672
680
668
671
684
684
681
672
684
681
673
669
663
673
674
668
681
693
688
689
678
698
697
684
696
689
684
687
678
712
695
708
722
706
709
727
710
706
714
723
708
708
708
739
28
712
711
715
749
22
727
730
721
755
741
736
724
781
40
741
776
762
749
777
23
755
750
767
764
766
764
745
740
773
765
768
763
759
800
784
780
773
810
800
792
780
805
799
787
777
766
802
787
781
782
805
794
792
817
813
812
797
794
807
28
780
784
770
770
800
801
798
811
823
817
804
819
826
827
816
838
844
847
837
851
849
848
828
823
824
821
822
321
502
1166
348
818
826
834
834
820
841
843
847
835
856
852
853
835
859
857
852
842
843
853
856
853
861
880
875
874
856
849
856
844
859
866
869
850
874
871
871
850
871
873
865
854
874
869
873
859
874
878
873
857
880
880
874
870
878
890
875
872
893
891
886
876
896
890
886
867
884
880
875
857
875
872
868
845
861
862
852
840
859
857
852
839
853
851
844
836
833
838
827
848
848
842
838
849
844
835
836
850
848
841
835
855
845
833
847
842
845
838
839
827
816
816
812
808
823
816
823
829
823
834
838
841
835
853
849
848
849
854
848
849
856
847
857
857
855
861
868
867
875
871
875
875
875
878
864
871
867
874
868
872
866
873
858
866
868
876
871
867
870
872
860
840
834
847
842
848
835
845
852
858
856
849
834
843
833
837
840
848
836
831
824
833
831
830
822
822
827
826
832
821
828
831
836
833
838
847
847
840
842
851
851
844
843
845
851
852
842
849
854
834
844
856
863
846
853
863
863
851
841
845
838
823
828
832
834
831
825
827
834
828
809
823
836
838
852
854
851
856
858
862
852
852
852
848
840
841
847
840
836
841
843
841
827
835
844
850
853
846
850
860
850
845
846
854
856
840
840
847
845
833
822
818
825
829
834
827
825
833
834
832
836
846
842
833
842
842
836
822
823
828
833
828
832
840
850
832
831
838
849
24
826
820
829
843
830
827
835
847
860
848
846
849
871
861
850
852
865
857
842
847
854
839
857
860
848
29
820
839
855
849
852
858
845
840
833
835
829
851
830
851
858
26
832
847
868
852
847
846
844
840
833
828
827
827
829
830
834
836
840
845
840
819
819
822
804
815
816
797
837
842
824
826
830
827
818
814
821
817
804
815
25
790
796
802
789
791
802
784
785
793
813
806
805
813
833
836
821
833
853
847
852
28
824
842
849
855
871
853
840
857
850
830
831
818
830
841
842
823
826
833
837
824
827
29
798
821
827
846
857
859
25
834
831
842
851
833
823
833
848
864
27
838
834
844
862
846
837
848
35
814
819
835
844
877
875
861
860
852
830
822
842
860
855
26
829
837
861
867
876
868
847
846
863
848
848
852
866
864
24
841
849
859
872
27
845
840
827
834
838
852
833
826
836
833
829
841
833
843
843
838
855
869
869
862
875
865
858
864
875
858
850
838
859
875
853
848
866
871
850
848
855
875
853
839
849
859
840
836
861
851
837
847
851
27
824
849
856
876
875
24
851
843
859
26
833
833
833
852
831
829
833
860
838
819
835
851
849
828
829
843
844
827
823
837
846
26
820
818
838
838
821
825
846
839
825
831
854
839
829
850
836
828
849
848
833
839
833
863
845
832
835
854
832
836
836
854
835
830
843
834
828
832
851
843
833
832
23
809
827
836
849
846
827
833
844
850
830
829
838
858
845
23
823
836
852
834
829
833
852
838
827
835
860
845
842
857
850
836
838
860
852
30
822
828
851
859
864
875
856
833
842
855
843
837
836
843
860
840
835
845
861
851
838
848
860
855
844
842
856
838
828
843
831
815
795
793
792
806
797
791
801
799
791
791
31
760
23
738
732
732
725
723
714
732
26
706
731
28
704
704
702
695
694
694
688
689
681
682
674
671
672
670
664
667
668
668
669
666
663
671
663
659
666
668
662
664
652
656
674
668
659
657
666
664
663
656
657
652
652
654
654
654
651
651
657
646
646
645
654
654
640
634
632
636
633
631
640
629
630
631
628
625
628
627
634
637
634
632
632
634
633
630
624
624
629
629
624
625
621
625
619
614
623
623
615
612
617
622
613
610
621
615
610
604
616
608
608
610
614
607
602
613
612
605
599
613
605
604
606
603
608
600
604
605
613
600
604
612
604
604
604
610
601
601
606
610
606
611
614
606
609
605
612
608
617
606
623
611
615
619
611
621
613
625
614
620
618
613
609
608
602
609
607
605
608
604
611
620
624
612
622
623
619
619
617
613
614
614
609
613
612
605
604
605
604
610
616
606
598
598
599
602
597
594
598
602
612
597
593
590
594
599
610
618
21
597
594
599
600
607
608
614
626
19
608
604
599
609
612
613
618
625
624
614
606
605
609
612
614
628
644
47
597
623
611
618
622
620
625
647
25
622
618
616
618
617
625
624
620
623
639
624
612
615
618
620
637
20
618
614
604
616
606
612
618
626
620
616
610
613
613
616
614
620
608
614
603
602
602
600
601
600
601
594
605
600
609
604
608
612
617
626
20
607
624
616
623
612
620
615
623
615
620
620
622
610
609
617
619
607
625
629
624
621
640
637
630
636
643
635
631
621
202
420
829
212
618
615
615
606
607
615
282
333
66
268
610
605
607
597
594
596
593
589
593
588
591
588
583
584
583
579
583
586
589
583
596
597
596
602
601
613
610
605
620
612
618
612
616
618
618
623
628
634
632
639
641
640
638
643
647
642
638
646
650
638
638
640
651
636
638
646
649
635
645
648
641
641
639
641
639
632
630
633
619
633
628
621
623
616
621
622
613
615
616
619
613
616
619
618
619
624
616
615
620
622
623
625
630
630
632
632
632
624
625
628
627
627
633
625
631
625
635
626
633
633
631
629
631
632
629
637
630
640
631
640
637
640
626
638
635
633
636
633
632
633
636
627
633
628
631
631
630
631
630
627
624
626
623
622
622
616
621
617
616
615
612
614
613
617
608
609
612
603
612
606
609
602
610
607
608
602
605
605
605
607
608
612
603
598
601
601
599
598
599
600
600
601
609
603
601
605
609
604
608
603
610
604
603
612
604
607
608
617
611
621
623
618
622
625
622
627
622
626
622
631
628
638
625
625
625
635
639
643
641
639
633
631
636
641
629
634
640
636
636
635
638
631
641
643
647
634
654
646
645
652
647
641
657
657
657
649
656
653
639
641
638
635
636
644
639
646
639
647
639
647
644
636
637
625
620
623
631
624
634
635
637
642
628
649
637
646
646
648
655
659
662
679
686
689
680
686
692
706
691
702
714
269
446
981
276
706
27
679
706
27
679
682
679
700
693
682
716
21
696
703
690
731
719
725
718
718
747
743
739
724
741
756
745
738
725
763
744
742
729
779
39
741
742
728
735
763
753
750
750
751
21
730
21
710
738
26
712
708
745
29
716
743
727
728
762
34
729
725
719
737
745
748
736
757
788
768
772
767
790
788
787
778
766
818
34
784
798
783
814
800
809
794
801
834
25
810
802
791
830
820
807
812
824
26
798
778
842
52
791
327
464
1100
327
774
778
778
770
755
807
31
777
787
775
799
790
791
782
770
807
23
785
765
814
26
789
809
36
773
761
811
24
787
769
763
753
782
28
755
756
747
776
34
743
751
759
750
746
785
24
761
770
759
758
792
29
764
768
766
791
770
781
766
772
804
30
775
775
806
805
799
801
809
813
825
30
795
797
812
796
782
798
800
783
779
790
795
791
779
791
803
790
790
783
810
791
792
782
810
789
785
782
800
797
780
777
796
801
791
802
798
793
796
776
774
782
786
776
764
764
805
796
813
817
820
812
804
807
821
804
799
784
820
804
797
789
821
810
804
804
821
829
814
816
800
790
804
815
816
812
814
798
814
796
803
797
802
802
803
801
819
814
810
804
798
799
786
785
788
785
795
781
771
787
794
797
797
795
801
809
802
799
809
814
817
805
815
829
33
796
808
817
820
820
815
795
815
813
805
794
804
800
801
803
802
815
811
805
817
816
813
815
819
813
815
819
829
820
827
827
829
835
832
24
808
842
835
27
809
814
811
816
809
794
821
815
805
803
821
810
806
797
824
814
812
804
835
820
826
818
838
23
815
818
832
824
825
815
835
826
825
824
828
835
818
805
822
827
812
807
802
808
801
802
812
822
811
799
804
811
25
786
791
801
786
791
791
784
776
791
812
820
822
827
23
804
810
815
801
796
802
812
799
791
801
812
807
802
806
815
813
802
817
819
813
798
808
820
818
810
818
812
798
828
835
842
832
833
839
36
804
826
838
838
835
835
822
826
830
824
821
806
795
782
788
788
783
790
780
782
793
804
802
791
798
807
808
793
798
814
800
791
800
810
805
798
814
792
818
820
825
822
814
803
794
783
774
785
801
798
801
811
823
812
811
818
826
811
806
806
819
813
811
816
820
811
812
816
823
815
826
828
828
819
823
825
833
820
823
826
829
814
817
817
824
815
816
810
818
830
824
820
845
864
861
856
849
843
844
836
835
846
838
833
842
836
836
845
831
852
861
866
861
860
27
833
829
828
822
832
819
821
824
824
825
835
828
819
829
837
840
820
832
838
836
31
806
833
820
841
829
817
823
834
834
819
821
827
819
804
809
793
802
815
828
826
823
826
835
836
330
507
1135
298
837
832
812
816
821
833
818
810
812
825
811
810
818
825
811
813
811
28
783
805
814
824
832
833
836
819
818
803
802
801
798
806
808
818
804
809
816
811
806
814
828
23
805
812
820
833
812
808
817
831
823
808
820
833
820
821
27
794
811
832
846
847
835
832
833
815
799
790
789
817
33
785
803
822
827
820
822
815
809
808
806
22
785
784
785
791
791
794
791
781
784
792
787
801
796
800
813
804
810
821
825
834
825
823
824
832
824
818
830
819
827
833
839
835
820
840
857
846
833
826
825
814
24
791
820
817
830
833
819
816
821
827
813
816
828
809
801
805
798
795
788
792
780
773
778
780
764
765
752
758
773
779
770
784
788
809
795
793
798
811
796
785
778
799
796
810
825
831
828
23
805
798
802
814
795
797
802
817
821
23
798
789
815
814
827
839
836
817
810
818
829
817
816
832
845
841
833
842
859
842
842
848
867
855
855
860
870
867
854
857
865
864
854
856
868
865
859
868
878
863
861
875
881
878
868
881
873
870
888
883
876
878
898
878
876
893
876
874
887
887
29
859
843
854
878
899
912
920
928
917
907
29
878
862
874
865
864
865
851
851
865
887
882
27
856
869
877
878
873
861
857
848
844
830
827
825
846
24
823
825
828
829
842
833
825
835
825
823
826
838
839
41
799
814
824
831
847
848
828
828
834
846
26
821
822
839
842
24
819
820
835
848
26
823
814
828
827
816
823
838
840
826
832
847
839
828
833
845
844
833
838
852
847
834
839
858
853
838
843
861
842
837
847
864
845
845
858
851
837
836
847
872
877
864
874
883
885
873
876
881
881
868
859
862
865
852
851
854
836
836
844
853
832
848
853
855
833
844
841
827
829
833
840
834
824
829
833
831
814
817
812
815
817
827
829
816
833
814
821
840
829
828
833
855
843
835
842
849
844
835
843
851
847
842
848
853
846
845
848
857
856
847
859
837
843
865
858
860
861
857
851
852
863
863
854
856
871
865
858
866
868
36
832
843
848
863
873
867
858
864
866
856
28
828
835
859
853
855
851
854
846
828
827
820
807
804
805
811
798
801
817
826
811
820
833
828
824
832
841
847
833
847
859
865
843
842
861
866
846
848
858
858
844
26
819
834
842
862
31
831
837
851
843
847
850
842
827
830
26
804
801
802
800
813
803
800
802
794
793
800
810
808
817
824
23
801
819
854
868
39
829
853
845
853
860
854
840
826
826
25
801
800
820
835
845
828
830
833
834
824
833
841
822
821
823
819
812
819
832
844
844
831
833
843
829
828
836
829
830
841
860
839
839
849
868
868
849
845
852
845
831
838
843
842
855
862
858
848
841
823
817
816
799
812
828
836
849
868
865
847
853
859
864
850
848
859
847
832
866
867
861
868
873
860
843
845
860
871
873
860
864
864
882
878
858
863
894
881
891
893
898
895
898
899
896
893
26
868
892
913
912
920
916
905
894
892
882
862
856
879
900
903
899
888
889
890
881
869
865
856
858
31
828
833
840
855
857
843
843
841
844
844
846
847
826
822
840
843
832
836
834
831
843
849
835
839
848
849
856
860
858
841
845
855
833
831
846
840
860
860
859
852
851
26
826
844
848
853
859
857
839
844
854
840
825
829
848
846
835
842
851
23
829
827
847
832
843
838
824
827
841
827
808
827
823
801
816
842
830
845
828
852
859
34
825
834
835
844
851
832
830
840
840
39
801
813
836
833
845
34
812
816
824
835
845
852
843
25
818
811
810
803
802
804
789
788
805
801
794
810
829
828
809
823
832
846
844
823
823
843
825
823
835
845
25
821
831
27
804
831
831
833
861
850
833
814
816
817
813
810
820
824
803
803
797
795
797
783
802
792
782
790
787
783
791
805
801
790
791
801
804
788
788
782
791
796
799
781
787
802
811
791
794
807
821
802
794
809
793
791
798
812
825
816
812
790
821
828
834
833
863
856
26
830
832
837
848
847
837
23
815
817
812
811
809
806
791
778
775
767
763
769
749
749
740
740
746
731
720
718
712
719
724
708
706
697
701
708
714
714
709
713
704
714
717
726
731
735
727
721
755
22
734
741
724
715
725
733
22
712
714
755
36
720
734
737
725
726
741
731
737
730
731
718
737
742
727
732
733
752
737
724
722
721
733
725
712
724
718
712
731
727
720
716
731
717
717
724
707
705
726
21
705
709
714
708
713
708
696
725
708
693
726
21
706
689
701
697
696
709
707
688
708
704
685
709
696
700
701
714
718
720
717
702
701
705
717
707
715
31
685
682
696
704
718
706
698
710
723
707
701
704
702
709
723
714
720
732
730
728
714
21
694
679
684
677
52
625
756
56
701
685
684
703
703
695
699
708
707
705
709
23
687
693
701
685
674
687
688
23
666
683
695
689
678
692
681
676
684
681
692
693
699
698
701
711
696
697
690
690
700
682
670
666
671
673
672
675
657
669
660
662
671
664
672
672
689
684
674
690
678
681
673
686
696
708
23
685
679
682
680
676
686
699
692
691
698
707
690
703
708
697
688
697
688
683
694
688
698
683
695
695
694
707
702
696
701
706
710
699
701
707
711
701
696
700
706
706
691
698
707
708
702
707
709
713
707
708
710
714
705
695
704
710
708
705
703
701
703
701
707
714
718
710
707
723
721
716
718
712
709
714
699
701
713
712
714
712
707
709
704
708
705
708
708
715
711
710
703
710
702
710
714
711
708
704
686
681
705
30
676
696
686
685
684
687
689
677
671
691
676
677
677
689
684
674
680
679
679
691
689
692
700
697
699
701
707
699
690
695
691
693
690
697
708
693
695
698
692
696
704
710
710
701
712
714
718
718
712
716
724
725
719
718
718
724
718
714
720
720
720
718
720
723
718
713
719
720
716
712
709
714
710
710
706
713
706
703
702
699
701
702
698
695
695
692
687
687
685
684
679
669
672
677
668
678
677
671
680
666
665
682
22
661
674
673
667
662
680
671
668
674
667
674
667
669
678
675
676
663
661
675
674
683
678
691
698
696
700
706
710
705
707
712
717
710
712
723
723
714
713
716
725
26
700
710
695
696
704
693
700
708
705
713
705
716
715
716
711
726
724
727
717
740
736
732
731
751
742
749
734
760
748
751
747
747
751
765
775
784
798
803
807
804
801
794
794
793
785
783
783
775
767
766
762
766
772
753
770
764
763
753
760
755
751
747
740
742
728
723
715
717
711
712
722
719
730
733
733
725
731
732
733
755
35
721
718
714
711
708
709
709
711
709
705
717
708
713
720
724
725
725
722
712
717
724
723
712
710
708
717
710
716
709
720
723
728
727
732
723
749
732
731
723
726
730
726
717
708
722
707
697
707
704
692
700
22
678
671
669
668
675
677
671
670
675
671
697
31
667
662
672
657
695
27
668
669
683
672
669
664
670
665
658
671
666
672
681
678
668
679
669
662
681
665
662
690
30
661
652
669
660
659
683
669
669
673
671
674
666
694
677
667
672
672
670
690
679
682
694
704
709
696
693
697
704
700
692
692
695
683
680
690
703
691
687
687
695
705
691
691
718
21
698
696
706
692
697
696
705
698
694
701
713
716
27
690
692
700
695
697
703
697
717
705
702
703
718
725
707
704
708
712
706
706
727
21
707
707
708
712
701
705
725
726
23
704
710
726
742
726
719
729
745
736
726
744
755
743
748
758
778
765
767
783
790
771
773
790
792
25
768
781
793
788
776
784
796
791
789
802
807
796
799
807
810
27
784
798
803
804
32
773
773
752
754
23
732
743
731
731
730
733
732
21
712
704
715
696
723
42
681
689
681
695
687
682
697
20
677
680
687
681
677
670
660
662
660
659
666
663
657
692
29
663
664
668
664
655
661
656
655
646
650
655
649
656
662
651
646
659
659
645
653
663
661
658
687
20
667
664
675
679
19
661
680
695
32
663
671
677
670
665
684
687
670
681
20
662
657
669
660
656
655
669
664
658
662
670
664
673
666
671
663
663
668
692
22
670
673
683
671
663
697
24
673
674
683
688
685
696
706
722
20
702
702
713
706
696
702
709
26
684
683
684
670
666
681
665
674
672
666
665
682
665
666
664
672
664
664
668
667
659
663
650
663
658
655
653
666
655
657
645
651
643
653
640
665
649
666
663
661
667
663
672
665
660
665
672
682
695
697
27
670
681
686
688
692
688
692
676
668
651
692
41
651
675
676
678
691
674
671
679
687
683
694
702
693
685
698
27
671
681
670
669
672
677
680
684
667
666
668
661
682
20
663
666
673
677
679
681
673
671
667
671
674
659
669
676
674
682
687
671
677
686
693
698
704
691
684
681
704
689
690
690
690
682
677
678
667
667
667
676
29
648
665
655
653
657
657
661
647
661
649
652
658
662
667
664
666
22
644
676
23
654
663
669
666
667
682
697
708
713
717
719
708
694
708
689
690
684
694
685
680
671
665
669
662
651
652
648
645
649
653
664
667
682
664
654
651
673
667
673
676
667
667
672
673
670
674
671
666
668
671
672
676
670
671
669
666
660
664
20
644
641
644
655
654
649
664
663
663
678
686
689
710
698
21
677
673
678
685
693
698
24
674
685
705
690
683
671
682
705
691
692
706
713
707
723
743
773
765
749
770
752
773
775
779
784
45
739
733
739
754
749
765
767
757
779
775
791
794
800
23
778
771
786
772
770
758
750
743
723
716
706
691
732
718
722
731
728
734
720
751
745
739
750
752
748
747
745
727
718
705
753
734
723
731
733
729
731
730
730
719
714
721
716
717
721
724
723
721
721
720
717
729
713
712
719
718
717
733
737
748
743
747
748
738
737
736
728
729
736
734
743
739
734
745
30
715
721
717
723
721
724
723
725
722
715
21
695
718
708
702
714
709
712
711
723
713
720
726
728
730
734
731
726
713
705
690
719
23
697
698
703
708
707
714
20
695
680
706
692
702
704
704
705
706
708
710
709
706
703
684
699
681
680
684
671
676
669
687
678
682
670
195
476
880
201
680
682
680
680
685
694
30
664
676
665
675
667
677
687
695
705
713
712
721
30
692
729
28
702
696
707
708
703
201
502
939
212
728
741
735
739
748
764
748
749
767
782
772
759
777
769
768
776
781
772
791
808
812
804
818
825
821
808
809
822
818
813
816
820
819
813
820
824
823
826
818
826
819
827
823
825
819
823
823
816
811
811
811
814
821
819
821
823
815
805
810
811
799
806
816
820
806
806
794
801
799
803
801
798
797
801
800
805
811
797
798
809
791
791
800
798
785
786
780
778
782
774
774
773
781
774
767
771
766
753
767
755
760
767
774
762
771
783
787
776
790
771
776
795
793
803
790
791
795
789
792
798
791
783
787
798
25
774
785
787
776
788
788
780
781
789
778
777
783
795
793
790
789
798
790
793
797
809
805
807
813
814
805
810
816
821
812
816
822
824
815
811
817
819
817
817
826
828
817
821
825
817
827
819
807
815
824
823
821
825
809
798
815
820
813
815
802
799
807
796
795
804
810
804
797
804
812
799
806
815
810
802
808
818
800
799
805
816
810
802
805
810
798
796
804
808
792
793
807
807
799
806
809
793
802
802
812
812
798
805
806
793
800
817
802
801
815
801
792
796
806
817
24
794
793
782
784
791
790
776
786
792
775
781
797
784
782
797
806
792
795
813
28
785
795
800
816
814
800
804
809
793
801
812
831
820
812
814
822
826
820
817
816
814
801
809
814
814
811
820
811
804
811
823
820
811
830
825
805
801
814
812
796
804
812
791
793
799
804
785
783
795
799
787
788
795
798
781
783
792
801
23
779
780
798
788
787
803
793
788
796
815
796
792
801
811
816
26
791
783
790
810
799
794
795
22
774
784
809
22
787
778
794
787
783
786
779
764
771
786
784
768
774
790
771
781
790
788
811
811
796
801
806
821
804
22
783
790
791
802
801
788
798
805
789
798
812
822
805
807
822
839
822
815
828
838
827
825
833
839
822
821
833
846
833
822
837
824
812
822
839
834
817
823
833
848
26
823
819
827
841
836
825
834
851
838
830
843
833
831
838
854
839
846
849
839
23
817
845
830
833
815
836
851
848
31
818
821
823
29
795
809
823
827
835
838
817
799
796
803
786
776
795
783
795
802
811
798
796
787
785
766
27
739
738
742
749
746
759
759
751
737
740
740
750
771
763
751
764
757
795
51
745
744
747
759
764
751
733
734
730
736
741
747
755
764
761
744
744
750
763
767
778
783
796
793
798
815
800
792
815
807
809
817
841
822
814
823
838
823
812
819
837
829
811
821
831
817
799
799
796
799
784
793
27
767
778
790
804
808
805
799
801
812
826
828
821
836
833
818
825
823
837
849
845
828
835
823
825
830
862
853
840
828
836
826
833
848
35
813
808
803
811
794
804
790
802
806
808
806
809
798
798
808
804
811
822
819
801
800
816
827
807
816
799
806
806
805
797
805
25
781
770
775
775
773
785
776
771
766
751
749
758
746
745
741
750
759
775
775
760
773
782
802
796
785
797
817
823
805
809
820
825
812
816
829
833
821
820
834
837
827
833
836
819
821
836
28
809
814
820
831
841
839
830
813
821
830
810
807
814
816
795
804
800
800
802
782
786
795
814
796
786
803
823
810
805
804
789
786
808
806
816
801
803
794
790
787
782
783
805
786
791
797
786
783
790
805
791
786
794
805
804
795
803
806
800
806
812
819
800
807
807
818
806
797
805
808
793
795
802
793
795
792
794
791
788
787
794
795
782
787
791
800
792
788
791
794
779
782
793
797
796
804
816
819
807
809
820
827
812
808
823
820
813
815
824
824
818
825
841
832
825
845
836
836
847
848
835
837
846
841
833
836
843
831
826
833
827
820
821
836
828
810
827
823
817
815
810
806
821
813
834
852
860
848
838
824
815
842
842
853
869
880
875
866
857
847
845
839
840
829
821
835
832
815
815
820
825
814
826
829
823
821
832
833
826
835
833
826
33
794
814
820
829
835
815
818
829
822
805
801
819
799
800
810
819
821
24
797
799
796
785
788
798
24
775
781
794
26
769
781
802
797
795
790
784
764
777
28
750
751
772
754
749
773
759
29
731
727
738
748
728
719
722
737
21
717
718
730
715
713
703
708
715
721
726
715
706
711
712
720
723
21
702
725
24
701
700
716
713
726
750
737
744
731
714
715
729
721
739
736
743
754
763
764
798
43
756
754
763
759
777
765
758
762
745
762
766
767
760
777
800
795
793
779
764
776
782
799
782
794
782
796
778
794
786
806
798
813
23
790
801
808
816
822
822
826
813
807
810
805
789
787
25
762
778
784
782
786
808
812
31
781
777
791
799
805
784
777
763
778
791
814
23
791
793
789
784
790
790
777
758
766
761
752
760
776
787
23
764
762
769
782
792
788
32
756
758
768
756
765
780
796
797
781
777
783
797
787
771
793
22
772
791
807
812
797
24
773
786
791
794
780
771
774
782
761
767
750
754
783
791
789
781
775
775
791
773
786
790
795
818
815
24
791
789
789
773
782
797
784
789
777
779
797
795
803
804
798
801
794
794
800
35
766
765
780
764
769
772
769
774
798
37
762
760
759
764
762
747
741
750
749
775
760
743
750
731
746
750
751
766
747
752
765
749
741
744
750
784
42
742
749
754
758
763
769
774
754
757
767
772
25
747
750
757
765
788
34
754
747
757
751
753
750
755
763
746
752
747
767
766
21
745
746
755
750
750
757
760
756
748
750
761
761
763
747
732
22
711
720
727
736
739
749
755
22
734
735
739
755
738
726
729
739
21
719
721
726
748
750
740
760
745
747
764
786
767
770
784
802
27
776
773
795
796
777
782
801
788
777
781
800
797
786
793
805
22
784
784
795
793
774
775
778
776
779
791
779
772
783
791
23
769
776
788
801
781
782
793
806
797
788
793
808
813
23
790
795
812
818
33
785
801
805
798
793
788
780
791
790
779
789
805
820
24
796
799
801
823
30
793
773
782
807
814
794
794
803
806
804
26
778
781
799
803
805
818
797
803
795
803
807
805
794
797
808
812
805
809
826
820
810
814
828
819
814
826
838
820
822
823
837
23
815
817
829
827
812
818
824
834
814
809
819
831
811
813
831
831
815
828
840
829
828
833
848
833
825
834
848
827
817
832
821
804
811
827
29
798
790
785
785
799
25
775
768
775
791
784
772
791
801
792
780
784
795
792
778
778
795
788
772
774
792
788
776
781
796
789
778
783
798
808
789
793
810
818
27
791
799
812
824
27
798
794
816
824
26
798
808
822
833
816
811
820
831
817
796
802
817
806
798
800
817
807
800
813
828
25
803
797
806
819
30
789
790
803
793
791
798
798
782
784
798
804
785
793
809
821
23
799
800
813
812
790
795
798
800
794
796
802
791
773
780
795
795
779
785
803
804
788
792
812
818
801
805
818
826
807
808
816
828
822
813
822
832
830
813
816
835
835
24
812
815
828
820
811
793
795
799
803
22
781
782
798
803
783
792
813
796
787
800
821
815
800
808
822
811
800
807
823
815
804
809
828
810
806
818
832
819
810
815
831
814
807
816
829
815
814
826
834
833
818
823
833
823
810
816
833
822
809
816
828
845
824
824
833
847
829
819
826
839
819
807
819
833
813
804
813
828
817
800
807
830
817
801
812
827
821
804
798
796
802
808
809
25
784
788
800
809
25
785
787
799
813
806
791
798
810
808
787
791
803
818
26
792
794
797
818
808
792
797
811
823
30
794
799
812
809
791
797
815
823
25
798
799
808
821
821
804
814
826
831
26
805
812
817
829
30
799
802
813
824
804
799
812
829
812
799
808
825
23
802
788
797
797
792
788
799
792
772
784
798
805
29
777
767
794
795
819
825
827
833
828
811
811
818
815
803
801
809
820
799
797
805
813
803
791
796
806
815
23
792
778
789
781
774
776
785
805
25
781
780
784
788
797
810
813
805
818
819
828
24
804
806
810
820
808
804
811
814
808
792
790
787
779
783
788
788
771
781
786
793
797
778
782
794
791
782
793
807
797
788
791
783
775
774
772
767
769
750
746
748
730
729
729
739
720
721
715
720
722
731
718
709
713
708
709
706
713
715
704
704
699
697
699
704
697
701
703
700
696
702
709
694
699
705
708
703
700
703
706
689
697
703
699
690
700
706
700
690
694
694
687
689
695
698
689
696
697
699
691
694
687
686
693
695
685
688
688
691
681
684
694
688
681
685
694
685
681
681
685
674
678
686
680
675
678
676
675
670
676
673
670
671
677
672
672
676
682
670
675
679
682
670
674
679
678
671
670
676
671
673
681
687
683
683
683
691
681
677
682
680
678
673
679
673
675
676
683
680
679
672
674
676
665
671
674
673
669
675
681
680
677
677
694
677
679
686
691
679
687
689
687
687
700
698
695
698
715
701
707
715
711
704
709
705
703
702
709
704
703
702
711
694
701
700
690
698
694
687
696
688
695
687
688
692
682
703
21
682
693
685
703
689
687
706
693
711
697
706
702
693
704
696
691
698
708
702
696
700
692
686
699
687
699
691
694
698
693
699
706
20
686
685
706
704
688
690
698
691
695
690
688
697
708
701
694
706
726
720
710
720
737
729
722
736
751
742
738
755
756
741
755
759
746
765
773
758
764
771
774
766
770
755
758
739
753
778
789
796
796
794
791
778
778
771
757
771
773
779
774
764
758
765
765
764
762
760
747
737
731
743
750
744
729
749
749
742
749
757
755
748
747
744
762
754
769
773
774
782
784
780
772
41
731
739
733
724
750
734
749
757
771
785
785
789
801
804
790
812
815
827
832
818
33
785
791
794
797
794
794
791
781
781
789
771
784
813
808
810
800
807
819
826
806
817
823
831
822
818
827
25
803
828
833
838
838
835
825
823
808
811
805
804
799
794
785
783
773
768
778
783
793
783
785
777
790
783
798
793
798
799
795
784
774
775
773
764
765
765
769
773
778
779
778
788
795
801
799
784
783
783
770
772
762
760
760
759
757
762
754
761
770
780
791
790
798
791
793
791
787
781
782
776
774
772
773
777
776
772
766
774
776
778
769
761
756
758
748
750
748
750
744
749
737
735
737
738
727
715
711
721
712
708
708
712
707
707
713
710
701
701
705
697
696
699
710
698
698
701
697
709
698
713
709
712
727
743
744
734
747
754
772
757
757
765
777
782
24
758
780
768
782
792
789
787
767
784
792
793
795
781
781
784
793
780
785
794
802
798
790
797
804
809
795
794
803
806
802
789
794
791
773
782
787
784
776
771
770
768
773
778
785
784
793
795
792
794
800
800
785
792
807
804
804
803
813
823
832
818
820
831
837
829
827
837
837
830
830
818
808
803
817
806
809
816
817
819
817
817
820
823
816
817
819
824
829
819
831
829
824
832
838
838
831
836
839
822
815
827
832
817
819
826
828
815
818
825
820
809
802
812
820
821
813
823
829
828
817
829
836
825
829
833
834
831
841
851
849
844
849
859
851
846
852
851
842
842
847
841
833
828
833
829
822
823
827
830
826
833
839
838
833
837
841
834
830
837
843
841
839
840
837
831
821
821
820
811
811
818
818
810
813
825
829
816
816
821
826
815
817
822
828
815
817
820
810
804
793
789
800
813
821
828
812
819
821
823
814
803
799
799
801
787
784
791
802
806
807
810
822
809
805
819
830
815
804
824
831
829
814
818
830
832
818
821
817
828
819
805
815
833
25
809
809
812
804
799
799
818
824
808
800
812
791
792
804
816
823
24
799
806
817
811
790
801
807
828
828
807
801
803
806
804
800
802
804
815
807
807
823
820
835
844
836
836
821
811
803
794
788
786
784
765
766
760
763
762
768
784
796
790
791
277
514
238
277
798
804
796
801
807
528
279
350
99
252
351
1992
1728
264
1607
2291
694
1598
1310
288
3999
3999
3999

