01-09-2022 - 9:50 - Correr
Israelita Barria
Intervalos entre latido y latido
959
954
960
956
45
912
921
909
920
923
900
920
897
903
883
907
907
903
910
887
886
901
912
919
945
983
974
981
1001
991
969
993
980
30
950
975
963
31
933
956
943
46
897
905
908
908
901
926
940
922
953
946
937
959
958
935
958
971
984
992
1000
1005
989
999
986
47
940
932
909
42
867
872
859
848
31
817
817
796
836
877
886
878
923
931
910
935
938
30
909
928
936
33
903
926
933
931
915
944
951
34
917
941
946
30
916
941
945
26
920
928
937
917
36
882
861
855
846
854
857
859
894
891
881
910
906
902
890
905
910
900
886
896
883
917
933
911
923
947
936
919
953
949
36
913
967
975
950
989
1010
985
992
1005
988
48
940
967
961
31
931
942
953
48
906
899
906
34
872
882
886
871
877
900
913
904
947
944
939
961
969
40
930
953
954
35
919
966
958
936
972
976
960
981
976
38
939
965
962
32
931
942
947
922
932
951
940
920
941
930
914
945
958
41
918
950
945
40
905
923
929
909
922
940
934
921
950
945
39
906
932
935
34
902
939
941
29
912
935
945
923
938
949
937
923
950
945
35
910
935
944
921
919
929
923
27
897
932
937
30
907
927
946
922
932
950
954
26
928
967
967
35
932
952
937
32
906
897
904
28
877
891
875
26
850
866
879
892
42
851
866
869
868
26
843
837
825
834
821
50
772
804
22
783
33
750
755
736
792
809
163
821
819
884
864
875
887
72
816
834
859
867
886
902
27
875
929
947
971
968
956
982
986
51
935
970
956
48
908
930
925
930
35
896
941
949
925
956
956
964
36
929
958
959
963
31
933
958
958
956
27
929
958
963
960
40
921
954
959
953
966
969
981
41
940
946
955
945
40
906
927
926
920
32
889
917
932
910
913
933
938
919
931
944
941
34
907
935
950
925
932
960
949
35
915
934
930
40
891
918
916
894
933
938
25
913
938
958
26
933
945
958
32
926
950
952
954
935
942
930
921
37
885
891
890
35
856
863
858
33
825
849
848
827
40
787
832
820
40
780
786
827
831
813
858
887
881
30
852
904
916
894
939
943
57
886
875
875
33
843
856
839
852
306
547
260
288
811
793
797
46
752
769
750
23
727
757
750
733
760
771
782
791
789
780
805
843
842
844
65
780
786
22
764
31
734
760
53
708
711
706
22
684
696
28
668
663
674
672
660
684
40
644
640
647
640
632
644
637
624
636
633
619
634
629
624
636
20
617
628
616
633
618
611
615
616
626
643
642
640
642
630
645
20
625
622
628
616
624
627
620
629
613
625
21
605
609
608
592
594
603
588
601
18
583
593
597
23
575
584
593
595
21
574
584
590
574
581
595
17
578
587
583
575
585
592
583
593
602
590
597
599
23
577
581
577
584
588
582
587
594
17
578
580
585
573
585
595
587
588
603
21
583
583
591
596
594
602
608
593
598
592
581
585
17
569
564
570
570
557
560
560
556
550
554
560
548
546
552
545
545
550
550
538
539
541
548
541
540
542
538
535
539
540
533
535
532
529
529
534
534
531
531
530
530
526
529
527
523
517
516
516
515
513
511
509
222
288
736
224
512
514
512
517
521
520
520
517
523
522
519
522
515
516
516
518
511
513
510
514
513
513
511
512
508
509
510
508
509
506
508
506
516
510
514
516
520
522
524
528
535
120
415
666
116
551
554
560
557
561
563
558
572
573
575
576
588
590
591
591
597
611
643
685
687
23
664
646
647
662
666
20
647
639
653
694
710
711
696
705
707
690
700
681
676
698
685
670
674
710
726
717
707
729
737
717
730
741
22
719
731
727
712
733
721
728
735
716
738
754
741
725
747
29
718
718
807
936
983
70
914
73
841
39
803
53
750
744
861
1004
1001
34
968
951
62
890
875
65
810
23
788
841
948
990
964
953
43
910
29
881
54
828
41
787
780
828
903
899
924
936
930
925
30
895
80
816
818
28
791
23
769
762
775
795
792
816
802
25
778
785
809
800
795
829
858
872
854
875
858
27
831
845
824
811
812
806
30
777
794
820
823
808
848
27
822
808
823
819
799
829
811
821
828
814
840
841
29
812
837
827
23
804
815
796
812
834
827
816
821
807
830
825
26
799
818
820
802
826
832
818
842
842
839
872
891
29
863
863
861
72
789
773
776
760
760
794
819
811
796
804
820
23
797
807
825
828
809
837
850
48
803
26
777
776
786
784
806
844
856
848
876
872
27
845
868
865
845
859
864
24
840
863
855
833
849
856
841
835
844
857
867
868
851
872
872
26
846
863
865
851
876
873
850
869
28
841
829
832
841
863
852
848
877
868
860
879
869
854
868
855
843
834
813
796
787
768
751
785
807
822
852
830
830
28
803
791
782
788
823
835
832
819
839
834
819
847
850
836
843
850
29
822
828
837
827
837
857
844
861
880
24
856
862
879
866
865
881
30
851
841
863
857
845
862
866
856
881
869
872
873
29
844
848
839
829
850
843
855
881
869
876
894
25
870
887
873
852
872
862
849
875
875
860
887
869
850
860
863
29
834
845
853
837
843
864
842
853
870
856
864
880
864
862
879
861
857
884
26
859
852
865
24
842
855
850
837
861
846
52
794
803
792
776
23
753
749
777
800
792
795
843
29
815
23
792
809
38
772
778
23
756
758
770
770
804
868
32
836
836
901
28
873
29
845
894
36
859
37
822
821
813
799
838
825
823
854
842
837
875
880
38
843
895
876
26
850
881
899
875
35
840
878
872
39
833
823
840
829
28
801
835
852
46
806
835
851
55
797
801
827
859
850
26
824
40
785
798
31
768
764
780
771
25
747
773
772
751
776
763
749
768
774
759
787
788
776
768
759
750
785
804
809
820
810
29
781
805
816
32
785
35
750
801
30
772
781
842
837
34
804
853
853
834
34
801
794
825
817
803
802
848
36
813
804
854
845
32
813
864
55
809
871
864
38
826
830
808
815
808
828
54
774
803
831
33
798
792
838
33
806
788
837
825
44
782
836
816
33
783
847
858
46
812
858
852
52
801
861
854
39
815
862
865
47
818
854
857
30
828
820
865
35
830
814
873
853
40
813
867
36
831
44
787
796
31
766
750
742
726
731
796
820
833
818
828
39
790
29
761
784
808
804
39
766
812
809
29
780
827
827
35
792
836
853
841
824
849
23
827
36
791
864
863
46
817
860
26
835
52
783
841
836
35
802
849
848
28
820
854
851
27
825
858
851
52
800
844
832
36
796
822
27
796
787
778
761
813
825
805
833
816
802
833
825
40
785
815
816
818
803
842
859
838
876
882
30
853
875
877
33
845
853
873
30
843
824
851
833
42
792
846
825
39
786
848
858
835
870
880
38
843
822
841
829
23
806
818
41
777
779
23
757
746
737
749
747
767
774
24
750
775
33
742
747
778
776
765
768
762
743
777
34
744
764
765
772
771
766
748
803
815
816
816
795
824
51
773
786
786
786
787
786
820
825
813
837
24
814
856
865
858
841
30
812
791
799
27
772
806
37
770
781
786
792
772
28
745
787
37
750
779
777
773
24
749
796
794
797
33
765
809
803
22
782
765
779
768
748
741
729
723
741
739
766
784
797
792
786
42
744
753
737
735
750
34
716
764
771
782
771
777
800
801
22
780
796
809
818
803
827
839
837
819
844
853
850
828
852
853
843
824
844
831
30
801
821
823
27
796
802
812
26
786
793
814
818
807
842
850
843
856
877
881
41
841
859
848
38
811
833
825
28
797
825
804
846
857
848
877
864
35
829
833
23
811
806
799
786
794
797
790
813
820
813
809
832
833
812
800
789
774
762
755
746
732
738
736
764
785
804
800
826
848
861
868
26
842
852
867
863
840
860
869
29
840
844
851
40
812
828
810
27
784
34
750
779
780
766
799
818
812
833
858
28
830
842
836
815
826
833
843
833
50
784
793
786
30
756
803
797
785
816
828
23
805
835
833
26
807
823
829
38
791
804
793
776
790
791
26
766
799
783
800
816
23
793
818
830
822
818
29
789
777
776
760
30
730
773
765
754
770
795
775
813
829
39
790
812
816
24
792
43
750
791
774
33
742
780
775
761
767
780
769
791
796
23
774
797
801
784
803
792
23
770
781
27
754
780
782
778
766
790
783
24
760
785
794
809
809
789
769
792
798
25
774
786
791
770
773
789
27
762
23
740
764
754
746
774
792
786
812
837
820
818
835
37
799
834
815
804
783
808
813
24
790
826
836
820
838
24
815
839
822
817
840
834
825
841
29
813
791
79
713
750
23
728
712
32
680
676
659
649
669
658
653
640
669
685
699
718
729
717
731
736
27
709
712
712
26
687
703
21
682
689
730
730
720
763
806
848
26
823
870
895
68
828
851
846
37
809
828
812
819
834
833
27
807
844
26
819
800
817
827
839
860
860
839
833
819
36
783
800
800
804
30
775
803
802
42
761
793
786
787
781
50
731
774
771
762
781
792
785
845
882
883
885
27
858
875
868
37
831
858
861
35
827
821
827
837
865
846
833
880
886
875
866
858
854
849
37
812
38
775
818
29
790
827
844
827
846
858
852
848
884
888
869
44
825
857
854
31
824
858
836
816
868
879
56
824
845
868
30
839
853
858
843
25
819
833
830
27
804
833
838
829
851
850
28
822
847
854
33
822
844
850
28
822
858
870
853
879
864
38
827
811
803
813
27
787
826
822
813
793
835
833
818
868
880
36
845
878
859
851
885
882
26
857
885
25
861
845
888
886
49
838
851
873
36
837
858
852
53
800
823
836
828
826
876
869
853
910
36
874
854
895
26
870
852
875
879
42
837
871
26
845
882
884
51
834
871
871
868
847
853
876
875
857
891
891
33
859
890
877
45
833
864
875
31
844
868
884
24
861
36
825
863
875
38
837
854
852
36
816
846
841
23
819
846
850
837
38
800
807
810
799
809
818
821
814
34
780
799
813
818
814
23
791
820
820
802
837
864
862
858
849
36
813
838
833
831
830
820
814
794
44
750
745
759
749
757
780
792
802
805
790
808
28
780
768
770
36
735
744
751
750
760
749
779
787
777
810
820
801
807
816
827
807
834
843
27
817
843
850
26
825
816
840
845
30
816
850
857
840
860
868
30
838
818
830
817
41
776
37
740
765
39
726
763
770
771
761
770
811
816
813
799
779
777
786
794
789
783
31
752
769
767
785
771
801
800
804
45
760
754
749
791
794
814
809
801
22
779
789
800
807
797
24
774
788
796
788
785
27
759
756
774
779
790
790
785
820
838
825
848
847
28
820
830
828
26
802
799
817
819
797
824
841
825
23
803
844
30
815
798
830
829
29
800
809
839
844
841
857
27
831
878
877
860
882
879
39
841
834
846
826
878
28
851
847
28
819
866
859
26
833
830
848
852
32
820
836
858
857
35
822
859
843
891
875
42
833
28
805
824
833
29
804
841
862
842
860
892
889
33
856
900
888
40
849
891
886
49
838
838
854
832
31
801
802
844
853
38
816
860
859
29
830
864
870
867
865
876
871
864
876
24
853
39
815
821
819
815
807
797
51
747
780
767
778
791
790
778
805
814
800
818
830
825
822
821
803
34
770
783
783
787
790
796
799
789
773
787
798
801
32
770
803
801
30
772
798
788
799
799
796
39
758
772
770
770
769
760
750
751
754
740
769
776
783
797
23
774
780
765
759
764
766
776
788
791
23
769
775
791
801
809
812
23
790
807
804
801
52
750
791
785
775
768
788
795
804
806
797
32
766
783
782
30
752
774
772
760
749
769
760
755
793
797
815
829
833
828
30
798
792
791
784
23
761
746
30
716
720
752
763
810
854
876
860
25
836
824
814
815
816
834
844
849
38
811
821
816
808
828
830
811
848
35
814
871
865
861
31
831
839
829
815
39
776
798
791
793
795
799
795
781
799
811
813
36
778
787
794
804
805
808
800
791
771
783
25
759
760
758
763
764
768
760
776
760
782
790
800
800
786
26
760
765
774
779
770
35
735
783
786
796
776
791
791
811
813
794
38
757
800
793
780
787
792
776
791
796
26
771
782
775
775
763
744
751
760
760
762
755
781
791
790
779
771
765
757
57
701
746
730
733
726
709
735
24
711
737
740
744
760
769
750
746
747
784
770
785
767
792
802
38
765
799
788
29
759
22
737
747
740
739
780
801
808
806
791
808
23
785
799
795
797
22
776
26
750
757
768
789
790
796
793
793
781
774
28
746
759
760
759
766
769
28
742
757
756
747
749
748
737
730
749
750
751
765
785
791
770
804
810
789
810
802
31
771
844
830
829
831
816
805
34
772
779
773
772
767
772
771
763
794
809
804
801
832
834
820
836
839
823
806
821
823
813
800
815
837
852
857
853
835
820
813
801
785
25
760
764
765
35
731
782
786
804
784
825
822
815
818
828
827
825
842
859
841
851
861
851
25
827
841
830
815
836
825
862
868
866
860
847
53
795
806
802
31
772
786
792
799
806
831
813
829
836
24
813
835
841
854
835
854
861
862
842
850
856
863
854
834
849
852
848
26
823
829
843
843
28
816
839
844
24
821
830
842
872
869
872
862
846
865
866
848
860
869
875
855
872
872
849
858
871
869
863
856
36
820
835
820
825
819
808
796
791
770
759
28
732
749
30
719
756
758
759
758
21
738
775
763
752
25
728
760
746
746
22
724
736
804
824
847
39
808
857
875
49
827
825
868
863
870
24
846
859
848
25
824
837
26
812
828
825
829
837
835
832
827
32
795
808
798
778
775
791
801
808
806
796
821
831
819
824
847
851
841
854
29
825
839
835
830
813
821
836
838
833
827
820
26
794
802
801
789
791
798
799
797
799
808
807
799
780
780
793
796
818
818
819
820
832
833
833
828
843
836
849
867
32
836
826
833
836
854
843
835
849
841
857
864
864
844
853
843
827
26
801
797
34
764
748
741
781
774
762
778
809
824
828
813
817
798
802
828
816
816
804
846
853
28
826
809
830
825
816
806
819
810
31
779
803
813
812
798
837
869
876
874
861
30
832
819
35
784
825
832
23
809
789
798
791
816
806
827
815
855
878
42
837
859
851
836
821
803
790
778
22
756
32
725
732
752
753
754
782
832
817
853
834
857
870
874
869
861
856
843
35
809
817
816
822
829
827
807
828
827
25
802
809
24
786
25
761
785
764
24
741
791
786
779
799
795
793
803
800
47
753
772
22
751
773
809
823
824
814
810
790
801
789
791
815
825
837
827
846
860
865
860
29
831
820
822
828
833
819
802
805
805
28
777
823
829
834
847
847
836
831
828
822
808
32
776
776
765
772
775
784
800
825
810
808
816
820
24
797
47
750
791
775
764
763
760
777
782
779
817
833
835
840
835
41
795
809
806
796
781
791
799
810
815
818
801
808
24
785
798
794
788
35
753
752
733
779
787
802
784
805
830
824
27
797
834
38
797
779
845
849
846
34
813
843
840
836
822
25
797
811
810
817
808
841
848
23
826
851
851
837
817
843
831
811
845
860
862
851
854
847
24
824
839
832
828
854
31
823
856
866
871
873
33
840
860
855
843
828
26
802
46
757
30
727
741
741
729
757
47
711
766
764
786
791
823
830
811
838
843
837
862
853
868
868
858
37
822
826
821
834
828
844
850
871
878
891
875
876
861
863
864
869
855
870
873
878
863
891
876
888
884
25
859
875
879
875
875
885
875
866
31
836
823
824
838
854
848
856
838
859
865
873
880
871
897
909
901
907
911
44
867
887
881
53
829
844
24
821
810
801
36
765
779
774
28
747
777
760
751
773
783
812
847
859
856
836
835
843
825
804
846
841
819
850
858
27
832
870
869
854
882
874
25
849
865
861
855
854
831
853
855
842
864
854
879
884
892
886
876
893
890
882
881
886
890
29
862
879
877
43
835
874
873
32
841
843
875
878
40
839
828
830
817
29
788
793
823
836
30
807
855
875
875
862
861
54
807
815
43
772
805
24
782
779
812
829
811
854
881
30
852
897
904
38
866
900
903
28
875
898
895
29
866
879
883
868
886
891
876
906
890
893
874
859
870
866
858
836
828
832
829
835
825
821
803
805
807
790
812
820
814
844
857
841
858
874
862
870
883
885
862
885
27
858
875
881
27
855
877
880
878
868
27
841
849
860
25
836
836
834
841
833
828
817
35
783
801
811
806
794
810
816
820
812
844
870
854
875
887
891
35
856
884
890
57
834
875
875
27
849
846
27
819
45
775
793
821
832
24
808
825
868
866
850
901
904
32
873
912
908
33
875
899
895
873
879
887
880
859
875
881
889
871
894
910
892
870
894
24
870
858
879
884
875
886
907
892
890
900
904
891
908
914
26
888
894
897
894
24
870
895
903
886
911
25
886
867
35
832
823
32
791
53
739
770
31
739
780
787
774
797
831
831
823
850
857
862
860
29
831
820
814
794
782
776
25
751
791
801
797
840
867
876
897
28
869
859
882
875
882
26
856
870
875
872
860
875
876
856
892
892
890
886
39
847
837
843
844
851
867
855
851
863
25
838
852
857
850
35
816
823
817
830
811
37
774
789
796
833
854
861
24
838
832
830
843
845
851
842
837
837
840
25
816
866
857
846
37
810
831
840
820
850
850
861
867
873
871
866
847
836
820
807
41
767
26
741
725
725
752
757
768
837
865
872
902
908
887
880
904
887
875
872
886
891
883
877
862
851
868
864
32
832
844
859
876
883
895
887
868
851
867
866
864
851
833
863
865
863
856
850
840
831
839
839
847
846
851
830
840
845
850
846
842
821
805
807
816
809
851
874
891
889
26
863
875
870
861
858
857
43
815
837
843
849
839
820
845
850
833
862
863
840
867
852
30
823
856
841
42
799
782
786
808
810
828
26
802
828
23
805
853
889
897
876
36
841
29
813
815
816
26
790
827
809
832
875
865
884
906
885
35
851
867
864
842
865
850
847
868
856
851
891
891
877
910
897
909
920
31
890
32
859
877
875
879
872
42
830
846
845
833
830
29
801
788
786
805
807
808
813
821
822
809
837
860
871
869
874
875
44
831
829
819
808
32
777
788
778
800
802
805
797
780
774
773
23
750
749
734
744
795
791
802
816
824
818
812
836
834
816
813
814
815
795
785
781
26
755
771
766
750
765
769
777
786
792
22
771
789
790
784
780
769
780
29
751
772
781
798
808
816
798
25
774
771
783
779
774
767
806
823
822
34
788
800
796
799
795
781
780
777
765
779
790
778
798
808
792
828
837
824
847
850
830
850
863
863
39
824
844
840
835
833
39
795
814
812
811
798
817
818
807
23
784
773
784
785
791
822
862
880
903
885
875
898
37
861
838
848
25
824
854
864
860
28
832
864
868
856
839
820
828
833
828
816
843
848
26
822
826
853
867
865
38
828
859
861
25
836
834
836
876
886
872
873
854
878
881
879
26
854
880
883
868
886
894
881
872
894
900
911
906
907
885
896
893
31
863
887
885
868
26
842
835
859
867
867
844
26
819
820
831
820
818
803
830
817
821
823
823
814
797
794
774
816
819
835
837
843
848
839
871
866
866
859
25
835
859
854
865
849
874
879
876
871
48
823
837
828
818
830
825
828
834
836
837
837
849
842
827
814
823
395
428
32
397
810
838
868
889
874
898
898
912
901
27
874
865
859
35
825
803
817
804
802
786
803
22
782
810
817
819
827
822
807
827
823
831
827
839
45
795
789
798
799
42
758
811
40
772
812
840
850
870
878
875
37
839
843
29
815
863
843
828
834
828
845
847
854
864
858
27
831
27
804
30
775
66
709
703
700
716
704
691
729
741
36
706
703
738
770
41
730
745
782
801
805
867
879
875
863
899
907
886
871
892
882
870
862
45
817
824
27
797
777
777
783
794
791
816
826
821
834
832
28
804
791
798
799
801
794
791
779
769
764
21
744
772
758
761
767
786
794
805
820
833
834
848
858
841
844
850
849
838
848
850
838
822
802
788
68
720
757
24
734
724
734
26
708
721
705
378
327
397
702
715
698
711
21
691
731
32
700
741
754
750
775
755
32
724
779
53
726
760
40
720
777
790
808
808
796
818
806
792
780
767
57
710
723
23
701
738
737
723
752
34
719
763
45
719
752
47
706
747
736
36
701
740
41
699
737
725
709
708
694
694
691
721
715
25
691
726
709
703
696
692
705
689
685
702
687
672
715
45
671
711
713
712
752
752
795
813
817
37
780
782
39
744
758
31
727
730
766
756
781
822
812
813
867
872
29
843
859
838
836
842
826
839
836
826
821
803
791
3999
3999
3999
3999
3999
3999
3999
3999
3999
3999
3999
3999
3999
3999
3999
3999
3999
3999
3999
3999
3999
3999
3999
3999
3999
3999
3999
3999
3999
3999
3999
3999
3999
3999
3999
3999
3999
3999
3999
3999
3999
3999
3999
3999
3999
3999
3999
3999
3999
3999
3999
3999
3999
3999
3999
3999
3999
3999
3999
3999
3999
3999
3999
3999
3999
3999
3999
3999
3999
3999
3999
3999
3999
3999
3999
3999
3999
3999
3999
3999
3999
3999
3999
3999
3999
3999
3999
3999
3999
3999
3999
3999
3999
3999
3999
3999
3999
3999
3999
3999
3999
3999
3999
3999
3999
3999
3999
3999
3999
3999
3999
3999
3999
3999
3999
3999
3999
3999
3999
3999
3999
3999
3999
3999
3999
3999
3999
3999
3999
3999
3999
3999
3999
3999
3999
3999
3999
3999
3999
3999
3999
3999
3999
3999
3999
3999
3999
3999
3999
3999
3999
3999
3999
3999
3999
3999
3999
3999
3999
3999
3999
3999
3999
3999
3999
3999
3999
3999
3999
3999
3999
3999
3999
3999
3999
3999
3999
3999
3999
3999
3999
3999
3999
3999
3999
3159
900
880
875
855
25
830
839
847
851
26
825
853
870
888
889
880
859
875
873
872
849
864
24
841
869
887
895
904
898
897
913
27
886
906
919
912
890
870
876
859
55
804
183
622
922
171
752
739
22
717
735
24
711
743
734
744
742
750
28
722
712
718
24
695
699
688
697
697
684
702
715
21
695
730
30
700
740
303
437
170
268
701
710
749
741
747
750
32
718
724
33
691
79
613
777
68
709
709
725
741
738
730
784
786
780
759
781
766
747
750
744
748
770
793
793
27
767
767
772
763
779
786
818
827
842
833
816
44
772
753
747
750
31
720
771
787
777
779
782
30
753
839
359
480
127
354
810
54
757
21
737
771
51
720
766
761
35
726
781
308
473
222
252
778
757
757
781
35
746
793
55
739
780
767
806
817
796
825
29
796
779
780
42
739
785
44
741
773
765
25
740
791
33
759
802
793
868
853
27
827
866
863
854
875
853
876
27
850
875
856
840
865
855
835
824
834
828
841
855
842
877
872
861
866
30
836
848
836
826
816
26
791
791
795
813
803
815
828
840
849
858
859
860
854
41
813
829
825
832
830
842
879
906
911
29
882
885
890
879
875
861
843
823
825
827
841
838
847
885
897
515
383
522
896
26
870
870
877
884
876
884
874
865
47
818
837
849
853
27
827
860
859
867
40
827
833
838
845
848
830
811
829
846
867
875
873
25
848
853
869
870
870
866
850
832
25
807
787
793
808
822
875
890
909
888
914
905
891
42
850
874
27
847
830
827
25
802
797
806
827
855
892
925
932
926
909
40
869
880
864
39
825
836
843
849
868
859
882
898
898
892
39
854
877
34
844
837
832
48
784
817
801
790
791
797
792
795
802
819
30
789
829
23
806
831
831
23
808
839
841
59
783
844
62
783
818
825
828
271
557
305
253
753
773
36
738
774
814
525
290
375
732
723
298
426
163
264
726
26
701
730
25
706
708
25
684
354
330
388
689
721
52
670
721
714
187
528
885
200
686
70
616
723
406
318
356
664
651
664
658
692
695
22
673
704
709
714
25
690
756
52
705
766
27
740
25
715
737
751
737
46
691
739
48
691
690
83
607
827
116
712
27
685
741
47
694
746
751
24
728
708
708
736
146
590
265
326
31
295
857
147
711
45
667
686
740
735
728
764
779
761
783
817
802
829
843
30
814
816
823
23
800
800
786
787
796
794
832
844
832
861
869
852
874
878
32
846
856
864
24
840
854
869
855
851
873
868
849
880
894
25
870
906
600
306
533
831
812
823
805
785
788
474
314
458
762
772
776
786
798
806
821
833
864
875
865
861
38
823
149
674
149
526
132
395
763
778
814
34
780
857
34
823
882
32
851
888
914
33
882
928
938
46
893
938
920
902
916
36
880
913
903
915
927
910
934
926
905
933
936
918
344
575
208
367
854
591
264
1434
633
802
819
801
793
784
793
791
790
811
841
870
896
930
932
920
928
914
923
912
907
914
921
901
908
895
880
607
274
610
871
868
587
282
599
881
899
900
908
919
924
54
871
854
859
841
851
850
877
858
854
871
25
846
877
859
878
341
538
214
324
719
885
95
791
837
847
838
891
607
285
1123
1103
300
803
877
26
852
63
789
795
847
841
858
847
890
916
911
944
955
34
921
929
938
916
906
933
934
31
904
931
927
934
30
905
921
924
27
898
925
933
28
906
919
914
901
916
907
910
889
909
910
891
897
909
905
890
910
908
898
901
901
895
881
906
899
890
899
898
878
895
898
880
907
915
919
929
937
930
941
938
923
945
932
909
916
31
886
874
860
845
852
834
24
811
823
832
840
854
840
867
896
885
896
913
916
912
923
912
891
904
904
30
875
864
878
887
878
902
898
882
904
912
889
904
911
910
925
920
907
928
939
30
910
925
927
910
921
926
918
909
898
900
28
872
886
866
574
292
551
832
833
832
830
39
791
827
821
805
831
834
825
867
871
862
889
871
875
876
873
886
885
879
881
877
867
857
856
847
850
850
842
835
23
813
796
816
815
845
875
891
876
886
879
899
907
886
901
907
896
916
921
909
929
931
912
928
930
919
927
937
919
929
939
915
52
863
864
847
867
865
853
885
902
902
931
951
939
972
958
941
958
944
927
944
934
30
905
942
939
924
960
961
945
971
31
941
933
936
39
897
914
910
916
928
925
933
932
933
945
945
942
951
947
937
951
933
45
889
880
868
873
877
865
854
869
850
855
841
824
815
804
811
820
845
872
381
491
170
321
852
840
830
860
208
652
987
166
821
43
778
796
783
34
750
787
43
744
786
48
738
777
25
753
745
98
647
870
115
755
28
728
767
765
746
752
766
37
729
719
731
746
24
722
755
741
745
731
716
729
45
685
698
710
34
677
702
704
25
680
708
701
682
716
713
709
728
734
733
751
761
751
754
767
765
774
791
782
806
810
797
813
812
808
813
812
807
820
831
827
833
838
824
839
840
827
844
844
828
833
823
824
823
808
25
784
775
772
770
799
803
806
835
845
845
864
848
830
841
29
813
27
786
27
759
765
764
792
61
732
908
68
840
852
63
789
845
71
775
827
26
801
32
770
787
784
789
785
29
756
773
776
766
791
815
817
845
857
862
888
895
891
893
870
854
845
829
829
826
818
815
823
820
819
832
835
819
818
817
822
829
833
829
841
840
832
832
819
809
805
791
780
783
786
812
823
828
806
786
41
745
783
763
786
800
805
823
837
843
867
857
874
872
852
874
867
875
868
857
865
853
871
877
874
897
900
901
930
926
906
923
27
896
897
883
875
894
894
879
893
893
884
885
881
859
876
879
867
884
883
867
886
894
882
892
29
863
855
858
836
826
833
838
25
813
827
64
763
772
774
755
747
763
31
732
778
47
731
768
42
727
746
726
709
739
21
718
708
706
721
707
724
23
702
712
702
727
26
701
703
741
37
704
711
734
35
699
738
24
715
708
738
722
747
739
735
721
20
702
693
705
688
709
696
686
712
35
677
694
696
697
708
718
707
737
732
740
743
742
745
743
742
735
740
732
725
723
721
721
717
717
720
718
720
1402
38
1364
683
682
669
656
677
26
652
401
251
406
648
638
645
654
26
629
625
621
614
629
652
22
630
658
682
684
706
740
751
755
788
786
782
806
23
783
777
27
750
806
812
47
765
833
32
801
787
781
777
31
746
761
778
761
767
795
28
768
778
794
793
790
810
804
798
817
809
798
820
825
810
827
824
820
827
833
24
809
830
846
833
853
867
849
845
857
843
837
855
856
842
871
863
842
868
864
854
875
876
871
893
889
888
917
919
897
925
903
913
915
896
890
895
34
861
865
883
903
884
879
869
855
869
871
890
898
923
932
944
36
908
896
874
33
841
825
846
857
869
894
899
878
884
873
857
851
869
858
861
880
880
893
909
890
883
867
870
865
858
855
836
837
858
853
856
871
872
868
889
883
873
892
888
876
888
887
868
885
890
882
897
898
889
901
905
893
889
895
888
869
878
886
872
887
896
890
893
913
26
887
24
863
878
27
852
851
836
829
866
869
862
852
866
863
860
863
860
858
843
23
821
816
817
822
842
854
856
866
868
858
855
840
841
837
850
843
837
863
868
859
888
901
895
903
922
912
916
926
27
900
892
873
874
875
875
874
879
882
873
880
867
24
843
827
830
823
817
803
794
777
774
775
769
782
811
818
847
868
875
870
861
876
872
859
880
896
885
909
916
899
910
913
917
920
903
924
931
937
931
949
953
933
947
938
27
911
434
477
49
429
898
878
877
859
853
854
833
833
848
856
849
886
906
900
931
938
923
936
927
29
898
915
904
882
901
909
902
893
904
906
884
899
901
881
908
914
903
900
911
920
903
908
906
897
897
916
927
909
925
944
943
921
945
945
937
941
943
931
30
902
914
923
911
902
919
903
890
896
889
32
857
864
870
856
846
840
837
832
832
840
848
857
864
864
857
837
833
842
861
850
831
872
862
878
913
904
937
937
944
29
916
923
920
25
896
888
888
902
898
895
886
898
905
911
917
939
943
953
953
941
933
925
925
902
904
919
914
914
105
809
529
281
665
827
841
42
800
805
797
798
806
818
828
827
868
886
882
917
925
904
899
891
878
893
883
868
878
874
875
884
896
907
898
922
928
912
892
884
35
849
842
858
858
862
844
842
831
814
808
796
830
833
850
856
860
845
862
856
845
839
837
858
855
856
895
916
919
28
892
913
915
912
925
930
925
928
917
907
918
919
916
915
929
936
27
910
921
911
898
917
922
909
927
928
29
900
916
910
891
895
875
864
866
851
876
879
860
842
850
842
833
835
840
842
845
857
848
857
873
882
891
909
923
923
923
929
913
25
888
884
878
861
874
885
875
876
887
890
873
879
887
878
864
883
883
870
884
884
874
892
893
871
856
878
869
31
838
843
865
845
864
867
877
898
882
892
899
899
912
905
893
887
899
881
898
909
909
894
907
906
28
878
901
905
898
890
897
887
883
867
894
904
896
901
906
883
891
898
881
894
907
899
899
908
28
880
887
889
875
882
883
878
865
881
875
861
877
865
886
908
909
907
60
848
857
845
27
818
811
816
32
785
813
843
860
843
890
900
897
886
916
916
25
892
908
906
888
912
920
901
922
930
28
903
908
916
31
885
883
895
881
872
896
884
873
889
887
879
905
898
896
912
891
901
921
27
895
896
918
30
889
892
907
893
910
920
901
916
911
896
914
916
898
932
929
916
941
930
34
897
915
912
37
875
866
867
863
855
847
825
824
26
798
779
804
813
815
850
871
889
897
889
901
896
893
875
890
891
877
892
896
904
887
911
924
902
907
923
913
25
888
892
53
839
868
855
845
869
863
846
853
855
856
838
854
862
866
860
863
868
858
871
875
875
898
917
910
901
902
893
880
883
883
875
889
890
881
893
897
879
882
892
900
878
898
907
30
877
878
877
865
854
874
880
870
908
914
897
912
904
887
900
893
25
868
888
897
882
902
894
872
888
899
884
917
927
28
900
918
926
25
902
916
938
925
918
950
931
909
897
880
871
863
867
884
893
24
870
872
860
48
812
850
852
832
873
899
890
893
918
902
33
870
47
823
867
882
897
30
867
889
901
909
903
903
894
897
875
897
901
917
902
931
942
45
898
931
908
889
870
889
891
875
905
918
29
890
916
928
47
882
893
896
880
907
912
919
931
953
933
928
939
938
922
934
920
908
918
915
905
919
911
898
908
910
892
882
899
886
896
911
891
889
877
894
908
891
931
924
910
913
40
873
879
878
865
877
874
862
890
881
873
883
880
904
909
34
875
898
25
874
876
898
32
866
876
861
864
866
861
882
874
861
873
861
838
837
850
859
869
866
887
903
915
907
935
952
932
941
950
927
928
939
936
913
937
928
28
901
920
918
905
913
926
906
909
938
916
905
927
922
909
924
908
891
900
885
37
849
882
883
44
839
877
879
860
891
888
869
884
34
851
46
805
826
816
863
855
856
37
820
822
845
887
883
904
1036
1167
83
1085
66
1020
27
993
38
955
53
902
46
857
861
909
966
986
1000
1009
29
981
41
940
48
892
873
890
936
967
978
973
961
944
931
919
916
38
878
872
891
960
1017
1017
1010
991
976
963
956
944
941
28
914
902
921
987
1031
1011
1006
999
973
28
946
946
31
915
891
884
892
899
883
894
911
902
888
927
940
949
954
953
950
943
31
912
40
873
891
941
993
994
1001
985
982
993
979
965
969
961
955
963
962
28
935
922
916
898
876
45
832
23
809
802
811
826
846
862
858
860
861
863
864
874
874
881
887
894
900
891
908
910
905
906
897
883
896
882
880
877
860
854
845
833
849
830
829
845
848
838
837
847
843
851
858
875
875
881
904
915
920
908
897
906
913
917
922
932
933
934
924
34
891
30
861
863
874
875
878
878
876
30
847
856
852
836
834
830
826
843
841
837
865
862
878
871
850
859
860
863
853
851
845
25
821
824
829
826
824
833
841
829
856
874
887
884
866
843
854
859
854
849
842
831
854
854
852
864
859
844
851
847
853
844
846
827
819
819
804
825
831
842
842
839
819
818
821
829
822
835
848
28
820
815
846
875
869
854
833
821
834
854
863
875
857
899
926
923
64
860
883
894
892
880
874
870
853
72
782
806
793
798
785
24
761
774
802
833
833
831
834
835
818
834
830
821
834
828
851
38
814
842
858
26
832
853
875
884
889
882
871
38
833
818
814
833
844
42
803
830
815
816
29
787
823
819
826
30
796
806
821
833
831
31
800
814
822
818
804
819
807
24
783
796
806
33
774
831
29
802
852
880
876
856
863
876
870
28
842
860
851
841
864
852
883
895
900
912
27
886
904
897
903
890
873
877
876
854
875
876
869
909
917
932
923
53
871
27
844
35
810
821
822
806
808
807
798
802
821
810
843
865
27
838
874
892
903
907
898
891
32
859
869
872
871
872
34
838
851
846
834
873
901
916
919
897
874
892
892
28
864
887
884
884
902
884
912
28
884
923
934
911
892
25
868
121
747
956
132
824
52
772
36
737
782
34
748
737
733
733
713
708
703
701
696
703
23
680
707
705
705
709
734
718
745
734
740
738
21
717
741
25
716
26
691
708
22
686
672
684
20
665
664
667
653
651
661
19
642
637
648
24
625
627
640
623
635
642
627
639
645
632
651
649
642
649
637
637
649
638
631
650
23
628
631
659
36
623
638
667
38
629
637
662
38
624
635
658
36
622
631
650
34
616
634
625
618
647
38
609
624
646
40
607
620
641
43
599
618
619
605
635
28
608
609
626
635
28
608
617
624
638
35
604
615
641
39
602
623
20
603
609
613
602
606
597
592
602
591
587
586
594
598
593
588
603
593
592
595
585
589
603
592
596
613
20
593
599
614
20
594
605
614
597
603
610
593
605
602
594
604
621
40
581
599
608
596
601
620
20
600
597
602
618
616
19
598
614
19
595
600
598
588
595
587
584
601
22
579
598
587
590
595
585
582
587
590
580
583
604
22
583
598
607
591
600
607
593
611
598
594
600
593
582
599
596
585
588
591
17
575
576
583
587
589
582
586
592
19
574
583
592
587
599
632
34
598
609
622
21
601
590
611
625
615
659
660
647
653
695
679
673
675
659
646
640
665
648
659
26
633
639
669
21
648
683
718
53
666
703
713
25
689
723
29
694
683
704
737
732
35
697
728
757
738
789
820
824
39
786
40
746
757
786
817
864
866
83
784
769
780
827
832
848
42
806
786
843
39
805
47
759
808
34
775
787
807
807
23
785
790
787
768
782
791
777
809
797
791
802
308
495
164
331
815
34
782
55
727
794
78
717
703
720
750
758
765
826
833
816
815
805
813
833
818
838
864
861
34
827
858
873
24
849
871
868
845
868
861
30
831
846
839
818
841
852
23
829
858
871
848
857
877
875
29
847
872
873
850
869
870
35
836
852
870
860
26
834
865
868
27
841
854
859
28
832
818
837
844
29
816
818
883
908
913
898
26
873
892
922
969
965
26
940
915
920
38
883
880
892
887
880
884
899
906
896
901
912
916
31
886
900
896
30
867
881
887
24
864
875
880
867
859
875
866
30
837
856
860
843
849
863
843
864
863
853
875
897
883
894
894
26
869
881
889
33
857
860
866
853
864
869
856
884
875
26
849
887
885
871
886
890
887
911
923
903
910
906
898
909
899
885
900
879
880
901
884
882
900
909
899
914
892
886
621
266
587
826
812
811
811
796
806
789
802
817
824
821
810
833
845
837
816
837
835
829
845
864
846
858
26
833
824
809
23
786
807
820
826
842
861
869
858
24
834
843
859
877
869
874
879
894
881
863
878
868
853
882
895
886
898
913
896
916
935
31
904
914
930
31
899
897
908
885
34
852
872
875
858
874
860
878
893
893
29
864
890
890
870
852
877
879
879
867
881
891
875
865
886
897
28
869
887
917
909
891
905
909
886
902
907
886
866
864
870
877
873
899
932
911
928
948
929
934
937
932
916
39
877
870
878
870
864
882
890
871
889
889
878
886
896
887
881
889
882
890
896
875
883
887
874
877
866
866
887
895
898
874
881
870
866
881
888
886
921
907
898
915
911
894
906
904
883
902
897
879
902
904
890
915
942
922
919
921
908
910
911
31
880
905
895
883
864
24
841
852
835
826
356
470
138
333
796
804
785
790
773
788
804
810
803
815
802
806
811
800
826
828
831
865
871
873
891
878
895
901
29
872
886
871
855
879
33
847
31
817
807
28
780
793
381
413
81
332
343
413
93
320
358
934
662
272
301
313
55
258
259
268
267
324
72
252
357
57
300
454
90
364
962
475
487
156
332
1766
1298
468
724
415
310
31
279
286
627
1423
965
458
3999
3999
3999

