07-09-2022 - 15:10 - Correr
Juan José Carcamo
Intervalos entre latido y latido
1190
82
1109
1149
1158
1184
1182
57
1126
1175
35
1141
1189
1183
1188
1187
1166
1155
1153
321
832
519
313
1117
350
768
380
388
1145
1165
1158
1137
1161
417
744
329
415
1142
1146
1130
1132
1127
1137
40
1098
1129
761
368
719
1108
1132
1119
48
1072
1049
1086
1102
34
1068
1104
1130
32
1099
1120
1131
1109
1119
1115
1122
1125
78
1047
1212
94
1119
1115
68
1047
1062
1055
1057
1055
1055
44
1011
1055
1075
1084
1061
1110
1129
33
1097
1141
1142
1148
1159
1159
44
1115
1134
1107
1088
1099
1109
1106
1099
1097
1091
60
1032
1064
1082
1087
1070
46
1024
1051
1059
1054
652
402
652
1061
1048
1085
1105
29
1077
1134
1164
49
1115
1138
1145
36
1109
1136
1109
1096
1125
1127
45
1083
1132
1143
42
1102
1152
1160
1135
1169
1183
65
1119
1163
1154
1124
1143
57
1087
1092
1089
1133
1115
1127
1145
1139
47
1093
1111
1107
1134
1151
1156
1134
34
1100
1130
31
1100
1120
1115
30
1086
1088
1094
1081
30
1051
1073
1069
29
1041
1044
1044
1082
1140
1128
1139
1174
1166
1144
1167
1170
647
524
1630
510
1121
68
1053
1086
1112
1100
1118
1138
1112
1093
1101
1108
1118
1133
1116
1137
1144
1138
1140
1126
1117
55
1062
1066
1087
1073
36
1037
1068
1088
1089
42
1048
1094
1107
39
1069
1094
30
1065
31
1034
1074
1077
1094
1093
43
1051
1097
1091
44
1047
1096
1107
44
1063
1101
1143
1143
1141
1178
1183
36
1147
1180
1201
56
1146
1171
1174
1160
1156
1176
60
1117
1138
1146
54
1092
1127
1138
1125
1130
1122
1126
1113
1119
57
1062
1062
1085
1123
1112
1125
80
1045
1077
1098
1082
1060
1102
34
1068
1073
1109
1129
1114
1128
1163
1142
1132
1169
1176
31
1145
1170
1158
33
1125
1147
1152
1125
1167
1170
31
1140
1185
1180
35
1145
1179
1176
42
1134
1175
1157
1131
1161
1148
1121
1168
1166
45
1122
1161
1156
52
1104
1152
1147
34
1113
1164
1154
37
1117
1156
1153
38
1116
1159
1164
45
1119
1159
1171
58
1114
1145
1174
55
1120
1140
1153
34
1119
1122
1149
1125
1122
1148
1120
1125
1152
1132
1152
69
1084
1114
1125
46
1080
1113
1109
1081
1082
1088
70
1019
60
959
963
969
45
925
926
947
938
957
966
44
923
921
913
927
907
927
945
967
955
971
983
980
972
985
980
983
964
993
990
62
928
941
936
27
910
908
907
33
874
871
891
883
871
888
887
873
869
884
875
868
868
875
861
851
869
869
846
851
852
841
833
846
860
854
845
865
869
852
858
865
843
844
847
834
845
847
853
838
820
831
822
826
840
852
852
850
23
827
824
822
823
829
811
795
797
808
807
802
815
823
809
820
840
848
834
845
863
856
848
852
864
34
830
832
828
820
810
819
817
809
805
814
815
802
821
830
838
824
811
818
812
810
839
838
840
829
831
830
816
805
833
30
804
797
793
799
795
791
782
794
787
790
788
800
787
791
786
794
778
789
791
784
766
768
768
777
761
765
761
769
768
765
765
773
764
752
764
767
784
778
798
827
808
811
822
815
799
821
823
28
796
793
805
806
40
767
785
800
821
827
837
859
875
859
885
902
32
870
893
919
906
890
893
918
67
852
834
855
891
920
956
986
1003
1009
56
954
991
1015
1032
66
966
962
978
59
919
956
988
966
981
1034
28
1006
1019
1061
33
1029
1002
1044
1046
43
1004
1042
60
983
1025
1024
1021
1073
1078
31
1047
1091
1074
47
1028
1075
1066
38
1028
1079
1080
29
1051
1113
1109
42
1067
1117
1119
61
1058
1101
1119
51
1068
1119
1147
63
1084
1074
1083
29
1054
1042
1096
1109
34
1075
1124
31
1093
1085
1070
1089
1107
1082
1079
1118
1119
36
1083
1119
1109
45
1065
1094
1089
39
1051
1093
1095
32
1064
1118
1142
55
1087
1119
30
1089
34
1056
1069
1088
1087
1079
1124
1146
55
1091
1117
1128
45
1084
1101
1123
40
1083
1091
1094
1112
1127
1125
1160
1169
63
1107
1139
1146
35
1111
1135
65
1070
1111
1151
1148
49
1100
1160
1183
34
1150
1191
1190
56
1134
1160
1150
46
1105
1130
1133
1120
1162
1157
1145
1157
33
1124
1120
1142
39
1104
1102
1137
1114
1108
1111
1138
1148
49
1099
1134
1151
1132
1166
1155
1158
1178
36
1143
1186
1183
1167
1181
58
1123
1118
30
1089
1067
1077
1102
1091
1063
1060
1064
1041
1071
1085
1077
1099
1083
29
1055
1051
1075
1065
1068
1064
1052
1047
1069
1059
1096
1103
1107
1083
1080
1077
1084
1079
1057
1052
1055
1032
1028
1050
1063
72
992
1035
1063
1040
1084
1096
31
1065
1104
1103
42
1062
1086
1083
1058
1089
1085
1070
1088
1077
1102
1109
47
1063
1062
1065
1055
57
999
1024
1038
1036
1045
1036
1063
31
1032
1083
1097
1106
1110
1112
44
1068
1107
1114
32
1082
1116
1129
40
1090
1097
1102
1083
1107
1089
1092
1082
470
612
181
432
1057
1063
1041
1073
1075
1053
522
531
1526
520
1006
1034
39
995
1031
1024
1014
1024
1048
1045
1041
1086
1110
36
1074
773
301
321
483
214
270
350
477
1050
1078
41
1037
1070
1083
1083
1075
1079
1052
1083
1101
1109
29
1080
1120
1135
45
1090
1123
1143
30
1114
1148
1164
1146
1168
647
522
1632
507
1125
53
1073
1096
1087
38
1050
1096
1118
1102
1135
1157
1144
1164
1182
1171
1180
1168
1154
1137
1156
1153
62
1091
1107
1113
1091
1117
1127
1112
1127
30
1098
1124
1109
1126
1116
67
1049
1090
1083
41
1042
1082
1081
1059
1073
1072
1086
1096
1114
1109
1125
1128
47
1082
1098
1098
1094
42
1052
1066
32
1034
1064
1078
1092
1087
1076
1076
1083
1064
1068
1074
1075
38
1037
1047
1070
1078
1080
1079
36
1043
1083
1078
1057
1085
1094
1094
1089
1112
1111
1094
1109
1099
33
1066
1101
1103
1105
41
1064
1095
1067
1064
1098
1112
1111
1110
1122
45
1077
1079
1092
30
1063
1086
1099
1115
1110
1106
1085
54
1032
1049
1059
1060
1074
1081
1084
1062
1088
1065
1097
1105
1094
1086
1109
1123
1131
35
1097
1131
1126
1139
1142
1126
35
1092
55
1037
1062
1071
1069
86
984
53
931
981
1020
1053
1094
1119
1136
1175
1202
1187
1179
1154
1166
1178
1178
1159
1182
1184
54
1130
1155
1160
37
1123
1139
1158
57
1101
1139
1138
1109
1142
1164
1139
1172
1177
39
1138
1166
1165
45
1120
1154
32
1123
31
1092
1101
1111
1092
1122
1130
37
1094
1129
1142
38
1104
1125
1121
36
1085
1116
1127
39
1089
1115
1135
1121
1125
1155
1153
1150
1170
1173
32
1141
1176
1169
47
1123
1142
1141
38
1104
1117
55
1063
48
1015
1026
1035
1048
1060
1035
1059
1059
1056
38
1019
1039
1036
1031
1041
1045
1057
1071
1075
68
1008
1027
1031
1032
1032
38
994
1006
1018
1030
1037
1056
40
1017
1028
1043
1025
1056
1072
1081
1093
1088
34
1055
1057
1054
39
1016
1031
58
974
29
945
983
1006
1000
46
954
970
972
1003
1068
1059
1091
1153
1194
1247
1242
1219
1213
1204
1192
666
527
1642
486
1157
31
1126
1146
1143
1154
1147
61
1087
1147
1178
59
1120
1163
1173
1166
45
1121
1155
1147
39
1109
1148
1177
52
1125
1163
1167
53
1115
1154
1165
81
1084
1134
1147
35
1112
1119
1151
1169
34
1136
1192
1189
44
1145
1171
1185
50
1135
1171
1182
36
1146
1180
1191
69
1122
1171
1173
54
1120
1162
1168
43
1126
1130
45
1086
65
1022
1038
38
1000
35
966
1003
1021
996
972
1003
1004
1021
1059
1065
1087
1106
1105
60
1045
1071
1073
1059
41
1018
1039
1047
1030
1056
1163
70
1093
1140
1171
1201
53
1148
1136
54
1082
1074
1068
1087
1104
1115
1105
1095
1074
1094
1099
1080
1107
1110
1110
39
1071
1102
1123
36
1087
1125
1152
37
1116
1157
1152
1134
1153
1136
48
1089
1134
1130
1109
43
1066
1109
1096
1096
44
1053
1084
1099
1072
1117
1137
1121
1156
1170
1142
1157
1131
61
1070
1084
1115
1130
1132
45
1088
1121
1139
46
1093
1132
1155
1149
1147
1148
1134
1116
1108
1122
53
1069
1093
1096
1125
1142
1161
1153
1166
72
1094
1113
1137
1138
1127
54
1074
1108
1120
1111
1102
70
1033
1039
1055
1083
1081
30
1052
1060
1071
1064
1049
1064
1078
1063
1092
60
1033
1041
1047
1068
1056
1061
1074
1064
1101
1110
1086
1123
1137
1119
1155
1143
51
1093
1122
1113
65
1048
1053
1068
1081
1068
1092
38
1055
1048
1067
1070
1066
1043
1054
1077
34
1044
1072
1096
37
1059
1093
1096
1100
1118
40
1078
1103
1120
1128
1139
1150
1125
1099
1111
1094
1103
1105
56
1050
29
1021
1044
1055
1083
1097
1094
1102
52
1050
1083
1074
1077
1068
1063
1037
1028
1052
1064
1077
1062
1081
1092
1109
1114
1098
36
1063
1091
1085
1081
1069
1064
1051
1028
1060
1076
1052
1083
1081
1067
1066
42
1024
1003
31
973
960
942
950
970
996
482
514
1429
423
1007
1020
1037
1063
1097
1110
1145
43
1102
1129
1160
1151
1152
1126
1100
45
1056
1083
41
1043
1041
1067
1080
1096
1100
1082
1098
1072
1104
1123
1106
69
1037
1057
47
1011
1004
50
954
39
916
913
918
936
969
1000
1041
45
997
987
1020
1053
1080
1096
1102
1086
1103
1101
1074
1083
1075
31
1044
73
972
968
968
970
959
976
988
1015
1055
1093
1128
1157
55
1102
1148
1161
1145
1152
1137
1171
1177
1179
1201
1190
1165
1179
1181
1158
1153
36
1117
1119
1134
1138
1135
1113
48
1065
1111
1125
37
1088
1136
1164
53
1112
1164
1179
1161
1167
1161
35
1126
1168
1178
50
1128
1176
1187
56
1132
1169
1189
1169
1175
1186
1175
46
1130
1157
1154
1151
54
1098
1126
44
1083
1074
1113
1114
46
1068
1112
1131
1141
1125
1109
1160
1159
1155
1136
1167
1167
1145
1175
1160
41
1119
1161
1169
39
1131
1156
1173
34
1140
1157
1152
51
1101
1141
1161
1148
1169
1185
39
1147
1180
1198
40
1158
1188
1186
57
1129
1169
1190
43
1147
1159
1171
1142
1140
1121
35
1086
1083
1107
1104
1086
1069
1115
1105
1127
1138
1143
107
1036
1075
38
1037
46
992
973
1006
989
994
974
950
952
988
1022
1076
1115
1129
58
1072
1090
1096
34
1062
1046
1057
1062
1067
1062
1057
1081
1067
1093
1121
1122
1157
1171
1157
1149
1146
1131
1148
1125
1145
1153
1139
1154
1147
1119
1155
1168
34
1135
1151
1149
30
1119
1160
1160
64
1096
1142
1156
1139
1163
1156
1152
1178
1172
1188
1200
58
1142
1166
1172
48
1125
1162
52
1110
1097
1115
1127
1145
1146
1125
41
1085
1099
1079
46
1033
1037
1064
1066
1043
1082
1063
47
1017
1035
1042
1064
1044
1025
999
977
982
1038
1104
1147
1164
1178
1184
1168
54
1115
1135
1136
1137
1140
1141
63
1078
1096
1110
1109
1109
1107
1103
37
1066
1092
1086
33
1054
1079
1088
1062
1084
1086
1093
1121
1112
1099
45
1055
1057
41
1016
993
977
53
924
71
854
865
843
829
28
801
808
802
793
803
799
797
809
817
814
811
819
822
827
826
835
824
827
828
829
822
811
810
799
803
805
785
789
791
791
26
766
774
775
783
776
790
800
794
805
802
794
787
776
767
768
749
755
750
745
745
751
743
742
742
746
744
748
749
758
760
758
742
746
750
748
759
759
768
757
773
780
22
758
773
783
785
775
781
786
783
791
805
810
794
797
809
3999
3999
3999
3999
3999
3999
3999
3999
3999
3999
3999
3999
3999
3999
3999
3999
3999
3999
3999
3999
3999
3999
3999
3999
3999
3999
3999
3999
3999
3999
3999
3999
3999
3999
3999
3999
3999
3999
3999
3999
3999
3999
3999
3999
3999
3999
3999
3999
3999
3999
3999
3999
3999
3999
1779
1135
1170
1173
40
1134
1165
1173
44
1130
1174
1153
1169
1163
1147
36
1112
1130
1166
1161
37
1124
1159
1161
38
1123
1152
1170
47
1124
1172
1182
54
1128
1164
1179
41
1139
1151
1145
1119
1128
30
1099
1099
1137
1144
1121
1153
1174
1185
1173
1154
1151
1143
45
1099
1111
1124
1125
1133
1117
1149
43
1106
1136
1136
84
1053
47
1007
1030
1077
1148
1216
1313
61
1253
67
1186
1213
1225
1219
50
1170
1187
1192
40
1152
1156
1150
47
1104
1121
1163
1168
43
1125
1163
1178
43
1135
1143
1181
1151
68
1084
1089
60
1029
49
981
962
949
925
927
938
917
928
923
907
890
891
32
859
857
857
850
842
835
829
25
804
790
792
774
767
771
766
767
766
764
759
744
23
721
726
22
705
686
36
650
638
739
723
723
719
740
739
760
776
774
789
783
801
828
822
812
824
833
812
816
814
36
778
759
742
25
717
709
704
695
696
680
676
661
665
654
648
638
635
631
624
621
615
618
612
611
612
615
619
626
621
624
627
639
636
634
641
647
657
652
661
661
667
665
666
669
677
689
683
688
694
694
684
687
684
690
673
674
677
687
683
678
673
674
680
678
696
691
701
712
717
717
713
722
713
704
702
708
725
726
726
716
718
713
715
734
740
739
768
786
765
1584
799
786
28
758
769
771
766
792
823
819
852
875
25
851
883
868
858
896
31
865
889
893
31
863
892
884
862
887
904
41
864
879
898
914
907
900
917
946
46
900
933
962
49
914
953
953
929
948
978
994
1003
58
946
1005
986
973
1009
1021
61
960
1012
51
962
991
28
963
1024
1067
1043
1070
48
1022
51
971
992
1032
1011
41
971
1025
1050
28
1023
1084
59
1026
1033
1077
1087
1089
1083
73
1010
1078
78
1000
1035
1065
1054
32
1023
1064
1062
1105
52
1054
1038
1100
29
1071
1063
1110
71
1039
1082
1112
1118
72
1046
1083
1123
1109
1108
1121
93
1028
1067
1096
1093
46
1048
1097
1124
1143
33
1111
71
1040
1092
1084
1058
1069
1054
1054
1081
1088
38
1051
1084
1057
1087
1100
33
1068
1116
1094
1072
1095
1122
40
1082
1083
1101
1115
1123
1214
1253
148
1106
1123
1135
42
1094
1135
71
1065
1083
1097
1090
1122
1226
88
1138
68
1071
1097
1105
43
1062
1106
1111
1085
1125
1118
1090
1124
1144
42
1103
1109
1109
1103
1120
42
1078
1069
1115
44
1072
1092
1126
34
1093
1067
1090
1146
1133
1154
65
1089
1106
1139
1149
1135
40
1096
1143
58
1085
1108
1104
1110
1084
44
1041
29
1012
1009
1013
1024
1000
1043
1050
1051
1101
1091
1113
1120
1159
1139
1117
1156
1130
1160
1157
57
1100
1132
1157
41
1116
1145
1153
39
1115
1158
1167
40
1128
1146
1132
1107
34
1074
1114
1102
1082
1114
1099
1124
37
1088
1118
1140
63
1077
1102
1139
1141
1147
1169
1141
37
1105
1142
1156
45
1111
1148
1151
51
1101
1112
1116
1096
1088
1129
30
1100
1100
1100
1105
1094
1094
33
1062
1094
1102
1122
33
1090
1086
1110
1099
40
1059
1106
1093
1068
1068
1077
1114
1125
44
1081
1107
1094
1070
1078
1085
1092
33
1059
1075
44
1031
1060
1086
30
1057
1088
1100
1085
1119
1132
55
1078
1120
1134
41
1094
1123
31
1092
1097
1122
1113
1097
48
1050
1073
1095
40
1056
1098
1102
1078
1103
1113
1124
53
1071
1079
1089
1111
37
1074
1061
1102
1083
1074
1104
1119
1128
1124
44
1080
1102
1111
1089
1089
1064
1084
1086
30
1057
1065
1090
1096
1076
31
1045
1066
200
866
321
545
1306
171
1136
1113
1102
1091
1076
1059
1060
1061
1053
1064
1074
1062
1048
32
1017
1047
1029
1006
1042
41
1002
1025
1068
1050
1049
1097
1112
1136
59
1077
1100
1113
1086
1127
1130
51
1080
50
1030
1039
1051
1072
1097
1112
1117
1125
1133
36
1097
1141
1145
1149
52
1098
1083
1081
1060
1076
1097
1083
33
1051
1051
1070
1076
1074
1071
30
1041
1070
1093
1094
1126
1107
1109
1110
1098
1083
36
1048
96
952
973
1008
1018
1057
1068
40
1029
1032
1055
1054
1066
1079
1053
1041
1069
45
1024
1054
1086
1123
1132
1155
1146
92
1055
1113
1111
49
1062
81
981
1015
1035
1040
1020
1064
1068
1078
1090
1080
1088
1105
56
1049
1063
1070
1083
61
1023
1027
1048
1054
1079
1092
1101
29
1073
1110
1120
54
1066
1083
33
1051
1088
1094
1104
40
1065
1076
1115
1102
1120
1111
1109
65
1045
1070
1050
1047
1044
46
999
1040
1047
1026
1041
1071
1107
1114
1133
51
1083
1116
1105
1101
1106
1111
1104
70
1034
1073
1101
50
1052
1119
1126
1124
50
1074
1085
1079
1052
1072
1078
50
1028
1029
1038
1051
1074
1105
1118
1136
1118
1107
1145
1130
1110
1139
1120
1138
1167
43
1125
1159
1183
36
1148
1197
1181
87
1095
1073
1081
1053
1038
64
974
975
958
33
926
929
947
933
954
982
984
997
1032
1027
1028
1055
1043
1039
1070
1064
1082
1112
1109
1114
1126
36
1091
72
1019
1059
1059
33
1026
1037
37
1001
992
970
43
927
952
934
934
966
953
941
974
979
958
978
1012
40
973
1003
1033
1020
1061
1086
1091
1114
1100
1098
1091
1089
60
1030
120
910
922
922
974
1013
1049
1092
1120
1131
40
1092
1129
1145
34
1112
1141
1140
1147
1137
1137
42
1096
1112
1131
1148
1164
1170
63
1108
1159
1162
68
1094
1117
1146
1158
1144
58
1086
1108
1129
1124
1132
43
1090
1096
1110
1113
1122
1108
39
1070
1108
1082
1070
1068
1063
1038
1040
1060
1037
1027
1019
1004
53
952
972
45
928
909
919
942
969
988
40
948
995
994
1065
1094
1093
1076
1069
1095
1112
1113
33
1080
1067
1094
1087
1108
1097
1107
1098
31
1068
1067
1067
1077
1095
1081
1121
1130
1135
65
1070
1083
1100
1098
1085
47
1039
1061
1073
1078
34
1044
1075
1093
1107
1123
78
1045
1085
1107
1108
1117
1107
66
1041
1079
1086
1070
1104
1092
1118
1118
1125
1109
47
1063
1098
1094
30
1065
1083
1080
1077
1064
32
1033
30
1003
1010
991
982
991
971
982
987
1019
1040
1064
1041
1084
1108
1107
1118
1119
63
1056
1071
1074
1076
35
1041
1032
1063
1074
1051
1104
1132
1130
1192
1205
66
1140
1148
46
1103
1126
1133
1145
1125
1106
85
1022
1055
1079
1089
1095
1096
48
1048
1082
1085
1107
1101
1111
1127
1147
1140
66
1074
1102
1103
66
1038
1053
1075
1089
1097
36
1062
1109
1123
1096
1135
1111
1141
1149
1143
1141
35
1107
1130
595
536
1530
466
1065
49
1016
1019
1041
1058
37
1022
1058
540
519
1512
447
1066
1063
1038
1068
1091
30
1062
1089
1102
1125
607
519
1580
547
1033
1057
1059
1076
1086
44
1043
1056
1086
1124
1156
1170
1150
56
1094
1124
1132
1132
90
1043
1056
1069
1083
1093
1090
1082
1078
37
1041
1072
1095
1091
1115
45
1070
1086
1107
29
1078
1111
34
1077
1093
1105
1113
1111
1112
1109
60
1049
1046
1049
1052
1055
1055
1060
1056
1040
39
1001
34
968
967
943
960
945
947
969
986
1012
1029
1003
1024
1055
1055
1069
1096
1118
1135
1154
72
1082
1120
1136
50
1087
1112
1130
54
1077
1101
1137
1127
1130
1142
1130
37
1094
1114
1119
1118
32
1086
1068
1094
1109
1124
1113
30
1084
1102
1121
1117
1110
1098
49
1049
1070
1073
1083
75
1008
1030
1044
1018
1027
1046
1048
1056
1053
1070
1078
1061
1050
31
1019
1028
1037
1049
1068
1085
1085
1107
42
1066
1040
1074
1095
29
1066
1104
1125
1142
34
1109
1115
1132
1125
1114
1124
1135
1153
1133
1111
1133
1152
1126
1130
1145
1138
1139
1136
1128
41
1088
1110
1115
1104
69
1036
1059
1076
1081
1089
34
1056
1030
1074
1098
51
1047
1081
1082
37
1045
1057
1077
1094
42
1053
1062
1049
1042
1058
1085
1084
1116
1093
1083
66
1018
1041
1051
535
517
1477
475
1003
1000
38
962
1012
1043
1034
1107
1139
1169
1158
1139
1153
1156
38
1119
1115
54
1061
1080
1078
1082
47
1035
1054
1061
1077
1086
1087
1083
1094
1096
65
1031
1031
1045
1029
1010
1027
1001
1014
1046
1079
1125
1176
1213
1201
45
1157
1184
49
1135
83
1053
1102
1106
68
1039
57
982
1004
1049
1086
1136
1166
42
1125
1173
1192
43
1150
1193
1189
1177
1166
1153
1143
52
1092
1080
1101
1105
53
1053
1092
1123
1125
1138
37
1102
1092
1105
1108
1097
1079
79
1000
991
984
992
1004
28
977
999
1008
1022
1034
1053
32
1022
1058
1039
1049
1072
1090
1077
1111
1092
1116
1124
1120
1111
39
1072
1082
1090
283
808
1294
225
1070
1062
1047
1060
48
1013
1003
1017
1033
1017
1030
1065
1060
1094
1122
42
1080
1100
1090
1115
1118
1098
1087
1077
1068
1062
60
1002
1012
1016
1028
1032
1068
1066
1049
1086
1105
1102
1144
1157
1159
1146
1146
1120
46
1074
1081
1061
1078
49
1029
1034
1042
1060
1077
1093
1100
1112
1110
1112
1111
1094
50
1045
1065
1056
1046
38
1009
1013
1021
1030
1025
1038
1018
1010
1033
1039
1049
1048
1076
1059
1049
1079
1087
1067
1084
1097
1120
1126
69
1058
1078
1077
1086
44
1043
1030
1045
1052
35
1018
1038
1043
1046
1061
1047
1044
1054
1061
1058
1031
74
958
957
966
975
982
995
1009
1010
1026
1026
1042
1022
1045
1054
1048
1057
1063
1047
43
1005
1020
1021
1036
38
999
1018
1039
1020
1044
1083
1108
1120
1145
1167
1141
1129
1105
1126
1128
1117
1132
53
1079
1101
1116
37
1079
1102
1135
616
520
1585
524
1062
1083
1084
36
1049
1055
1083
1095
32
1064
1075
1111
1083
1079
1091
1119
1129
34
1096
1139
1158
1163
1173
1167
61
1107
1096
1105
1104
1100
55
1046
1067
1081
1091
1122
1112
1118
1156
31
1126
1156
1224
117
1107
1135
1141
1125
1119
1127
32
1096
1100
1086
47
1039
1045
1083
1101
30
1072
1082
1108
1085
1065
1066
1071
1068
1040
1046
1051
1049
1046
1023
1046
1069
1082
1104
1107
1108
1115
1119
1117
1115
1117
1140
55
1086
1112
1125
1120
1120
1116
1135
1137
42
1096
1119
31
1088
1081
38
1043
29
1015
1006
1017
1032
1005
1031
1037
1034
1043
1054
1070
1053
1059
1062
1057
33
1025
1061
1082
1092
1121
1131
1114
1138
1142
1118
1154
1155
44
1112
1150
1150
1126
1133
1111
1135
1143
1137
32
1106
1116
1124
1118
57
1061
1094
1111
1114
33
1082
1121
1132
47
1086
1085
1115
1134
1139
1155
1140
41
1100
1114
1110
1089
1063
1049
1077
54
1023
1032
1008
1006
61
946
943
950
936
52
884
894
887
30
858
861
851
833
834
837
846
28
819
833
839
844
867
886
904
904
921
935
933
948
937
944
940
937
28
909
906
36
871
35
836
835
844
859
867
887
907
927
924
905
909
902
884
877
900
958
47
912
935
961
949
957
949
963
950
947
941
934
929
935
926
925
944
948
953
991
1008
31
978
984
987
1011
1005
1018
1031
34
998
992
1031
1049
31
1019
1041
1056
1076
44
1032
1025
58
967
977
1001
1007
29
979
1010
1033
1061
1035
1071
1095
1083
1078
1076
51
1025
47
979
1029
1026
999
1037
1060
1038
1061
1039
29
1010
1032
1005
1011
999
79
920
905
904
902
902
892
911
908
914
918
914
915
904
886
896
881
869
870
869
849
855
862
853
842
839
825
823
823
809
806
808
794
797
795
790
784
802
800
49
752
760
760
752
747
768
783
809
819
844
955
951
35
916
925
939
1007
42
965
986
975
966
978
996
1001
990
978
995
971
974
985
1000
997
57
940
969
983
999
991
989
987
985
984
985
970
47
924
917
928
925
935
950
42
908
959
976
965
988
980
958
987
978
970
997
988
982
1008
1029
1046
1099
1119
1120
1154
1134
45
1090
1122
1145
40
1106
1112
1125
1100
1084
1108
1115
51
1064
1083
1086
34
1053
1076
1101
31
1071
1096
1131
1128
33
1095
63
1033
1016
39
978
988
998
1001
69
933
941
962
43
920
936
913
44
869
851
872
877
868
895
919
900
906
927
950
960
962
27
936
921
942
920
929
948
950
956
37
919
911
896
882
866
26
840
835
832
840
849
835
840
862
851
845
832
831
847
829
814
821
829
819
831
851
862
855
834
824
826
828
842
851
846
849
846
42
805
804
806
804
792
783
782
769
761
753
741
737
739
737
742
754
750
743
766
782
810
826
911
949
931
934
942
927
925
30
896
887
869
867
857
24
833
853
874
880
878
879
894
883
887
893
876
88
789
800
792
796
780
782
768
770
759
768
776
778
786
805
818
28
791
789
805
808
799
801
803
790
795
816
812
824
843
852
849
869
897
905
902
920
929
32
898
923
935
921
934
958
939
923
934
942
924
960
983
972
999
1024
1000
1024
1043
61
983
33
950
980
963
988
1017
1016
1021
1048
1036
1034
1059
1035
1017
1041
35
1006
994
1041
1055
1033
1075
1080
1053
1085
1091
46
1046
1081
36
1045
1028
1072
1069
1075
1119
30
1089
1091
1100
56
1044
1019
1006
76
931
917
946
925
946
931
963
1011
1008
1048
1073
1051
1102
1106
1081
1130
1119
1118
1150
33
1117
1138
1133
1115
1144
31
1113
1136
1151
32
1120
1168
1144
32
1112
33
1080
69
1011
1045
1064
1043
1086
1088
1094
1136
1117
1119
1145
1117
1129
1144
1122
1135
1153
31
1123
1151
1157
31
1126
1159
1159
1145
1156
37
1119
52
1067
1079
1077
1085
1129
1109
1106
48
1059
1035
1018
43
976
964
1000
1006
1016
1046
1053
1048
1066
1042
1053
1065
1039
1055
1080
1070
1097
1113
1091
1094
1077
33
1044
1057
1058
1050
1066
1083
1082
1076
1059
1059
61
998
1010
1018
1014
1017
1012
1034
1035
1035
1055
1055
1053
1074
1058
80
979
979
1027
1062
1084
1100
1116
36
1080
1089
1098
1083
69
1015
44
971
947
971
1000
1018
1045
1085
1102
1091
1096
1084
1118
1116
58
1058
1090
1102
1100
1092
1134
1158
1194
55
1139
39
1101
1089
1097
1079
1108
1098
1077
29
1048
1062
1060
1048
1075
1093
1079
1106
1122
1104
1122
1123
1105
1122
1119
1098
1114
1111
1097
1114
1093
1100
1103
1082
1103
1096
1078
1101
548
554
1530
474
1056
1047
1021
1047
1065
1057
1080
32
1048
1074
1055
1060
1047
1032
1048
1050
1037
1034
1045
1038
1036
1041
1061
1058
1047
1069
1063
1061
1075
1067
1071
1089
1067
1078
1082
36
1046
1054
1041
1043
1031
1024
1002
1022
1012
495
518
1471
502
969
987
999
1000
1041
1084
1086
1111
1115
1124
1141
1120
1122
1127
1103
1123
1132
1104
1116
1104
1089
1104
1101
1094
1108
1085
1108
1108
1110
1125
1108
1123
1131
31
1100
1112
1119
1099
1114
1105
1095
1103
1081
1089
1109
1094
1123
1137
1112
1128
1105
1083
1088
1107
1083
1094
1099
1082
1102
1109
1091
1109
1117
1094
1115
1110
1084
1109
1119
1111
1123
1103
1108
1115
31
1085
1106
1106
1082
1094
1106
1086
1104
1110
1101
1125
1122
1118
1112
67
1046
29
1017
1011
46
966
968
955
939
951
968
944
960
983
978
976
997
1006
980
1005
1015
1008
1007
1020
1012
1048
1089
1097
1098
1132
1132
1124
1100
1087
1070
36
1034
1056
1060
28
1033
1017
1041
1041
1049
1062
1069
1089
1082
1054
1056
1041
1018
1024
1050
1075
1067
1078
1088
1089
1108
1117
1093
1099
1081
1057
1069
1093
1099
1099
1124
1122
1117
1122
1102
1114
1130
1109
1110
1124
1116
1126
1132
1115
1125
1132
1121
1138
1130
1110
1125
1124
1096
1105
1100
1101
32
1070
1057
1095
1101
1112
1111
32
1079
1088
1078
1066
1080
1099
1077
1095
1111
1110
1105
1104
1092
1115
36
1079
1084
1072
1083
1101
1113
1097
1117
1134
1120
64
1056
32
1025
40
985
975
969
62
908
919
937
959
945
974
1007
1008
1018
1058
1074
1061
1087
1099
29
1070
1075
1084
35
1050
1041
1091
1104
1090
1120
1128
35
1094
1130
1144
1141
83
1058
44
1015
1070
1106
1137
1160
1160
1150
1132
1141
1129
1134
1135
1141
39
1102
60
1043
1026
1045
1032
33
999
992
971
974
970
968
995
997
1009
1035
1034
1072
1095
1076
1097
1108
1090
1121
1115
1091
1078
1095
1080
42
1038
1046
1066
40
1027
1007
992
996
998
987
969
961
937
948
30
918
933
931
933
953
950
978
1009
1036
38
998
986
979
955
973
962
984
970
971
964
31
934
933
37
897
898
890
908
925
935
927
960
978
1000
1000
40
960
980
961
974
996
1014
1023
1034
1029
1049
1044
1054
1059
56
1003
1038
1039
31
1009
1021
1033
43
990
1001
1028
1043
1046
1067
48
1020
1006
1029
1029
30
1000
1026
1042
1054
1056
1033
47
986
1002
1006
47
960
993
1016
1016
1037
1071
1092
1094
1108
1128
46
1083
40
1044
1092
1109
51
1058
1101
1134
30
1105
52
1054
1109
1131
1102
1109
1143
1167
47
1121
1165
1182
49
1134
1159
1166
49
1117
1125
1153
1150
1143
1129
1127
1122
47
1075
29
1046
1080
1090
1100
1087
36
1052
1059
64
996
1015
1030
1065
1077
1083
1061
1093
1109
1086
29
1058
1073
1088
1084
1085
42
1044
1086
1083
60
1024
1038
1062
1086
1122
1137
1132
1144
1153
1131
1118
1100
1127
1150
1142
1131
1176
43
1134
1178
1167
63
1105
1137
1163
46
1117
1146
1163
1153
1158
1143
41
1102
1145
1138
31
1108
1150
1136
53
1083
73
1011
1056
1096
1144
1169
1178
1152
1184
1183
1176
37
1140
1166
1166
1168
1168
1146
1175
1180
33
1147
1174
46
1129
31
1098
1136
31
1106
1146
1160
39
1121
1147
1155
44
1112
1138
1150
1121
1150
1162
37
1125
1156
1165
1149
1162
1180
1155
1161
1169
1166
1157
1153
1137
44
1094
1125
44
1081
1109
1123
1133
30
1104
1118
1113
34
1080
1081
1060
1078
1085
1087
1080
1065
1087
1093
36
1057
1075
1070
1056
35
1021
1034
1041
1029
1052
1066
1047
1077
1106
1136
1166
1191
1168
1142
1142
1138
1164
1162
1159
41
1118
1142
1115
1151
1154
1152
1144
1125
1148
1163
40
1123
1161
1170
32
1139
1180
1172
1173
1174
1167
1154
1150
1139
1124
1115
58
1057
1064
1082
1070
1077
32
1045
1066
1045
1031
1039
1064
1093
1104
1132
1128
1110
67
1043
1077
1078
1084
44
1040
1066
1087
1078
1106
1125
1102
1082
35
1047
37
1011
1023
1012
1000
28
973
973
968
44
925
947
956
960
961
28
934
935
952
951
966
36
931
958
937
956
960
36
925
952
965
27
939
954
956
934
937
940
31
910
931
936
41
895
903
902
878
878
887
884
871
886
878
860
858
868
869
857
858
860
856
840
850
852
840
827
840
842
826
824
821
833
813
821
826
827
813
825
827
825
818
819
837
821
823
826
835
829
833
850
861
844
833
845
842
832
825
832
836
845
824
830
842
832
816
814
830
23
807
817
805
820
24
797
798
808
815
807
796
806
800
797
792
804
812
808
809
832
841
835
840
850
846
838
857
855
842
834
842
837
821
826
828
830
808
826
833
828
819
834
849
30
820
816
818
818
797
799
807
810
798
791
813
815
815
802
823
838
820
829
846
843
834
851
842
869
872
30
842
854
871
849
846
875
866
845
855
861
53
809
843
853
859
866
846
846
863
841
844
865
876
890
880
915
941
961
29
933
960
948
59
889
914
917
933
909
907
916
935
930
945
964
33
932
953
959
935
926
25
902
936
981
966
993
1043
1082
1068
63
1006
1023
1027
1022
1053
1074
33
1041
1038
1083
1059
1083
65
1018
1068
1060
45
1016
1056
1102
43
1060
30
1030
1079
1063
1108
1125
73
1052
1103
1112
1124
1131
95
1037
1057
1075
1072
1045
1055
36
1020
52
968
947
1023
1082
1122
1143
1176
1174
58
1117
1117
1104
53
1052
1075
35
1041
1059
1065
1059
1064
1136
1148
1136
51
1086
1081
1124
1105
64
1041
29
1013
1004
1033
35
998
997
1018
1074
1078
1099
1078
1053
34
1020
37
984
975
1003
1027
1055
31
1025
1054
1096
1126
30
1097
1121
1125
1105
1088
1107
1092
1099
1074
1050
1072
1087
1116
1124
47
1077
1112
1122
37
1085
1112
1130
1155
1149
65
1085
1103
1083
36
1048
1042
1062
1076
34
1042
1089
1098
34
1064
1075
1062
1046
29
1018
1059
1104
1173
1241
1362
71
1291
136
1156
1183
1214
1212
115
1098
1126
1140
1185
43
1143
1179
1196
71
1125
1102
1135
1166
39
1127
1118
32
1086
1078
1057
1042
1076
1096
1084
1129
1122
1103
1099
38
1062
1085
1100
1099
1116
1122
1125
1132
1116
1139
1154
1140
1181
1182
1173
1181
53
1128
46
1083
1107
42
1066
1069
1097
1108
30
1078
1116
1148
1181
43
1139
48
1091
37
1055
1085
1095
1071
1059
1051
1032
53
979
996
971
953
930
962
940
978
988
1024
1090
49
1042
1026
1030
1046
1026
45
982
1019
1022
1037
1068
1066
1084
1116
1098
1112
1139
1118
1140
1143
1116
1133
1125
1113
1128
1113
1118
1122
1106
1122
1111
1095
1107
1089
1101
1111
1090
1114
1108
1111
1112
1087
1113
1099
1088
1104
1089
1081
1100
1081
1081
1099
1072
1083
1090
1074
1088
1103
1087
1106
1106
1089
1110
1109
1086
1110
1090
1071
1099
1084
1068
1084
1080
1076
1101
1100
1093
1123
1096
1101
1110
1083
1101
1102
1086
1103
1101
1091
1101
1096
1094
1107
1093
1116
1092

