31-08-2022 - 15:22 - Correr
Eduardo Leiva
Intervalos entre latido y latido
924
936
933
913
904
916
909
896
913
907
893
906
911
904
909
920
927
909
887
945
953
939
977
973
987
987
989
996
993
975
983
982
960
972
969
32
938
963
950
926
940
940
924
936
934
937
955
951
976
989
986
995
1012
30
982
986
986
975
992
977
969
975
28
947
966
959
950
964
958
947
960
961
959
980
975
965
993
989
971
996
994
34
960
972
966
959
31
929
957
949
945
967
972
964
986
977
977
992
982
983
979
963
955
969
960
973
984
961
976
978
959
977
967
960
984
993
977
1002
997
978
992
1005
994
1016
1012
1000
1017
1002
32
971
996
1000
986
1000
992
978
998
986
984
977
982
1003
986
1006
1017
1001
1031
1034
1017
1033
1014
998
1000
980
986
982
966
971
970
956
953
958
946
943
956
947
945
963
966
960
978
975
972
996
986
977
985
989
970
983
985
968
958
972
952
967
969
959
971
965
951
946
30
916
941
936
922
938
925
931
959
964
957
979
980
963
973
984
984
1001
982
976
986
976
962
962
959
956
969
963
974
976
957
970
28
943
951
956
974
978
971
987
984
982
994
986
974
983
979
969
980
978
968
981
978
971
989
980
976
966
946
969
974
952
961
950
946
970
40
930
963
987
969
985
997
980
993
984
991
975
951
991
996
33
964
26
938
919
921
904
917
909
912
908
928
960
958
944
979
43
937
954
960
965
956
956
954
954
933
941
940
937
943
922
914
919
917
899
922
925
911
933
922
914
921
905
890
913
892
919
916
895
915
908
893
908
901
900
920
915
927
921
908
888
918
917
920
923
42
882
921
927
903
922
919
900
922
899
905
928
920
916
917
912
916
930
920
925
936
914
918
928
916
923
922
30
892
916
913
895
912
905
893
916
916
903
915
910
25
885
906
912
906
917
931
942
947
929
942
940
922
949
953
35
918
920
916
39
877
883
870
879
873
900
902
896
928
927
917
968
969
997
1001
994
42
952
984
984
1002
981
976
998
1000
994
44
950
948
949
33
916
925
39
887
918
907
885
912
902
904
905
898
908
907
905
910
895
895
898
881
879
900
885
896
881
913
912
896
914
916
903
913
943
945
931
950
933
930
917
906
915
39
876
898
883
25
859
863
858
858
854
835
844
39
806
823
804
809
808
31
778
799
791
783
786
788
769
787
787
770
790
773
757
773
765
764
757
756
750
758
752
739
751
744
743
755
22
733
735
742
733
728
737
23
715
723
715
715
719
719
709
715
718
22
697
708
708
714
20
695
705
709
699
700
702
700
701
703
698
697
704
695
688
696
691
679
682
690
673
677
682
674
676
684
679
671
672
668
667
670
673
667
666
675
668
672
674
675
667
680
677
671
678
674
664
674
672
672
666
662
667
665
657
666
662
654
664
664
652
657
661
652
655
660
652
654
662
656
654
662
654
651
657
655
651
654
651
650
654
651
651
655
649
650
652
650
646
645
647
644
649
647
639
645
643
637
643
646
642
647
650
637
642
654
655
657
662
658
655
659
656
649
653
648
641
650
641
639
642
641
639
649
642
644
655
649
646
655
657
656
662
657
666
671
672
675
682
678
25
654
637
647
665
670
677
676
684
686
689
691
700
701
697
701
709
696
704
687
695
692
686
699
702
706
710
723
728
727
741
742
747
762
755
766
768
779
775
766
777
766
773
779
775
766
777
756
791
789
769
789
796
791
814
809
804
814
815
817
836
830
826
830
828
839
844
833
849
852
847
862
860
868
876
859
874
880
26
855
856
865
860
864
870
33
837
889
870
864
875
863
874
875
858
875
868
857
872
875
876
889
874
900
897
884
910
901
881
902
893
909
914
897
903
911
899
910
919
912
919
928
30
899
906
882
907
894
24
870
891
879
877
873
27
846
841
839
833
827
844
31
814
844
855
857
847
23
825
835
852
844
868
890
894
901
929
937
938
961
955
957
932
959
940
46
895
922
908
917
934
971
974
26
949
985
975
27
948
976
960
949
966
948
950
962
944
953
968
956
982
969
969
988
27
962
978
990
36
954
983
977
957
979
965
962
980
965
967
978
956
977
976
958
987
971
948
958
959
989
982
1006
30
977
991
994
36
958
985
967
954
954
28
926
929
957
954
950
980
967
974
985
963
996
990
965
982
968
960
980
971
966
961
984
973
989
974
43
931
966
958
974
990
966
978
985
32
953
984
959
977
966
963
985
976
973
996
989
985
997
971
989
988
967
983
959
971
961
977
979
958
987
972
964
982
961
963
968
975
987
967
1006
991
1008
1014
35
980
1015
991
971
991
967
978
988
963
976
989
28
961
972
989
977
975
986
968
973
987
972
982
985
966
986
989
27
962
991
990
28
962
985
981
960
991
982
965
981
983
978
995
987
979
997
972
987
986
1007
988
962
985
969
964
981
967
961
979
966
962
977
965
959
974
964
959
972
963
966
974
974
968
980
965
962
958
958
984
969
985
985
969
990
990
29
962
984
973
959
971
958
957
958
947
941
957
948
958
971
964
974
984
974
970
970
973
971
983
974
959
972
958
961
974
959
952
966
958
959
966
956
957
966
961
957
976
41
935
949
960
942
956
937
936
944
931
943
28
916
935
941
928
949
948
934
950
955
39
916
958
966
950
968
965
958
973
969
966
975
968
972
976
974
981
993
974
984
993
970
986
972
959
974
959
974
976
983
979
961
978
968
959
962
956
958
973
962
952
969
960
942
960
942
937
951
941
958
966
956
964
977
979
968
963
947
939
957
959
973
976
960
965
977
962
960
963
957
952
953
947
954
958
948
951
958
945
950
947
929
934
937
930
938
936
929
942
945
932
946
944
928
939
944
923
943
926
911
907
916
917
914
941
949
932
959
959
36
924
945
951
936
954
929
938
934
927
934
926
934
945
951
945
963
958
952
970
954
968
973
961
976
967
942
952
958
941
953
955
939
949
955
943
958
954
942
954
978
977
960
991
983
970
979
26
953
956
961
959
952
958
940
939
950
944
943
958
951
938
949
949
952
961
960
958
969
964
960
960
29
932
923
941
935
918
942
941
932
952
951
947
970
962
957
972
963
968
981
970
969
977
974
961
964
956
950
957
951
948
961
960
946
958
949
941
963
968
958
970
971
963
958
975
970
962
970
961
956
961
963
951
946
955
29
926
940
950
939
953
964
952
960
964
954
965
964
953
962
955
934
950
955
28
927
952
950
938
959
964
953
962
971
957
952
958
958
947
957
946
946
955
944
943
943
926
930
942
937
948
947
937
960
965
955
973
958
33
926
958
963
956
966
958
964
977
968
968
974
966
962
969
958
962
974
964
958
973
969
969
983
972
961
956
952
930
937
940
940
950
941
962
970
958
960
966
50
916
944
949
942
953
974
970
959
975
965
957
977
961
958
948
959
946
942
949
939
938
926
920
919
938
934
916
940
935
927
935
932
928
944
938
938
954
946
934
946
948
929
938
916
923
921
918
913
926
925
928
916
927
903
924
934
922
941
934
913
931
934
926
931
920
916
905
884
908
915
924
938
931
942
940
26
915
936
937
923
938
932
923
936
927
925
926
926
938
934
939
944
933
948
949
938
946
950
935
937
932
951
943
930
944
924
932
919
931
930
931
924
935
924
911
922
926
933
925
918
912
916
908
907
27
880
901
898
25
874
901
898
879
905
903
907
921
925
912
935
929
925
936
940
932
952
952
929
914
919
914
917
909
913
916
894
920
931
932
941
932
959
962
950
950
942
944
943
932
952
953
937
946
927
928
944
935
945
941
949
952
945
933
927
923
916
933
928
919
942
942
928
939
926
933
948
931
944
935
940
938
928
922
934
941
935
941
949
941
937
934
930
927
938
932
927
938
936
928
928
937
916
936
944
948
957
947
924
950
944
944
943
925
942
938
941
936
916
934
916
932
934
916
933
915
911
921
923
926
914
933
917
905
920
923
939
926
925
938
914
913
916
922
899
927
927
929
927
918
907
900
924
932
929
925
938
923
929
922
909
935
934
913
928
921
922
948
935
952
941
938
941
930
951
956
931
951
937
933
927
916
939
934
923
902
908
904
912
918
910
922
924
912
930
912
921
915
930
936
934
923
940
924
946
935
918
931
925
945
935
933
926
927
935
922
935
919
921
930
930
918
929
933
927
933
939
942
944
935
928
917
936
926
937
928
925
915
905
900
901
911
917
919
913
916
931
928
923
916
913
914
915
927
919
926
919
933
936
934
921
926
927
920
931
931
931
939
938
921
931
918
934
927
937
940
933
918
924
914
916
928
929
934
922
935
925
28
898
913
926
916
928
912
925
929
918
915
930
935
928
928
934
922
934
928
913
931
933
927
932
926
944
946
925
940
936
930
912
930
934
931
912
922
916
914
891
912
34
878
905
899
903
887
920
922
933
929
941
933
930
931
934
944
931
945
934
947
941
932
949
940
937
952
931
946
923
944
934
937
923
937
935
916
929
907
898
916
919
916
917
912
913
913
891
919
926
915
929
914
928
36
892
911
924
938
935
922
938
938
921
914
914
918
921
916
916
912
917
907
888
885
890
877
892
886
888
883
886
886
883
892
897
892
889
890
882
888
881
876
889
901
896
912
903
898
889
908
902
900
898
46
852
860
878
871
870
856
854
852
24
829
859
843
842
843
844
831
849
854
876
879
879
901
885
894
890
887
894
892
880
875
874
866
864
870
870
866
878
870
867
864
863
863
845
846
864
848
854
845
852
841
848
847
849
862
861
859
861
868
873
866
869
870
859
871
875
875
885
876
882
876
879
866
897
892
883
885
884
878
869
858
860
854
845
854
858
860
861
857
865
863
876
863
873
872
874
867
879
870
875
878
879
876
876
875
873
868
866
854
862
852
858
847
865
858
854
872
870
867
883
888
889
893
895
890
878
882
874
882
878
875
882
880
882
882
886
885
870
878
860
854
860
838
859
849
24
825
841
830
840
836
833
835
827
845
27
819
808
817
821
826
816
833
835
826
837
828
840
835
825
813
795
804
796
801
795
795
788
783
791
794
791
774
790
781
760
782
775
25
751
764
750
765
770
765
788
783
786
792
802
806
810
823
822
809
804
821
820
818
797
804
795
804
794
783
806
804
790
793
802
794
798
808
811
798
811
815
809
803
817
813
798
814
813
812
812
812
806
821
817
818
830
828
832
832
835
834
833
835
832
832
830
829
823
828
820
818
821
825
820
822
826
822
813
830
815
815
818
825
833
840
851
860
860
868
870
875
874
868
869
865
855
863
854
864
871
869
865
880
877
883
881
879
875
868
860
858
844
864
859
850
855
856
852
861
864
857
865
866
866
872
872
871
872
866
872
872
875
861
866
866
31
836
40
796
828
813
828
836
822
810
813
804
809
803
783
807
803
817
802
815
822
831
837
841
844
860
863
867
886
886
881
887
896
900
907
904
891
875
861
865
856
855
24
831
837
825
856
860
844
874
881
870
903
909
903
922
925
911
930
918
918
930
917
907
907
898
901
904
902
900
893
880
868
870
853
861
846
857
864
845
866
866
853
875
855
872
865
860
878
880
872
894
872
882
896
890
875
868
858
843
836
831
829
816
814
827
836
849
854
857
864
869
855
873
875
854
875
861
856
858
869
868
875
875
900
902
903
902
907
903
919
927
926
924
936
939
935
935
930
933
933
922
919
916
905
903
909
907
893
903
890
894
885
891
893
895
893
900
898
901
907
896
903
888
878
878
859
847
37
810
832
822
23
799
822
812
806
802
798
809
802
825
821
834
842
838
866
852
25
828
847
25
823
844
828
812
829
816
826
836
844
835
855
838
874
869
855
860
850
23
828
848
829
816
813
810
813
811
808
822
824
837
816
832
824
828
818
801
799
801
788
798
794
782
794
801
801
813
825
829
828
844
840
827
838
835
833
841
841
841
843
850
848
839
850
858
848
842
855
845
842
847
850
854
844
858
858
850
863
858
855
864
861
856
861
868
864
876
881
890
888
896
888
898
895
889
893
883
873
874
873
874
867
866
875
868
873
875
869
882
874
868
871
871
868
867
869
852
855
860
863
856
861
853
847
846
856
860
859
864
865
865
875
868
867
872
859
864
862
858
864
863
860
870
875
880
882
888
885
892
897
898
884
899
890
25
865
872
37
835
848
840
28
813
816
794
800
792
810
22
788
813
828
815
834
821
817
834
825
829
832
830
840
837
848
844
839
853
851
836
844
845
848
850
858
867
862
873
874
859
882
879
872
882
875
860
875
871
863
877
872
879
875
886
882
879
891
896
883
901
878
876
868
853
860
842
839
833
28
805
821
832
41
791
817
806
816
831
34
797
799
817
810
791
810
35
775
789
787
788
793
25
769
789
778
780
769
775
773
771
767
765
768
752
757
762
24
739
758
23
736
746
743
732
738
733
733
732
736
735
734
740
742
735
741
743
735
731
738
721
733
729
718
728
723
711
722
722
716
716
718
720
716
717
709
718
720
720
719
714
722
713
716
723
713
713
710
707
710
698
705
695
690
684
685
680
688
681
675
676
679
678
682
674
683
692
697
691
696
704
701
706
709
711
709
718
723
726
730
733
742
737
744
752
750
753
753
738
745
737
733
732
724
720
717
715
712
707
703
707
705
704
710
703
713
714
718
718
720
718
726
732
727
730
734
739
742
737
736
736
731
731
734
725
733
721
731
741
734
731
729
21
708
717
716
711
697
708
708
696
705
702
699
685
683
693
690
694
706
706
710
716
726
731
737
754
751
762
777
769
777
784
779
791
812
803
794
809
814
793
822
813
797
812
803
790
807
800
794
814
801
812
812
810
826
809
832
822
825
841
841
844
833
835
853
836
859
855
840
858
25
833
863
27
837
867
864
844
875
860
871
875
855
875
863
885
870
872
862
858
871
34
837
885
891
890
905
902
890
908
893
892
914
906
916
933
932
32
900
931
917
904
913
904
893
919
911
919
933
914
927
923
916
934
917
921
926
908
924
933
916
932
922
902
940
927
918
937
922
932
944
925
948
943
927
942
931
933
947
932
920
943
925
921
936
916
938
925
932
939
917
921
917
897
920
924
903
932
924
31
894
926
917
922
928
917
921
907
924
906
904
904
900
913
919
912
908
912
901
888
913
912
919
925
926
915
931
927
914
932
927
942
941
935
936
932
913
920
913
911
924
920
924
930
920
926
928
921
909
916
906
895
897
887
886
893
897
892
906
904
893
910
908
895
910
903
893
911
902
906
902
28
874
889
901
890
903
887
894
898
885
899
896
882
906
891
877
904
903
895
919
915
935
938
927
944
924
928
306
623
1062
132
931
937
935
945
927
916
917
917
924
933
920
933
918
920
916
910
939
926
944
937
25
912
918
916
916
914
917
908
924
932
920
931
912
903
898
907
926
921
942
934
935
932
937
949
939
926
939
915
897
914
904
905
891
907
26
882
897
895
894
911
905
910
920
908
921
906
914
900
898
912
899
913
909
898
912
889
908
903
923
920
910
921
912
924
910
914
916
927
916
920
923
911
921
928
931
911
922
923
905
930
916
919
897
906
891
902
894
916
917
909
924
903
916
916
908
921
921
910
895
891
43
848
881
876
869
894
904
908
917
925
917
926
26
901
905
901
922
919
910
891
906
900
881
899
889
898
897
915
913
900
911
904
888
911
907
897
912
895
905
887
892
908
914
914
27
887
912
895
877
879
895
897
904
892
914
907
916
917
915
920
906
915
917
916
919
900
903
26
877
885
900
889
909
907
905
893
888
891
907
898
915
903
913
909
897
906
898
895
907
902
886
894
888
896
894
888
887
879
872
869
880
876
888
891
884
894
882
27
856
881
868
880
877
901
899
894
905
911
901
882
899
888
900
892
881
888
888
888
887
881
896
895
899
895
898
890
909
902
896
903
893
890
881
860
875
864
871
874
868
873
875
865
869
868
866
870
877
862
840
857
32
826
851
850
855
856
850
870
865
863
878
874
890
888
876
882
876
869
895
889
880
882
882
862
881
870
852
874
872
868
899
897
885
893
872
887
874
33
841
878
875
896
900
904
898
920
907
895
884
876
33
844
880
876
871
874
869
878
862
877
860
873
874
854
868
864
866
886
885
900
884
896
888
893
886
879
876
863
880
881
883
898
888
892
888
892
887
880
872
863
859
861
862
880
880
895
892
896
897
890
898
890
887
879
860
872
862
875
864
868
862
872
875
867
888
875
884
889
894
892
885
896
891
880
885
873
886
877
869
883
888
881
884
889
887
897
893
885
895
885
877
877
879
874
885
871
870
878
883
874
885
887
876
891
881
887
872
866
886
900
900
921
910
904
922
908
905
37
868
898
894
886
905
894
893
892
899
892
916
904
917
907
912
916
905
883
897
894
880
889
890
870
887
889
883
906
904
906
921
917
915
916
898
902
895
881
899
900
898
888
909
902
894
902
881
903
898
886
911
907
901
897
894
880
893
884
872
913
891
890
880
885
888
875
871
884
890
875
857
880
874
871
881
879
865
873
870
863
878
877
876
904
908
904
920
905
921
909
896
901
886
864
885
886
876
888
893
885
890
893
874
884
885
879
901
888
888
905
901
908
907
917
916
902
921
930
918
931
922
935
928
914
921
907
902
918
917
930
928
936
938
928
934
920
938
924
911
893
898
896
889
891
883
887
897
892
895
892
895
896
888
893
891
894
872
888
893
881
898
887
898
899
897
906
898
908
912
895
911
905
925
916
907
892
887
881
890
887
911
914
904
924
922
910
927
916
895
908
896
914
905
909
908
901
910
905
922
923
915
926
914
910
901
889
898
899
894
899
900
886
885
886
36
850
883
886
879
896
878
900
884
905
907
895
918
918
901
923
913
27
886
905
905
927
929
926
922
942
939
940
949
26
923
937
934
916
944
947
931
934
941
925
928
920
921
939
936
25
911
928
924
929
932
29
903
906
902
895
903
900
899
918
922
909
915
907
40
867
910
899
900
25
875
901
27
874
896
911
902
895
886
894
891
912
946
937
957
956
976
978
959
971
951
43
909
937
940
928
948
950
932
946
944
31
913
947
939
934
968
974
961
970
948
954
959
956
960
966
961
961
968
953
48
905
954
949
956
965
958
960
967
958
944
959
959
943
959
961
943
955
957
934
942
946
940
947
942
935
960
962
946
964
963
951
963
964
947
966
961
948
962
963
945
968
961
947
953
959
52
908
931
939
934
952
938
937
970
980
974
993
985
28
958
29
930
949
958
956
949
956
944
963
961
964
958
963
952
927
947
954
955
958
958
961
958
960
957
36
921
936
944
936
946
947
937
949
940
921
943
933
927
938
932
951
946
931
950
945
935
930
922
930
213
718
1163
225
938
925
925
922
916
922
916
908
934
936
922
934
921
908
919
910
903
922
922
922
929
918
938
939
931
946
946
27
919
939
944
938
950
954
944
956
946
944
954
937
924
930
924
939
943
27
916
933
921
928
924
918
26
893
916
923
907
933
940
929
952
961
946
962
944
960
959
948
954
938
927
950
935
953
942
922
918
906
897
900
907
908
929
923
924
917
935
936
938
938
933
919
929
933
931
917
919
925
926
28
899
916
916
902
917
905
922
926
904
929
920
936
917
936
916
922
933
28
905
928
912
917
930
924
918
924
909
919
904
920
920
925
920
929
916
919
935
937
945
939
959
961
955
936
947
923
912
933
932
947
948
929
937
934
918
929
937
935
939
26
913
922
928
30
899
925
25
901
920
27
894
928
936
929
945
939
934
937
916
934
932
941
930
931
929
932
933
915
933
916
931
925
932
914
935
937
921
901
917
915
910
917
38
880
890
903
909
905
905
900
910
910
915
909
916
919
913
909
935
26
910
928
922
916
910
917
894
925
917
919
943
955
961
959
952
964
958
41
917
947
946
970
964
964
962
943
930
945
928
950
938
937
936
920
919
43
877
907
916
912
927
26
901
926
935
952
958
945
950
36
915
935
954
940
939
949
28
921
32
890
883
904
918
899
891
884
887
895
897
896
885
895
917
905
897
875
890
890
885
896
898
898
883
882
871
881
869
894
884
883
878
896
889
916
921
908
916
933
924
902
919
899
915
908
895
890
899
27
873
906
911
901
911
920
897
916
922
915
924
921
907
928
925
911
931
921
903
896
927
928
929
921
937
28
909
915
925
906
916
47
870
880
892
898
893
888
881
883
882
875
865
868
888
880
888
899
908
916
924
930
934
942
933
945
935
937
25
913
896
928
940
931
913
913
910
935
939
944
951
946
939
922
949
929
936
916
936
923
916
899
902
908
904
913
915
897
912
908
890
899
907
909
894
906
903
895
905
900
884
911
916
911
922
919
940
941
935
36
900
894
918
916
923
921
906
926
921
901
888
866
857
864
869
877
889
900
910
903
912
921
924
915
919
920
914
934
918
935
926
922
902
888
889
884
897
900
916
897
901
895
896
911
908
911
906
894
902
25
878
898
900
891
920
919
903
923
931
923
946
931
914
929
928
909
914
37
877
904
895
898
899
897
913
895
890
907
900
882
877
895
884
888
893
878
878
873
875
890
881
886
917
900
924
942
938
957
942
919
947
957
33
924
955
951
926
946
946
929
944
933
945
926
942
934
947
965
948
966
952
945
958
983
964
992
36
956
952
964
38
927
953
982
985
981
965
967
56
912
960
958
966
959
983
973
964
963
970
968
969
49
920
975
39
937
951
982
984
968
944
961
951
982
963
961
957
936
920
932
947
939
944
935
943
924
926
927
926
943
936
952
954
31
923
947
926
912
942
954
935
958
946
951
948
34
915
945
953
936
953
952
930
960
944
943
954
948
961
969
963
960
968
956
37
919
957
958
964
965
958
966
942
955
960
948
960
34
927
949
937
941
972
969
959
968
947
954
930
937
934
933
947
951
928
940
935
929
27
903
927
904
928
943
937
924
927
918
901
883
905
893
889
901
903
931
941
946
960
962
972
979
979
972
979
968
57
912
947
957
945
947
37
911
944
948
931
951
27
924
919
961
961
952
966
947
28
919
952
32
920
949
973
962
981
976
38
939
975
976
960
979
965
971
973
956
974
979
958
953
968
34
935
974
976
979
998
988
969
966
958
969
962
967
947
938
960
956
28
928
952
952
944
961
958
954
963
950
969
959
935
930
942
27
916
935
919
942
937
32
905
940
935
949
947
951
937
940
944
943
948
943
959
957
940
953
953
944
938
952
942
44
898
939
940
934
954
954
950
931
945
956
937
965
943
924
946
951
937
956
957
47
910
951
938
941
981
972
962
969
36
934
916
924
921
911
913
894
918
919
910
940
937
926
951
954
946
958
949
940
962
961
949
962
952
45
907
933
945
936
959
954
26
928
946
952
58
894
953
965
953
974
969
961
969
969
959
37
923
939
936
25
912
955
959
952
952
961
958
933
970
985
973
977
986
984
966
965
953
938
958
964
956
941
947
59
889
923
923
919
916
912
920
924
932
934
936
936
917
947
946
954
940
946
924
929
917
906
885
915
929
910
936
941
938
942
945
926
942
932
964
955
967
947
966
958
938
943
919
947
922
939
925
942
963
971
966
958
978
991
986
986
981
956
968
957
987
984
985
983
978
48
931
955
962
947
959
949
937
968
974
956
965
966
58
909
943
957
962
946
969
969
958
969
967
29
939
953
960
947
975
963
27
937
958
934
951
28
923
924
949
965
953
958
971
963
943
966
967
948
965
943
948
933
55
879
925
917
906
944
942
925
920
937
920
942
55
887
927
941
931
931
930
919
937
933
918
951
958
937
958
943
954
951
933
945
941
953
953
958
946
963
943
964
963
949
964
957
953
942
946
937
948
956
961
978
977
962
979
963
60
904
952
964
944
966
942
940
964
976
975
517
459
1144
243
901
912
924
917
928
923
922
924
911
926
916
924
917
918
914
26
888
895
918
912
916
902
917
914
908
924
931
936
940
928
950
955
946
945
937
934
928
27
902
917
908
915
924
912
930
930
916
926
929
938
931
35
896
928
916
915
956
943
936
951
937
919
908
936
934
933
913
924
929
914
918
924
908
929
926
919
926
920
937
945
944
930
936
926
939
931
914
894
915
901
881
915
915
902
899
910
905
884
919
924
916
944
944
934
954
954
945
954
951
947
925
940
935
940
950
949
944
948
947
927
944
943
26
918
936
937
946
934
964
948
949
959
942
958
958
948
941
947
26
921
928
928
951
950
932
913
897
887
28
860
872
880
893
878
907
915
928
915
943
932
925
942
938
949
958
959
950
954
958
945
959
953
943
942
956
934
43
891
931
940
931
964
969
953
970
976
953
972
958
952
965
971
964
949
954
933
923
938
939
942
50
893
931
911
910
951
965
958
974
27
948
978
974
959
981
963
941
976
980
960
972
960
971
958
957
946
956
952
929
934
927
25
903
917
902
912
908
914
909
926
906
895
912
916
908
906
893
872
887
877
895
898
894
894
899
877
876
906
902
927
922
920
929
935
917
935
939
927
951
956
955
959
949
964
964
971
958
977
968
955
39
916
35
882
917
915
916
924
931
917
948
958
967
974
983
982
978
955
959
32
928
968
967
946
954
952
45
907
954
49
905
951
968
976
971
951
965
949
955
972
957
965
60
906
958
971
980
968
978
957
960
954
934
949
958
962
956
969
956
965
958
935
937
946
947
943
938
951
942
955
950
941
953
937
927
955
960
952
976
974
963
972
969
952
957
958
955
967
969
960
961
958
945
952
927
919
935
943
944
958
959
945
954
945
943
941
940
936
956
958
949
961
954
956
958
951
954
963
952
953
960
942
949
958
960
960
972
961
960
963
944
947
955
959
951
971
968
958
969
968
959
978
965
959
963
958
941
957
961
958
974
979
968
976
974
959
953
950
942
959
960
947
962
958
938
946
951
48
903
948
31
917
934
936
959
947
975
975
956
977
964
946
948
955
948
965
968
949
964
960
956
960
954
976
993
994
996
1008
996
997
996
985
1000
999
975
994
991
978
959
961
949
949
957
949
945
955
28
927
929
32
898
906
910
936
916
940
947
934
916
924
40
884
901
890
923
925
922
913
909
904
883
874
855
899
907
911
928
948
928
953
34
919
958
947
946
992
997
979
1009
1002
33
970
983
985
961
981
958
966
53
914
969
948
956
980
1004
29
976
1006
1004
985
987
983
966
994
987
977
999
993
980
994
985
988
977
974
1001
1001
983
1007
998
973
989
970
953
973
977
976
991
982
979
978
965
988
982
969
990
992
978
977
973
980
992
975
986
990
38
952
958
945
980
973
958
941
969
970
978
992
987
981
986
978
956
967
964
951
964
29
935
947
35
912
937
940
934
941
933
916
949
952
949
958
952
951
959
33
927
917
945
948
32
916
951
950
930
955
956
938
960
951
45
906
948
952
955
957
948
970
971
947
966
44
923
956
960
951
971
955
981
972
28
945
977
986
972
978
974
971
26
946
932
37
896
924
930
919
904
32
873
861
845
852
844
839
843
848
854
851
862
865
856
863
28
836
848
23
825
840
836
823
840
841
838
850
30
820
850
839
34
806
820
813
798
810
792
809
804
25
780
800
788
808
799
799
801
791
802
784
788
799
791
793
23
771
788
780
26
754
774
768
752
764
758
750
761
28
734
739
741
745
22
723
745
745
727
744
742
723
739
738
724
730
731
719
725
723
708
716
708
700
704
704
688
701
694
684
694
697
23
674
689
686
678
684
682
668
682
666
678
677
683
674
673
678
673
673
683
675
672
675
677
674
675
672
666
667
675
667
665
674
668
661
672
672
660
672
672
659
673
675
674
672
683
675
668
677
687
671
687
679
677
673
680
691
676
691
686
674
682
671
667
670
677
670
664
670
666
657
655
663
658
653
653
660
647
652
655
643
644
653
642
646
655
644
642
653
648
644
648
644
640
649
652
649
651
653
658
664
666
665
680
676
679
682
681
680
676
694
678
701
692
701
694
696
702
702
699
718
714
710
721
734
724
741
747
732
750
752
758
741
760
764
755
751
764
752
761
775
764
758
776
755
767
763
756
764
761
753
750
751
750
753
744
759
751
757
758
755
747
759
771
758
775
773
26
747
766
764
21
744
757
762
752
776
763
774
756
781
796
788
789
809
811
800
795
789
794
786
787
787
790
787
784
806
802
791
792
776
782
777
792
777
789
782
771
763
791
798
785
810
816
809
854
857
856
885
870
893
33
861
885
864
881
886
867
893
887
867
886
877
893
888
907
922
908
896
908
892
919
916
897
908
895
875
852
856
843
844
870
864
883
905
910
914
893
908
914
893
919
922
904
916
912
37
875
892
888
898
884
884
895
874
871
878
871
883
25
859
880
892
24
869
897
35
862
906
911
892
917
923
911
906
907
906
915
919
898
918
37
882
902
925
921
45
877
914
912
902
926
920
30
891
912
902
897
25
872
900
904
898
929
925
908
944
942
945
958
947
945
955
962
941
956
66
890
940
947
927
960
947
955
974
967
970
973
954
977
969
975
986
973
992
1001
995
1003
1000
993
1014
1014
29
986
1006
1001
985
1000
995
987
994
986
984
987
967
968
957
32
925
945
938
918
940
946
930
951
948
923
943
939
926
938
932
929
915
940
919
929
926
955
963
954
983
973
953
968
948
944
953
946
942
961
959
966
981
28
953
987
986
965
982
981
981
996
986
1003
982
965
1001
1000
31
970
988
981
990
1000
981
1004
995
27
968
1002
997
982
996
995
1003
1002
987
997
994
981
991
981
973
964
32
933
921
958
962
941
959
973
956
974
981
983
999
991
995
1003
982
979
972
975
978
985
963
956
973
965
959
38
922
947
966
950
977
968
948
980
971
955
978
965
966
983
965
952
978
976
977
994
982
993
988
967
997
1006
982
998
1002
981
1005
1005
991
1008
998
1000
1009
53
956
996
1010
997
1018
27
992
1006
1010
38
973
996
982
964
984
965
979
990
49
941
974
990
979
998
997
977
1002
992
967
979
980
975
977
38
940
957
967
990
983
971
997
1001
978
986
997
986
1008
1008
991
1008
1001
978
963
972
954
970
976
954
976
967
947
979
958
975
952
956
943
977
977
29
949
978
971
962
980
29
952
958
980
970
958
977
973
967
983
983
986
995
974
989
999
994
1016
56
961
989
1010
993
1007
998
998
1008
1002
1015
1021
1016
1001
1005
1001
986
994
997
978
995
993
977
1000
1000
976
1000
999
27
972
980
981
984
988
976
974
992
966
945
969
968
984
967
988
998
987
1005
988
981
1004
986
1004
1003
999
989
980
960
977
975
954
39
915
920
900
892
898
889
36
854
875
874
38
836
862
28
835
850
836
838
835
829
859
865
862
889
884
874
902
898
897
910
903
909
916
900
931
929
910
944
938
938
952
956
978
990
975
989
995
975
971
987
986
979
993
972
26
947
966
983
964
984
976
978
994
993
989
994
973
1006
998
982
1000
997
980
999
985
979
1000
993
985
993
981
969
976
976
969
980
974
970
976
985
968
971
981
987
966
978
958
983
977
960
955
973
985
963
964
970
960
34
927
952
948
34
915
925
37
889
900
906
889
914
917
915
926
919
49
871
928
945
959
965
956
972
956
27
929
947
939
957
956
935
946
954
958
944
944
939
932
952
944
937
935
916
925
908
32
877
901
893
882
26
857
47
811
796
820
823
836
25
812
849
841
839
824
838
839
844
845
863
868
867
876
871
868
870
877
873
883
877
861
873
872
862
865
859
855
854
851
845
848
851
26
825
829
822
812
802
791
785
771
776
757
346
412
145
267
3999
3999
3999

