01-09-2022 - 9:50 - Correr
Mirtha Diaz
Intervalos entre latido y latido
1038
62
977
1008
1219
151
1069
1051
1056
29
1027
48
980
1041
1062
189
874
1155
39
1116
73
1043
1052
1071
239
832
965
1058
1268
402
866
1009
1089
61
1029
1011
1060
1041
117
925
25
900
1328
180
1148
40
1108
63
1046
1059
1051
187
865
925
1136
236
901
1200
352
848
1036
1025
1105
168
938
923
962
1021
1069
1087
150
938
1088
184
905
1142
307
836
968
1179
304
875
937
985
1164
339
825
989
1208
322
886
939
1161
265
896
958
32
926
1182
106
1077
76
1001
1014
1093
39
1054
139
916
1141
238
904
1012
29
984
1249
124
1125
69
1057
38
1020
1021
1057
191
866
1102
47
1056
1085
244
841
986
1038
1242
386
856
949
1008
1208
177
1032
36
997
1032
1054
55
1000
997
1040
1078
1067
1050
1082
1103
81
1022
37
986
1003
1004
176
829
1100
31
1070
83
987
995
1036
1049
48
1001
1010
98
913
1121
93
1028
1042
1019
56
963
944
981
1007
168
840
1078
70
1008
1032
211
821
900
1146
63
1084
101
984
985
1011
1000
59
942
48
894
1022
162
860
1033
63
970
1021
139
882
959
31
929
1191
93
1098
60
1039
64
975
981
1017
147
870
947
1232
85
1147
112
1036
32
1004
1044
86
959
972
1011
1042
83
960
1011
56
955
143
813
818
846
836
1098
29
1070
65
1005
38
968
998
1001
142
860
1001
134
868
914
898
1116
53
1063
87
976
28
949
1007
1076
1063
61
1002
1028
1041
53
989
995
119
876
1145
149
997
1008
1007
1015
46
970
999
135
864
913
35
878
915
1139
108
1031
65
967
991
1029
65
964
122
843
1063
63
1000
985
1042
1072
41
1032
31
1001
1008
1043
153
891
1062
91
972
1341
63
1279
34
1245
113
1133
72
1061
1090
1125
1123
71
1052
1057
1083
1416
173
1243
184
1059
1054
1077
92
985
1166
88
1079
1112
1115
1091
1086
32
1055
1047
1055
1035
1030
1083
1152
96
1056
52
1005
1008
1009
1005
1005
1010
1022
1049
1067
33
1034
46
989
996
1016
1015
1027
1048
1051
1055
1031
107
924
1126
213
914
1147
156
991
1014
118
896
1109
257
852
1153
117
1036
159
877
928
1130
96
1035
46
989
988
113
875
1138
93
1046
1075
54
1021
1026
1002
40
963
101
863
1073
62
1011
991
1003
157
847
891
877
1083
78
1005
32
974
972
951
28
923
100
824
939
87
852
957
133
824
1002
166
837
1043
98
946
944
933
48
886
892
927
929
114
815
941
113
828
915
112
803
951
126
825
960
138
822
1022
184
838
1096
157
940
937
929
905
889
927
954
31
923
45
879
1096
229
868
1080
80
1000
1001
151
851
1086
134
953
959
99
861
957
142
815
842
36
807
995
972
30
942
958
983
147
836
875
869
1005
71
935
979
122
858
1094
64
1031
1041
1025
40
986
144
842
1062
87
975
952
26
926
38
889
881
927
101
827
994
142
852
1056
117
940
943
1006
1059
62
998
166
832
1050
63
988
47
941
959
990
164
826
1073
43
1030
46
984
990
1078
219
859
1069
80
990
995
66
929
30
900
56
844
1014
38
976
1004
1005
990
1005
46
960
40
921
54
868
1043
38
1006
1032
61
971
979
966
998
989
45
944
975
984
34
950
964
992
30
963
971
980
141
840
1045
111
935
921
47
875
64
812
996
993
1012
1023
1023
51
972
1009
39
970
124
847
1079
91
988
30
958
990
139
851
1057
50
1008
1030
39
992
1013
1003
37
966
962
967
1005
200
806
1088
54
1035
50
985
1021
34
987
1013
1055
62
994
1008
1056
70
986
172
815
1083
99
984
43
942
979
981
1008
1023
1006
1007
1008
1052
1038
199
839
869
1113
160
954
954
984
37
947
950
958
166
793
991
38
953
153
800
807
828
903
138
765
793
790
991
984
971
963
961
68
893
874
75
799
950
939
143
797
819
806
1147
85
1063
1117
45
1072
83
990
1000
988
83
905
166
740
1019
125
894
899
957
953
139
814
1056
1031
35
997
77
920
940
127
813
821
1039
60
979
30
949
946
961
969
39
931
103
828
1105
47
1059
74
985
1004
1024
66
958
118
841
1125
105
1020
1063
52
1012
990
1040
166
874
1101
62
1039
37
1002
51
952
994
1001
156
846
1107
36
1072
90
982
1010
1052
70
983
988
1008
63
945
983
1027
55
972
987
1033
43
991
1033
1083
97
987
1008
1068
89
979
1022
1062
84
979
1003
1074
231
843
1139
227
913
79
834
30
805
88
718
776
89
688
758
47
712
721
732
748
757
767
750
757
758
753
756
748
761
770
768
28
741
733
717
734
726
64
663
661
654
684
57
628
665
660
660
36
624
708
698
73
625
695
691
686
688
684
674
673
664
19
645
667
62
606
666
666
657
659
665
663
663
663
655
668
664
651
659
653
651
65
587
654
652
634
638
643
636
630
641
637
636
632
632
635
632
626
633
620
632
624
617
626
632
625
620
38
582
628
617
613
622
623
613
617
625
623
47
576
618
619
621
42
579
622
623
630
37
594
630
631
40
592
604
600
632
32
600
604
599
596
606
604
596
597
605
604
599
595
597
598
601
602
636
34
602
622
624
622
658
641
681
683
47
636
636
682
36
646
642
630
625
676
51
626
621
623
624
623
618
610
618
676
68
609
612
598
604
595
588
587
591
587
587
584
623
622
41
581
580
578
580
625
34
592
588
582
578
579
616
43
573
583
622
40
582
593
586
613
26
587
589
585
587
588
601
589
588
620
34
586
588
580
576
583
585
581
578
581
584
592
584
586
622
38
584
588
589
593
615
21
595
600
607
598
600
599
644
639
690
34
657
651
649
645
643
632
625
666
649
934
139
796
792
79
714
36
679
701
702
21
681
675
701
710
719
32
687
695
702
698
29
670
41
630
631
635
694
874
117
757
763
803
47
757
38
719
768
818
40
778
783
46
738
46
692
698
694
985
69
916
80
837
43
795
830
141
689
680
898
87
812
36
776
826
858
172
686
946
64
882
949
108
841
76
766
757
760
755
791
1046
160
887
872
891
97
795
26
770
786
786
24
763
773
766
746
735
722
734
774
765
750
778
801
40
762
778
795
813
52
761
780
826
826
26
801
827
865
50
816
834
882
51
832
847
894
1120
113
1007
986
94
892
937
142
795
1051
126
926
963
67
897
900
931
122
809
934
146
788
1105
172
934
923
960
54
907
911
958
970
200
770
1102
105
997
49
948
979
967
115
853
991
206
786
803
44
760
49
711
731
728
752
818
45
773
813
847
28
820
835
839
47
793
819
811
833
860
49
811
815
835
841
835
845
1203
159
1044
43
1002
45
958
114
845
1020
236
785
889
1092
178
914
904
946
54
892
874
999
241
758
1079
73
1006
70
937
916
957
126
831
1009
77
933
910
895
931
33
899
98
801
1057
110
947
952
928
145
784
780
1041
129
913
903
949
140
810
35
775
768
754
805
815
802
851
1168
158
1011
41
971
960
202
759
848
1154
86
1068
1079
39
1040
244
796
799
802
28
774
825
858
844
877
906
911
56
855
875
878
70
809
829
852
33
820
816
850
835
820
862
849
849
907
47
860
874
1188
159
1029
36
993
64
929
93
837
1045
112
934
913
948
139
809
831
41
790
779
785
799
826
843
847
878
876
28
849
875
29
847
845
872
46
826
853
891
45
847
855
897
907
39
868
903
913
45
868
901
935
66
870
897
931
43
888
888
948
56
892
901
942
938
41
898
930
33
898
896
941
952
99
853
882
902
898
39
859
871
36
835
827
836
23
814
827
850
51
800
841
884
861
1208
125
1083
48
1036
115
921
77
845
853
906
47
859
891
930
910
51
859
924
30
895
896
957
70
887
889
914
935
950
931
58
874
873
851
44
808
31
777
805
803
833
1242
127
1115
34
1081
1107
100
1008
38
970
954
122
832
899
1129
134
996
985
1024
184
840
867
916
950
1182
127
1055
1040
42
998
1019
165
855
845
870
1130
118
1013
1025
1035
71
964
1067
84
983
61
923
922
50
873
110
763
898
84
814
824
1135
118
1018
258
760
1127
284
844
859
1038
142
896
897
884
910
94
816
1026
58
968
972
1066
1099
45
1054
31
1024
1039
48
991
131
861
938
1181
171
1011
34
978
72
906
32
875
924
956
89
867
868
903
1136
138
999
1013
1059
172
887
894
1149
104
1046
46
1001
987
990
117
873
955
41
914
964
1147
127
1021
50
971
51
921
66
856
833
847
839
50
790
822
33
789
777
772
786
808
800
1137
120
1018
996
1007
1001
171
831
829
813
32
781
804
794
847
1178
148
1030
42
989
29
960
944
46
898
919
117
803
835
816
840
1152
136
1017
100
917
900
1103
1083
1057
67
991
998
33
965
81
885
875
901
1105
70
1035
1055
63
992
81
911
152
759
803
784
833
848
861
866
869
32
837
27
811
831
825
816
1095
108
987
1015
1013
30
984
962
997
1008
1028
1001
55
947
942
940
972
980
1001
142
860
884
883
928
1229
171
1059
71
988
1004
147
858
1108
110
998
42
956
32
924
903
104
799
865
895
1183
129
1054
1056
53
1004
1001
175
827
910
49
861
1138
104
1035
1030
1025
88
938
185
753
827
833
1023
101
923
939
970
26
945
971
151
821
1097
71
1027
60
967
944
200
744
806
22
785
768
826
823
1152
143
1009
1038
96
942
936
117
819
804
856
1078
146
932
930
929
924
104
820
985
95
890
897
938
934
970
963
988
984
130
854
845
833
830
848
858
866
1193
74
1119
57
1062
33
1030
66
964
945
961
1012
1028
145
883
1112
107
1005
1031
55
977
983
969
981
990
135
855
893
1141
127
1014
1018
77
942
69
873
82
791
950
139
811
823
1127
118
1010
30
981
1017
42
976
121
855
1099
101
998
1019
1038
58
980
972
1024
174
851
934
1164
166
998
997
990
989
996
990
981
195
786
833
1088
109
980
989
1047
65
983
994
116
878
1131
113
1019
84
936
954
946
964
119
846
1029
1014
1025
40
985
998
990
36
954
44
910
77
833
974
36
939
941
954
985
983
969
968
28
941
987
37
951
964
123
842
916
1060
130
930
935
118
817
809
24
785
816
820
31
789
810
832
821
858
73
785
768
783
791
777
41
737
763
755
781
796
786
987
83
904
931
927
944
932
961
958
933
38
895
27
869
105
764
777
771
786
769
806
791
831
818
830
849
857
1105
116
990
70
920
40
881
965
1008
164
845
884
912
38
874
1144
135
1009
1038
1015
1004
122
883
1147
116
1031
29
1002
27
976
28
949
57
892
913
958
976
988
1020
1028
39
989
990
991
1017
994
1023
998
1013
1001
1015
139
876
1155
129
1027
1008
1027
1008
1012
28
985
181
804
851
857
36
822
1065
108
957
50
907
927
34
893
916
59
857
1027
105
923
924
920
942
34
909
54
855
31
824
840
832
1079
40
1039
32
1007
41
967
945
957
949
960
81
880
1090
257
834
1184
137
1048
76
973
969
1000
160
841
1153
68
1085
1073
50
1023
1033
146
887
1119
92
1027
33
994
38
956
943
948
937
960
70
891
871
882
30
853
835
866
915
1144
148
997
68
929
929
927
952
965
957
983
1012
1041
1020
1059
77
982
40
943
942
950
31
919
934
78
856
36
821
834
1077
124
953
985
1009
991
967
152
815
874
893
889
43
847
899
1110
87
1023
49
975
31
944
968
958
1004
147
858
874
1089
95
995
1006
1000
1001
158
844
1148
132
1017
1016
35
982
998
1023
28
996
170
826
869
880
46
835
1102
61
1042
39
1003
1034
1032
106
926
1129
75
1054
1071
55
1016
1009
1006
90
917
30
888
57
831
39
792
827
876
1155
99
1057
1044
44
1001
195
807
888
1052
128
925
973
1005
997
1021
1043
1057
1045
42
1003
987
995
998
1024
1030
32
999
32
967
963
992
144
848
893
884
867
47
821
799
826
824
817
804
819
1064
65
1000
994
1001
34
968
993
138
855
1152
143
1010
1035
1041
1039
33
1006
1006
1036
43
993
1020
33
987
999
996
48
949
986
997
974
1003
48
956
969
988
968
944
959
965
941
984
1006
1033
1016
31
986
997
123
874
1070
55
1016
1024
1020
61
959
1005
1057
71
987
995
969
978
959
132
828
1039
67
973
978
92
887
873
921
921
958
28
931
974
980
983
967
969
49
921
106
816
989
162
827
825
838
832
974
53
921
918
933
949
958
939
951
971
955
981
49
933
944
958
31
928
31
897
946
976
34
943
990
969
945
973
37
937
935
963
964
152
813
861
877
855
864
847
46
802
793
818
813
808
796
1027
87
940
950
985
153
832
1070
101
969
965
967
49
919
926
933
86
848
24
825
1047
118
930
914
931
953
27
926
938
1001
44
958
960
35
926
915
958
971
134
838
846
884
890
1083
124
960
65
896
46
850
59
792
789
23
766
749
786
941
64
878
916
942
925
926
100
827
809
1067
131
937
931
920
32
889
55
834
960
955
138
817
835
317
519
210
309
776
765
750
732
752
770
773
30
743
980
45
936
940
947
104
843
1000
90
910
911
947
1002
65
938
1051
1047
164
884
1147
115
1033
1006
1003
996
994
39
955
71
884
1080
214
866
1109
126
983
1000
154
846
1064
188
877
1087
273
815
1074
54
1020
1003
178
826
52
808
823
822
822
31
791
840
829
807
816
1055
100
956
965
982
46
936
78
859
1028
188
840
857
1053
77
976
36
941
130
811
887
1006
213
794
878
54
825
1036
53
983
37
947
36
911
894
62
833
993
51
942
961
955
959
994
203
791
1056
107
950
943
931
929
940
98
842
1062
68
995
47
948
32
916
911
926
131
796
833
833
25
808
25
783
834
1038
100
938
941
949
928
957
125
832
1048
1041
81
960
955
972
956
989
966
958
962
36
927
45
883
873
901
90
811
828
1048
71
977
983
974
961
1003
31
973
953
952
967
963
993
988
982
963
980
989
981
1026
1011
49
962
1002
1005
393
613
208
405
1038
1048
43
1005
62
944
69
876
58
819
362
457
99
358
808
825
1067
91
977
33
944
919
85
835
824
949
60
889
882
898
111
788
808
1034
105
929
926
964
950
947
977
28
950
943
977
132
846
846
48
798
807
1036
140
896
890
954
148
806
825
1104
122
982
977
979
170
810
1067
83
985
969
48
922
951
951
976
955
935
980
970
36
934
957
973
957
1008
40
968
985
990
974
987
49
939
930
117
814
832
839
38
802
791
821
1058
143
916
36
881
874
61
813
798
1010
53
958
936
945
937
118
820
988
36
953
966
966
946
964
985
1018
50
968
36
933
32
902
90
812
947
43
904
929
911
944
47
897
85
813
860
1035
85
950
41
909
36
873
901
73
828
1015
74
941
957
949
931
130
802
1099
80
1020
1012
991
994
993
35
959
993
48
945
971
984
33
951
99
852
53
800
1060
70
990
983
982
986
29
957
47
911
952
1007
1018
1031
1045
1077
1295
102
1194
154
1041
49
992
973
41
933
913
136
777
804
797
818
816
812
1102
92
1011
1004
160
844
863
1033
90
943
938
75
864
48
816
34
782
958
56
903
900
912
895
42
854
988
1033
1010
44
966
47
920
906
27
879
860
75
786
1040
1016
1010
1043
217
827
1163
108
1055
62
994
36
958
987
187
800
1134
114
1021
47
974
998
127
871
1105
40
1066
61
1005
1035
34
1001
157
845
1088
63
1026
35
991
977
970
972
950
941
973
981
61
921
33
889
909
67
842
877
45
833
859
864
1132
87
1046
1063
1037
206
831
851
1083
61
1022
1034
38
996
986
124
863
875
1080
146
934
1049
1087
1062
1079
41
1038
65
973
956
33
923
35
889
93
796
785
835
1150
66
1085
1075
1070
1059
42
1018
1032
34
998
1001
984
978
1009
990
1021
28
994
1001
1003
1000
1047
56
992
36
956
937
926
958
963
963
974
967
67
901
35
867
104
763
41
722
741
33
708
720
727
723
727
745
764
952
63
890
48
842
842
851
61
790
802
875
123
753
736
736
753
764
788
956
50
906
886
893
899
902
891
916
894
880
875
92
783
788
775
780
1027
80
947
983
1021
38
983
979
957
958
943
979
965
978
986
966
968
993
40
953
992
981
984
1011
998
1017
1001
47
955
977
975
995
183
812
1125
117
1008
36
973
997
993
1030
31
999
1021
47
975
971
986
199
788
818
797
806
1059
102
958
965
963
112
852
1049
95
955
971
958
951
161
790
810
1058
96
962
972
957
951
147
804
898
879
103
777
815
1076
62
1014
993
116
878
1024
88
936
72
865
874
95
779
28
751
779
22
757
953
83
870
867
897
25
872
112
760
748
756
784
1044
73
972
998
989
195
794
799
1007
140
868
34
834
829
24
806
53
753
22
732
760
769
769
1100
79
1022
30
992
52
941
926
906
929
30
900
927
920
915
128
787
829
1034
151
883
891
901
897
938
35
904
936
44
893
916
31
886
926
954
33
921
968
46
922
45
878
1119
36
1083
215
869
30
839
1095
163
933
42
892
897
26
872
933
154
779
1082
87
995
1004
57
948
945
958
943
952
36
917
937
133
804
796
822
801
826
813
1095
147
949
951
943
955
950
938
943
40
903
942
155
788
821
27
794
792
1078
121
957
35
922
148
775
795
808
798
796
1087
159
929
946
31
915
916
151
766
831
1056
147
910
82
828
810
856
880
115
766
1009
42
968
26
943
43
900
109
792
787
827
1070
70
1000
48
952
936
94
843
1008
986
40
947
944
955
943
31
913
891
119
772
770
790
1119
121
999
1025
59
966
144
823
853
1125
121
1004
1008
999
68
931
134
798
831
831
881
38
844
832
41
791
792
801
799
808
823
814
1137
154
984
971
51
921
123
799
1066
131
935
25
911
888
888
75
814
982
967
943
967
140
828
892
1075
95
980
41
939
47
893
104
789
815
974
962
952
35
917
928
105
824
845
1063
105
959
963
969
983
164
819
1123
132
991
983
969
40
930
979
114
865
1096
85
1011
31
981
986
1010
1024
1021
1025
1023
1003
33
971
47
925
916
943
164
779
1011
114
898
38
860
874
883
916
102
814
804
1033
86
947
976
965
97
869
996
82
914
106
808
867
897
1095
41
1055
1036
51
986
1019
147
872
1011
62
949
990
32
959
67
893
888
1126
121
1006
29
978
974
983
150
833
1102
122
981
991
45
946
937
981
138
844
1077
147
930
72
859
40
820
874
917
941
133
808
803
821
54
767
765
783
776
812
1103
143
961
982
983
996
163
833
898
1125
75
1050
50
1001
76
926
991
42
950
36
914
933
989
1008
32
976
135
842
1029
151
878
30
849
46
804
843
62
782
938
58
881
928
154
774
868
40
828
887
872
875
1131
95
1037
47
990
965
968
46
923
931
154
778
794
796
875
1271
72
1200
80
1120
176
944
51
893
1142
75
1067
61
1007
987
969
1001
116
886
1124
45
1079
46
1033
51
983
996
987
1010
109
902
895
898
1131
118
1014
1016
991
965
132
834
863
864
897
928
1109
92
1018
1007
62
946
963
988
967
83
885
882
34
849
870
894
937
916
71
846
37
810
38
773
763
791
810
1105
39
1067
1044
1018
1028
1043
83
961
1021
155
866
943
1156
136
1020
1006
80
927
48
879
971
46
926
111
816
857
940
1200
130
1070
35
1035
45
990
984
98
886
1059
41
1018
40
979
1000
1012
37
976
1055
199
856
1134
111
1024
36
988
977
958
61
897
1011
1026
1047
55
993
28
965
963
970
997
169
828
820
822
855
841
834
34
801
811
814
51
763
744
732
746
747
774
780
785
1045
122
924
913
48
866
62
804
921
57
865
67
799
799
972
41
932
953
971
969
954
948
978
1002
1014
61
953
946
124
823
1011
27
985
962
968
146
823
1126
134
993
1000
1006
985
171
814
899
1140
91
1050
1080
1077
223
854
1143
111
1033
39
994
36
958
142
816
821
36
785
1051
108
944
964
954
950
117
833
833
1139
121
1019
1021
66
956
56
900
1059
1041
1048
1033
30
1003
171
833
824
23
801
838
823
1083
147
937
965
988
1055
1043
1077
1076
49
1027
1040
39
1001
981
1038
56
982
1020
31
989
1049
1063
1047
1058
38
1020
1062
1035
1028
197
832
844
852
1075
101
974
1020
1023
47
977
126
851
861
850
1121
100
1021
45
976
983
972
1018
122
897
1184
119
1066
1060
1062
185
877
1097
40
1058
75
983
1019
1049
182
868
1151
71
1080
47
1034
1057
1034
159
876
1193
147
1047
1074
1123
1111
1114
1095
78
1017
993
1011
148
864
1135
84
1052
1059
1095
1093
56
1037
28
1010
998
998
1019
198
822
885
1070
159
911
947
954
1038
29
1009
34
976
1276
1319
83
1236
58
1178
84
1095
1068
167
901
916
906
1154
71
1083
69
1015
1056
1052
1096
1118
1098
1098
33
1066
1090
30
1061
1111
147
964
991
35
956
941
961
45
917
1201
143
1059
1050
33
1018
158
861
874
886
888
1160
95
1065
54
1012
30
983
99
884
1118
1089
1075
1081
1074
209
865
896
66
831
891
1163
135
1028
1063
1065
46
1020
104
916
1151
157
995
994
60
934
968
978
1000
1000
1017
1023
27
997
41
956
989
1010
39
972
985
977
982
986
30
956
955
958
940
973
135
839
870
29
842
51
791
783
800
25
776
27
750
761
751
772
763
765
791
838
831
823
801
798
792
817
827
837
818
1079
82
997
990
30
960
32
929
142
788
779
808
40
769
830
809
1017
97
920
934
930
915
113
803
939
153
787
1021
58
963
43
921
89
833
892
928
909
905
36
870
886
913
897
879
875
854
63
791
793
815
990
106
884
52
833
889
901
58
843
1073
89
984
982
1012
1012
998
154
844
1072
193
879
1086
30
1057
45
1013
176
837
305
533
1196
437
760
806
791
49
743
770
779
792
776
785
789
1059
33
1027
1031
1038
105
933
1121
277
844
845
854
862
1058
36
1022
43
980
963
973
958
953
51
902
1083
173
911
1214
125
1090
44
1047
195
853
920
913
1125
125
1001
40
962
130
833
820
841
1063
87
977
1000
999
190
809
904
887
881
1096
90
1006
72
935
944
55
889
122
768
797
49
749
756
762
792
1030
50
980
968
976
991
996
1066
1063
1042
1054
77
977
960
146
815
836
1057
50
1008
1034
1354
164
1190
190
1001
980
993
153
840
1116
79
1037
1028
1007
156
852
1211
97
1115
44
1071
94
978
36
942
953
117
836
951
161
790
26
764
766
758
808
810
1057
62
996
1015
994
1009
1000
1007
153
855
917
33
885
873
875
1143
78
1066
51
1015
1026
31
995
1015
141
875
1155
139
1016
993
970
976
961
123
839
925
1088
31
1058
50
1008
1027
1003
989
979
83
897
1016
225
792
842
826
810
1057
126
931
987
65
922
932
931
35
896
968
987
191
797
824
29
795
796
826
853
1113
94
1020
63
957
954
27
927
937
917
105
813
917
85
833
907
83
824
911
154
757
810
24
787
808
807
1077
29
1048
1034
87
947
157
790
180
611
894
160
734
745
756
766
29
737
757
750
750
38
712
712
701
697
688
687
683
666
689
697
693
689
717
720
721
715
737
728
719
734
735
735
35
700
710
703
708
713
708
716
727
725
726
723
723
708
714
722
728
722
708
709
718
724
716
710
703
706
711
27
685
686
679
688
700
683
703
701
703
27
676
686
686
689
692
700
683
693
705
686
686
708
757
776
775
771
1010
131
880
862
841
831
71
760
782
871
120
751
856
109
748
756
801
817
849
881
115
767
940
85
855
48
808
841
848
25
824
52
772
793
783
768
57
712
699
696
709
26
684
721
744
762
1009
1129
267
863
33
830
815
31
785
802
795
787
790
785
791
772
761
781
775
776
26
750
771
756
776
819
817
814
865
880
861
876
865
843
850
846
33
814
793
789
798
59
740
757
791
782
771
813
819
826
809
813
49
765
754
767
35
733
740
735
23
713
726
734
27
708
717
748
55
693
716
742
46
696
712
737
42
695
708
694
691
696
695
681
687
690
684
686
717
35
682
707
26
681
727
62
665
679
712
60
653
664
697
682
39
644
683
53
630
654
654
652
21
631
646
643
633
670
661
52
609
664
22
642
49
594
608
601
592
589
18
572
3999
3999
3999
3999
3999
3999
3999
3999
3999
3999
3999
3999
1677
703
706
56
650
656
640
626
629
628
18
611
598
608
599
22
577
588
642
69
574
645
53
593
666
53
614
678
53
625
645
700
63
637
658
652
647
640
632
622
634
625
616
626
22
605
603
605
597
593
611
601
603
613
620
614
618
624
19
605
614
610
24
586
596
594
589
584
584
632
625
60
566
628
62
567
589
579
587
646
74
572
588
599
609
611
656
648
54
594
666
72
595
609
599
19
581
591
630
68
563
570
581
621
64
557
565
621
47
574
626
72
555
581
583
580
583
635
639
57
583
601
651
52
599
609
609
669
84
586
601
651
68
583
646
68
578
659
70
589
600
604
662
82
580
595
651
57
594
656
59
597
673
65
608
613
615
666
70
596
607
611
666
74
593
612
613
666
84
583
608
664
728
739
735
38
698
706
715
67
649
722
84
639
722
92
630
726
84
643
649
715
76
639
648
648
702
87
615
627
630
18
613
612
623
629
620
625
629
634
634
626
632
642
628
643
654
636
641
645
651
645
657
661
657
658
659
23
636
630
624
608
621
614
620
632
622
634
645
649
711
696
703
732
750
737
744
39
705
697
23
674
660
657
651
22
629
625
630
616
623
627
623
624
615
608
612
617
632
629
639
657
677
668
677
688
23
666
665
666
658
645
650
663
665
725
60
665
694
740
74
666
679
687
669
667
688
676
686
724
48
677
704
748
49
699
742
54
688
711
746
47
699
741
741
760
742
744
755
22
734
732
756
753
740
743
55
688
695
706
714
754
49
706
761
55
707
766
767
749
750
770
764
769
758
755
51
705
753
739
30
709
691
689
734
715
731
731
748
772
766
775
767
754
758
763
766
797
836
820
29
791
802
30
773
781
809
790
791
802
790
802
787
786
803
782
778
796
780
791
819
44
775
779
777
47
730
738
743
726
738
767
44
724
726
718
705
702
708
736
752
749
756
750
740
730
738
731
731
750
786
58
728
735
24
711
701
709
706
708
700
686
20
667
663
652
655
641
654
661
676
669
701
709
719
718
745
783
769
791
831
32
799
803
1010
110
901
40
861
871
27
844
861
59
803
786
779
794
777
774
784
770
756
761
753
736
743
746
731
730
742
740
724
732
740
21
719
733
748
754
749
760
773
761
769
784
27
758
762
771
761
757
752
60
693
726
722
37
686
695
694
690
726
734
764
777
776
28
749
26
723
720
745
784
791
785
23
762
778
32
746
750
751
799
809
819
826
848
28
821
36
785
803
811
34
778
786
795
812
802
798
792
817
810
829
848
832
841
829
78
752
777
765
54
711
764
26
739
740
750
767
784
34
750
762
774
784
780
804
790
797
814
824
831
833
830
827
826
823
823
825
819
808
789
786
780
23
758
758
755
22
734
715
705
695
708
716
708
716
722
733
721
732
735
722
724
746
749
753
758
770
750
756
750
751
749
736
746
750
756
766
775
760
761
766
762
757
770
781
770
775
763
747
21
726
721
24
697
688
690
673
659
677
704
696
707
722
757
783
804
786
793
816
826
807
798
818
843
40
803
825
1068
108
961
68
894
877
868
879
896
906
110
796
846
1069
82
988
1018
994
66
928
31
897
116
782
941
132
809
915
1054
185
870
987
1008
999
29
970
1000
37
964
1000
1128
285
843
948
933
961
945
967
960
96
865
905
1028
226
803
914
951
44
907
957
955
995
1008
31
978
33
945
33
913
43
870
868
893
970
971
985
974
36
939
990
984
61
923
930
936
961
972
27
946
55
891
892
930
1105
80
1025
160
866
934
994
40
955
980
41
939
981
49
932
951
950
53
897
874
75
799
938
136
803
1028
221
807
875
914
32
883
1076
245
831
897
916
902
947
44
904
962
939
981
37
945
932
938
1053
218
836
930
927
920
912
58
854
846
856
854
878
891
926
952
942
71
871
907
887
35
853
853
31
822
802
816
837
1064
33
1032
1036
46
990
970
968
974
976
118
859
949
59
891
1085
248
838
940
1017
167
851
26
826
821
804
788
771
28
743
752
756
781
809
828
840
27
814
857
839
42
798
804
794
788
782
762
745
728
742
33
709
710
724
706
29
677
671
697
684
25
660
688
678
663
698
708
714
725
710
708
712
749
820
829
834
830
973
105
869
70
799
26
774
763
72
692
766
101
666
747
24
723
735
746
24
722
737
30
707
688
722
57
665
722
704
693
719
745
754
745
748
767
762
778
776
775
758
758
766
771
27
744
738
788
810
810
23
788
794
41
754
783
786
769
793
784
796
782
771
757
740
731
741
733
774
780
765
31
735
746
741
727
723
739
737
728
731
62
669
670
713
846
845
855
851
833
818
62
757
750
792
1048
76
973
958
941
100
841
52
790
783
784
38
747
763
777
785
807
803
825
835
820
803
844
837
899
53
846
870
851
29
823
48
775
837
872
1140
193
948
955
946
38
908
133
776
828
908
924
936
930
76
854
889
31
859
937
1009
120
890
1078
211
867
1101
247
855
989
74
915
1046
156
891
1046
205
842
832
839
888
883
914
1079
220
859
955
68
888
59
829
808
798
836
852
32
820
27
793
788
830
845
839
1197
101
1096
71
1026
1043
72
972
113
860
908
25
884
47
837
832
859
906
1145
120
1025
112
914
32
882
107
776
812
818
854
839
34
806
819
837
869
38
831
903
887
38
849
845
875
908
905
56
849
904
907
894
882
37
846
833
37
797
803
792
805
785
800
855
1088
136
953
928
27
902
43
859
843
844
905
1095
276
820
938
1080
246
834
931
921
945
932
944
45
899
900
908
935
949
929
85
845
826
822
28
794
829
842
833
819
799
29
771
784
788
778
792
775
756
761
757
764
754
32
723
731
760
748
796
804
808
872
43
829
878
881
47
835
869
24
845
852
861
42
820
860
862
54
809
850
875
52
823
850
967
199
768
830
835
837
42
796
832
858
57
801
825
837
46
792
824
841
29
813
861
839
25
815
850
832
818
856
60
797
822
802
805
54
752
747
781
24
757
801
799
835
880
1124
88
1036
47
989
31
958
945
100
845
1027
209
818
945
927
32
896
955
935
40
896
947
45
903
909
940
32
908
913
938
942
52
891
24
867
891
891
24
868
1095
89
1006
988
982
153
829
863
916
64
852
1054
217
838
863
924
1057
228
829
931
58
874
1072
232
840
862
916
1077
274
804
922
1157
166
991
1001
139
863
882
1126
268
858
912
901
1099
263
837
872
905
908
1125
94
1031
1005
36
970
990
130
860
920
36
885
932
50
883
929
918
903
923
38
886
935
70
866
892
35
858
25
833
811
821
811
872
890
927
921
924
920
52
868
29
840
835
27
809
836
837
898
1102
49
1054
72
982
34
949
969
97
873
941
39
902
39
864
1018
213
805
857
1023
201
823
934
1011
53
958
94
864
885
914
904
937
25
912
953
44
910
942
959
55
905
950
40
911
935
37
898
1079
258
821
853
26
828
824
851
846
1109
92
1017
1006
983
38
945
967
156
811
868
922
915
51
864
897
893
33
860
867
908
905
61
844
856
1100
87
1014
1076
220
856
896
1127
106
1022
68
954
966
961
40
922
971
93
879
1053
90
964
986
165
821
908
940
40
900
967
39
928
913
49
864
877
857
32
826
808
823
24
799
843
1055
125
931
941
31
910
899
37
863
855
841
897
1083
149
935
936
954
130
824
827
883
1089
122
968
993
991
46
945
983
47
937
964
120
845
878
856
865
879
32
848
857
892
895
44
851
903
1117
152
965
957
36
921
937
28
910
59
851
984
165
820
886
1032
199
833
852
880
1052
95
958
960
124
837
857
898
35
864
896
876
864
866
864
26
838
826
834
25
810
32
779
795
790
814
1073
74
1000
39
961
969
125
844
885
51
835
885
1067
139
929
943
958
111
848
830
859
893
872
887
1133
149
985
961
976
133
844
872
915
1125
120
1005
1012
990
57
933
963
108
856
929
54
876
925
1156
174
982
981
970
45
926
928
71
858
980
118
863
1001
203
799
868
57
811
810
821
1039
84
955
975
989
1052
1042
32
1011
46
966
967
1018
29
990
133
857
24
834
879
876
866
30
836
42
795
825
25
800
852
861
1221
68
1154
41
1113
119
995
55
940
30
910
888
957
966
28
939
67
872
856
837
851
30
821
848
831
1124
91
1033
1018
1006
45
962
121
842
909
1059
93
966
1003
984
1008
196
813
891
890
1162
82
1080
192
888
884
956
28
929
61
868
890
901
945
1210
148
1063
1044
1037
1043
1070
1070
40
1031
1048
61
988
992
1024
1006
133
873
966
952
40
912
970
82
888
912
912
917
43
875
905
928
924
68
857
846
838
821
835
864
42
822
879
901
901
58
843
870
850
865
891
1174
74
1100
1073
77
996
123
873
1189
153
1037
1097
1110
56
1054
1107
1136
89
1048
1103
32
1071
1121
1107
69
1039
80
959
1209
110
1100
194
906
1004
58
947
1219
175
1045
1070
1046
55
992
1040
154
886
1150
86
1064
1048
46
1003
1045
1081
40
1041
156
885
940
47
893
930
923
956
1190
113
1078
1053
124
930
113
817
880
53
828
1178
72
1106
90
1017
1004
72
933
928
916
941
51
890
922
907
968
49
919
41
879
901
1119
60
1059
1108
1089
1139
56
1083
1079
1091
1164
1159
54
1105
1089
54
1036
94
942
964
940
969
55
914
981
43
939
1245
130
1115
39
1077
54
1023
121
902
1083
1056
1031
1040
1022
1047
39
1009
76
934
35
899
939
26
914
1167
328
840
927
930
44
886
923
63
861
913
945
924
92
833
834
839
36
804
819
801
859
1148
68
1081
1079
1051
53
999
1000
212
789
832
810
791
789
809
801
796
29
768
774
757
773
764
42
722
759
755
753
740
760
753
765
769
764
779
768
778
777
789
787
788
785
768
777
780
786
22
764
770
772
758
744
25
719
720
712
708
708
719
727
716
700
722
719
708
695
717
731
722
747
751
734
757
754
21
734
757
26
731
743
730
711
739
730
720
731
748
749
23
726
748
757
758
34
725
725
730
42
688
692
719
710
40
671
716
698
28
671
710
30
681
722
732
749
738
727
742
741
57
684
721
719
44
675
709
708
709
700
691
717
49
669
723
727
33
695
727
729
731
726
712
42
671
677
679
673
677
716
43
673
719
720
705
730
750
754
24
731
50
682
731
45
687
686
21
666
3999
3999
3999
3999
3999
3999
3999
3999
3999
3999
3999
3999
3999
3999
3999
3999
3999
3999
3999
3999
3999
3999
3999
3999
3999
3999
3999
3999
3999
3999
3999
3999
3999
3999
3999
3999
3999
3999
3999
3999
3999
3999
3999
3999
3999
3999
3999
3999
3999
3999
3999
3999
3999
3999
3999
3999
3999
3999
3999
3999
3999
3999
3999
3999
3999
3999
3999
3999
3999
3999
3999
3999
3999
3999
3999
3999
3999
3999
3999
3999
3999
3999
3999
3999
3999
3999
3999
3999
3999
3999
3999
3999
3999
3999
3999
3999
3999
3999
3999
3999
3999
3999
3999
3999
3999
3999
3999
3999
3999
3999
3999
3999
3999
3999
3999
3999
3999
3999
3999
3999
3999
3999
3999
3999
3999
3999
3999
3999
3999
3999
3999
3999
3999
3999
3999
3999
3999
3999
3999
3999
3999
3999
3999
3999
3999
3999
3999
3999
3999
3999
3999
3999
3999
3999
3999
3999
3999
3999
3999
3999
3999
3999
3999
3999
3999
3999
3999
2789
1025
1020
1007
146
862
905
1204
149
1056
50
1006
1051
1048
64
985
966
129
838
1189
101
1088
1100
1084
1080
1093
1136
1132
1111
1093
189
905
973
1019
1024
49
976
953
952
943
974
1008
983
48
936
952
932
1257
136
1122
52
1070
1071
37
1035
155
880
1085
1092
39
1053
135
919
1078
1056
1080
1097
32
1065
131
935
962
938
81
858
878
893
890
85
805
23
783
798
790
814
797
795
791
795
778
789
28
761
776
778
780
782
26
756
754
743
755
767
766
774
22
753
777
778
784
780
766
24
742
42
701
735
59
676
714
709
708
20
689
716
706
708
730
728
750
761
765
25
740
737
734
716
733
744
737
751
759
766
773
778
792
28
765
769
749
741
745
773
781
786
47
739
780
765
40
725
743
755
37
719
742
780
775
795
792
70
723
708
704
24
680
675
679
28
651
663
682
57
625
640
642
625
629
672
678
664
36
628
621
635
633
617
615
624
20
604
602
609
597
606
658
653
653
653
40
614
607
608
609
611
598
604
607
596
597
633
40
594
592
597
629
38
592
593
593
631
45
587
624
623
621
43
578
621
626
622
613
615
621
619
608
615
621
44
577
616
614
42
573
616
612
618
624
619
618
623
618
610
620
40
581
579
577
623
49
574
625
626
635
624
635
641
650
637
625
628
634
632
631
647
671
656
665
671
694
727
753
62
692
64
628
684
680
677
680
64
617
858
86
772
785
779
70
709
708
690
695
719
736
22
714
752
767
28
739
763
798
23
776
774
775
767
778
788
770
78
693
748
766
809
47
762
794
1161
188
973
969
1014
68
947
141
806
1114
192
922
913
914
56
858
73
786
929
984
38
947
1022
232
791
877
1212
181
1031
1016
1002
1048
138
911
48
863
901
981
72
909
962
88
875
880
944
52
892
890
960
94
867
916
934
517
417
1161
258
903
380
524
1250
422
829
836
1116
385
731
1156
184
972
30
943
980
1044
1037
43
994
50
944
1039
87
952
973
235
739
1250
327
923
53
871
27
844
918
44
875
938
31
907
27
880
978
90
889
943
923
921
1011
155
856
947
54
893
972
45
927
954
27
927
916
939
944
921
928
970
958
61
898
947
980
959
97
863
54
809
871
867
923
970
41
930
928
955
75
880
898
970
57
914
919
974
66
909
968
59
910
970
970
55
916
971
62
910
954
968
947
35
912
45
867
892
884
920
61
860
894
921
62
859
875
1309
368
941
1083
31
1053
52
1001
113
889
909
935
916
932
946
52
895
915
30
885
49
837
46
792
49
744
761
786
782
826
856
27
830
861
41
820
819
46
774
797
819
28
791
833
862
840
869
893
34
859
891
913
31
882
918
929
49
881
907
884
931
922
64
859
866
845
853
872
855
896
906
40
866
904
911
36
875
899
25
874
901
908
957
938
56
882
891
879
859
27
832
23
809
28
781
790
787
816
826
844
884
885
915
46
869
897
897
37
861
899
35
865
907
916
45
872
905
924
37
888
952
66
886
972
58
914
902
904
898
33
865
893
923
907
1154
109
1046
1073
203
871
1048
186
863
903
896
922
38
885
918
28
891
940
60
880
925
923
909
888
888
44
844
45
800
33
768
793
802
854
893
881
940
48
892
932
943
921
976
69
907
943
41
902
940
42
899
922
904
939
954
55
899
948
36
912
923
953
45
909
1214
149
1066
1059
148
912
1132
71
1061
1075
188
887
1098
91
1008
118
890
879
25
855
913
894
941
947
950
34
916
954
934
34
900
914
896
913
922
26
897
916
908
29
879
903
893
881
1125
147
978
973
968
111
858
886
894
930
26
905
907
918
901
884
25
859
33
827
35
792
783
37
746
753
41
713
723
732
734
719
742
762
783
815
854
843
902
925
915
29
886
897
886
899
886
27
860
869
997
34
963
960
959
53
907
948
949
50
899
905
957
948
978
30
949
928
35
893
885
875
875
860
41
819
25
794
829
821
819
844
861
883
885
72
814
835
840
831
54
777
773
804
45
759
741
738
772
754
784
799
817
810
814
804
822
834
825
866
883
42
841
860
874
895
915
912
912
904
898
889
99
791
853
30
823
52
772
825
821
844
1035
88
947
951
58
893
135
758
820
849
890
904
902
908
915
44
871
914
901
68
833
853
847
1126
135
992
993
1060
1040
152
888
945
941
1053
288
765
1017
224
794
804
847
840
1125
89
1037
56
981
977
35
943
954
148
806
852
76
776
830
848
1000
34
966
1019
1005
989
998
175
823
922
1132
62
1071
1070
29
1041
1044
52
993
1030
221
810
905
1121
177
944
947
991
1080
52
1029
1008
38
971
104
867
1022
43
979
982
1028
1066
32
1035
1072
1076
30
1046
1089
52
1038
1039
149
890
1139
68
1071
1065
63
1002
981
1012
1099
42
1058
48
1010
1026
1037
201
837
899
909
886
872
48
824
823
833
837
861
848
831
843
879
867
1187
166
1022
84
938
35
903
31
873
105
768
763
844
929
1189
64
1126
1131
65
1067
44
1023
72
952
91
861
875
892
953
1000
976
43
933
952
29
923
902
886
890
916
961
965
956
967
967
69
899
894
899
31
868
895
36
860
26
834
857
57
801
1111
70
1042
46
997
42
955
1108
65
1043
33
1011
32
980
967
176
792
838
856
853
908
970
69
902
952
959
29
931
939
37
902
920
954
53
901
952
966
77
890
936
1179
193
987
985
996
996
121
875
1040
32
1008
42
967
974
987
174
813
886
918
27
892
882
884
32
853
833
42
792
824
806
825
869
865
931
929
907
66
841
853
862
25
838
883
930
49
882
929
943
937
37
900
1179
107
1072
86
987
1033
42
991
113
878
916
42
875
1136
117
1020
1030
1010
996
1023
146
877
1084
57
1028
44
984
1011
1032
51
982
1009
1019
221
798
869
30
839
61
779
845
1111
1083
68
1015
62
954
51
903
39
864
905
1110
133
977
63
915
904
950
987
1024
1003
1064
1072
34
1039
1069
1061
1042
100
943
999
53
946
1003
987
42
945
977
31
946
27
920
935
34
901
26
875
35
841
29
813
859
860
857
844
829
66
763
751
757
785
785
788
837
888
1153
83
1070
40
1031
1013
65
949
970
1000
1246
140
1106
1103
1100
1137
48
1090
1083
37
1047
117
931
961
976
38
939
983
31
952
976
1144
307
838
955
960
977
34
943
967
960
963
73
891
869
38
831
832
843
873
958
970
47
923
945
934
930
928
1117
54
1064
211
853
932
913
1126
268
859
932
931
978
969
34
936
1172
113
1060
1066
74
992
985
998
987
987
1021
145
876
1143
113
1031
1004
42
963
979
26
953
105
848
908
1042
211
832
876
904
27
877
888
895
26
869
25
845
836
55
782
820
824
850
865
1042
104
939
918
44
875
881
43
839
833
885
878
858
902
909
888
871
849
23
827
65
762
745
742
756
764
783
795
803
22
781
805
797
847
876
894
31
863
889
899
33
867
846
857
868
863
41
822
860
885
894
902
918
31
888
921
939
1161
117
1045
43
1002
1017
1003
996
126
870
904
945
966
949
934
30
904
893
879
28
852
75
778
828
48
780
770
791
828
831
887
878
1191
86
1105
42
1063
161
903
913
912
927
34
894
915
1008
1021
1028
79
949
930
45
885
877
895
879
883
922
1195
70
1125
1140
1118
215
903
967
51
917
60
858
853
863
861
904
1236
137
1099
1115
74
1041
1068
32
1036
1074
1101
34
1067
1073
1064
54
1010
1067
1091
1078
1080
60
1021
1065
1039
50
990
1023
161
862
894
975
987
44
943
961
974
67
908
969
1205
104
1101
46
1055
1057
56
1002
1023
168
855
911
36
875
930
943
67
877
949
1192
164
1028
49
979
1009
1105
32
1073
51
1022
1093
29
1065
70
995
1041
1041
43
998
62
936
1201
96
1105
1085
1107
1111
90
1021
38
984
988
987
55
933
1021
1017
59
958
1013
44
970
27
944
925
952
950
1222
134
1089
43
1047
157
890
32
859
855
875
24
852
23
829
843
856
1247
93
1154
67
1087
1083
55
1029
38
991
1002
1031
1052
1056
1091
36
1056
1093
1100
298
803
1195
53
1143
93
1050
1093
1105
61
1044
1056
1083
1087
192
896
1011
37
975
1223
119
1104
1119
30
1089
82
1008
1035
1026
37
989
95
894
1207
168
1039
1073
1088
88
1001
110
892
1184
134
1050
1076
1102
31
1072
1110
89
1021
1065
1058
1081
142
939
1205
3999
3999
3999
3999
3999
3999
3999
3999
251
934
1117
81
1036
1045
1029
32
997
77
920
947
51
896
1145
37
1108
104
1005
67
939
1059
1066
192
874
955
969
983
37
946
999
1013
27
986
1238
90
1148
95
1053
1066
1098
154
945
969
1034
88
946
1150
139
1011
63
949
60
889
95
795
33
762
820
838
871
1208
99
1110
1160
1166
99
1067
1061
1067
1053
133
921
951
1114
1115
1113
61
1053
1078
1114
74
1040
98
942
1132
50
1083
56
1027
1022
1044
190
855
970
1005
1020
38
982
1031
1008
992
52
940
972
957
33
924
935
935
28
908
953
1131
132
1000
1029
58
971
110
862
841
855
865
851
1134
84
1051
68
984
1005
148
858
902
1147
48
1099
86
1014
97
918
1200
233
967
990
1206
84
1122
1129
72
1058
115
943
69
875
902
882
945
1232
95
1138
48
1090
138
953
952
976
1165
89
1076
68
1008
88
921
928
70
859
858
925
992
1169
109
1061
43
1019
82
937
60
878
856
903
55
848
836
902
1133
99
1035
1030
1031
1030
68
962
999
1005
1039
1044
36
1009
50
960
958
938
958
952
979
980
965
1051
1066
68
998
1080
1110
1117
89
1028
1016
73
944
69
875
32
844
827
811
51
760
804
307
498
247
251
745
754
28
727
729
749
746
24
722
737
746
753
743
28
715
24
692
709
40
670
663
658
676
57
620
633
670
54
617
657
51
606
666
73
593
641
50
591
650
67
583
602
648
67
581
639
58
582
633
59
575
631
54
578
585
579
622
48
574
579
583
625
46
579
576
581
620
60
560
571
617
44
573
622
47
575
616
49
568
575
626
52
575
625
60
565
624
56
568
625
66
559
575
620
56
564
569
569
612
57
556
559
562
605
58
548
551
600
61
540
591
58
534
594
61
534
582
54
528
585
59
527
536
534
528
529
522
527
570
52
518
528
534
572
51
521
527
531
532
533
532
529
527
530
531
525
522
526
529
572
61
511
522
574
59
515
573
64
510
528
572
53
519
526
570
56
514
577
65
512
524
526
569
62
507
515
512
562
58
505
529
21
509
514
563
61
503
529
18
512
564
61
504
568
64
504
52
453
632
125
508
569
64
505
519
523
524
535
19
516
522
575
62
513
541
22
519
536
19
517
534
529
568
66
503
568
61
508
576
69
507
568
62
506
571
63
508
532
563
57
507
537
26
511
529
523
565
58
507
537
22
515
567
60
507
572
65
507
520
536
566
58
508
531
16
515
571
60
511
537
21
516
575
63
512
541
24
518
573
61
512
594
590
50
541
608
65
544
609
60
549
618
72
546
628
82
547
561
627
72
556
626
81
546
625
78
547
572
574
628
73
556
596
593
588
636
653
74
579
791
90
701
24
677
41
637
44
594
585
575
578
594
579
666
75
591
615
618
687
83
604
620
625
634
624
625
640
648
634
633
619
624
623
634
648
881
82
799
804
51
754
91
664
656
655
673
20
654
664
676
665
675
696
692
697
196
501
1077
299
778
63
716
742
41
702
722
725
23
703
712
742
776
758
1065
138
928
60
868
28
841
103
738
762
788
24
764
785
820
31
790
800
790
44
746
768
812
37
776
762
805
42
763
758
21
738
750
773
760
791
857
69
789
812
836
58
779
789
815
36
780
782
832
36
796
819
833
34
800
48
752
23
730
755
816
851
860
947
37
910
37
873
915
919
28
892
913
928
57
872
903
28
875
868
913
45
868
861
897
47
850
922
78
845
832
833
33
800
837
871
38
833
839
875
41
835
821
857
837
848
924
54
871
881
945
64
881
906
932
57
876
890
958
110
849
865
899
55
845
835
30
805
39
767
764
781
764
803
827
807
796
826
854
37
817
851
866
24
842
833
854
857
55
802
824
851
29
823
828
858
846
40
807
837
856
875
53
822
835
868
851
23
829
849
840
44
796
43
754
22
733
733
725
742
790
823
34
789
816
833
27
807
826
883
918
57
862
873
895
31
865
842
833
825
829
29
800
23
778
766
753
749
732
732
731
750
781
811
791
822
860
855
832
862
858
31
828
850
862
49
814
827
841
820
822
857
849
51
799
806
799
45
755
788
817
811
848
840
24
816
811
38
773
24
750
24
726
752
758
774
807
827
853
26
828
854
903
1062
58
1004
38
967
42
926
52
875
859
878
874
30
844
898
939
55
884
24
861
882
882
30
853
868
883
878
30
849
33
816
33
784
23
761
21
740
770
763
769
782
778
774
805
805
821
814
799
843
847
40
808
841
845
32
814
840
847
50
798
810
796
22
775
759
753
771
795
815
845
40
805
843
868
871
40
831
855
842
60
782
810
833
849
843
910
920
66
855
873
877
36
842
849
869
865
37
828
857
890
881
45
837
862
871
37
834
835
840
46
795
800
823
832
34
798
819
831
24
807
804
831
23
808
797
821
809
33
777
800
802
24
779
795
26
770
750
23
728
725
719
741
753
744
762
758
31
728
714
714
723
725
755
768
781
23
758
772
789
794
29
766
788
807
829
27
803
828
873
888
35
854
857
891
894
888
45
844
862
874
853
855
884
890
892
57
836
849
32
817
29
789
816
821
806
834
837
823
850
855
839
827
813
24
790
32
758
749
776
774
799
827
844
828
855
34
822
806
805
26
779
776
794
809
820
811
838
847
838
845
853
833
839
836
29
808
830
830
818
834
833
26
807
29
778
780
22
758
23
736
742
740
740
754
759
781
764
786
781
778
800
780
32
748
735
32
703
690
693
688
697
734
721
714
746
747
751
750
761
746
735
725
721
754
774
763
816
853
856
847
838
37
802
26
777
778
787
816
850
836
834
826
836
822
818
810
28
783
800
808
838
844
862
882
910
901
58
844
856
852
895
878
914
904
926
939
28
911
958
56
903
950
957
48
909
1087
1157
1273
54
1220
41
1180
267
913
924
954
39
915
975
31
945
41
904
885
38
848
44
805
812
826
839
863
841
872
867
850
869
848
906
1118
388
730
1111

