24-10-2022 - 9:09 - Correr
Cesar Flores
Intervalos entre latido y latido
839
833
33
801
797
817
804
838
852
876
877
893
896
894
26
869
870
881
875
872
866
875
877
884
877
886
895
887
879
879
884
895
884
891
898
913
902
914
929
941
938
934
924
930
932
941
928
939
940
931
915
918
921
918
912
919
923
918
909
908
917
914
917
912
905
902
902
886
872
852
839
829
372
457
1243
397
846
847
846
863
872
877
865
858
869
871
872
873
873
875
881
889
901
884
886
885
883
872
853
871
867
870
864
871
873
873
875
878
888
891
888
1786
898
888
870
874
879
882
880
887
897
432
466
1325
440
886
878
875
867
879
895
910
906
910
913
912
896
892
877
884
905
902
904
891
24
868
868
858
852
838
843
840
833
832
831
830
823
834
846
852
860
858
872
875
879
869
882
887
1766
900
867
866
864
867
860
870
880
882
882
878
894
895
896
884
892
899
901
900
887
895
896
890
878
858
858
851
842
834
829
823
817
806
795
798
796
810
819
830
831
840
856
861
866
858
870
872
872
855
874
879
882
875
884
897
905
890
47
844
964
50
914
916
899
25
875
873
861
868
880
893
903
897
917
921
931
925
943
949
952
933
943
942
945
929
929
928
924
912
912
919
924
915
915
920
913
905
909
909
910
890
893
895
893
883
883
884
883
873
868
862
922
949
944
938
921
32
890
894
884
867
870
399
471
1264
402
863
860
855
862
860
872
875
868
887
885
885
880
892
892
900
889
893
895
889
869
873
877
875
863
860
867
865
855
859
861
857
841
847
842
834
826
813
794
800
806
815
833
836
859
878
947
102
845
885
897
897
888
891
897
903
887
902
906
916
905
918
929
930
928
911
919
912
910
890
892
890
880
861
863
869
870
866
861
869
873
880
874
882
895
897
882
889
888
891
877
887
898
906
908
911
917
916
32
884
883
866
846
826
811
812
822
833
859
875
882
883
901
264
638
1163
283
881
889
881
29
853
860
864
877
880
874
878
877
876
862
869
873
28
845
39
807
816
812
806
801
789
788
791
780
772
763
751
750
748
738
725
730
730
723
722
726
741
747
753
765
780
786
788
800
792
784
781
770
761
752
759
756
763
745
750
755
743
740
757
758
764
761
749
751
740
736
736
740
735
740
740
741
739
737
741
743
742
742
740
747
750
744
746
735
735
731
731
729
724
727
727
726
719
720
714
713
709
708
697
704
702
702
693
699
696
695
687
686
677
679
677
678
675
671
678
681
687
688
690
689
694
692
692
688
692
693
692
692
695
697
695
695
691
692
688
687
684
683
679
684
678
678
669
677
676
677
677
679
671
678
673
673
674
667
668
667
668
662
666
664
665
664
666
666
666
665
665
666
667
666
668
664
78
586
731
79
652
654
650
650
646
655
651
658
658
656
659
662
660
664
660
664
664
664
665
664
665
666
666
666
664
666
668
668
666
666
666
666
663
661
661
666
660
664
656
660
658
658
654
658
658
659
659
663
662
667
669
666
668
667
671
662
667
664
668
674
678
686
687
693
694
691
678
674
688
708
721
715
713
714
717
719
719
716
716
720
723
721
723
728
736
744
740
748
752
753
743
729
721
724
729
731
727
725
786
792
796
801
26
776
794
794
785
769
774
778
780
780
782
782
784
784
772
149
623
926
163
764
758
759
775
789
784
787
799
815
812
798
25
774
915
900
882
867
36
832
832
848
834
813
813
849
844
858
37
822
844
852
855
843
845
853
851
832
842
854
1680
871
809
813
867
34
834
826
39
787
786
803
790
773
797
796
804
795
818
814
826
818
829
835
852
846
846
855
863
857
845
836
848
830
29
801
805
825
1639
819
821
826
844
841
24
818
833
856
833
839
836
838
831
818
820
819
818
811
829
31
798
796
796
327
470
1116
337
779
783
30
753
778
1591
789
803
798
811
841
827
825
831
842
851
844
852
870
869
1719
849
871
397
474
31
444
789
833
843
854
303
551
1156
298
858
867
869
867
876
883
884
873
880
875
882
872
871
875
874
858
847
846
849
843
847
849
857
834
831
828
821
811
805
812
813
827
808
820
818
818
826
843
842
841
837
836
836
840
230
611
1068
227
841
844
848
851
848
865
876
1781
888
893
875
881
882
1756
892
865
870
875
881
877
866
875
877
876
860
866
875
868
856
866
874
881
875
877
881
881
869
880
877
878
867
867
875
875
875
879
885
890
884
891
902
911
915
897
889
885
889
874
854
863
863
855
849
854
854
848
847
846
843
842
836
842
843
842
852
856
855
843
849
853
857
856
866
867
858
862
858
839
832
24
808
842
939
41
898
885
25
860
845
845
839
842
847
852
859
866
875
882
885
882
882
886
894
899
396
503
1297
406
892
878
878
875
876
865
866
865
849
848
848
845
834
840
839
837
284
554
1108
273
835
829
833
832
842
847
849
847
858
862
863
861
869
867
870
863
874
870
873
866
864
863
860
853
847
853
849
849
856
862
866
859
868
873
876
875
881
878
875
875
882
869
895
912
927
934
935
934
925
906
909
902
898
890
885
886
879
873
873
875
874
863
868
871
874
866
873
871
859
855
858
853
844
847
848
846
834
844
845
850
843
851
853
853
845
850
855
856
852
853
851
368
483
1199
365
834
821
801
791
796
798
783
778
778
778
787
803
820
827
833
852
874
881
1761
888
874
31
843
860
864
871
864
851
848
857
855
863
874
888
907
916
911
916
893
896
902
893
892
902
907
903
898
907
914
917
898
904
911
908
901
891
871
872
869
862
880
886
902
883
892
898
888
909
918
918
914
893
899
902
901
896
901
909
911
891
905
908
913
915
916
898
895
893
896
890
899
896
908
922
931
931
911
905
901
894
904
906
902
895
879
871
872
875
167
709
1050
191
860
851
838
842
836
836
836
844
857
854
867
881
896
907
913
900
882
890
885
880
870
870
854
856
861
1012
44
969
949
940
931
918
29
890
869
36
833
852
835
27
809
794
793
818
824
847
875
890
900
908
903
889
902
897
880
897
893
888
897
906
916
924
913
895
904
885
867
874
878
888
897
894
908
912
910
907
897
902
901
900
903
891
888
892
890
892
882
887
898
898
898
889
893
893
878
890
893
903
901
889
891
888
891
887
878
891
900
904
893
904
896
396
500
1309
416
894
888
867
872
873
882
876
879
896
893
895
881
888
897
902
897
904
953
80
873
912
280
632
1225
304
921
916
904
880
871
871
244
627
1107
245
863
849
863
876
875
306
570
1219
324
896
888
866
867
872
868
862
861
871
871
867
880
886
1776
895
882
866
872
877
886
897
889
895
898
892
884
889
890
326
565
1202
323
879
866
860
868
875
875
866
869
875
871
876
877
874
882
886
898
889
882
886
883
884
880
886
899
896
901
910
908
897
907
907
896
913
913
913
908
888
875
881
891
879
863
844
42
802
807
820
841
838
846
860
861
868
856
851
866
874
889
892
903
910
910
908
909
895
911
916
911
910
893
876
880
875
872
1760
887
874
864
868
875
880
876
894
905
916
922
926
921
916
920
916
899
904
907
913
901
911
920
912
920
917
896
875
864
875
873
880
885
900
901
902
904
920
928
918
933
941
948
933
913
26
887
879
882
874
861
867
879
885
879
886
893
894
338
556
1231
348
883
868
872
872
1723
902
822
868
904
961
95
867
908
918
915
912
919
922
922
913
921
925
913
916
916
916
919
910
920
912
919
913
919
912
926
930
923
934
941
919
918
913
904
894
26
869
864
871
866
866
864
868
876
877
887
892
890
1786
1217
569
1174
319
856
841
851
852
853
845
832
840
838
861
872
885
898
892
914
916
918
915
901
906
908
903
908
921
928
925
916
909
915
909
893
902
903
901
889
902
909
907
916
916
918
918
912
36
876
869
870
867
854
841
852
859
861
854
864
871
878
885
878
887
894
887
902
899
893
875
869
876
875
870
870
881
880
882
884
897
898
891
898
905
905
905
898
904
26
878
878
881
873
882
1747
903
844
842
836
829
826
833
842
851
853
854
876
895
905
897
891
880
869
856
1689
846
844
829
825
818
828
847
865
867
1753
1712
872
841
831
832
824
1715
904
812
837
838
838
834
840
842
834
814
830
837
853
864
861
868
311
557
1219
357
863
861
868
875
879
868
881
944
108
837
868
315
553
1217
342
876
886
885
875
887
896
902
897
914
917
910
925
922
919
904
914
913
917
904
903
907
912
911
918
916
903
25
878
876
876
877
883
881
873
887
880
875
889
887
883
894
891
884
899
907
901
887
899
908
910
916
913
25
888
899
904
902
887
881
886
893
892
891
892
910
912
909
886
885
881
885
870
869
861
869
871
856
859
837
839
842
948
968
33
936
921
919
904
1705
844
861
75
787
776
170
606
850
565
285
556
187
370
372
754
24
731
415
316
431
737
60
678
828
377
452
1051
312
739
732
729
725
722
716
725
717
720
55
666
787
66
721
715
708
719
723
722
718
723
726
731
730
733
733
726
723
726
725
721
725
743
727
724
724
725
732
732
745
735
732
716
724
720
723
727
32
695
701
690
697
681
21
661
678
20
659
657
655
661
659
655
657
660
664
666
668
666
668
665
667
666
663
662
660
659
658
654
661
666
671
674
694
703
728
708
718
717
713
741
728
727
723
32
692
751
748
745
743
21
722
723
741
724
725
720
725
727
723
730
713
754
754
761
779
795
806
810
819
812
816
820
819
820
817
822
815
825
828
821
817
817
810
807
815
816
819
817
823
826
826
818
31
787
791
800
791
806
810
809
827
833
827
822
818
812
803
804
805
801
796
807
809
807
809
822
822
812
817
810
806
812
815
812
814
813
805
811
805
806
797
795
792
789
785
776
766
770
770
763
775
774
771
778
782
788
796
799
799
790
791
784
795
796
804
811
823
833
839
847
854
849
867
867
868
858
854
863
858
852
841
838
845
848
845
837
842
842
838
832
834
831
836
828
841
840
847
857
852
851
845
842
836
844
829
25
804
816
25
791
789
791
781
773
756
783
23
760
760
153
608
937
168
770
754
758
758
750
745
750
753
753
73
680
833
77
757
749
754
755
752
754
770
71
699
833
128
706
822
75
748
747
749
738
750
752
778
763
780
796
781
796
806
787
788
797
791
781
777
775
776
770
754
760
764
484
281
353
417
461
749
1411
1098
313
464
174
291
403
687
681
684
669
674
682
679
690
692
699
707
721
720
724
723
720
724
727
716
711
710
709
697
702
721
724
737
35
702
702
694
695
693
694
676
676
1361
1355
691
664
660
660
665
664
134
530
822
149
673
675
684
694
91
604
804
97
708
710
723
756
29
727
741
787
27
760
765
752
1571
813
758
741
724
735
1497
767
730
729
751
778
231
547
979
243
736
770
751
22
730
1493
757
736
717
722
733
750
756
772
779
795
809
818
804
836
828
834
814
844
842
847
839
853
862
870
870
877
892
895
885
891
904
34
870
882
882
885
869
881
883
884
882
907
915
923
63
861
857
843
221
623
1020
196
824
822
862
854
863
850
850
856
854
851
845
840
831
834
845
858
849
860
865
863
867
866
860
843
838
835
833
836
834
834
837
838
833
843
849
851
850
855
855
854
858
866
870
874
877
887
883
896
892
886
887
883
873
872
866
868
1718
922
797
852
56
796
22
775
771
787
29
758
782
787
781
795
806
819
827
842
846
853
848
839
820
808
799
816
815
819
819
823
823
816
32
784
786
783
802
794
792
816
823
825
822
826
817
824
816
804
792
793
783
801
791
776
779
798
804
797
787
791
796
789
798
808
825
839
38
802
891
67
824
842
842
835
839
837
826
818
827
833
834
829
836
836
837
845
854
851
843
838
840
837
835
830
833
828
818
820
818
816
807
809
812
811
811
821
827
826
825
826
821
820
819
816
804
798
799
925
278
648
728
171
558
951
215
737
742
764
22
743
740
743
750
753
758
754
1553
779
775
787
775
802
813
829
834
845
864
856
846
849
854
912
948
930
915
902
881
877
862
843
847
843
839
841
845
849
847
859
857
867
861
872
870
865
849
834
825
814
813
823
841
1703
1243
460
1224
394
830
824
810
824
1669
838
832
838
850
857
849
869
880
882
881
867
858
192
666
1002
212
791
779
763
753
752
734
732
742
750
769
793
796
782
782
800
823
829
865
875
892
900
883
877
889
896
899
902
912
914
902
907
921
923
924
911
907
908
905
888
901
880
883
925
964
964
964
944
952
944
932
913
915
916
910
904
917
914
310
604
1223
324
900
901
889
902
897
916
914
373
541
1244
381
863
864
1721
876
845
838
827
811
817
819
829
843
852
864
874
878
879
868
859
858
854
855
853
845
854
867
862
850
832
833
846
864
870
892
896
887
896
910
909
899
907
913
907
904
919
925
929
925
945
943
932
945
949
949
926
938
944
938
929
936
940
935
934
943
929
931
913
908
919
923
935
932
936
946
945
927
913
913
906
889
880
884
896
893
914
925
904
917
927
911
887
29
859
877
885
888
912
923
933
916
934
945
947
946
921
900
889
885
888
893
886
905
908
904
907
908
901
909
919
927
927
924
930
936
939
922
930
930
930
917
1839
946
894
876
880
884
882
898
910
902
905
916
919
907
910
912
911
892
900
894
893
898
902
893
906
916
922
913
922
926
918
913
915
913
903
914
910
907
915
921
328
594
1240
350
890
887
878
889
886
880
886
902
904
916
924
928
919
905
908
901
903
906
898
893
903
912
907
918
909
897
896
30
866
27
839
850
854
856
856
878
893
901
1817
936
881
881
1764
911
854
857
850
145
705
1000
152
849
863
873
890
896
908
924
940
930
933
939
946
951
941
932
935
930
929
942
953
951
943
953
952
945
936
943
929
937
938
943
942
921
908
912
905
887
901
899
899
904
909
913
898
300
598
1180
601
579
1113
1620
853
767
761
746
754
771
799
840
1728
856
873
880
870
861
859
865
859
871
879
882
893
896
895
891
883
862
850
847
855
854
856
847
849
845
836
833
843
854
863
853
847
853
850
843
833
816
817
833
842
855
889
910
913
919
933
948
950
930
930
929
937
934
915
930
929
922
916
926
930
930
922
925
919
917
920
914
918
903
913
916
898
911
912
889
893
893
888
878
892
898
898
916
927
926
932
922
916
910
889
897
899
895
901
909
907
900
883
886
877
863
845
843
273
570
1151
294
857
851
867
884
886
904
910
917
916
917
916
912
899
895
887
872
853
851
849
844
839
846
856
863
880
889
888
885
884
891
885
888
866
872
879
878
1737
892
846
833
825
824
822
831
831
842
844
851
845
860
863
875
881
882
897
900
896
888
887
887
868
847
846
907
925
928
927
915
907
898
886
878
866
857
848
832
831
833
842
849
853
862
861
855
859
862
855
854
851
865
873
862
864
875
870
859
854
854
854
850
849
842
838
843
848
833
840
850
860
859
859
860
859
862
859
850
861
868
866
872
881
875
879
885
890
895
29
866
859
864
25
839
842
850
860
854
868
867
853
855
853
846
836
845
840
844
844
852
857
853
858
862
858
857
867
852
845
836
825
829
827
821
825
834
835
834
839
852
866
870
858
857
857
844
844
844
25
820
812
809
804
817
829
847
862
867
857
849
845
839
832
1689
846
844
3999
3999
3999
2345
832
834
841
832
848
861
863
851
844
850
942
951
490
461
1391
517
875
880
862
854
848
836
832
838
849
855
859
864
884
895
903
911
916
905
889
872
856
850
843
850
859
867
878
876
861
875
873
871
878
874
864
860
853
849
854
856
853
859
861
871
872
881
882
873
883
884
886
876
885
891
875
863
875
866
869
862
860
855
851
848
846
857
844
862
863
866
871
864
859
868
873
883
885
880
885
866
870
875
878
880
867
875
871
879
877
876
866
859
874
866
881
886
888
896
883
875
873
869
865
855
859
862
871
864
868
864
868
865
878
878
886
887
892
884
875
872
871
876
878
901
911
278
633
1208
302
907
891
893
878
27
852
24
828
824
817
826
832
845
857
867
870
881
877
865
875
879
873
877
879
874
875
875
864
865
879
875
867
867
870
871
854
860
858
867
875
880
889
885
890
895
889
879
876
880
885
892
892
908
26
882
880
876
873
875
877
886
870
866
873
870
878
890
904
890
887
886
884
892
889
867
871
871
877
885
865
870
867
869
870
864
860
861
862
865
855
853
858
859
860
858
850
847
833
910
941
965
115
851
877
281
597
1115
299
816
801
794
786
771
768
777
787
778
799
821
844
856
886
890
904
901
30
871
870
856
866
857
875
878
873
860
846
857
863
877
860
860
861
870
867
882
893
892
895
894
890
888
874
874
871
877
872
878
411
468
1272
417
855
842
844
850
851
852
875
889
896
884
898
889
887
877
875
870
869
869
868
860
853
855
868
883
885
900
909
908
915
916
908
889
889
888
876
871
863
863
868
858
860
861
862
851
845
847
850
864
848
831
827
1641
844
797
802
805
815
818
830
851
860
863
875
889
900
898
888
895
884
889
899
901
903
898
899
887
898
891
880
872
879
875
859
860
863
862
849
862
858
862
861
868
860
875
869
881
875
868
875
878
882
894
899
897
900
897
901
896
885
890
888
892
892
889
891
880
897
897
877
873
870
872
858
860
869
864
857
849
840
837
833
821
822
827
829
837
833
844
860
875
887
878
885
892
875
882
885
891
890
897
889
888
888
890
878
896
892
886
880
871
875
872
869
875
883
880
880
875
879
871
860
852
860
1711
876
836
841
847
858
851
860
857
864
867
874
865
869
867
873
866
876
883
885
890
886
880
878
870
865
870
875
859
846
853
852
850
852
857
854
848
851
856
853
838
856
866
863
856
865
871
869
873
871
865
866
867
863
864
868
858
845
861
863
867
863
876
879
859
846
844
843
842
842
839
902
1011
1001
33
969
947
924
27
898
892
884
874
863
870
879
883
893
899
907
893
907
908
895
894
885
871
25
846
847
846
861
870
875
875
877
888
889
876
872
874
867
1714
859
856
855
841
841
858
867
880
865
870
881
891
888
901
911
907
917
925
917
903
903
902
904
905
895
896
891
894
884
874
872
890
891
887
880
903
904
905
897
905
898
29
870
879
876
889
890
908
917
929
918
913
956
52
904
916
909
27
883
892
871
856
840
826
246
580
1068
282
787
799
806
804
831
847
861
875
860
885
886
892
887
904
900
889
906
914
898
885
886
876
892
901
900
912
901
882
889
888
885
887
893
902
907
896
910
914
920
904
908
914
913
896
893
897
897
889
898
909
909
910
895
888
887
877
890
891
888
890
882
872
876
875
869
867
875
880
875
875
873
871
870
879
878
867
870
869
873
875
887
880
879
873
876
862
859
867
870
854
855
861
866
863
860
867
868
858
873
875
866
870
875
869
859
849
832
1674
854
820
812
808
800
791
801
808
842
860
854
853
863
856
865
866
866
860
862
867
868
861
875
877
866
857
858
854
849
844
853
864
848
850
849
850
854
846
847
854
859
851
859
868
862
873
874
891
892
891
886
873
861
841
820
809
814
824
836
856
875
894
889
899
883
875
891
889
897
889
907
909
900
882
883
891
900
908
904
911
910
905
913
891
886
893
896
887
880
895
896
900
892
872
875
877
880
869
865
888
898
906
906
907
904
887
880
860
862
871
873
878
891
899
909
917
916
908
919
902
883
880
875
855
858
874
871
879
880
892
886
888
883
886
880
860
845
887
900
895
900
907
912
901
911
913
898
906
910
911
916
916
938
939
931
934
927
940
933
910
926
919
910
921
934
915
354
561
1225
351
875
870
27
843
862
863
871
869
873
885
891
875
877
872
25
847
25
823
821
828
843
858
878
879
897
913
902
916
913
897
908
912
920
924
925
916
926
914
911
922
929
937
916
929
931
910
896
907
901
898
888
875
882
882
892
890
897
890
883
893
879
887
875
884
893
901
888
1797
1304
494
1245
391
854
833
843
849
838
844
850
849
844
873
884
901
884
290
595
1192
333
860
870
865
873
875
862
878
876
887
889
877
871
868
873
878
880
885
898
899
906
896
902
893
885
903
914
924
935
921
931
928
916
906
912
900
901
890
895
901
907
893
908
907
906
899
916
909
30
879
884
294
590
1116
295
821
47
775
793
781
790
809
819
850
877
893
905
900
899
907
902
896
899
903
895
895
884
880
893
894
875
857
871
875
868
870
874
878
870
867
852
836
819
824
817
806
22
785
793
796
802
824
836
842
852
853
857
868
870
871
864
870
869
866
853
844
827
808
820
817
826
822
836
858
868
855
868
864
847
840
844
852
854
858
849
842
823
828
839
844
858
869
871
870
885
894
883
891
910
913
914
916
928
931
936
928
1824
948
876
30
847
844
836
1724
867
858
869
874
875
872
856
860
872
876
880
887
902
899
898
907
902
911
907
903
895
885
892
893
887
899
897
914
916
922
910
924
934
934
27
907
892
890
881
881
882
872
891
909
921
927
916
934
939
31
909
27
882
871
875
155
721
1059
171
889
888
879
872
874
875
875
873
26
847
852
850
834
835
842
852
864
857
25
832
827
833
833
834
857
873
890
895
898
895
890
31
859
861
870
870
873
896
912
920
929
929
934
951
951
950
938
922
28
895
886
33
854
853
861
871
872
889
889
874
892
891
896
919
928
935
936
936
920
907
910
903
889
897
897
892
903
909
908
921
921
915
893
887
892
873
878
881
885
887
893
872
866
857
838
831
855
870
886
870
860
916
961
942
922
1818
920
898
888
879
875
862
849
843
832
276
556
1096
294
802
788
29
759
766
764
784
809
836
866
886
895
896
906
898
906
908
905
892
886
888
888
900
895
904
902
913
913
896
910
910
916
914
913
26
887
897
881
889
886
884
896
882
893
874
889
891
888
908
905
901
888
876
869
847
826
806
803
800
806
810
807
830
840
850
860
866
857
871
871
870
874
886
889
894
913
914
911
920
929
927
938
941
922
918
916
905
899
906
907
901
894
911
912
916
899
910
913
914
915
908
909
908
894
875
862
845
833
815
807
24
784
786
777
765
771
782
791
800
801
791
787
798
811
815
808
805
796
782
770
770
788
818
850
870
893
914
923
909
929
930
913
918
914
895
902
896
892
899
883
876
883
894
901
905
906
923
919
927
937
945
951
950
952
932
936
943
931
910
908
915
900
910
916
912
898
885
897
898
888
899
908
914
922
919
928
916
921
916
923
920
931
933
932
920
897
905
928
920
918
914
912
914
907
893
890
880
878
866
1755
886
870
869
871
876
873
870
855
848
27
822
819
825
831
824
810
813
836
849
866
876
884
885
885
892
894
882
896
889
893
911
922
927
924
909
906
912
908
900
888
896
900
910
912
931
942
918
923
909
916
923
928
940
935
920
913
908
892
892
910
922
931
921
933
935
927
926
932
929
980
98
883
905
916
922
925
911
922
908
895
906
916
911
918
894
889
888
889
887
875
891
902
897
885
882
867
868
865
868
875
890
899
896
905
912
915
919
917
923
909
910
905
886
904
904
897
905
905
912
919
919
934
937
950
937
955
951
938
937
164
774
1105
615
491
1336
426
911
903
904
890
26
864
862
859
863
871
879
890
874
895
908
919
925
919
923
919
901
912
910
26
884
896
905
912
916
906
893
905
914
903
900
913
920
908
925
922
907
926
931
936
934
915
928
929
935
1851
941
910
902
888
885
895
898
892
900
908
918
921
907
916
921
927
929
912
910
910
907
900
903
898
908
901
916
916
906
883
873
876
880
877
873
854
842
836
841
850
859
873
869
886
894
899
909
904
898
911
913
911
902
907
910
903
896
899
906
897
901
910
911
902
903
915
911
900
904
902
890
894
897
904
894
911
913
916
899
913
917
901
908
908
300
608
1196
304
892
877
874
875
880
887
892
899
907
890
894
900
903
891
904
910
905
923
929
915
917
916
914
903
911
899
886
880
872
861
870
854
838
833
841
839
867
890
903
902
914
912
930
935
948
951
948
953
953
989
107
882
898
909
916
899
896
916
916
904
900
914
916
917
27
891
893
902
899
889
895
898
906
893
907
904
899
912
918
934
935
924
936
937
935
937
941
944
944
926
916
915
907
26
881
865
875
869
881
890
905
902
899
910
916
919
913
930
934
922
913
917
912
907
897
916
918
921
921
929
935
927
944
944
947
941
932
946
957
966
952
963
970
971
947
925
925
913
27
886
874
877
879
898
918
932
929
942
955
957
947
950
958
953
935
914
916
913
918
907
917
933
946
938
921
933
934
913
899
32
867
913
30
884
904
905
42
863
860
36
825
816
815
818
811
800
793
778
781
802
787
780
782
790
1552
788
765
753
734
730
723
725
731
735
737
747
754
767
756
745
749
744
741
741
737
739
736
734
731
745
728
733
730
734
731
728
739
729
735
726
729
726
724
718
718
712
711
713
712
711
709
711
709
704
705
706
700
693
693
693
685
683
680
677
674
675
672
671
672
668
664
662
663
658
656
653
652
651
646
645
639
640
640
635
632
630
628
624
626
623
622
621
624
622
621
619
619
621
623
618
615
618
615
616
614
614
613
615
611
610
608
607
605
606
601
602
594
598
606
606
604
607
605
605
604
606
600
600
602
597
597
598
592
594
596
593
589
592
589
590
592
587
589
589
588
589
586
588
586
589
586
585
586
586
585
586
586
208
379
790
208
582
581
581
576
575
576
570
574
573
574
572
574
577
575
574
574
575
574
573
574
571
577
573
576
578
575
575
576
576
574
575
571
571
570
577
573
576
576
576
574
576
574
572
574
572
571
570
568
570
570
568
572
570
570
572
576
320
256
319
576
577
574
576
576
579
582
581
572
599
619
629
640
647
660
692
28
665
684
677
688
689
688
687
685
692
694
711
28
684
694
718
710
694
704
709
708
696
691
696
704
709
709
709
721
735
739
743
755
768
779
778
771
772
777
766
755
739
845
33
812
30
783
778
770
765
762
751
743
745
745
744
767
766
753
745
22
723
714
710
721
734
742
758
790
809
802
827
839
847
847
860
854
847
845
837
833
830
842
855
852
852
869
884
865
866
869
871
859
867
877
871
875
897
904
883
882
894
883
871
874
879
198
682
1029
206
823
812
795
812
816
836
838
860
873
883
897
902
895
889
888
887
881
875
862
843
832
826
824
816
797
808
821
845
883
893
892
916
940
953
929
227
702
1129
212
918
899
26
874
410
464
1296
454
842
839
859
883
878
891
900
919
914
920
947
964
941
984
98
886
912
958
97
862
923
929
933
955
960
951
954
966
949
940
957
949
944
947
958
936
936
952
964
941
963
974
27
948
944
952
962
944
947
956
960
939
927
26
902
962
188
775
858
879
875
880
890
877
881
881
874
862
858
864
863
860
874
884
888
896
903
912
899
906
916
916
911
927
930
934
926
931
25
906
889
160
730
1076
183
893
900
893
908
920
914
918
932
944
942
1009
171
838
899
904
906
916
911
930
915
898
38
861
32
829
838
854
854
855
866
879
885
877
883
891
890
886
892
888
886
884
876
880
909
909
914
939
960
958
964
976
987
971
966
970
987
28
959
54
906
908
907
320
587
1240
321
919
919
910
916
925
923
931
951
952
944
955
965
954
954
966
974
966
975
997
1003
992
1006
1014
1015
995
1000
1015
1016
1004
1023
1024
1012
1019
1019
1019
996
1000
1001
999
992
999
993
29
964
964
396
569
1320
404
916
914
915
904
905
912
919
916
929
941
937
942
948
944
927
930
932
921
927
925
922
906
895
888
873
861
147
715
1028
165
864
860
869
873
874
879
888
899
890
898
897
882
880
892
898
884
881
884
883
878
884
885
879
889
890
892
891
897
894
888
892
893
888
890
895
901
47
855
859
847
832
817
817
835
854
890
868
906
916
929
913
932
935
923
905
908
908
891
894
910
911
900
891
871
866
886
921
36
886
871
883
891
53
838
850
865
32
833
862
859
839
863
859
872
884
875
896
884
890
880
892
900
31
870
852
849
845
885
891
913
916
896
932
928
939
925
941
955
969
1000
78
922
955
963
955
27
928
934
944
944
937
935
941
936
927
924
935
940
942
938
949
959
963
978
978
988
968
958
945
926
942
946
935
933
921
920
919
914
904
938
934
916
939
938
915
929
916
896
884
898
889
897
898
914
923
908
921

