17-10-2022 - 9:05 - Correr
Pedro Garrido
Intervalos entre latido y latido
896
886
895
887
866
875
878
877
867
873
875
874
875
879
878
868
878
877
869
873
875
874
873
883
882
879
875
878
874
870
877
871
862
866
864
855
857
860
857
852
861
859
851
858
857
848
856
864
861
860
868
872
860
865
871
872
867
875
879
875
868
874
875
868
879
877
880
875
885
886
878
875
882
883
877
882
884
876
880
886
885
871
882
877
879
867
873
865
850
843
862
869
867
870
872
869
877
884
877
884
887
888
893
900
898
902
910
912
900
912
907
904
904
906
907
899
906
905
897
898
900
896
885
890
889
882
884
884
875
878
876
867
871
870
865
858
861
862
850
858
858
848
848
850
843
845
845
833
837
838
830
833
833
826
828
832
835
822
837
833
833
831
842
846
843
851
853
849
860
867
866
871
875
869
873
879
872
874
876
875
875
884
884
874
880
881
873
878
878
875
870
877
875
873
873
875
875
867
876
874
865
872
872
868
868
868
860
854
854
849
838
840
833
827
833
827
823
829
826
823
825
826
818
823
824
815
823
822
815
827
831
833
840
850
848
861
868
877
876
881
886
879
886
887
879
875
877
874
872
875
876
867
875
875
866
868
866
862
864
864
860
857
860
860
851
857
855
853
845
849
848
843
849
848
845
848
850
846
846
852
850
846
847
850
845
850
845
835
836
835
828
821
813
824
835
828
832
837
843
844
845
852
855
848
856
861
861
859
871
878
885
891
896
901
901
896
903
900
894
896
896
889
881
885
879
875
876
877
872
873
877
875
868
875
875
869
873
872
869
872
876
868
873
875
874
872
878
880
876
877
880
871
873
878
875
872
874
874
867
873
872
864
868
872
864
863
867
864
860
868
869
869
870
875
868
873
874
872
867
873
873
866
871
877
871
872
875
873
867
874
874
866
868
872
873
867
873
877
868
869
873
876
869
874
875
869
868
873
866
856
864
862
855
853
865
859
849
866
873
862
862
866
861
859
851
841
846
839
842
841
836
843
844
835
829
846
851
857
848
846
838
837
833
825
817
819
811
806
808
808
800
803
805
799
791
791
789
786
780
784
783
776
771
762
765
754
756
752
752
743
741
750
747
738
729
732
730
730
721
718
708
718
708
714
699
695
693
695
693
684
679
683
682
667
680
681
671
680
669
687
682
679
678
683
683
685
692
687
684
680
687
680
677
670
678
673
668
665
666
663
657
656
659
659
653
655
658
655
648
648
645
645
642
637
631
626
626
625
618
617
615
614
611
606
604
604
602
599
604
603
603
598
611
608
602
603
612
610
609
619
620
614
617
621
620
622
622
626
621
615
623
623
616
615
611
615
614
609
600
604
602
602
591
599
593
589
585
592
590
589
588
591
589
592
587
593
597
597
591
598
597
592
594
602
599
594
596
602
596
589
595
595
589
588
590
590
588
584
583
589
586
586
595
598
612
621
625
626
633
642
660
666
669
673
669
671
682
682
685
678
678
690
703
694
697
691
701
702
701
683
674
686
689
689
714
725
743
751
750
756
754
763
750
766
759
761
775
773
776
791
777
775
777
773
775
766
759
758
745
745
752
748
755
755
762
774
786
784
788
816
819
818
826
823
812
806
804
803
804
793
792
797
795
790
799
799
795
805
809
806
809
815
814
810
815
823
814
815
820
812
803
822
822
819
806
820
814
802
814
818
805
818
818
808
822
828
821
832
841
841
841
848
845
844
849
852
840
855
851
834
839
841
828
838
844
842
842
852
853
847
861
864
853
868
869
858
865
862
852
861
860
850
858
862
858
855
851
841
844
850
851
843
848
851
854
849
856
858
853
856
862
861
858
862
859
858
865
861
860
873
875
869
878
883
875
882
884
875
881
877
865
872
872
856
863
858
839
843
835
826
824
823
811
800
795
817
811
804
802
791
794
793
786
786
785
787
782
788
798
800
810
822
822
830
835
837
833
840
844
840
843
846
839
849
848
844
845
849
841
842
845
836
833
837
838
833
845
847
840
847
853
842
850
850
850
839
854
858
849
861
870
861
869
870
868
874
876
868
878
881
878
868
875
873
862
863
865
867
852
850
844
842
830
837
834
837
838
844
848
844
852
853
847
854
853
833
833
850
840
842
848
837
837
830
817
813
820
811
825
828
836
835
850
853
853
851
858
865
845
856
853
851
841
853
853
843
851
856
851
847
857
857
847
853
854
855
846
858
861
857
859
865
862
855
863
862
853
858
861
852
854
858
857
851
859
857
852
859
862
850
865
866
856
864
866
860
872
876
868
871
876
871
871
874
872
861
868
859
854
858
848
840
847
844
841
855
856
846
856
853
852
864
866
861
875
878
875
871
872
861
868
871
861
867
868
864
867
866
856
858
862
862
854
867
868
866
874
874
861
869
869
858
864
863
862
853
864
860
850
861
859
849
855
857
856
853
861
864
854
865
861
851
860
861
853
855
859
854
840
835
868
870
870
879
865
879
877
877
871
874
870
869
872
874
864
868
868
868
861
865
867
860
859
864
860
850
858
853
853
847
849
844
841
849
845
842
851
848
844
853
844
836
840
833
824
833
826
822
828
834
838
833
839
844
836
845
849
845
854
859
854
866
871
867
872
869
885
888
893
899
907
904
911
909
903
903
901
897
897
895
900
892
899
900
889
894
896
897
902
899
887
895
894
886
893
894
888
892
893
895
887
893
893
887
896
1791
896
896
894
892
883
873
872
875
874
869
872
859
864
859
859
865
869
873
877
874
876
875
875
864
868
865
857
866
853
863
871
868
864
871
871
871
875
878
879
875
870
877
882
882
881
875
886
884
887
887
892
891
892
893
890
880
885
883
885
878
881
874
873
869
859
866
868
871
863
875
879
884
887
887
885
871
871
875
876
877
881
882
880
883
889
891
884
888
891
891
889
896
895
895
891
881
885
886
876
884
888
888
889
897
883
894
895
890
891
888
886
889
891
896
889
886
877
884
880
867
875
876
873
883
888
886
897
898
898
897
902
901
897
895
896
899
900
895
900
890
899
896
888
891
891
889
886
888
884
883
885
883
875
872
874
864
871
869
863
863
866
869
863
871
874
875
886
883
892
893
895
893
889
899
904
896
895
899
899
891
894
895
881
888
890
892
881
890
889
884
878
882
875
877
877
881
873
884
886
883
883
889
885
888
877
869
888
892
890
894
893
888
888
881
885
873
878
880
876
877
875
873
870
875
877
879
873
876
876
875
881
888
887
886
873
877
878
879
879
884
888
883
893
893
886
886
881
876
873
869
872
873
872
877
881
872
873
875
875
865
850
857
858
861
870
865
862
865
866
865
850
847
849
849
847
849
858
860
864
866
859
866
867
866
855
861
865
866
865
862
867
872
874
869
864
869
870
859
864
869
868
862
857
861
869
864
871
865
868
871
877
876
882
873
873
873
871
869
871
861
876
867
870
871
869
866
861
862
870
865
864
869
876
875
878
874
881
879
877
878
871
873
874
876
875
870
876
869
873
870
875
870
869
873
875
867
877
877
874
873
871
875
875
866
870
874
872
860
864
858
856
849
855
848
860
869
878
870
883
872
881
884
876
885
884
884
881
879
867
875
874
871
864
873
868
865
877
880
878
886
895
891
898
900
893
899
897
889
875
875
872
874
874
873
868
876
876
869
881
881
875
886
886
884
888
878
883
886
886
879
883
881
872
883
885
879
889
887
879
886
889
878
889
891
880
895
897
891
900
897
890
891
886
869
878
873
871
865
873
873
871
870
861
871
873
872
874
875
864
875
880
879
881
879
880
882
878
882
883
879
885
884
884
870
866
873
886
887
883
883
868
876
876
867
872
876
873
869
858
853
869
874
872
875
880
883
887
887
887
889
881
889
891
891
893
892
884
893
895
900
903
900
896
902
900
894
895
896
882
892
892
881
888
886
881
866
875
870
864
867
875
875
868
875
875
875
879
880
882
886
882
888
887
877
885
881
886
877
886
885
883
876
882
881
884
888
889
883
894
892
893
899
889
884
872
859
868
851
857
848
848
843
840
837
835
843
849
853
858
860
861
873
876
882
885
890
885
898
896
895
878
882
888
881
870
857
860
853
834
842
845
852
846
859
866
874
881
889
891
897
891
898
896
896
893
893
892
886
874
881
874
875
868
875
872
866
871
874
872
877
878
875
870
871
873
866
875
879
886
883
889
890
888
885
889
869
879
879
882
883
878
875
878
879
881
875
881
880
879
874
885
885
885
886
889
888
885
882
884
879
874
883
884
887
887
886
892
895
896
899
903
895
903
908
904
905
907
902
896
898
890
885
881
884
875
872
859
871
867
864
858
862
863
856
865
867
869
873
880
877
884
886
874
885
887
884
881
890
889
884
890
892
891
894
893
888
892
897
894
883
887
894
889
879
869
895
905
892
888
889
877
884
891
889
888
891
896
896
900
903
909
907
896
892
896
898
901
901
892
895
892
875
880
884
885
882
876
884
887
888
878
883
884
882
877
875
859
857
856
848
852
849
839
841
839
835
832
837
841
841
845
853
858
865
870
874
877
868
873
873
870
869
868
867
864
862
862
861
863
867
864
867
870
867
870
872
865
868
867
861
867
870
865
875
877
865
874
876
871
881
883
883
889
895
890
885
898
892
893
885
882
880
876
876
871
858
869
869
877
875
880
889
898
899
895
898
898
899
895
894
898
890
891
897
901
901
901
902
903
900
905
893
905
917
917
917
916
912
906
907
903
905
894
898
902
907
904
903
895
891
887
879
882
885
885
893
904
911
915
921
929
932
929
927
923
916
915
916
916
916
913
905
910
906
905
908
906
898
907
907
899
905
906
900
907
905
907
905
912
916
906
907
897
902
897
890
892
894
892
886
892
893
887
873
877
902
892
890
897
893
889
887
885
883
885
882
878
867
875
877
880
885
885
885
889
886
888
892
887
891
893
893
888
894
893
891
882
884
870
876
873
860
867
867
858
867
866
858
862
861
859
870
875
869
880
880
880
882
880
879
879
881
875
876
882
882
883
880
881
878
871
879
878
880
882
883
889
884
887
887
890
895
886
886
890
889
892
892
888
893
896
897
893
889
887
889
890
882
886
885
886
890
885
883
879
882
882
886
889
887
891
897
900
896
901
892
896
895
883
887
889
885
879
876
871
870
870
873
873
866
873
879
874
873
879
885
882
884
887
887
890
891
885
884
886
886
875
886
883
882
878
878
870
873
874
875
873
875
881
875
890
890
892
884
890
892
891
883
888
877
870
862
863
856
862
860
865
869
870
858
870
871
866
873
876
870
884
882
886
885
876
882
887
884
884
892
894
897
893
890
900
897
902
900
897
887
892
896
890
890
892
887
894
897
896
890
878
883
881
875
876
869
867
866
866
863
867
871
874
878
880
880
875
883
884
887
886
880
882
890
893
894
893
898
885
891
890
888
879
889
880
881
872
876
879
880
881
871
881
876
875
872
875
881
884
877
880
883
888
895
895
888
890
890
899
897
904
898
898
906
907
909
912
912
907
914
916
907
905
881
341
541
1009
99
911
53
858
860
866
865
862
866
864
869
876
876
877
878
880
889
885
883
885
875
875
877
875
871
855
860
844
836
822
825
817
812
802
810
806
794
801
797
790
792
799
803
791
787
793
796
791
786
768
755
761
754
747
750
762
774
791
795
802
804
817
826
833
828
836
849
858
855
839
842
844
836
834
825
829
833
833
828
836
838
833
837
832
828
823
825
827
827
827
837
845
852
854
855
866
864
868
857
863
858
841
842
840
824
826
824
821
813
819
823
814
822
824
818
816
814
809
810
816
814
817
813
822
816
826
826
820
823
828
830
824
833
836
830
837
838
835
840
841
834
840
844
841
844
846
849
840
844
845
852
849
848
836
850
858
862
853
864
867
860
851
848
856
853
848
853
844
851
852
845
833
832
832
835
830
829
833
835
837
834
829
841
837
828
832
830
828
829
815
850
863
861
868
867
871
863
852
864
851
862
859
856
849
856
858
851
855
859
853
860
862
860
862
862
864
872
871
865
872
874
867
867
862
852
848
843
834
830
833
834
830
833
833
825
824
826
827
833
834
836
834
844
837
840
843
838
842
837
835
835
835
834
837
834
830
837
836
828
832
834
825
817
828
854
840
833
837
835
841
838
839
833
835
834
829
830
830
831
839
839
836
851
860
866
862
872
874
869
875
874
867
870
878
884
880
876
873
875
875
869
877
875
872
880
884
878
889
891
882
878
875
881
878
874
878
877
876
885
885
882
888
892
889
894
896
888
896
903
890
898
892
885
882
872
874
862
853
851
848
847
856
858
855
861
868
873
874
862
864
873
875
875
867
879
880
884
892
895
885
897
899
890
893
895
880
891
888
873
887
886
870
882
880
889
892
880
891
886
888
894
892
900
899
906
918
911
920
918
910
913
909
917
915
921
923
927
916
918
921
915
913
909
895
903
901
897
903
907
904
910
912
909
897
904
902
909
907
902
908
911
914
909
903
909
900
908
903
896
902
903
896
906
908
899
911
913
907
910
902
921
912
911
900
898
893
882
885
888
882
879
889
890
895
904
914
916
909
901
887
900
911
890
263
628
1047
164
884
30
855
853
846
854
852
857
867
877
886
891
899
896
902
907
908
914
913
910
909
909
890
886
878
871
860
846
839
842
834
839
839
833
838
842
846
844
857
860
858
867
874
868
877
884
875
882
882
882
884
885
871
877
871
866
864
859
847
857
856
852
849
849
846
853
856
854
854
856
860
861
873
873
873
878
879
877
876
884
881
876
885
887
881
885
887
878
880
879
866
874
872
861
867
871
873
863
875
875
875
872
875
877
876
880
884
885
888
888
881
886
888
890
880
887
880
873
876
878
883
879
887
891
882
890
892
881
887
885
877
884
884
871
880
885
877
882
884
877
880
881
876
875
880
884
872
882
888
884
876
887
891
883
884
888
879
880
884
884
877
887
892
885
891
894
894
888
897
901
896
899
902
892
898
899
896
891
895
893
887
893
892
885
888
887
866
873
863
857
862
859
860
859
869
875
870
881
889
889
899
907
906
901
909
911
902
907
908
898
907
903
892
899
898
890
898
900
897
907
912
909
906
912
913
902
910
906
894
907
908
899
904
907
908
890
911
906
907
906
893
898
900
894
897
903
907
910
906
912
917
916
907
912
918
918
911
913
914
913
906
909
912
902
906
908
907
889
894
883
877
878
869
875
879
885
875
887
890
889
886
893
902
892
898
897
891
892
888
883
875
881
876
857
849
855
859
853
865
872
876
875
881
885
881
878
886
890
896
892
896
901
906
903
904
908
911
901
909
907
896
900
905
904
881
872
890
895
893
896
895
891
900
904
902
908
914
912
914
911
896
900
900
898
900
907
907
900
911
914
904
908
901
904
894
896
891
885
891
888
24
864
872
862
862
870
866
866
862
855
854
854
844
832
839
832
822
812
813
816
816
820
828
840
855
864
865
864
851
866
857
871
872
875
883
884
878
877
888
877
880
882
879
887
894
894
897
893
904
910
914
913
908
909
909
901
907
906
905
898
897
883
892
889
886
876
882
881
876
873
877
880
871
884
885
874
881
881
880
873
880
884
882
874
881
890
890
876
883
880
885
880
891
896
904
899
905
908
898
903
912
909
902
909
909
901
900
904
902
898
904
907
894
904
900
888
893
895
889
882
885
883
872
875
864
869
873
870
866
878
882
877
885
882
875
889
892
885
897
901
895
900
901
896
902
905
902
900
903
899
892
896
880
879
885
884
890
892
893
898
899
892
902
904
906
907
916
920
913
919
917
911
908
907
908
896
907
906
896
901
902
895
893
896
894
886
892
891
884
894
892
873
885
886
884
878
889
895
885
891
889
881
890
895
895
892
901
901
898
907
911
913
908
916
918
910
915
916
911
913
910
908
899
902
898
885
896
899
892
895
898
894
30
865
875
894
894
893
894
878
890
891
890
886
892
897
897
905
910
915
910
916
917
918
910
916
917
905
901
903
902
892
900
900
899
887
893
880
882
878
875
864
863
861
847
851
840
833
834
838
842
843
844
852
850
844
846
850
858
869
865
859
869
876
879
875
879
885
885
875
878
880
887
877
884
889
888
881
887
896
891
885
887
884
874
875
878
876
875
882
888
886
889
894
874
875
876
875
869
874
874
876
874
877
879
874
884
891
888
889
893
899
895
898
897
895
887
892
894
884
890
890
892
888
896
899
893
896
897
897
887
895
898
888
884
884
884
872
881
880
882
870
879
875
854
858
855
851
848
854
852
845
854
861
866
862
876
879
885
881
892
880
867
887
883
886
893
889
897
902
899
897
903
913
915
918
915
917
917
917
921
917
896
903
902
899
890
899
905
897
903
909
905
901
903
901
893
900
896
880
891
892
881
892
892
883
885
885
864
865
866
865
865
860
871
874
878
883
883
885
885
882
875
889
888
896
900
898
901
894
906
898
906
911
898
891
906
914
916
928
940
950
931
938
945
943
947
951
951
947
944
945
947
957
956
938
949
954
950
942
938
937
945
941
947
952
957
953
960
965
954
960
961
950
956
952
959
950
944
943
930
921
919
920
916
919
925
926
914
922
926
931
934
938
934
938
940
943
941
934
934
929
921
922
914
912
903
890
897
901
904
909
910
919
916
931
936
941
939
938
942
942
935
927
928
933
934
934
928
921
928
934
941
926
909
933
939
946
951
956
957
956
949
953
954
952
953
953
951
952
950
954
954
952
957
958
961
957
953
951
953
952
946
939
940
940
934
925
926
932
931
928
921
923
919
917
919
920
925
929
926
926
931
924
927
931
923
916
918
908
909
914
911
906
913
909
908
901
902
900
904
904
898
907
907
899
904
907
906
910
912
894
900
904
905
898
908
897
897
902
905
898
898
905
912
910
915
919
921
927
917
924
924
928
929
930
924
927
931
924
924
924
925
926
926
916
911
904
897
890
897
900
902
901
902
905
904
906
907
905
905
902
903
900
899
892
893
897
899
888
896
889
896
894
898
888
889
885
876
879
883
886
893
894
902
901
895
900
906
905
907
905
901
910
906
898
902
890
899
896
898
885
897
895
897
889
896
901
894
902
908
905
906
909
909
899
897
896
894
886
891
894
887
882
887
891
880
881
880
879
881
882
881
873
883
891
893
890
888
894
897
902
893
899
898
887
888
890
881
875
871
904
897
894
902
899
902
896
906
903
903
893
898
900
904
906
906
916
916
913
909
914
916
911
907
904
894
902
906
890
889
888
895
883
892
890
885
889
886
877
886
879
872
869
872
864
871
873
875
885
890
887
896
903
901
904
897
893
889
887
889
883
879
871
876
880
882
887
892
894
885
899
911
917
905
914
918
917
926
932
931
921
929
935
937
935
931
937
932
925
929
929
923
921
927
927
922
920
925
919
915
917
912
903
909
909
910
898
904
907
907
890
882
872
877
877
884
884
883
879
886
889
898
892
891
902
902
911
915
912
916
924
919
917
917
927
933
927
936
946
946
943
949
942
942
942
946
942
945
946
948
936
916
917
919
923
927
929
933
931
922
935
938
933
941
940
940
948
949
947
945
944
945
943
935
938
942
936
935
922
931
931
916
905
910
902
899
892
902
903
905
907
904
912
917
921
919
922
928
930
926
914
911
922
920
925
930
924
927
917
912
912
908
905
907
898
904
905
897
905
904
906
904
906
892
894
911
920
929
936
932
925
917
919
918
915
916
913
910
906
911
916
917
917
916
906
908
922
927
932
928
919
899
899
899
897
904
907
914
914
913
916
909
912
916
908
892
901
913
920
931
929
931
925
916
923
918
919
921
918
916
916
927
929
924
925
913
924
920
921
922
926
921
916
924
915
936
938
942
942
941
943
941
943
946
947
937
944
935
927
921
901
922
933
945
941
931
929
920
29
892
904
908
914
913
917
912
914
917
917
916
916
914
894
916
922
921
930
930
935
932
924
922
916
905
887
901
904
906
912
914
915
914
910
903
905
899
897
909
918
914
936
942
948
940
937
938
926
922
916
920
919
919
916
924
928
926
927
927
923
908
913
910
912
916
919
916
915
913
907
893
905
907
912
916
918
923
922
919
917
916
902
913
916
923
925
926
921
914
912
911
911
906
901
911
915
907
917
917
915
925
933
938
938
940
941
939
948
947
941
936
921
917
915
917
916
918
916
917
918
921
926
929
929
933
935
933
935
942
934
927
918
912
899
890
895
895
883
888
892
875
864
867
864
870
872
875
881
893
887
900
905
910
911
907
910
916
916
913
917
919
910
900
910
913
915
912
914
891
885
893
895
882
26
857
875
866
852
836
822
823
820
820
811
807
812
816
821
830
839
846
863
876
888
900
914
919
929
932
931
929
926
913
923
919
918
915
910
899
904
902
900
888
896
894
894
879
869
875
874
861
859
851
837
833
835
828
833
827
838
845
853
857
872
881
885
886
889
895
896
892
894
896
886
873
879
875
876
867
874
875
872
873
879
883
882
881
884
875
875
880
882
874
883
889
889
878
885
890
885
878
885
888
884
882
883
882
873
878
880
867
871
869
867
861
861
867
869
871
868
851
863
866
872
880
885
883
895
904
899
898
900
900
890
889
883
886
890
884
889
888
887
880
881
880
24
857
855
832
833
844
834
831
826
822
825
815
816
812
809
813
816
825
835
849
865
868
882
895
901
910
907
912
909
914
912
910
911
901
895
892
893
880
887
887
883
885
891
895
885
879
874
859
847
854
845
855
860
863
863
877
885
875
882
888
879
877
884
877
874
878
871
858
867
866
859
865
871
872
872
884
885
882
889
890
881
883
886
885
878
884
863
860
857
851
851
850
845
853
850
866
873
876
888
898
894
905
916
921
929
927
911
916
913
910
919
926
925
914
919
922
911
915
913
907
900
899
892
885
892
895
876
872
872
871
864
878
883
885
897
900
901
893
903
909
901
907
911
908
911
916
916
904
912
916
907
915
918
916
914
920
920
905
912
912
902
887
882
876
867
876
881
876
884
891
904
914
911
916
921
921
916
926
919
909
914
915
899
909
910
904
908
915
911
909
916
913
904
913
916
907
916
917
901
911
916
901
906
904
896
894
896
886
889
877
865
871
862
854
864
873
870
872
883
887
882
885
877
885
875
863
870
869
862
853
880
861
861
862
850
860
850
846
835
838
835
834
827
833
839
851
846
860
866
865
875
879
875
863
866
868
867
865
867
873
882
884
881
896
902
905
900
901
906
903
893
899
890
876
880
882
886
876
888
886
883
874
876
875
865
867
867
865
853
851
838
827
825
826
826
837
842
860
860
872
880
862
864
856
853
852
847
833
825
812
795
782
785
788
790
797
791
798
812
792
791
782
776
763
767
765
757
763
763
755
747
748
741
750
746
746
739
741
736
728
735
726
721
721
725
720
717
723
715
717
718
716
714
717
714
712
710
713
713
709
710
716
720
728
731
730
732
737
725
724
725
719
713
719
706
701
688
685
684
679
670
677
669
664
663
664
658
655
654
655
654
644
642
644
644
642
638
645
640
635
635
635
631
623
622
620
622
617
615
621
619
613
611
613
611
607
609
615
612
609
614
613
610
607
609
609
609
606
609
610
611
604
604
607
605
603
602
601
598
594
598
599
600
589
592
588
585
587
594
591
585
586
589
588
586
585
589
589
586
588
593
595
590
594
596
595
591
595
592
589
596
596
600
594
600
597
598
599
605
601
594
592
593
592
590
591
593
588
587
588
583
579
578
586
581
575
579
576
571
569
577
570
570
577
584
596
601
608
610
617
630
639
636
640
647
665
673
678
672
685
681
686
680
690
697
702
696
708
720
720
735
756
787
809
798
782
791
796
795
797
804
801
791
791
794
780
790
793
790
791
787
787
793
795
785
793
793
786
205
581
964
152
813
802
806
812
810
824
830
819
832
827
810
816
806
801
813
805
796
817
819
821
824
832
833
832
835
837
825
834
834
820
826
829
828
833
840
849
830
847
871
866
871
870
871
862
853
854
857
848
859
859
863
865
869
861
875
865
869
869
863
869
867
866
874
871
862
869
869
857
865
873
867
874
878
872
862
870
865
854
863
866
861
870
868
874
875
854
864
862
853
868
869
862
869
871
864
875
883
875
888
888
879
884
888
874
883
882
876
884
885
875
883
880
861
882
896
887
880
886
884
881
882
886
877
885
884
878
886
897
893
897
908
902
900
901
899
886
894
892
887
890
896
878
885
881
874
865
874
874
875
880
880
863
867
879
880
888
889
877
882
882
873
877
879
871
879
877
869
875
883
879
890
899
899
908
921
915
933
920
909
908
905
896
907
907
915
918
912
902
910
912
903
908
914
904
903
905
901
898
895
896
877
880
877
863
867
873
870
877
885
889
889
902
897
911
901
898
894
900
896
885
893
888
873
862
892
887
890
895
881
892
897
891
890
896
883
893
892
886
889
888
869
868
870
874
874
864
868
865
858
860
850
850
841
834
824
820
809
807
812
817
816
828
834
846
853
859
873
883
870
879
875
873
859
865
854
851
858
857
846
850
849
839
840
844
844
845
851
859
848
859
858
852
858
858
849
866
866
861
874
882
876
897
897
889
898
893
881
876
875
858
862
858
852
851
849
843
846
850
843
852
852
852
854
859
856
849
860
864
850
860
854
847
848
850
846
846
847
841
842
845
843
841
844
840
831
833
830
822
819
816
805
803
800
815
813
811
826
831
833
844
847
852
843
852
850
839
840
840
826
833
833
832
845
846
841
856
860
853
858
859
860
855
860
865
860
863
864
854
866
866
866
872
879
869
879
875
870
869
872
865
875
868
868
868
865
866
865
854
852
854
851
847
860
861
871
870
872
878
879
886
893
899
892
906
898
897
897
896
890
891
892
884
891
893
887
890
896
882
876
898
914
912
911
917
907
911
906
911
903
908
908
913
905
909
912
916
902
909
909
902
900
903
904
893
898
893
879
881
875
869
865
872
866
867
879
881
876
887
884
880
879
882
870
872
871
863
862
872
869
870
875
867
873
867
871
875
879
875
878
883
887
891
890
884
888
885
884
884
871
875
873
868
868
860
865
860
859
857
862
868
873
874
884
892
898
911
915
920
923
922
911
919
916
916
904
913
917
908
915
914
912
912
916
908
916
915
912
914
919
911
919
914
917
909
918
915
907
902
900
893
899
899
896
899
898
892
894
896
894
881
879
872
865
846
850
839
840
835
833
830
831
823
816
806
805
804
801
795
810
803
799
799
800
809
808
808
802
806
799
802
804
806
807
822
832
837
834
836
828
823
810
798
790
785
772
22
751
753
741
740
745
748
757
757
761
767
758
753
761
768
763
763
761
751
743
740
737
726
729
732
726
726
723
708
704
699
703
703
696
694
697
695
696
688
691
691
689
695
692
687
687
690
689
692
693
699
696
704
716
722
724
729
724
719
712
708
709
706
703
702
703
695
694
699
697
699
708
712
718
725
730
740
739
748
755
751
766
783
772
768
761
748
747
742
732
734
728
723
722
731
726
731
743
746
753
757
780
806
785
790
786
787
791
793
790
796
802
795
803
810
806
806
804
801
802

