21-10-2022 - 9:14 - Correr
Maria  Iris Mansilla Díaz
Intervalos entre latido y latido
601
593
595
604
605
598
607
601
597
597
594
592
589
590
596
594
598
598
606
617
612
605
608
627
625
632
654
655
646
658
660
647
642
637
652
674
33
642
641
649
653
646
646
697
39
658
671
23
649
644
639
643
672
20
653
642
737
89
648
687
676
673
737
725
708
747
760
745
726
738
723
709
711
714
21
694
684
692
686
672
684
693
701
684
699
714
722
721
738
741
24
717
721
730
728
711
697
708
704
691
677
680
692
682
679
694
704
713
702
746
43
704
766
97
669
666
673
661
653
641
642
664
661
655
702
698
697
736
737
744
734
746
759
741
761
755
741
729
719
723
26
698
712
715
707
689
670
668
665
19
646
632
637
643
647
641
637
653
666
704
51
653
691
677
21
657
651
657
650
637
633
661
657
639
633
641
647
648
633
646
648
651
644
655
663
666
28
639
654
645
642
629
628
633
639
638
629
649
640
642
628
628
626
618
610
615
619
610
608
599
599
603
600
600
599
597
612
617
619
625
630
630
630
636
650
661
652
645
662
667
661
648
664
655
655
642
633
641
645
653
645
646
663
661
654
662
668
674
665
663
666
657
647
659
707
52
655
658
658
23
636
635
624
611
601
597
592
590
587
585
586
626
648
20
628
625
624
618
625
636
639
632
661
666
662
660
689
679
670
747
67
680
681
687
689
688
672
673
660
665
658
648
663
668
673
703
717
716
726
724
716
702
716
705
687
687
681
684
669
683
683
677
667
663
670
662
662
669
675
668
681
682
686
682
692
682
671
670
681
666
648
637
629
625
629
645
634
634
632
627
625
627
618
617
614
622
620
624
636
637
634
644
644
19
625
625
628
638
646
649
658
665
668
657
678
675
668
663
662
661
648
662
662
660
658
658
652
662
665
671
658
653
649
659
642
645
654
653
662
675
684
680
670
671
673
669
668
669
674
679
19
660
653
648
661
656
643
650
653
642
638
638
635
625
625
648
651
653
658
666
674
684
679
23
657
661
679
665
654
652
661
660
650
643
648
651
655
647
657
667
662
666
683
696
696
698
699
730
724
709
718
714
702
695
686
676
21
656
646
635
18
618
616
720
701
41
660
26
635
624
619
625
643
648
652
654
665
670
664
664
684
683
687
673
690
697
708
695
714
715
713
25
689
683
676
666
654
646
643
633
625
626
622
620
608
605
605
608
604
607
616
630
644
644
639
637
636
642
648
654
643
636
631
629
630
617
614
612
608
606
601
602
597
596
598
622
620
616
618
631
641
641
641
635
654
658
657
643
638
633
626
615
607
611
614
610
626
615
607
609
606
591
585
582
571
573
317
256
256
255
344
551
546
541
534
530
527
521
519
509
514
508
504
500
494
494
492
489
487
484
486
486
487
491
489
491
488
486
485
488
487
487
489
486
489
488
491
491
493
490
493
494
492
494
494
494
492
493
492
489
492
492
489
488
487
485
482
484
482
479
481
479
477
476
476
474
475
31
444
495
23
472
473
476
472
29
443
494
49
445
494
21
473
33
441
494
23
471
473
472
472
33
440
461
465
462
493
20
473
31
443
493
54
439
461
492
55
437
461
490
49
442
491
53
438
461
490
52
438
459
490
50
440
462
491
51
440
462
459
458
459
461
460
458
458
459
458
458
458
458
458
458
458
457
458
458
456
458
458
458
458
458
458
458
456
458
457
458
457
456
458
455
458
456
490
57
434
458
454
456
456
455
452
453
451
453
449
450
449
449
449
445
450
448
447
447
448
448
447
447
446
448
449
445
450
448
447
446
445
447
443
447
446
445
447
446
446
444
446
445
442
445
443
440
443
439
443
437
446
444
443
446
442
444
442
442
439
439
444
438
440
441
440
442
439
441
439
441
442
441
443
441
441
439
441
441
440
442
441
441
439
440
437
439
438
440
438
439
439
438
439
436
435
437
434
436
432
433
433
433
431
431
432
433
431
430
431
429
428
432
429
428
427
431
427
428
427
426
429
427
429
429
431
428
427
431
431
435
434
433
432
433
435
433
435
434
436
436
442
439
444
450
448
452
448
450
447
447
449
34
416
479
31
448
451
451
450
451
459
460
459
463
463
461
458
460
460
459
459
462
463
461
456
467
476
474
473
472
471
472
471
473
472
476
476
475
476
477
477
476
481
480
488
482
487
487
490
486
485
489
487
490
485
484
486
489
487
488
486
491
496
498
493
494
496
497
498
498
500
505
500
508
511
520
518
513
513
516
519
513
516
583
73
510
591
91
501
532
542
540
543
535
537
542
539
530
530
527
523
519
514
514
509
508
512
513
512
511
514
528
532
539
536
532
532
538
545
538
533
539
537
531
529
530
541
541
537
534
545
551
541
539
547
558
553
543
546
551
551
547
543
550
543
544
535
542
541
545
541
536
548
548
550
545
542
556
558
556
558
561
561
555
549
552
553
553
551
545
544
549
556
549
546
551
553
552
549
563
570
560
557
562
559
556
548
557
558
561
554
552
563
570
565
556
562
561
563
566
559
567
570
567
559
567
562
570
564
560
566
573
575
571
564
573
575
572
562
558
555
560
560
554
547
545
544
540
535
534
538
540
541
540
538
542
547
548
545
548
553
555
550
546
551
547
545
540
545
546
551
541
551
601
73
528
597
63
534
605
74
532
597
69
529
595
71
525
586
69
518
544
537
539
546
597
79
518
593
65
529
617
88
529
559
566
619
75
545
570
565
625
76
549
626
86
541
624
77
547
629
88
542
608
64
544
568
566
565
559
606
67
539
605
73
533
558
558
598
70
529
599
64
536
605
73
532
598
62
537
607
69
539
601
60
541
625
79
546
614
73
541
599
592
591
49
543
607
70
537
606
69
537
593
30
563
558
581
695
733
108
625
63
562
612
67
545
621
73
548
619
69
550
634
80
554
627
76
552
639
25
614
615
55
560
630
70
560
626
76
551
614
65
549
625
78
547
611
22
589
588
590
43
547
609
18
592
51
541
602
63
540
608
31
577
573
575
581
575
573
572
578
568
566
566
564
560
556
552
552
559
547
547
550
561
554
556
562
562
39
523
593
22
572
578
574
586
598
588
582
583
588
48
541
598
31
568
572
565
562
562
570
576
571
569
574
578
574
569
573
71
502
508
542
664
374
290
335
575
577
571
572
578
575
567
569
574
570
565
569
572
571
569
569
570
571
570
569
573
575
571
568
579
578
571
571
580
580
574
574
577
578
575
571
581
583
574
571
574
576
573
573
570
594
583
574
43
531
624
42
582
75
507
655
81
574
589
590
590
592
600
615
605
600
606
616
616
609
615
608
610
600
597
602
606
599
594
604
598
600
594
607
612
615
609
611
623
611
608
606
600
597
597
590
583
578
583
579
573
573
577
583
588
577
580
579
583
585
580
597
597
594
592
598
599
601
599
592
592
600
596
588
582
579
602
605
593
587
585
581
579
583
587
583
590
601
607
597
608
629
632
627
639
642
634
624
637
640
638
634
642
644
646
637
624
634
633
627
622
625
630
627
617
620
622
625
616
623
634
628
622
629
632
624
349
275
343
630
635
642
630
632
638
635
302
334
42
293
640
647
658
643
651
661
650
646
640
650
646
636
654
665
650
649
665
658
406
252
394
655
666
658
641
659
666
648
643
665
675
664
658
671
670
654
673
668
670
19
652
666
656
640
817
361
456
631
629
621
614
612
614
614
606
621
624
624
617
624
620
625
617
623
642
653
19
634
637
640
639
626
633
638
649
646
660
655
643
644
641
644
638
625
638
637
638
643
636
639
632
624
617
610
620
614
609
617
197
421
826
204
623
615
617
621
623
622
622
613
611
621
619
626
628
625
639
641
636
642
635
640
634
659
665
656
696
680
662
686
21
666
655
653
658
641
645
654
641
646
655
19
636
661
652
645
656
665
655
669
683
664
677
680
666
671
678
19
660
676
19
658
658
659
650
641
659
646
650
658
653
664
672
666
654
669
657
654
660
658
266
392
135
258
659
658
648
674
658
663
660
650
661
659
19
640
644
649
652
648
637
646
647
648
647
671
674
19
656
664
667
664
679
668
657
665
663
661
665
671
656
662
658
670
683
671
662
680
703
684
693
691
26
666
697
679
685
20
666
665
677
666
665
665
677
662
672
683
680
676
700
704
689
702
714
25
690
704
695
682
706
31
675
673
684
671
674
665
671
685
22
663
676
679
21
659
673
678
668
667
674
661
670
671
670
681
666
665
677
668
654
667
657
663
666
653
661
671
663
662
666
670
653
670
666
666
673
676
668
674
666
655
668
662
655
662
658
661
671
662
655
665
653
665
668
664
663
651
661
663
649
646
661
649
665
659
655
665
665
669
672
661
665
674
669
22
648
662
756
82
674
697
686
698
687
675
689
677
689
678
678
677
690
677
667
683
682
20
663
671
671
661
680
663
674
677
666
660
672
666
665
678
672
678
666
674
666
666
672
667
672
668
669
666
676
680
697
680
667
674
676
661
666
658
651
658
657
648
656
657
643
656
655
646
665
654
655
658
653
655
641
631
628
632
632
650
649
649
666
648
644
648
645
650
642
638
644
647
641
662
650
644
657
660
660
654
652
642
654
646
645
646
640
634
634
628
628
635
633
634
642
645
651
654
649
650
637
641
638
624
626
616
612
623
641
688
691
696
679
697
682
692
687
679
680
693
685
668
671
669
656
652
657
19
638
641
642
651
642
636
672
657
672
948
72
876
37
840
40
801
39
763
762
747
25
722
721
36
686
22
664
679
668
656
685
20
666
667
674
667
675
19
656
653
649
640
635
630
615
607
598
593
591
588
596
598
612
628
643
640
632
652
645
654
652
651
646
636
633
639
644
641
650
647
653
654
647
656
646
642
664
656
666
683
705
697
697
717
702
23
679
685
677
671
677
663
669
676
663
658
654
642
643
645
639
659
657
655
676
671
666
682
677
675
689
683
671
677
663
674
666
659
666
671
659
661
661
664
652
653
658
666
659
665
672
667
658
654
649
646
653
644
640
657
656
642
640
634
629
645
650
649
647
647
667
669
664
662
652
667
672
676
685
685
673
679
680
666
656
646
637
651
654
650
664
669
656
647
662
660
644
651
659
645
649
644
645
651
653
647
664
673
672
669
677
666
675
666
665
683
673
682
682
684
668
664
666
654
651
654
660
663
651
648
660
662
658
662
651
644
655
683
686
20
666
663
665
663
659
661
656
662
651
648
636
622
616
619
618
626
623
623
632
625
629
629
631
627
636
647
654
679
673
677
704
700
21
679
690
26
665
681
669
673
680
678
22
657
661
654
652
642
645
640
637
636
649
650
649
646
638
626
622
615
617
620
617
635
646
649
667
651
664
657
684
688
685
673
670
687
24
663
672
671
656
665
653
657
663
673
675
664
660
663
661
660
657
662
649
661
657
645
644
650
659
650
657
650
648
633
629
626
628
636
635
647
660
666
677
671
675
681
688
676
680
674
664
669
660
663
661
658
666
659
660
680
691
693
696
707
691
679
693
723
726
708
701
684
679
689
680
687
684
687
689
680
707
712
697
716
28
689
742
42
701
715
721
708
698
697
34
663
653
651
656
658
665
652
659
657
649
660
665
669
683
685
673
677
672
667
655
662
655
648
647
642
647
642
638
628
638
641
641
638
634
639
638
649
649
655
669
673
670
672
673
680
673
695
693
675
666
657
640
633
632
626
635
647
651
646
650
651
657
662
660
665
654
649
656
649
678
691
701
694
766
78
689
724
23
702
722
714
27
688
691
705
698
693
690
677
663
648
647
638
634
626
625
627
628
632
639
641
640
631
646
641
640
643
653
641
631
631
637
633
633
628
630
642
632
631
623
637
628
619
628
614
602
596
588
584
583
584
583
586
596
609
603
629
629
618
631
633
643
652
650
650
645
633
623
615
618
616
616
626
625
640
650
655
654
646
650
654
654
643
663
670
659
669
666
667
671
21
651
658
655
647
641
641
635
626
624
617
616
615
608
609
609
608
621
628
627
651
654
646
664
19
645
647
666
20
647
668
666
673
673
669
653
657
656
644
642
638
629
649
648
646
658
645
671
689
676
687
691
695
692
682
667
675
678
660
654
653
645
657
666
676
681
671
669
664
665
653
644
646
640
634
651
654
661
681
669
667
679
674
679
687
689
672
685
673
667
674
686
669
676
690
685
690
683
690
695
700
697
683
675
667
657
658
657
650
646
648
652
646
661
662
650
666
650
650
640
628
625
622
618
607
608
612
615
612
609
619
623
621
640
657
685
676
691
702
712
718
27
692
677
674
661
650
641
644
644
635
629
640
647
641
650
661
666
663
672
696
687
686
686
672
661
671
667
661
656
656
650
655
654
656
648
638
629
622
617
637
847
827
809
26
783
782
39
743
743
735
718
727
741
725
719
716
718
21
698
706
690
672
663
652
639
645
649
659
653
655
665
654
655
664
662
655
659
669
673
661
666
679
675
676
679
688
679
678
680
672
676
679
671
666
665
659
649
649
635
622
620
611
601
608
616
619
619
632
638
636
644
653
648
647
645
637
623
630
637
628
630
636
645
648
654
662
672
672
681
682
697
690
702
706
700
700
696
677
669
675
662
651
641
641
633
632
646
649
649
663
670
680
676
691
694
693
709
698
698
683
687
685
688
675
670
655
646
652
638
626
629
628
624
632
643
642
638
646
659
656
665
675
669
659
666
661
648
651
19
633
625
622
629
631
625
628
647
645
640
655
651
649
650
653
656
656
667
683
677
666
692
698
700
689
693
22
672
661
648
643
638
631
628
625
623
625
617
623
615
614
608
610
610
614
619
623
619
626
629
625
620
616
609
610
614
605
609
620
643
687
708
718
720
719
24
696
692
677
715
31
685
690
688
708
703
692
698
695
687
676
678
668
657
664
657
664
659
666
680
675
670
680
683
679
671
677
688
683
679
686
688
676
688
692
686
682
686
686
680
670
667
20
648
678
24
655
645
648
636
629
667
738
76
663
650
644
639
633
647
663
671
672
689
695
704
716
705
701
695
688
673
668
669
20
650
657
658
663
669
666
666
653
649
651
644
655
667
666
665
672
659
652
649
633
633
632
627
621
632
632
627
636
643
642
649
653
660
648
648
656
644
650
655
670
674
671
669
665
656
661
660
649
639
631
630
632
647
634
636
635
636
634
640
644
648
658
672
661
656
674
670
659
660
667
661
650
660
664
655
659
666
657
647
645
638
635
633
636
649
674
687
708
722
748
748
759
767
764
749
749
734
721
708
694
688
681
669
665
660
656
644
651
657
644
641
643
648
640
633
638
638
636
654
657
656
665
666
668
670
677
672
679
681
686
675
683
668
658
653
644
638
636
627
622
632
642
647
646
666
671
672
684
685
675
678
680
685
688
671
671
663
651
657
660
655
652
651
665
672
659
668
677
667
666
684
681
680
684
689
679
675
676
662
656
657
675
676
670
696
691
684
685
694
690
674
679
680
670
687
694
680
689
692
692
678
681
684
674
680
677
666
662
667
672
659
666
676
666
662
670
679
672
672
679
664
666
667
657
647
643
628
626
627
624
625
635
632
624
636
633
638
636
649
652
653
664
675
669
678
675
667
665
667
668
653
662
666
652
656
666
659
649
654
644
636
653
642
638
642
641
645
637
645
640
633
644
644
647
656
672
671
670
679
673
671
686
685
688
690
710
705
702
717
710
697
683
671
678
680
666
661
664
654
648
680
683
689
678
679
677
678
681
692
690
682
686
693
689
682
690
681
674
677
669
663
663
660
648
649
655
645
654
669
676
674
664
673
663
656
650
644
640
644
640
642
626
620
614
644
889
56
834
23
812
31
782
34
748
750
34
716
31
686
687
721
36
685
716
706
692
680
692
692
685
685
672
668
675
667
654
649
640
637
639
635
630
627
628
633
638
650
666
666
665
681
690
691
694
692
690
685
677
670
675
679
677
683
676
672
664
665
680
21
660
671
671
665
661
665
661
659
665
666
654
649
639
635
637
641
632
643
649
662
668
671
667
682
674
672
666
669
653
646
641
630
630
633
634
642
650
660
667
673
681
674
673
671
671
668
666
656
656
660
659
659
671
661
659
656
652
662
665
653
660
652
649
654
655
657
678
680
674
683
675
678
677
677
680
679
673
668
663
654
648
690
736
726
716
712
21
692
691
685
710
704
700
702
693
690
684
694
693
689
670
657
26
631
618
604
589
583
583
576
572
575
574
581
607
650
708
723
708
26
682
24
659
662
671
20
652
663
663
666
660
643
638
635
629
616
607
618
632
635
656
704
162
542
888
205
684
682
20
663
651
649
647
647
665
722
743
746
742
736
718
714
716
28
689
683
679
666
677
677
685
685
688
687
694
696
688
689
688
679
676
666
667
657
651
645
649
656
660
662
655
667
674
675
666
664
652
663
657
651
702
784
43
741
725
708
693
678
674
680
668
683
676
671
672
681
673
680
675
673
672
663
662
670
671
667
680
678
670
674
677
20
657
652
644
641
637
640
641
634
626
621
616
609
611
615
622
635
631
641
662
664
656
661
662
666
661
664
659
652
649
647
656
657
668
671
666
668
667
666
669
667
661
660
654
648
650
644
646
650
646
656
649
669
663
669
661
657
652
642
651
641
644
645
652
652
661
662
670
657
647
636
630
632
633
630
632
635
638
648
653
654
651
656
653
654
653
653
644
637
638
650
663
666
680
686
683
671
660
663
673
681
676
677
681
676
681
675
673
694
686
694
706
716
716
708
707
706
699
25
675
673
665
654
656
676
682
680
686
689
697
695
692
694
682
680
690
680
677
671
669
660
650
641
643
643
669
731
716
704
701
710
709
710
703
712
707
696
707
711
699
708
701
707
689
676
672
673
664
666
673
679
693
681
680
687
677
673
674
674
672
669
674
671
669
676
666
670
673
664
651
645
641
654
667
685
676
703
708
716
741
21
720
733
727
722
718
705
706
707
702
711
714
713
703
697
683
669
660
645
640
638
632
626
625
629
639
647
648
658
657
662
659
682
676
683
693
686
679
666
653
640
633
628
618
614
622
649
677
679
708
714
746
750
739
746
28
718
722
731
716
716
712
700
691
690
683
690
680
669
662
19
643
638
636
631
628
634
630
649
651
661
659
661
651
660
650
666
662
650
641
634
622
614
615
619
619
625
633
645
660
657
676
686
676
677
698
701
711
728
722
713
724
717
716
704
700
696
686
679
671
663
648
648
676
693
722
733
720
720
717
728
716
711
733
725
731
764
770
771
25
746
757
749
733
715
699
696
693
20
673
672
664
661
657
662
666
678
671
671
655
650
673
680
683
706
726
730
733
721
726
717
714
719
708
711
701
695
687
687
681
671
666
667
665
661
659
672
681
685
768
46
723
31
692
20
673
656
27
630
621
614
601
594
592
588
590
585
583
583
583
583
577
572
570
569
571
571
569
570
571
570
570
567
566
564
563
558
558
556
558
562
561
560
562
557
563
564
561
564
570
564
573
573
570
570
571
570
568
571
569
560
559
560
568
570
573
571
565
575
572
571
572
574
574
577
583
577
579
575
582
580
580
575
573
575
576
571
573
576
570
562
564
569
560
566
568
569
573
577
583
577
585
165
421
729
148
582
578
573
567
564
557
554
555
558
559
558
555
560
555
556
559
560
558
559
565
567
561
560
565
559
557
561
557
554
558
548
547
549
552
554
553
564
565
562
563
567
86
482
661
89
572
570
570
570
566
564
568
571
559
550
559
545
549
552
552
551
544
551
550
548
548
557
551
549
551
546
551
550
546
549
545
544
544
545
542
548
549
541
541
547
555
548
546
551
558
554
555
560
559
558
555
557
560
561
558
556
562
572
570
575
568
568
567
567
565
562
565
570
573
567
563
561
569
574
570
568
569
572
570
569
574
570
572
564
572
569
563
565
565
558
560
561
555
541
553
556
562
564
580
575
570
560
579
574
579
575
572
577
578
593
587
591
587
582
578
573
569
568
563
559
554
547
542
556
555
555
548
548
551
568
558
561
560
564
563
569
571
574
581
572
579
570
565
567
560
555
554
550
550
549
545
544
543
548
549
546
541
541
543
541
541
542
545
541
547
543
545
547
550
555
553
554
556
554
552
553
553
551
550
552
543
541
537
536
536
533
534
543
540
540
541
545
543
545
545
547
545
1086
546
541
541
538
538
535
530
526
526
525
520
516
514
514
514
520
526
526
525
522
521
512
516
518
36
482
543
529
536
538
534
538
546
543
543
544
542
541
541
543
533
541
542
545
550
548
550
546
546
547
546
547
551
548
547
551
572
570
576
576
568
581
576
572
576
585
582
579
594
605
592
596
595
584
582
581
577
570
575
833
111
722
710
25
686
23
663
47
616
612
620
618
620
622
634
620
623
625
617
635
628
625
631
620
616
623
625
617
627
638
20
619
620
627
623
618
609
635
622
625
624
18
606
634
644
656
644
638
634
641
629
638
640
624
664
657
660
22
638
669
654
643
669
27
643
651
787
108
679
708
37
671
757
83
675
673
681
681
674
19
655
661
689
680
19
662
668
687
21
666
676
690
698
687
685
694
702
20
682
683
694
26
668
698
699
28
671
695
691
674
711
30
682
671
688
674
666
661
652
667
19
649
661
670
19
652
687
670
659
678
666
662
676
667
688
675
667
665
673
665
666
679
670
687
692
28
664
686
687
670
688
680
670
710
698
685
698
681
701
685
673
656
680
667
657
676
665
671
685
671
693
681
672
689
690
683
670
690
682
666
694
693
707
697
715
707
692
858
130
729
714
697
20
677
684
689
674
662
677
661
668
682
684
666
665
680
671
664
678
677
687
674
671
676
664
669
677
666
693
676
680
676
667
690
674
686
695
685
689
686
694
685
668
701
698
681
710
698
689
734
39
696
707
719
20
700
693
711
22
690
678
690
694
683
732
46
686
717
705
729
28
702
686
708
694
706
717
20
698
723
706
707
733
23
710
729
716
715
729
28
702
743
32
711
712
750
41
710
721
719
20
700
720
708
711
713
26
688
712
701
703
730
44
687
734
32
703
704
692
718
719
29
691
740
33
708
722
708
718
708
697
715
703
704
715
20
696
733
28
706
712
733
716
707
708
727
713
734
732
727
732
712
750
30
721
716
735
725
713
723
711
705
719
710
711
728
724
730
723
722
717
704
705
701
695
695
694
693
707
703
704
706
700
693
698
709
700
712
706
705
714
705
715
708
700
701
691
692
691
690
682
694
684
689
694
688
699
699
702
706
711
711
714
710
711
721
716
698
692
708
699
711
714
710
708
708
707
711
719
725
732
730
728
729
730
727
741
728
720
714
711
708
693
680
692
698
695
708
707
700
719
714
713
722
723
710
711
708
692
685
677
672
671
665
665
666
668
666
681
682
701
693
691
698
691
689
695
684
690
693
681
694
700
701
699
710
708
700
708
705
698
697
689
683
692
689
701
711
701
709
707
705
720
714
712
723
710
695
712
703
697
689
684
683
685
698
694
699
712
704
708
710
710
712
705
697
701
691
680
687
691
681
700
697
711
721
723
728
721
704
711
698
694
697
688
688
690
683
696
690
701
718
720
725
741
748
731
729
718
710
712
704
708
715
701
711
713
705
710
711
704
717
715
706
702
22
680
668
655
19
636
625
618
604
607
605
605
612
614
617
621
607
612
616
616
618
631
633
639
660
669
684
687
698
683
682
694
686
682
688
690
676
673
690
677
679
696
708
773
968
41
928
906
57
849
839
29
811
25
786
769
23
747
751
743
726
731
729
728
722
718
708
705
707
699
708
707
696
694
696
692
688
679
671
666
655
657
670
680
696
694
687
694
679
690
690
699
682
689
707
705
694
688
676
665
665
666
667
664
658
656
645
639
645
654
662
673
673
678
677
667
671
666
664
675
673
683
704
705
709
726
717
721
739
735
740
745
734
735
725
715
713
715
726
711
715
718
711
703
695
683
671
662
661
660
659
650
639
634
641
636
653
674
700
709
717
705
698
25
673
674
686
678
671
668
662
675
668
671
670
661
668
683
682
697
704
713
702
724
733
730
737
724
20
704
702
697
705
708
705
698
688
671
658
646
649
640
636
642
652
663
688
684
696
703
693
697
708
712
699
698
710
706
713
716
709
716
723
713
717
707
700
696
692
700
695
690
687
694
689
693
698
697
692
710
696
692
697
688
688
683
667
671
691
697
715
712
702
685
684
672
663
664
653
669
677
698
686
696
705
704
702
715
713
720
718
726
710
721
720
703
705
700
686
703
707
702
694
692
688
680
673
671
658
653
662
651
647
709
822
48
774
25
750
34
716
719
712
710
733
747
761
772
758
799
791
780
781
30
751
748
749
730
725
708
693
680
670
666
655
663
672
679
717
741
747
797
786
791
792
777
792
784
29
755
765
750
733
736
719
717
727
727
733
23
710
693
683
670
655
657
647
640
646
648
639
638
627
618
610
617
617
637
623
629
635
646
643
641
638
652
659
659
666
666
693
695
713
706
22
684
20
664
661
652
653
649
651
659
658
646
648
658
668
696
688
697
703
708
702
707
702
702
700
683
686
679
677
681
680
668
665
673
667
666
681
24
658
652
652
673
665
694
704
705
709
696
687
679
667
653
646
647
641
662
663
666
683
688
707
713
716
731
731
737
731
713
717
701
713
22
692
694
680
674
678
678
687
702
720
708
705
742
754
739
777
764
751
754
737
734
721
708
711
712
711
728
727
714
725
720
737
752
758
758
772
761
746
728
725
711
717
734
720
740
732
728
724
718
736
734
725
739
734
728
730
731
726
731
734
719
701
706
703
697
719
773
801
29
773
767
752
750
34
717
718
722
709
21
689
699
694
687
682
692
22
671
671
666
665
666
675
678
674
690
685
711
44
668
671
661
646
633
620
629
630
631
635
634
651
653
645
641
645
653
652
641
632
623
615
611
614
617
619
626
627
627
638
628
638
631
633
638
648
650
654
662
654
661
660
656
654
654
642
647
637
626
617
625
619
613
613
612
621
624
621
622
630
625
631
627
617
618
612
611
618
619
613
609
603
599
594
600
600
597
597
602
601
600
606
604
600
595
601
607
609
600
604
600
595
583
591
587
595
611
644
46
599
626
615
615
619
612
618
630
620
629
625
638
631
623
671
727
720
55
666
684
735
69
666
686
749
79
670
717
738
30
708
757
750
49
701
809
100
710
722
782
75
707
713
736
718
714
714
708
707
706
702
716
708
708
737
22
716
729
722
708
708
747
51
696
721
717
711
709
730
730
723
748
764
750
776
755
776
762
746
750
762
21
742
758
739
724
747
739
743
779
758
771
801
32
769
784
800
27
774
801
785
775
786
27
759
761
770
29
742
784
768
754
773
763
747
776
782
24
758
779
789
23
766
791
795
28
768
790
788
768
801
782
765
762
745
730
765
787
775
810
832
25
807
796
817
803
24
779
796
31
766
28
738
760
938
83
856
44
812
36
777
765
762
756
781
31
750
769
770
34
736
732
732
30
703
714
716
711
710
703
695
708
698
704
727
720
727
736
732
728
753
741
757
756
756
765
754
769
765
772
765
766
754
742
733
730
712
708
691
694
695
695
709
717
723
709
720
712
708
724
721
717
715
708
713
720
719
730
725
710
721
714
696
699
703
699
710
705
705
723
713
726
719
703
695
684
689
700
720
728
733
747
756
747
731
743
739
735
745
760
746
736
730
716
701
707
718
712
695
711
721
707
716
730
717
722
728
732
733
737
730
729
714
714
707
712
714
708
717
728
722
708
719
706
703
712
713
727
717
710
718
707
709
708
712
718
717
711
717
717
718
706
701
697
698
703
708
709
720
715
709
739
748
740
757
754
774
759
764
763
755
767
749
743
740
725
718
718
702
701
706
704
738
751
787
26
761
747
750
739
725
747
744
733
742
744
732
748
739
758
757
755
757
766
763
766
754
741
726
723
714
721
722
717
739
744
736
743
749
732
746
755
740
754
762
760
757
747
751
743
737
728
714
733
720
730
719
719
718
703
712
712
721
717
722
720
717
744
730
746
746
734
746
736
736
743
747
740
728
741
727
723
740
726
728
728
720
714
722
713
731
725
715
730
731
730
729
741
747
737
725
732
725
722
732
722
715
710
708
716
723
711
726
733
739
743
740
749
749
730
729
742
735
725
731
731
737
737
751
740
752
746
733
744
735
730
718
708
701
689
687
683
675
665
667
686
682
678
710
692
714
717
719
746
744
735
735
756
743
744
766
751
746
759
751
753
757
756
751
736
717
729
720
715
709
705
703
729
27
703
694
778
923
60
864
35
830
42
788
785
22
763
769
759
754
760
748
756
767
27
741
743
742
748
757
750
744
748
747
727
728
729
716
715
713
707
704
722
721
718
729
730
719
735
728
720
720
732
723
745
744
728
722
709
701
702
699
702
710
718
701
710
706
687
679
666
658
658
662
663
658
653
646
645
639
636
626
620
625
630
625
620
615
621
611
611
607
614
620
627
630
632
632
627
630
626
633
623
624
611
607
598
593
590
593
599
605
612
617
621
619
624
625
625
623
632
635
625
630
623
621
625
625
640
649
657
660
682
684
726
733
27
706
728
724
722
760
758
55
703
701
734
33
701
715
717
701
717
734
729
740
753
23
731
736
738
721
713
726
722
723
733
749
732
748
750
749
736
763
768
749
759
765
753
746
745
740
729
723
729
723
723
719
723
715
712
720
724
710
709
719
718
711
715
721
721
712
718
713
708
720
716
706
724
725
709
721
736
723
710
716
715
698
699
707
708
715
726
717
721
744
742
738
736
751
752
739
758
759
25
735
754
752
734
745
742
733
745
753
740
746
753
737
751
764
762
770
780
762
772
755
750
750
742
730
736
732
727
732
723
715
720
726
708
701
705
701
691
703
732
720
756
748
23
725
741
738
728
716
747
728
711
704
693
686
678
690
697
689
687
685
714
707
707
723
727
728
751
769
778
771
777
772
761
798
791
26
766
766
757
749
733
754
735
730
737
736
723
733
749
737
748
751
740
726
740
740
24
716
716
717
715
715
725
21
704
701
695
679
687
697
693
698
713
714
723
738
743
733
763
770
752
788
794
23
772
755
777
770
22
749
772
774
33
741
772
22
750
22
729
713
822
42
781
778
772
25
748
754
751
750
770
772
768
790
795
795
789
807
817
26
791
812
809
794
798
790
778
763
785
782
767
770
778
26
753
750
745
732
719
725
734
728
739
744
741
733
748
754
748
772
780
765
767
786
772
781
778
764
756
761
754
739
745
758
742
759
775
25
750
761
759
751
739
750
755
749
755
757
741
729
741
735
726
733
739
731
744
746
738
736
750
742
739
756
760
747
750
761
755
750
757
761
22
739
754
738
738
730
739
738
733
741
747
753
744
752
740
740
728
733
733
723
729
737
730
731
746
735
729
738
756
741
725
737
734
725
729
741
739
728
744
741
727
735
745
731
734
750
750
737
756
768
783
777
791
774
771
772
753
737
729
720
714
706
716
703
695
709
710
709
713
726
714
708
717
717
718
709
722
721
724
730
732
720
728
732
733
722
717
714
20
695
677
672
660
650
634
625
628
636
642
651
669
690
703
688
690
710
21
690
687
726
30
697
693
694
704
702
715
699
712
713
716
723
734
716
717
732
714
702
708
698
686
685
669
664
658
653
648
641
638
634
638
633
628
625
624
624
622
618
617
611
611
610
605
597
590
582
581
575
567
562
577
586
592
585
577
574
567
562
559
553
554
550
549
548
545
542
536
538
539
536
537
536
534
535
530
523
525
524
523
522
521
519
516
516
518
516
515
513
512
512
511
510
509
509
509
508
508
509
505
507
506
508
505
506
507
504
506
505
507
504
502
503
501
502
502
500
500
500
499
500
500
500
497
498
499
500
500
499
499
497
500
500
497
500
500
502
504
501
505
501
501
504
508
503
501
506
502
507
504
506
504
500
504
506
503
502
504
504
502
505
504
503
501
500
507
505
507
509
500
505
501
502
500
496
498
494
499
497
494
496
496
498
496
493
490
490
489
491
486
485
485
488
485
481
482
483
482
477
476
478
480
478
475
478
476
478
474
22
452
493
18
476
475
471
474
472
472
474
469
472
470
472
472
469
471
469
24
445
485
18
467
25
443
485
22
464
468
465
462
465
461
462
465
462
23
440
482
42
440
483
21
463
24
440
484
45
440
459
481
39
442
485
21
464
24
441
458
479
16
464
461
21
441
481
44
437
458
455
482
43
439
482
45
437
455
480
43
437
455
454
456
481
45
437
453
454
458
455
454
457
483
45
438
455
456
484
45
439
457
485
49
437
458
454
455
458
455
457
455
455
456
454
454
454
455
453
454
454
451
455
454
454
454
451
456
454
450
481
43
438
456
457
454
456
458
457
460
459
458
457
460
486
39
447
462
463
464
465
468
470
470
471
478
478
506
49
458
480
511
54
458
520
64
457
478
492
583
610
101
509
520
510
504
502
499
498
499
499
497
498
499
498
497
496
495
496
500
534
61
473
497
493
495
495
496
494
496
549
61
489
513
512
514
590
85
506
578
76
502
526
526
576
69
507
535
530
530
531
529
525
522
526
522
519
520
521
520
518
518
517
515
514
514
514
515
514
554
64
491
517
518
518
519
522
522
522
525
528
530
530
531
595
73
523
605
75
531
563
561
565
623
80
544
575
569
574
573
565
562
565
568
562
624
83
541
567
560
626
88
539
566
569
567
570
615
65
550
625
77
548
624
72
552
622
80
542
618
70
548
573
563
560
559
557
553
557
601
73
529
554
558
554
553
551
592
60
533
555
550
550
594
66
529
586
59
528
611
71
541
605
60
545
619
79
540
568
564
610
77
533
600
58
543
600
67
534
625
74
552
623
79
545
608
66
543
622
72
550
612
68
544
628
612
620
63
557
623
65
558
625
73
553
622
70
552
621
74
547
612
66
546
629
80
550
618
73
545
623
73
550
625
74
552
615
62
554
631
80
552
637
39
598
602
609
602
45
558
640
40
601
606
608
599
41
559
632
77
556
617
71
546
605
21
584
591
581
589
602
597
595
589
617
602
594
592
607
622
621
610
609
615
627
614
612
620
616
610
602
603
610
596
592
596
601
593
593
607
604
602
592
599
603
597
599
621
610
605
601
606
611
601
596
602
601
595
590
598
600
603
592
599
595
596
587
589
597
600
591
597
601
592
608
610
606
597
596
602
596
592
666
648
644
20
625
618
625
625
617
612
614
638
641
628
647
655
656
639
645
653
643
638
647
636
638
631
625
658
656
646
634
662
658
645
643
662
646
635
642
645
638
630
641
634
631
635
640
644
627
627
634
632
630
625
640
640
637
628
633
645
642
630
643
650
635
626
632
637
634
623
626
619
613
610
617
607
604
611
617
624
611
626
625
620
620
629
630
625
623
641
649
650
640
650
650
646
643
666
663
664
648
653
655
655
642
647
660
648
641
648
651
641
661
666
660
654
669
660
655
643
649
658
652
641
663
664
658
651
665
668
663
660
689
677
672
669
674
666
654
662
668
655
657
671
660
654
667
655
657
661
660
662
661
657
657
652
649
647
649
640
640
647
646
634
643
640
633
638
639
634
636
657
643
645
661
658
657
672
658
654
661
663
662
653
657
665
654
646
652
657
644
654
653
655
647
650
669
657
644
656
648
636
642
635
644
644
637
635
636
632
626
636
625
635
650
645
639
664
653
649
658
652
657
662
649
658
661
647
666
666
655
673
663
656
663
652
669
673
657
663
667
652
656
663
653
644
640
637
625
621
631
625
620
626
641
631
631
641
634
635
641
627
634
631
620
658
680
664
672
662
673
681
683
681
698
708
22
687
693
701
702
684
708
712
705
697
714
711
706
691
693
688
20
669
664
681
666
653
657
673
675
665
664
683
686
670
671
678
679
670
657
661
673
666
655
659
671
677
662
661
680
668
667
663
686
678
680
693
687
672
688
682
674
667
666
652
655
642
649
637
638
633
617
626
614
617
612
608
605
608
604
604
614
32
583
220
363
33
330
530
277
253
3601
2655
947
608
339
882
580
303
777
976
702
274
293
454
104
350
3999
3999

