26-10-2022 - 14:28 - Correr
Sonia Silva
Intervalos entre latido y latido
756
765
767
757
762
772
773
768
771
778
781
782
787
793
790
776
777
785
781
766
761
768
773
761
757
764
771
762
761
775
776
763
765
772
769
760
764
776
763
761
775
776
767
773
778
763
762
777
771
763
774
780
763
763
779
776
771
773
782
766
765
774
774
759
762
775
771
760
766
772
755
756
767
768
758
762
773
771
766
779
790
775
774
782
782
770
775
785
778
763
774
779
759
758
768
777
761
765
776
774
761
766
782
769
761
766
779
761
759
767
776
762
761
773
775
762
768
775
755
759
768
771
756
760
769
757
756
762
777
766
759
767
771
752
753
769
769
756
760
772
771
752
757
772
770
753
759
769
770
751
754
767
772
755
762
771
778
767
763
777
777
757
759
767
773
763
769
780
770
765
776
783
772
765
775
780
759
759
768
767
751
757
768
767
760
769
778
762
754
765
770
22
749
754
767
774
22
753
757
769
769
754
769
780
771
764
771
779
781
761
771
779
769
760
768
778
775
765
777
787
778
767
781
792
793
22
772
777
789
785
767
770
783
784
22
762
766
782
789
22
767
773
783
791
771
777
784
792
22
771
771
786
789
776
770
778
787
778
770
777
782
774
759
771
771
775
755
757
769
777
762
772
779
782
765
772
778
778
770
763
768
773
766
754
756
762
763
755
762
772
776
760
760
765
766
753
756
769
770
758
770
775
773
765
773
777
774
765
771
780
776
769
776
783
785
776
779
789
789
779
780
782
780
767
776
783
780
763
775
782
770
761
764
772
770
754
759
768
767
750
755
763
752
747
756
764
751
750
761
768
764
756
764
773
757
754
764
775
757
758
767
772
762
752
760
767
748
748
758
765
748
746
752
763
759
750
753
764
765
750
753
767
765
21
745
750
762
760
749
756
766
767
751
755
765
765
749
756
764
762
747
755
765
759
746
745
751
764
772
761
766
776
784
764
770
774
776
773
757
763
769
770
763
750
764
773
769
761
770
782
780
762
761
772
772
756
756
767
769
22
748
755
768
765
753
758
768
771
759
764
775
774
755
764
770
767
21
747
755
767
769
750
756
766
771
757
758
770
776
771
768
778
788
781
771
778
785
791
792
781
767
760
62
699
699
694
689
26
663
666
670
678
20
659
654
661
661
654
654
653
655
651
651
657
654
646
656
665
666
674
676
665
675
31
644
658
667
680
683
685
689
703
714
720
722
729
709
698
697
698
698
697
26
671
674
666
666
664
666
664
663
659
664
666
666
666
674
668
674
675
677
673
674
677
671
676
661
666
661
661
662
657
665
656
663
658
659
666
659
653
649
652
650
654
653
651
659
661
657
649
651
641
639
639
639
627
625
627
630
635
626
624
628
631
622
623
622
619
613
614
608
611
601
602
597
602
597
593
586
594
587
583
580
587
582
577
576
581
571
574
575
581
578
576
569
579
574
573
571
579
578
572
575
580
576
572
574
577
572
568
566
575
569
567
566
574
563
561
561
567
562
560
559
564
559
555
550
559
558
556
552
563
559
555
551
562
556
554
553
559
558
557
553
553
555
558
555
554
558
552
548
552
552
555
547
548
551
555
549
549
554
553
556
545
554
550
554
545
556
555
549
548
552
555
549
543
547
553
547
545
541
552
548
546
544
549
550
551
544
551
552
547
544
550
548
547
545
547
553
558
556
553
562
555
560
564
554
554
572
571
560
562
557
557
557
557
555
553
556
564
571
576
575
575
575
583
573
570
573
562
560
564
560
566
566
556
562
561
561
564
569
570
572
574
580
576
582
582
587
584
589
588
595
590
597
596
606
595
601
605
609
606
609
616
614
611
604
600
586
583
588
588
579
582
584
585
589
591
594
598
601
603
606
618
613
621
625
625
641
644
640
633
634
640
639
22
618
624
625
625
625
617
615
609
604
614
619
610
614
623
623
624
625
633
636
635
639
647
649
656
660
677
666
670
661
659
657
642
653
657
655
653
665
680
671
672
682
690
681
680
691
693
675
682
696
686
685
687
701
691
690
693
705
22
683
679
691
697
20
678
680
694
702
685
688
701
705
690
697
710
710
697
704
711
705
693
703
710
708
696
696
707
692
697
711
709
707
708
723
716
709
708
718
718
711
713
722
718
709
716
724
707
709
719
727
710
714
729
729
719
723
730
731
715
717
727
713
708
720
723
711
710
727
718
714
723
734
718
718
733
732
721
723
737
728
721
727
740
724
719
729
736
723
717
724
731
718
719
740
742
725
723
735
729
717
721
731
718
714
729
725
714
717
728
720
719
727
736
718
725
737
731
718
724
735
724
717
724
732
723
720
718
710
705
704
700
709
721
716
713
719
733
728
718
720
731
729
718
726
739
734
725
732
741
737
728
733
744
745
730
725
740
743
731
733
746
752
733
733
747
750
731
734
743
741
725
730
741
738
719
722
739
745
729
727
736
744
730
726
735
745
736
726
735
743
727
728
731
743
738
729
731
744
750
741
744
750
750
731
737
745
743
727
730
739
741
726
731
744
748
732
731
741
745
737
729
740
744
738
725
731
715
712
712
709
702
699
695
699
720
730
719
724
737
745
730
730
744
743
730
736
749
747
737
749
758
754
742
752
756
739
739
749
755
749
737
736
746
751
752
738
740
750
750
736
745
756
756
752
748
758
763
765
745
745
757
760
21
740
735
747
750
730
733
744
750
731
730
742
744
731
734
747
751
741
749
759
764
23
742
744
758
760
751
748
755
762
761
749
757
767
762
747
752
758
756
747
751
757
761
743
746
759
759
748
741
751
756
750
741
743
753
756
740
745
753
752
733
726
714
718
731
743
745
742
750
764
768
753
752
763
765
750
750
763
764
750
752
764
759
748
752
762
754
22
733
734
745
736
727
735
747
745
732
741
750
731
730
741
739
721
725
735
735
725
732
744
744
22
723
730
742
745
730
722
730
726
733
716
713
732
720
727
730
710
714
725
729
731
733
734
725
722
735
736
723
718
731
739
740
726
726
740
744
727
715
705
708
706
709
711
718
704
717
722
732
728
728
731
740
742
743
731
756
750
732
746
753
747
27
720
717
730
734
735
727
727
743
755
757
739
725
751
751
755
758
762
760
753
764
763
766
780
784
778
757
784
780
775
770
773
28
746
36
710
713
725
734
749
755
744
736
743
736
751
763
766
770
767
765
755
29
727
710
726
26
700
690
697
709
733
742
743
760
30
731
724
732
733
739
746
750
758
764
758
769
767
769
785
791
778
767
775
776
778
786
792
787
786
771
30
742
726
724
723
726
730
755
766
770
761
768
765
26
739
750
753
747
736
38
698
725
717
716
723
36
688
720
720
714
23
692
717
703
706
726
729
737
742
21
722
713
729
734
717
716
711
711
718
718
713
717
738
749
755
755
758
759
785
76
709
742
732
730
724
717
26
692
709
708
22
687
685
695
706
699
703
734
745
744
745
751
761
774
762
770
779
784
785
774
776
781
782
767
778
767
785
780
778
777
775
790
48
742
21
721
739
732
724
722
711
26
685
715
711
716
30
687
725
726
728
31
698
716
708
737
745
725
734
738
747
736
738
743
731
729
728
728
731
736
752
754
753
753
746
28
718
727
714
720
739
751
759
755
756
778
35
744
752
753
37
717
710
711
709
710
715
723
745
749
740
732
737
745
751
759
747
769
755
762
747
758
760
757
31
727
728
710
714
709
736
746
21
725
744
749
34
715
738
737
726
712
704
705
708
706
707
725
723
712
727
735
742
739
731
730
743
750
750
742
736
744
747
23
724
733
740
734
725
736
747
728
725
743
741
722
723
739
746
738
730
744
750
750
745
739
751
754
756
754
737
746
749
748
734
737
739
742
737
757
754
745
728
724
740
740
730
722
737
744
747
734
731
744
745
735
729
738
743
734
733
742
749
742
733
750
742
740
744
730
735
745
742
743
732
738
749
750
750
744
754
759
757
755
746
750
757
752
745
743
750
761
754
744
750
755
750
742
751
754
750
738
742
750
748
739
739
739
756
759
756
756
756
743
723
737
736
722
26
697
700
706
694
693
713
698
687
689
692
692
689
687
677
685
700
697
723
711
718
726
727
726
730
723
720
22
698
716
711
704
698
700
22
678
691
677
687
681
666
693
706
715
712
705
719
726
727
737
733
728
741
748
751
760
768
773
779
771
778
781
782
771
770
773
775
767
751
766
774
755
749
762
749
772
772
753
768
758
743
757
760
748
748
758
764
761
753
769
772
773
774
761
768
772
777
766
763
777
777
768
772
787
783
770
756
22
735
737
747
745
726
731
753
758
750
755
767
771
772
774
773
772
765
774
772
774
774
770
757
763
766
767
750
756
748
778
767
784
777
22
755
32
724
750
755
748
740
734
729
710
738
28
710
742
747
746
744
738
741
726
732
732
44
688
698
710
707
709
708
701
698
709
716
718
726
735
733
736
741
745
749
752
752
754
748
749
747
742
731
745
745
728
754
757
759
765
28
737
23
714
719
728
719
708
724
734
729
732
753
755
757
750
762
767
772
774
774
762
769
773
769
763
774
762
816
71
746
749
743
763
752
751
744
746
752
754
744
749
754
761
754
762
769
771
767
766
771
774
777
768
773
781
815
795
35
761
810
790
33
757
744
759
757
750
745
27
718
725
733
726
38
688
692
709
714
725
734
734
722
726
724
728
737
744
743
738
753
756
763
765
756
758
770
768
752
768
775
777
772
756
27
730
726
734
727
714
727
740
739
741
764
778
776
769
784
789
791
777
787
792
790
787
779
789
787
22
765
788
780
771
777
770
25
745
747
750
736
739
748
749
743
753
760
760
756
755
767
767
767
762
763
767
758
779
780
824
84
741
758
788
29
759
24
735
26
710
724
721
25
697
694
703
701
704
693
705
720
733
742
748
760
767
773
779
775
776
779
783
840
97
744
836
106
731
763
775
773
764
755
770
767
750
758
763
749
746
763
757
743
759
759
754
749
754
755
776
778
820
32
788
780
775
74
702
780
29
751
31
721
724
751
22
730
731
32
699
716
715
714
714
735
750
757
753
750
754
771
809
86
724
761
22
740
755
25
731
732
745
738
739
724
730
749
751
738
758
767
768
768
762
773
778
784
828
84
744
774
786
786
778
771
781
786
772
791
803
851
63
789
803
30
774
758
751
755
748
732
731
733
729
738
743
745
746
745
750
740
737
749
748
22
726
735
742
741
724
740
744
24
720
721
746
750
752
754
741
723
704
716
716
712
27
686
705
687
693
703
702
710
700
703
705
720
716
711
704
707
710
735
742
750
750
747
728
740
740
731
714
733
732
721
711
739
745
755
746
21
725
723
735
725
716
723
734
733
726
744
749
754
750
747
763
765
766
756
765
767
769
757
759
765
768
756
749
772
774
771
770
22
748
757
758
739
723
720
724
721
709
702
710
704
712
728
741
732
750
765
771
777
772
778
785
790
784
766
779
775
775
762
753
769
770
756
757
772
766
750
758
771
766
756
760
768
765
751
778
777
780
783
780
779
770
32
738
760
756
748
27
721
729
750
757
762
755
761
744
24
720
737
738
735
735
736
745
757
741
767
768
761
771
753
765
758
743
752
752
756
752
760
762
764
766
768
769
766
773
777
768
756
766
765
752
735
771
765
762
755
24
732
721
739
737
719
719
741
747
734
751
773
773
763
763
777
781
786
773
780
782
787
784
774
778
781
778
779
775
764
761
782
786
813
23
790
24
766
774
774
769
751
41
711
717
721
730
729
722
709
704
721
740
745
751
735
757
761
760
22
739
756
754
751
759
763
766
774
780
787
789
791
794
792
782
782
791
790
788
769
773
783
768
754
755
787
796
797
790
771
22
750
735
735
734
724
719
723
738
740
735
762
763
770
773
771
771
786
788
791
840
88
753
787
791
822
62
760
766
778
781
776
764
767
774
769
762
783
784
777
777
28
750
745
757
738
734
717
720
729
727
719
736
750
763
761
756
767
772
780
781
778
777
786
789
790
791
781
778
785
772
777
814
798
796
792
779
25
754
751
737
719
714
713
720
735
733
736
755
768
782
784
775
797
834
54
781
783
767
769
764
745
752
757
761
772
762
775
777
777
773
781
783
786
785
785
771
767
779
777
774
766
768
767
748
734
752
757
744
732
748
756
747
745
762
762
750
755
765
770
764
762
780
780
778
787
791
785
787
789
782
782
787
785
778
768
772
776
776
768
757
763
768
758
742
756
757
747
739
758
757
746
755
762
756
754
769
771
758
777
782
787
791
787
792
793
791
788
780
789
785
768
788
789
26
763
758
29
729
759
754
754
750
751
22
730
753
740
741
738
733
723
27
697
689
686
685
689
708
738
746
730
747
745
745
755
830
26
804
806
809
802
797
791
785
38
747
29
719
771
26
746
740
38
702
726
721
730
742
746
752
759
759
768
769
776
780
779
783
787
791
862
110
752
863
110
754
865
53
813
62
751
791
826
58
768
773
781
782
796
785
22
763
757
769
773
756
754
767
773
768
796
799
805
801
794
795
25
770
774
770
33
738
23
715
717
714
731
738
762
769
769
758
790
775
768
32
737
743
750
749
41
708
721
703
715
729
742
750
750
748
757
762
763
785
832
32
800
798
797
794
783
775
51
724
734
748
741
739
734
737
734
731
735
743
727
734
739
733
734
40
694
728
726
732
726
734
742
725
714
739
732
728
729
732
720
31
690
716
24
693
720
722
722
730
735
742
747
742
33
709
726
723
724
27
697
686
715
702
688
702
716
720
720
733
761
757
810
81
729
821
51
770
42
729
781
28
753
745
741
38
704
728
726
724
722
31
692
720
716
22
695
710
719
718
708
720
726
727
723
33
691
696
718
724
722
728
715
720
724
729
737
739
748
750
753
749
760
761
759
760
764
749
743
743
747
750
751
740
752
757
767
762
762
47
715
748
739
730
725
41
685
707
709
44
666
705
702
703
704
697
702
687
22
665
673
694
687
712
723
750
736
748
734
719
732
741
745
740
755
778
779
774
760
764
777
775
759
777
785
781
779
32
747
737
765
757
27
731
720
731
735
736
735
750
766
797
25
773
792
789
798
28
771
753
777
770
768
757
756
750
42
708
730
22
708
723
735
748
762
762
758
763
782
30
752
754
744
750
735
30
705
715
727
730
721
755
740
750
742
772
754
756
742
752
775
825
37
788
66
722
782
834
47
788
56
732
758
771
792
52
741
735
756
757
750
747
748
744
740
724
32
692
698
697
714
707
712
731
750
762
757
758
770
764
754
754
762
768
773
772
773
775
769
779
779
779
760
781
783
781
771
24
748
754
764
750
753
759
772
775
762
777
781
784
771
24
748
761
763
786
786
769
789
788
770
762
774
764
750
745
738
736
31
705
701
711
710
708
713
33
681
708
713
713
704
697
708
715
725
757
750
747
736
742
749
751
766
754
757
762
769
770
763
764
767
777
785
780
769
756
750
757
748
743
765
767
756
741
751
775
790
777
761
787
785
784
34
750
742
756
745
751
753
760
795
792
792
816
45
771
787
31
757
767
22
746
745
750
748
748
748
740
758
768
769
763
773
782
776
788
785
773
769
754
756
762
755
778
773
765
774
786
778
769
777
774
759
783
785
794
797
786
766
25
742
763
766
769
767
777
773
773
764
753
32
722
740
741
729
726
719
727
719
756
745
766
776
779
767
782
793
778
757
769
763
750
743
736
733
727
37
691
716
708
708
696
713
718
719
706
701
704
700
707
705
708
737
749
758
754
751
761
742
731
740
738
741
740
749
755
764
761
770
769
772
22
750
744
747
743
736
739
735
727
722
722
720
707
710
705
697
708
20
688
694
694
699
701
698
699
704
21
683
688
681
690
685
692
686
678
677
686
681
685
688
695
686
687
687
679
669
665
648
651
640
638
635
639
132
508
761
454
307
323
642
634
625
621
632
630
353
277
361
641
25
617
648
637
20
618
630
642
19
624
618
618
628
627
623
616
615
605
608
619
622
625
621
622
639
642
626
634
646
647
648
664
678
666
670
680
689
679
664
683
676
666
665
676
660
660
664
656
649
648
652
641
649
659
650
650
644
658
661
646
660
658
653
21
632
641
647
641
641
648
651
637
644
651
641
633
646
648
635
639
649
650
645
657
668
657
658
669
672
659
665
670
661
655
666
666
655
660
669
672
669
673
681
679
676
687
695
689
691
701
707
702
709
722
721
717
717
709
698
704
698
687
701
703
696
700
685
686
680
669
687
686
691
679
680
694
697
692
691
699
719
718
704
703
686
682
693
690
680
691
701
698
702
718
727
720
729
738
740
726
734
742
741
729
729
732
738
729
728
738
741
722
725
730
724
714
723
730
726
717
726
728
723
720
722
729
724
710
713
712
723
714
707
691
700
700
703
703
704
704
705
698
710
706
705
23
682
680
684
682
686
698
704
703
701
705
705
714
721
725
733
730
735
746
754
760
762
764
765
766
770
781
782
774
772
770
770
768
765
764
766
760
752
753
757
760
754
757
757
751
749
755
760
751
753
751
754
753
758
766
765
761
758
762
765
763
766
769
771
771
767
766
758
748
744
743
747
736
735
744
739
726
723
730
726
724
728
736
738
722
714
713
720
704
706
708
702
697
704
694
700
699
698
685
688
703
703
692
695
703
706
22
684
681
695
694
685
697
708
697
694
708
701
683
698
709
710
709
720
718
720
721
729
726
723
728
728
729
723
725
726
726
726
725
726
732
734
735
740
739
743
748
751
751
749
741
742
742
744
733
732
736
732
29
704
702
713
716
30
687
669
664
20
644
642
649
642
630
633
644
650
641
675
685
680
22
658
668
675
682
682
688
696
693
703
702
717
725
710
703
696
702
702
699
694
84
610
754
82
673
671
672
669
662
657
658
653
19
634
642
647
21
627
625
632
624
629
624
637
644
651
661
666
666
677
676
672
673
682
675
680
677
679
680
664
665
667
657
656
652
653
658
647
644
648
641
630
636
18
619
612
623
616
602
601
600
606
604
607
609
619
618
622
627
637
645
650
646
648
648
636
641
636
625
617
617
611
605
599
600
607
620
617
622
630
636
637
640
639
642
642
640
643
641
643
636
640
636
636
642
631
634
641
629
637
638
24
615
620
606
606
609
600
597
593
588
591
589
584
586
585
583
585
579
578
581
580
585
582
591
597
597
599
595
605
614
628
620
625
630
628
624
623
614
612
611
613
618
623
617
622
632
634
626
630
638
650
647
646
650
658
642
646
654
665
659
654
664
666
656
34
622
639
641
23
618
619
626
616
613
616
621
619
619
624
622
629
630
632
636
646
648
651
662
672
678
686
690
702
703
707
698
698
705
708
704
705
695
683
690
696
703
699
694
699
705
690
687
696
698
689
691
693
701
691
678
679
686
691
685
689
696
701
693
691
700
699
25
674
668
675
676
672
666
679
683
689
676
684
698
699
703
688
696
701
705
696
698
708
709
700
703
714
724
713
717
725
725
715
717
716
717
702
703
711
711
702
711
720
725
718
728
737
737
734
720
729
736
735
725
733
741
744
738
732
740
737
725
723
727
716
713
717
706
694
700
698
700
714
720
730
742
732
738
752
755
747
747
753
752
742
742
750
745
725
726
737
742
27
715
701
714
696
711
732
22
710
25
686
680
691
690
691
674
680
684
695
689
694
706
717
733
738
729
711
697
718
33
686
727
729
730
22
709
734
716
736
735
734
739
736
741
22
719
730
732
732
736
743
746
745
745
731
738
742
749
739
734
750
756
22
735
728
734
748
24
724
715
724
732
723
721
728
725
727
738
746
730
734
740
747
737
734
744
748
741
729
742
745
745
739
728
736
742
737
724
732
738
732
725
728
741
728
724
734
738
726
727
736
719
719
731
732
721
727
738
728
726
736
742
724
725
732
738
726
729
736
743
733
730
745
745
730
727
736
737
722
725
728
711
710
722
721
709
719
727
709
703
711
709
693
695
704
708
702
696
703
694
690
694
699
703
688
677
694
687
680
666
666
681
678
673
659
664
679
668
666
651
657
668
20
649
649
663
655
653
669
672
666
681
681
695
685
694
716
719
718
720
30
691
677
682
701
706
703
705
26
679
702
710
714
722
706
711
718
721
707
723
727
30
698
695
691
710
708
720
725
735
733
738
740
725
732
736
738
736
716
706
716
719
708
719
740
750
755
750
730
735
750
750
744
740
24
717
724
739
737
21
717
727
742
736
727
740
746
748
732
745
753
753
734
748
756
761
765
751
762
773
767
767
752
759
761
742
736
752
752
737
749
749
737
741
756
754
750
735
741
750
746
729
738
750
750
738
750
761
761
761
760
747
760
767
766
752
755
764
764
755
757
769
772
761
747
762
761
751
753
753
775
782
778
24
754
750
770
765
749
756
743
731
750
751
25
726
726
750
755
753
739
725
744
747
732
738
754
755
749
748
762
763
764
753
760
767
770
759
768
774
771
761
761
770
771
783
780
779
33
746
736
754
751
744
729
753
751
742
734
756
756
762
769
772
770
752
764
763
22
742
759
765
766
753
760
780
780
763
764
779
766
753
771
769
753
772
776
777
773
754
771
772
756
753
755
761
766
776
778
766
784
781
26
755
738
738
736
746
749
750
746
747
758
760
762
762
760
764
769
772
768
754
770
770
772
775
777
23
754
755
768
768
750
754
763
753
743
759
764
21
744
754
771
757
746
763
769
770
759
759
741
751
750
734
748
749
746
747
756
742
758
759
753
745
761
760
753
766
762
748
756
761
759
750
744
753
756
755
744
746
758
760
763
751
758
764
759
749
742
754
752
21
732
751
751
752
741
727
733
742
739
730
726
740
750
757
761
757
747
766
762
758
765
758
752
764
765
769
758
752
759
757
740
739
751
757
749
731
737
747
744
728
750
751
732
742
752
754
757
21
737
740
756
754
756
739
755
763
768
770
754
768
762
765
751
755
767
766
756
765
776
780
776
764
785
781
778
764
776
779
777
770
774
783
781
774
767
775
769
762
745
760
757
753
745
756
757
751
743
760
771
767
756
743
757
753
737
742
753
754
747
740
753
756
757
743
743
756
756
745
746
760
761
757
769
759
750
730
747
742
739
746
730
727
745
748
751
754
744
756
766
767
763
757
771
768
767
754
762
766
763
750
761
764
753
749
772
22
750
743
761
779
786
780
778
778
773
783
61
722
721
744
745
752
752
747
733
755
765
771
772
762
746
21
725
725
735
750
746
742
741
746
750
765
753
762
758
769
773
758
775
779
819
29
790
785
781
38
744
745
728
741
733
744
727
717
755
759
762
770
791
23
768
783
768
767
772
780
783
787
788
789
789
777
778
773
770
768
752
756
762
769
756
745
747
757
752
744
750
755
779
780
780
777
773
29
744
741
753
33
721
720
745
735
742
735
739
755
771
771
772
771
776
773
766
752
738
737
763
763
762
769
28
741
742
758
744
761
751
759
747
773
769
758
753
759
772
769
774
786
787
778
768
28
741
750
748
741
734
25
710
728
711
704
719
708
721
712
708
716
738
735
745
778
788
786
793
829
810
809
793
787
777
781
779
761
778
780
779
781
767
765
782
781
766
762
781
768
776
776
761
779
772
752
769
772
754
771
779
781
785
780
782
779
45
734
748
765
775
769
767
775
756
744
738
744
749
752
744
764
757
746
781
33
749
781
778
782
44
738
735
736
754
756
764
772
766
759
749
777
775
783
783
773
765
781
785
787
778
764
779
779
780
768
776
782
785
772
752
766
787
793
775
28
747
776
756
761
36
726
721
765
763
764
767
758
39
719
770
757
758
756
758
753
750
40
711
705
711
730
733
740
747
754
763
749
730
726
729
734
743
750
746
752
742
744
752
756
755
761
765
766
765
773
773
761
756
754
752
758
780
778
24
755
775
772
764
750
760
751
748
763
768
765
755
758
757
784
27
757
782
796
805
795
794
274
521
136
385
649
742
730
30
700
705
711
715
722
725
733
738
772
785
792
24
769
770
762
768
773
772
773
776
758
767
775
768
767
784
787
771
791
792
781
788
791
789
771
780
789
791
790
793
796
778
785
794
799
801
23
779
781
785
784
811
814
29
785
789
794
819
832
820
24
796
824
25
799
797
781
801
798
796
790
41
749
768
749
740
763
753
750
737
743
760
770
761
768
774
791
787
776
778
790
789
781
791
791
801
799
805
797
800
790
809
829
23
806
43
764
760
771
55
716
744
741
738
26
712
726
745
743
736
746
752
785
793
799
791
812
806
28
779
760
771
30
742
776
775
771
784
789
28
761
762
748
785
776
777
776
773
753
750
25
725
740
724
730
726
750
744
747
755
762
768
778
775
786
790
779
758
758
764
786
791
778
768
788
788
771
766
759
763
760
755
751
741
749
746
743
732
735
738
737
736
731
722
712
731
722
724
708
700
708
720
726
708
711
727
729
714
724
733
731
724
743
750
746
742
759
760
765
745
753
763
764
769
756
774
770
767
757
770
771
770
751
755
760
763
750
751
764
765
745
752
766
767
750
760
768
761
756
776
783
782
767
771
784
785
775
773
787
781
760
748
765
762
764
754
749
766
764
747
758
760
757
745
758
762
753
738
721
722
735
731
743
739
747
750
742
761
767
768
769
765
777
780
780
778
782
774
784
780
780
776
777
764
772
770
770
767
764
753
769
772
770
753
757
768
763
748
749
745
729
720
708
715
729
731
730
748
763
757
765
782
781
765
778
783
777
759
772
776
764
768
781
784
775
773
790
787
781
772
787
787
783
768
784
786
786
765
774
780
773
757
769
784
775
761
770
777
768
764
778
781
764
770
776
774
759
768
777
770
757
766
778
773
758
773
778
778
767
777
781
775
761
775
781
774
763
777
786
781
767
775
777
772
758
771
776
772
757
768
773
766
756
768
776
767
757
770
774
762
752
766
771
756
758
771
769
22
747
749
760
766
757
750
767
771
764
755
767
774
771
756
764
768
767
751
752
764
768
756
758
775
776
24
753
754
765
760
746
759
764
762
755
770
779
774
768
777
782
773
759
773
779
765
762
775
777
22
755
767
777
774
762
771
775
762
751
756
754
24
730
735
739
737
722
713
714
708
723
732
738
728
740
750
754
735
736
748
751
734
742
751
759
750
749
757
762
757
754
764
769
770
758
760
769
769
763
22
741
750
757
759
748
743
753
761
758
743
750
758
764
755
750
767
773
762
755
767
776
777
765
768
781
779
766
770
782
786
780
759
769
772
774
24
751
753
764
754
748
760
767
765
756
764
776
780
763
771
781
780
784
768
771
787
788
788
794
792
773
784
782
782
763
766
773
773
757
750
745
739
734
727
718
724
729
725
750
742
732
750
752
744
745
767
768
760
752
768
777
780
762
768
773
754
757
770
777
760
765
777
771
755
756
765
766
756
758
769
770
761
757
766
772
758
758
768
773
23
751
756
769
775
772
752
761
767
770
762
749
749
28
721
715
707
26
681
680
678
678
668
669
669
653
667
659
651
645
642
652
642
644
652
639
633
634
639
634
628
629
635
634
640
640
632
635
636
637
633
632
641
644
630
625
631
626
624
617
625
625
612
618
614
625
614
619
615
617
617
614
619
615
620
616
616
622
612
610
618
619
621
615
619
622
617
615
612
614
612
612
606
608
614
608
601
603
607
599
600
590
599
591
593
588
592
585
586
584
586
580
582
582
578
577
573
578
572
569
565
572
568
563
562
568
563
556
558
562
560
554
558
558
563
551
556
563
564
549
559
559
561
549
554
556
555
547
550
550
548
543
547
546
548
541
545
541
546
539
542
542
543
537
541
539
541
536
540
538
541
534
540
538
538
535
539
537
539
536
540
535
538
534
535
537
531
532
533
535
531
531
534
535
530
529
531
535
536
528
529
529
527
528
529
531
527
530
523
530
530
530
524
529
533
541
21
521
537
539
536
529
535
537
538
523
531
531
538
531
537
531
534
534
533
530
530
531
530
528
529
526
528
526
533
534
537
534
534
540
538
543
546
544
543
547
541
544
545
541
539
541
545
540
542
547
548
552
558
564
568
563
568
567
573
575
569
575
570
581
578
576
566
569
572
571
579
579
582
579
573
578
571
572
576
588
594
593
592
592
592
595
591
597
600
604
606
603
610
615
611
612
620
625
632
625
619
617
622
619
618
622
626
622
615
623
624
619
620
623
626
618
619
626
624
616
616
625
623
618
619
625
627
622
623
632
634
631
633
642
648
644
646
646
655
657
650
648
652
664
654
655
653
664
654
652
659
664
657
656
664
669
659
658
666
668
663
660
667
676
670
672
670
663
659
662
656
652
661
664
650
646
651
655
657
663
669
666
664
663
656
659
662
662
662
648
653
661
669
666
655
659
666
658
651
652
649
647
649
653
652
671
680
685
699
713
708
702
707
725
720
716
720
733
718
712
724
730
716
719
732
729
721
726
731
717
716
720
733
717
708
714
723
713
698
691
688
696
704
709
705
701
708
719
711
712
722
729
729
723
731
743
749
733
731
739
744
731
729
718
707
716
713
707
710
720
716
715
719
729
716
717
732
735
725
727
745
733
732
736
741
732
728
740
740
731
732
743
741
732
738
745
733
730
735
743
729
731
744
739
734
738
745
731
729
742
745
736
734
747
746
735
734
745
744
733
737
746
732
730
746
746
732
730
737
722
720
734
738
732
735
747
738
736
748
757
747
744
753
748
737
747
752
741
738
750
752
739
738
749
748
739
739
753
736
734
745
749
739
737
750
745
735
742
754
741
739
748
748
734
739
752
740
736
745
750
735
731
741
747
732
730
744
752
738
740
750
753
739
733
740
747
745
733
739
748
745
736
738
748
750
735
740
744
748
734
732
741
745
738
727
732
739
734
722
730
738
737
727
737
746
729
730
737
737
726
731
737
729
721
732
741
728
727
741
748
733
736
747
748
740
733
736
745
741
734
738
747
744
731
738
745
748
735
737
748
750
734
733
749
750
735
735
744
748
730
731
740
742
725
729
738
738
724
725
740
747
749
743
755
757
758
741
750
755
757
744
741
749
745
734
731
744
744
732
731
721
712
712
708
717
712
708
702
708
700
705
719
731
736
724
733
743
747
732
734
747
750
735
737
750
750
736
741
753
758
742
746
760
767
748
748
759
762
746
747
756
751
741
743
750
743
733
741
746
728
732
744
750
736
736
749
756
750
743
752
760
759
747
750
754
758
742
737
750
751
743
740
751
757
755
740
749
752
751
735
737
748
747
733
733
744
754
737
741
755
757
740
743
751
756
739
738
750
756
740
738
753
755
740
734
746
750
737
734
745
750
741
731
740
745
744
731
736
747
743
730
739
750
748
732
740
748
741
730
739
749
750
735
738
750
756
747
743
753
758
750
740
745
729
721
727
725
727
739
747
747
734
731
742
747
742
736
747
751
744
735
747
753
752
738
745
754
755
738
743
750
754
736
745
752
755
742
743
753
762
749
744
748
741
22
719
725
732
721
717
716
708
701
702
703
705
699
702
708
711
706
693
685
691
692
683
681
687
702
694
695
712
723
713
724
744
749
745
754
769
772
777
782
767
771
773
770
769
760
755
764
763
753
744
751
756
750
743
750
745
24
721
710
695
681
706
25
681
692
678
673
666
657
672
667
677
695
696
690
689
701
722
720
712
718
727
36
691
712
711
701
696
694
690
706
704
721
727
736
744
728
709
729
716
724
711
705
713
722
735
748
739
738
751
764
774
768
763
772
777
774
765
759
770
769
768
758
759
767
769
761
756
759
769
766
754
757
765
761
748
750
760
757
744
750
764
763
750
752
762
757
747
754
761
751
742
748
752
748
741
750
761
768
757
753
761
761
748
741
748
738
724
736
746
735
732
718
719
722
722
740
739
750
740
722
728
717
724
730
716
713
723
734
718
21
697
719
718
716
702
721
21
701
694
693
685
23
662
666
664
653
645
1071
802
269
299
295
317
375
102
273
313
409
1403
3033
3999
3999
3999

