17-10-2022 - 9:05 - Correr
María Torres
Intervalos entre latido y latido
989
987
987
29
958
949
33
916
918
901
899
880
895
894
896
882
875
889
35
855
871
858
861
863
895
922
936
946
957
961
46
916
928
929
948
946
972
993
982
973
996
1000
982
994
978
46
932
960
961
940
975
987
973
1010
1028
1014
1040
1034
1024
1038
1040
1030
1028
1016
1022
28
995
1006
1006
992
1021
1033
1007
1012
1001
55
947
976
984
1008
997
1014
1020
1030
31
999
1021
1038
1014
1018
1020
1019
1043
1050
1035
1041
1054
1055
1030
1046
1055
1067
1068
1052
45
1008
1027
1036
1041
1044
1050
1061
1062
33
1030
1056
1064
1070
1080
1078
1081
58
1023
1042
1049
1063
1077
39
1039
1053
1071
1079
1060
1057
55
1003
999
995
1018
1042
1025
1059
1075
31
1045
1057
1059
30
1030
1054
1060
1037
1046
1061
1040
1049
1065
1041
1053
1072
1075
1064
1063
1077
1083
42
1041
1067
1087
1072
1068
1075
32
1043
1052
1063
1069
1054
1078
1080
1088
30
1059
1048
1056
1045
60
986
1007
1025
1036
1047
1052
37
1016
1042
1052
1060
32
1029
1044
1047
1046
1055
1065
1058
1060
36
1025
1043
1048
1059
1064
1038
1045
1030
1022
1043
1066
1043
1070
1074
1047
1053
1065
1053
1045
1057
1067
1052
1032
1041
1041
1054
1040
1013
1021
1020
1018
999
993
1021
1034
1031
1017
1044
1050
1045
36
1010
1039
1030
1025
28
998
1020
1025
1027
1004
1032
1010
47
964
1007
1025
1027
1041
1062
1072
1074
1079
1055
1070
1069
1071
29
1042
1051
1058
30
1028
1038
1039
1036
1034
1018
1034
1040
1027
1000
1025
1032
1040
1032
1030
1045
1039
1041
1043
1018
1028
1048
1057
1056
1052
1027
1053
1057
1041
1065
1070
1064
36
1029
1047
1061
35
1027
1051
1062
1066
1056
1074
1058
1061
1081
1056
1045
1062
1073
1074
1076
35
1041
1049
1064
1062
1038
37
1001
1037
1058
1067
41
1026
1062
1094
47
1048
1083
1099
1119
1101
57
1045
1077
1079
42
1037
1057
1062
1078
1050
1047
1057
1057
1070
1077
1087
58
1030
1058
1058
1045
1020
1064
1061
1037
1067
1070
1044
1066
1039
1058
1064
1045
1023
65
958
159
799
837
848
861
24
838
844
886
879
888
894
892
890
878
888
892
893
36
858
863
875
879
881
30
851
851
851
850
849
28
821
828
819
836
831
819
805
810
815
810
822
814
805
813
818
817
818
827
811
823
819
819
828
812
823
818
825
833
833
829
827
831
821
828
825
827
812
808
810
805
799
798
790
781
770
769
765
767
779
779
781
776
772
772
757
751
742
746
750
747
742
743
742
745
737
740
734
734
736
725
725
726
730
727
718
723
727
723
726
724
720
731
723
721
714
715
718
712
713
705
704
702
694
696
693
696
702
703
700
695
702
699
696
698
694
694
695
691
691
693
690
691
685
676
686
690
691
681
688
697
694
695
696
695
698
692
694
688
686
686
680
672
677
674
677
671
672
673
674
680
688
677
681
688
686
686
692
687
683
680
680
686
681
674
686
676
672
670
670
676
664
661
673
669
664
666
668
671
661
663
670
664
677
680
691
698
702
700
686
688
686
676
670
674
696
693
689
681
693
702
691
701
709
712
713
730
745
735
747
754
771
784
792
774
780
773
23
750
762
763
758
771
773
774
773
779
768
759
760
756
743
749
750
758
759
753
738
739
729
710
703
706
724
715
715
721
730
751
742
755
746
757
795
820
800
814
824
811
813
828
830
825
827
815
796
816
838
838
875
894
36
858
885
896
875
890
903
31
872
894
903
881
904
920
900
915
917
33
885
908
920
27
894
912
923
903
890
885
872
888
866
850
844
876
914
907
956
949
969
967
960
963
968
36
933
953
931
951
958
948
965
986
998
989
53
936
968
965
964
978
978
958
972
989
28
961
969
969
946
962
973
38
935
953
963
968
950
971
966
961
970
977
965
976
978
956
981
966
974
981
972
974
993
990
980
976
969
969
983
981
974
31
943
926
903
897
916
928
914
939
953
930
953
969
975
27
949
962
968
36
933
951
962
951
958
969
977
31
947
970
978
954
972
975
36
939
968
971
946
965
980
33
948
965
977
26
952
977
981
38
944
967
967
32
936
961
976
969
945
962
971
32
940
969
968
971
49
923
903
920
900
925
946
28
918
955
961
951
969
974
28
947
969
980
987
37
950
979
983
970
971
977
987
39
949
967
979
31
948
44
905
956
958
961
984
993
967
992
1002
1010
991
1002
1006
1004
37
968
977
989
965
969
987
984
970
988
970
970
977
979
962
979
986
980
1002
1006
993
991
1002
1011
36
976
993
991
980
958
972
988
986
28
959
980
988
991
36
956
973
976
969
969
975
991
41
950
982
988
971
986
996
30
966
972
971
970
35
936
956
962
961
32
930
943
953
954
944
965
962
956
973
977
960
980
987
998
974
983
996
991
33
958
973
993
33
961
967
977
976
952
970
978
971
956
982
994
37
957
977
978
964
969
978
979
38
942
966
973
949
960
968
960
962
953
936
28
909
919
931
944
929
958
969
975
954
976
988
969
978
988
991
971
979
985
990
38
952
975
984
1000
33
967
987
1003
32
972
986
1000
1002
32
970
985
997
993
40
953
977
991
1003
989
997
1008
1012
987
1000
1001
1016
993
1006
1031
60
971
1004
1002
37
966
970
56
914
974
982
36
947
978
987
977
966
957
942
932
927
924
919
34
885
895
893
895
898
900
902
902
891
876
888
876
868
891
32
859
883
904
892
914
927
25
903
928
940
941
954
951
954
44
910
938
951
960
946
38
908
921
930
934
950
962
955
950
959
960
942
954
957
950
962
958
42
916
948
958
957
959
958
51
907
915
977
975
986
997
998
1000
993
998
29
969
987
994
988
974
37
938
954
948
926
927
34
894
903
933
953
971
994
981
979
978
974
960
976
973
975
976
978
978
977
980
960
962
957
957
946
937
947
40
907
922
929
927
932
938
937
927
917
913
915
920
918
28
891
895
909
923
937
952
962
956
968
958
966
975
987
986
41
945
967
980
971
970
958
47
912
931
938
926
911
936
939
949
943
930
942
944
927
951
958
973
981
986
975
985
978
975
32
943
935
948
946
922
937
938
937
934
929
928
922
41
882
895
907
917
894
921
933
940
949
952
945
948
934
944
940
933
933
934
932
943
950
957
951
955
949
947
950
949
952
937
942
945
36
910
922
927
928
923
908
932
923
25
899
930
925
941
956
961
963
968
952
936
926
938
31
907
924
936
946
955
956
953
958
960
971
975
976
32
944
961
955
959
963
963
973
979
981
36
946
958
965
973
32
942
922
953
971
975
978
981
994
994
991
992
28
964
978
974
972
958
969
969
971
971
975
35
941
922
945
956
970
988
41
947
955
967
972
971
964
955
951
937
913
922
921
919
918
904
898
892
24
868
883
893
896
914
922
932
40
893
900
912
915
924
927
905
917
925
33
893
906
912
922
934
945
944
929
938
944
945
930
940
941
940
936
937
934
46
889
902
912
918
930
924
919
923
915
906
38
869
882
875
879
899
908
909
895
908
915
923
925
927
25
902
917
923
924
921
901
921
912
30
882
893
900
904
917
918
922
927
923
927
937
937
926
49
877
910
916
931
949
957
966
971
957
958
943
934
944
946
931
936
943
940
944
932
934
936
925
39
887
903
911
919
924
928
929
940
936
29
907
899
911
919
931
934
934
944
941
942
950
952
955
930
941
917
26
892
891
903
919
937
945
37
909
928
939
31
908
903
919
934
914
934
949
944
955
949
947
946
945
932
931
923
40
883
904
909
915
919
922
924
931
947
947
953
29
925
916
934
940
949
940
958
958
956
949
36
913
922
925
928
933
935
945
944
927
941
34
908
922
941
945
936
28
909
928
935
944
949
951
934
948
954
936
946
952
949
947
943
944
945
47
899
889
909
908
917
41
877
901
922
939
954
935
946
965
960
958
44
915
928
937
947
939
952
984
962
958
949
926
927
936
923
933
935
935
44
891
903
913
920
924
913
929
929
939
944
947
950
954
952
956
957
952
936
949
946
921
929
930
914
930
942
953
960
958
958
963
963
957
26
931
949
958
960
963
34
930
32
899
917
922
938
943
953
31
922
954
967
944
965
976
972
959
955
950
941
922
920
907
33
875
871
873
880
903
916
922
32
891
917
918
917
925
939
922
931
944
932
944
952
951
934
940
944
939
930
942
950
31
920
943
945
952
960
947
957
958
952
959
965
38
928
912
926
929
941
954
955
941
954
946
956
953
39
914
933
939
955
946
955
954
943
951
954
952
38
914
929
934
937
920
933
946
943
958
940
943
952
960
966
958
963
956
958
961
53
909
930
942
945
938
952
964
958
965
972
961
962
959
958
964
958
962
955
930
944
948
45
904
922
927
932
929
937
950
956
961
957
963
961
965
966
974
56
918
912
950
956
958
969
980
963
971
983
984
977
58
920
943
955
960
40
921
929
910
926
929
931
939
937
932
948
950
951
948
937
938
928
928
934
941
940
916
926
930
922
27
896
918
928
926
931
942
27
915
903
922
935
943
946
29
918
918
930
936
31
906
890
928
944
949
951
955
961
954
955
949
945
943
944
924
921
924
924
920
923
935
928
929
910
888
897
874
898
914
925
936
932
937
944
943
943
940
935
939
943
35
909
926
937
939
941
940
936
54
883
913
914
926
932
948
957
969
968
960
964
970
974
976
981
976
977
967
961
961
36
926
940
944
27
917
30
888
909
916
927
936
33
903
935
937
940
944
957
961
959
963
965
963
946
955
958
956
954
940
945
952
953
948
942
43
899
921
935
942
923
904
927
924
909
924
933
945
947
935
945
955
959
960
951
956
952
945
954
38
916
942
949
950
947
933
925
41
885
897
903
905
893
917
933
943
958
959
960
958
36
922
948
955
956
957
952
952
54
898
929
930
26
905
898
908
917
925
913
934
938
938
942
946
940
930
938
942
950
38
913
916
930
934
915
924
944
928
910
924
933
26
907
929
937
943
931
921
941
935
948
955
964
967
970
967
969
971
957
958
28
931
47
884
909
943
958
960
965
971
972
963
959
960
963
974
970
970
967
35
933
934
934
916
917
921
920
912
908
906
910
896
901
905
913
916
918
915
907
925
43
882
901
914
906
912
914
911
907
900
903
891
888
884
890
870
874
874
874
863
850
862
868
886
902
915
915
940
936
922
945
945
942
45
897
918
924
913
921
923
923
901
911
928
939
916
937
945
948
958
34
924
936
945
939
952
964
970
976
26
950
962
969
950
959
962
969
966
958
962
965
966
959
961
962
57
906
914
934
941
926
951
951
26
925
935
939
930
924
933
931
932
935
940
936
935
941
947
946
934
946
945
943
937
938
945
44
901
916
929
931
915
927
909
886
907
896
897
912
922
921
920
928
935
933
934
939
946
941
935
916
937
916
924
932
937
916
926
938
939
943
947
952
950
926
945
949
946
947
953
951
45
906
906
922
919
913
926
936
920
933
941
937
935
939
940
945
942
943
933
943
945
946
945
932
946
949
51
898
907
921
931
937
919
915
925
919
916
916
42
875
878
893
898
920
31
890
895
919
934
921
922
938
940
942
947
953
962
957
941
946
946
946
946
929
947
952
944
947
953
957
949
934
941
948
958
959
939
952
32
920
930
940
943
921
904
910
906
896
906
905
909
921
927
929
939
940
947
938
943
946
940
32
909
925
930
911
28
884
913
917
932
936
933
938
942
941
938
943
945
952
934
947
954
947
953
952
950
952
939
937
933
936
949
952
942
924
48
877
894
900
910
907
913
921
932
925
937
939
948
949
947
947
936
942
927
933
938
930
43
888
872
894
910
918
43
875
905
922
937
949
950
939
953
956
954
953
955
951
940
942
945
943
29
914
924
924
33
892
916
927
917
913
925
932
932
933
939
945
944
950
955
941
951
942
26
916
945
947
946
939
63
876
895
907
916
931
945
922
953
962
954
959
958
958
953
29
924
912
929
933
922
938
949
955
39
916
938
954
33
922
937
958
963
970
977
39
939
947
942
937
928
954
32
922
33
890
896
922
934
951
941
959
971
33
939
942
950
957
26
931
941
948
943
57
887
906
911
927
950
967
945
970
975
968
957
46
911
915
927
935
926
926
919
923
922
909
899
879
884
873
879
870
874
893
899
917
912
911
931
940
951
957
960
964
969
977
980
41
940
942
943
957
969
976
969
975
981
969
977
971
981
982
961
978
983
990
983
55
928
956
961
967
970
967
977
972
29
943
958
961
964
954
953
958
967
966
968
978
37
942
960
958
942
931
941
943
945
926
938
936
934
938
938
914
932
931
930
922
915
30
885
893
900
910
34
876
900
913
922
945
948
942
944
946
922
926
937
941
938
32
907
934
944
42
902
880
920
927
944
956
972
971
978
971
31
941
960
966
965
960
965
964
962
946
933
944
944
941
925
918
933
934
937
27
911
910
929
949
958
967
972
970
946
948
949
952
947
939
947
956
956
940
924
927
930
937
930
939
945
936
953
951
31
920
942
954
944
951
946
944
29
916
938
942
947
954
951
955
962
958
964
960
952
958
959
954
953
960
40
921
933
935
932
920
931
938
946
928
935
938
934
931
938
936
939
938
932
931
924
921
917
901
34
867
881
891
905
917
940
955
962
946
957
939
943
938
953
950
954
959
950
36
914
935
933
936
33
903
916
928
917
909
943
963
963
947
926
947
959
43
917
941
948
941
943
945
944
944
929
32
898
910
919
928
36
892
911
915
920
901
904
898
26
872
878
882
875
883
873
851
871
868
862
854
851
23
829
837
841
44
798
64
734
766
764
773
765
772
786
813
807
830
838
842
829
836
825
809
812
823
826
842
859
875
872
895
902
911
919
921
914
40
874
884
874
870
863
852
835
832
839
834
830
825
837
821
821
839
836
839
850
858
867
874
26
848
867
877
880
875
881
874
860
877
890
892
911
916
924
926
924
916
27
890
888
888
886
887
878
875
858
847
863
869
864
856
870
869
852
838
845
853
858
858
869
880
873
870
883
866
868
859
854
872
850
875
883
890
897
904
916
901
914
907
40
868
884
896
905
910
919
28
892
914
917
926
26
901
891
886
884
873
31
842
852
852
25
827
837
840
862
866
879
893
883
882
30
853
35
818
821
803
814
819
828
809
833
849
859
873
892
903
915
920
920
924
38
886
874
874
865
879
890
896
916
924
931
937
933
946
927
925
921
910
921
925
905
908
33
875
883
870
893
903
904
927
932
934
941
926
934
932
922
926
927
939
957
949
970
972
976
986
33
954
957
937
945
956
960
959
966
964
963
982
988
33
956
977
993
991
998
990
989
1001
984
966
993
1003
38
966
989
995
995
996
1007
995
979
996
992
996
981
998
1003
1004
991
995
973
991
1000
982
993
983
994
1003
1000
1015
1002
70
933
937
959
960
980
964
941
920
902
895
884
879
888
878
870
860
878
882
889
891
897
873
871
891
887
896
906
917
914
915
920
907
928
936
940
938
935
936
941
26
915
934
940
948
924
941
946
944
927
942
942
932
944
951
948
947
955
38
917
942
951
941
951
960
936
950
958
961
952
954
945
958
962
967
30
937
958
970
977
973
973
961
963
967
959
947
958
961
958
962
966
958
963
977
982
966
979
34
946
960
958
26
932
916
931
938
947
945
955
958
955
969
967
53
915
914
932
935
941
951
952
948
965
946
950
949
33
916
941
950
955
965
974
58
917
957
970
968
960
963
959
33
927
954
962
43
920
948
965
974
976
952
978
979
975
964
972
977
970
955
965
956
962
962
949
964
972
973
46
928
950
955
955
26
929
950
957
968
958
974
980
982
57
926
939
954
965
970
967
976
982
989
36
954
969
965
967
969
977
990
985
985
992
996
27
969
963
966
961
968
955
28
927
930
923
934
940
948
952
962
31
932
950
953
36
917
943
943
950
948
958
963
949
939
953
956
945
963
964
944
950
928
934
941
949
962
959
958
958
959
968
965
952
954
946
936
927
931
912
911
27
885
911
934
925
940
958
939
954
948
953
27
926
946
959
44
916
951
960
946
963
966
974
976
963
972
978
958
974
974
955
962
962
960
960
936
942
959
969
979
985
964
964
979
969
975
971
42
930
948
955
971
965
966
43
924
940
951
942
921
939
943
951
959
960
964
967
975
982
962
970
972
981
976
981
999
1000
40
961
938
959
958
941
936
945
957
937
951
964
977
989
974
994
986
988
1001
1008
1014
1015
1000
1009
64
946
976
989
997
997
997
998
1004
991
1000
1001
46
956
989
1005
1005
995
995
42
953
977
979
985
979
972
990
1000
998
983
30
953
957
964
971
983
1003
996
996
974
979
968
33
936
962
969
975
985
990
993
969
990
991
970
992
1008
1011
1005
1002
994
982
984
959
960
969
975
976
974
982
974
968
45
924
932
25
908
884
914
931
933
919
940
951
946
937
27
910
915
915
913
27
886
913
926
941
959
975
980
990
966
977
985
982
975
973
974
964
969
963
968
971
969
958
972
976
979
975
953
966
966
38
929
940
953
947
954
953
936
33
903
922
925
938
945
958
951
946
962
966
972
966
62
905
930
935
33
902
921
938
952
958
951
946
933
936
952
957
934
947
957
945
927
28
900
918
926
932
945
954
961
961
968
983
986
967
970
975
33
942
967
967
965
974
954
966
957
49
908
958
966
971
967
959
955
948
938
33
906
910
904
916
919
931
915
28
887
908
26
882
906
917
925
919
933
941
949
947
38
909
928
927
931
924
936
944
944
940
949
945
940
951
932
946
944
950
939
938
944
928
946
943
947
951
945
922
944
945
941
931
954
33
921
945
966
964
966
45
922
930
938
945
956
30
926
938
952
963
951
961
940
937
936
954
966
962
948
958
956
952
950
26
924
919
916
903
900
898
899
906
909
914
918
898
916
911
887
901
899
904
908
911
892
897
891
903
901
909
920
922
916
907
56
852
29
823
861
873
894
909
26
884
901
916
919
910
887
912
908
900
918
927
925
912
926
931
922
913
918
916
915
915
914
916
915
916
916
920
911
916
909
33
876
872
876
887
900
906
933
941
955
37
918
943
945
953
963
966
961
40
922
903
910
888
908
904
925
930
934
929
940
932
927
38
890
890
896
911
925
945
962
978
977
968
958
952
949
38
911
915
924
930
941
37
904
899
912
919
936
962
941
965
989
986
984
983
57
927
939
949
937
934
934
46
889
889
897
922
951
972
992
997
993
992
983
970
952
29
923
923
924
901
908
913
889
899
909
904
900
898
916
926
929
31
899
923
929
932
936
934
923
45
879
898
897
911
923
905
923
931
942
926
945
952
961
940
927
937
943
928
943
952
937
949
936
944
945
951
949
944
43
901
912
921
924
907
925
942
940
924
28
897
889
911
920
935
944
938
940
925
924
926
29
898
916
922
924
931
929
43
887
896
917
934
931
943
29
915
905
920
929
928
917
933
933
918
915
916
916
903
894
904
905
897
901
27
875
880
894
904
913
907
886
869
882
885
896
30
867
898
914
924
934
937
935
43
893
909
912
910
43
867
875
896
925
945
960
962
958
948
958
954
947
944
921
928
932
928
929
921
916
909
34
875
882
892
909
924
927
931
932
920
40
881
890
900
908
921
923
919
35
885
907
28
879
873
891
875
905
915
921
921
30
891
913
921
926
929
930
929
907
898
903
904
912
916
916
29
888
905
910
912
909
906
27
879
885
888
888
886
873
885
888
883
875
867
879
894
906
912
892
908
912
907
909
894
882
890
898
902
907
916
920
929
27
903
922
926
25
901
889
900
911
923
912
33
879
899
913
921
937
933
916
932
936
934
915
931
927
909
922
927
927
925
907
897
898
899
916
916
33
884
898
912
916
926
928
931
918
907
33
874
884
870
875
883
890
901
904
903
898
900
910
903
909
899
32
867
873
851
859
871
879
892
896
894
28
867
887
890
31
859
875
880
891
893
900
901
898
896
30
866
859
864
871
878
881
24
858
854
875
879
896
906
912
901
909
887
899
897
899
895
881
876
867
867
865
870
869
855
872
877
878
864
881
891
892
882
897
907
918
921
47
875
875
884
890
898
900
897
32
866
864
874
881
890
882
900
895
900
909
915
922
916
905
33
872
890
876
892
902
912
913
30
883
24
860
863
865
874
882
892
874
892
902
893
896
905
886
33
854
860
867
879
893
903
909
889
894
903
907
901
903
900
886
26
861
858
860
842
858
872
866
889
906
920
925
932
39
893
907
908
906
900
894
894
892
895
881
888
27
862
878
883
895
34
861
883
895
908
915
913
902
907
906
883
873
875
30
845
844
854
843
849
855
866
875
879
883
864
871
875
874
866
35
831
841
844
862
885
900
899
880
902
894
893
909
912
912
912
905
885
876
875
868
856
856
861
873
856
872
893
912
921
920
920
35
885
887
892
896
897
900
883
882
887
887
886
897
900
901
905
901
896
878
874
32
842
845
852
868
875
895
908
914
898
882
893
910
908
902
878
894
902
916
914
895
901
917
921
930
928
926
915
25
890
886
889
885
878
875
885
888
897
889
904
909
897
882
892
891
883
880
861
890
892
896
910
927
938
933
912
916
32
885
881
891
893
886
35
852
868
877
890
42
848
921
939
950
954
963
958
955
946
933
44
890
911
916
920
36
885
866
879
894
894
895
894
873
895
903
904
917
923
915
935
948
928
943
947
928
937
943
947
49
898
923
936
950
949
943
961
36
926
943
953
953
955
961
958
963
962
968
970
973
957
973
987
987
27
960
975
966
976
978
972
965
974
962
972
980
975
966
955
949
925
937
951
26
925
914
924
920
915
929
939
945
941
962
960
941
947
953
961
971
961
967
983
980
967
984
981
960
976
977
978
991
968
979
991
973
991
991
979
972
974
959
960
970
955
969
973
977
967
981
963
59
905
937
938
954
972
976
955
958
958
952
40
912
922
31
892
911
916
931
943
950
946
956
958
947
955
957
946
953
955
943
953
948
946
955
948
961
965
963
971
958
970
978
986
986
987
979
975
967
954
964
961
969
974
981
986
990
988
997
1000
998
1000
1008
1005
1010
27
984
975
981
983
975
967
967
968
968
955
26
929
937
944
948
969
973
986
991
990
983
988
983
32
951
962
962
940
952
956
952
954
960
945
953
953
953
947
956
965
974
980
980
958
963
966
958
956
954
966
961
961
967
974
955
973
965
969
971
973
971
971
980
981
993
984
991
968
967
968
958
29
930
951
946
948
28
920
930
28
903
900
928
937
952
963
973
954
974
979
976
974
980
981
984
986
992
967
984
989
977
978
986
990
27
964
972
975
976
981
964
969
972
962
943
969
966
979
969
35
935
968
982
980
981
995
992
1002
998
998
994
997
988
984
987
982
983
962
979
982
986
982
979
982
981
989
979
973
979
981
975
983
984
980
985
982
976
982
975
47
928
929
934
38
896
919
946
931
958
974
967
983
968
982
984
981
969
973
980
989
1002
1004
1005
1000
29
972
989
997
997
992
45
947
971
981
987
986
971
992
999
1002
982
1005
1012
1014
1001
999
988
1002
1013
27
987
1011
1023
1018
1003
1002
997
994
995
999
1003
983
1003
70
934
150
785
801
837
869
25
844
868
886
887
874
881
881
879
871
867
861
845
848
845
846
851
844
856
863
857
863
843
862
877
887
891
30
862
846
832
833
816
801
792
810
813
815
816
824
816
819
824
809
815
809
796
802
794
786
791
791
23
768
773
770
784
782
779
779
779
776
778
766
774
775
764
764
769
764
767
768
768
767
763
759
753
748
734
739
733
722
727
727
723
726
726
722
729
714
723
719
715
712
710
706
712
703
695
690
686
682
674
676
679
681
681
672
671
668
672
667
673
675
675
671
671
674
675
674
676
680
680
674
667
670
669
665
657
661
666
666
670
669
675
670
665
667
668
672
678
678
677
678
674
675
674
676
673
671
672
666
663
662
657
650
650
646
645
642
642
644
645
639
642
644
647
649
652
654
654
661
658
662
663
661
652
653
657
660
661
661
658
656
654
650
641
641
640
636
641
640
635
634
635
631
643
646
649
646
657
654
650
663
659
674
669
674
660
652
664
671
679
675
684
691
687
698
708
721
723
708
703
726
727
736
741
747
754
760
764
766
774
775
770
780
802
822
821
814
802
798
802
794
782
796
797
789
814
819
815
835
831
823
830
28
802
793
787
801
805
806
828
838
831
829
841
847
839
861
858
859
874
876
860
873
879
858
877
883
868
882
895
881
894
899
890
889
903
893
907
915
916
895
911
911
904
923
925
931
945
934
931
933
936
922
933
944
920
939
945
953
965
956
973
976
957
972
979
967
981
963
980
990
27
964
978
992
967
992
1002
980
1010
1027
38
990
1011
995
28
967
952
951
948
28
920
939
947
951
47
904
926
935
947
941
950
946
970
977
972
966
976
973
954
974
962
979
992
970
999
991
996
1005
1006
1016
1023
1023
1023
1031
1030
36
994
1015
996
1010
1012
991
1021
1034
1031
1010
1021
1011
996
1014
1004
1026
1031
1027
1036
1044
32
1013
1031
1041
33
1008
1017
1004
989
979
991
983
56
928
975
992
998
52
946
26
920
1011
997
990
988
983
989
978
973
976
44
933
930
925
916
894
917
935
952
967
980
990
975
994
997
987
981
991
999
985
1000
997
999
1002
1016
1004
1014
1009
1004
1009
1003
1008
27
982
1000
1005
989
1000
975
994
1000
991
984
981
985
991
29
962
991
999
34
965
987
990
971
977
981
987
973
982
983
972
989
978
985
1000
1000
1000
1007
1015
999
1017
1020
1004
1022
1020
62
959
999
1003
1008
1013
1015
1026
1017
1025
999
1017
1021
1022
1000
1008
1007
32
975
981
980
992
968
985
1000
1027
1033
1026
1041
1038
67
971
994
987
972
985
997
987
1002
1009
994
1021
1021
1017
1037
1038
1042
1045
1024
1017
1021
1013
996
997
1004
1010
1012
1002
1011
1016
1014
33
982
998
1005
1017
1006
990
1009
1016
1002
996
1009
1017
999
1016
1021
1007
1010
1015
31
985
982
999
1001
990
979
992
44
948
968
978
973
995
1003
996
992
994
995
991
978
984
987
46
941
27
915
971
991
1000
1013
1008
1012
1010
1014
1008
1015
27
989
1006
1007
986
1002
981
74
907
923
923
934
937
924
918
916
896
25
871
885
891
898
914
914
924
936
937
920
935
953
944
34
910
928
944
945
953
948
936
945
937
31
906
936
938
916
936
942
946
960
964
970
967
955
54
901
937
936
932
949
964
953
933
950
966
966
975
983
968
987
1003
979
986
989
979
39
940
942
937
927
921
33
889
25
865
866
848
871
887
892
900
917
932
920
938
947
939
26
913
929
944
942
935
926
929
923
912
915
907
909
910
910
34
877
860
890
909
926
925
946
965
963
973
986
981
966
971
977
981
961
978
988
29
960
976
974
988
987
968
979
986
978
987
985
986
986
991
968
986
990
971
996
989
988
1012
1013
1003
1001
1013
32
982
995
981
983
979
979
979
974
44
931
29
903
935
944
961
971
962
961
958
943
930
930
936
943
941
930
935
940
935
928
939
952
959
945
942
951
952
959
30
930
940
947
955
936
935
949
947
950
959
966
52
915
949
960
976
990
984
37
947
966
969
973
974
956
51
905
932
937
948
925
49
877
915
964
994
1000
998
1000
987
45
943
952
953
953
945
950
958
944
943
41
903
917
929
942
947
955
941
59
883
906
911
929
935
928
941
942
946
931
25
907
920
918
926
912
899
887
869
850
848
841
829
828
832
833
834
829
837
842
838
834
833
118
715
960
128
832
414
418
507
168
340
579
328
251
782
428
354
528
249
279
856
2638
3999
3999
3999

