19-10-2022 - 14:41 - Correr
María Paredes
Intervalos entre latido y latido
708
707
695
698
701
715
710
725
725
744
739
742
746
763
757
742
754
755
756
759
750
756
759
754
25
729
742
740
739
730
724
735
733
739
24
716
705
710
717
724
714
714
708
23
686
674
667
666
664
671
672
692
693
693
686
698
706
713
717
707
703
704
698
691
682
689
691
699
710
726
745
747
752
748
752
24
728
719
701
706
710
708
710
706
709
715
722
727
729
745
749
742
744
735
734
733
720
712
728
731
738
722
720
726
724
732
725
714
717
722
720
701
701
711
707
707
708
721
725
742
736
733
742
731
713
705
690
682
680
685
687
697
705
715
720
732
744
738
751
750
734
734
733
734
736
727
732
741
737
719
726
730
728
728
725
731
739
732
720
733
734
738
733
733
739
744
731
21
711
730
723
718
712
714
717
725
721
708
719
722
725
730
731
739
743
744
738
735
738
731
718
707
723
725
725
730
732
747
756
753
759
762
765
761
752
745
748
750
733
721
733
735
732
740
734
739
740
732
724
735
742
743
739
741
744
739
723
718
719
725
707
703
708
711
712
710
707
715
715
712
705
708
713
716
707
711
720
728
730
727
716
727
719
717
706
709
716
704
701
707
723
729
738
736
734
740
740
732
729
735
735
22
714
699
689
684
686
698
691
698
708
709
712
699
713
711
716
716
707
713
712
709
710
713
720
734
740
741
741
757
763
750
752
758
760
751
756
750
764
767
756
746
749
743
741
725
719
725
718
708
713
716
720
717
713
721
726
727
720
725
726
728
725
730
730
737
734
720
732
733
721
731
729
738
740
740
729
742
749
749
744
727
734
726
719
709
707
698
683
667
653
646
653
664
679
697
710
713
697
711
720
717
710
710
722
719
711
706
720
718
727
712
712
723
723
732
725
726
731
723
722
721
725
728
725
727
726
735
738
736
733
741
738
740
747
753
756
751
749
751
746
757
757
746
735
27
708
708
696
698
705
699
703
715
720
712
720
722
729
730
725
728
733
744
741
749
744
748
744
731
740
737
735
733
728
739
747
734
730
740
749
750
739
748
750
745
741
739
740
737
729
732
737
744
741
739
742
742
742
733
737
739
740
738
742
745
749
744
739
734
732
714
715
721
721
720
721
708
723
725
729
727
726
734
735
728
719
724
722
722
714
723
736
751
754
749
756
750
750
740
737
732
716
705
719
702
683
671
657
649
646
642
634
632
632
626
625
625
622
619
616
613
608
605
600
599
597
595
593
594
590
589
588
583
583
583
581
584
586
584
587
592
592
593
592
595
593
592
594
591
589
590
585
585
584
582
581
580
579
578
578
573
573
572
569
569
564
565
567
562
563
561
558
560
557
555
555
553
554
551
552
551
549
549
548
547
549
544
545
545
544
544
542
541
542
537
540
538
539
539
540
538
536
539
536
535
534
533
534
530
530
527
527
527
524
522
522
523
522
522
520
520
519
519
518
520
517
518
517
515
515
514
512
513
510
512
508
509
507
507
505
504
504
501
502
500
500
499
500
496
497
499
495
498
495
497
495
496
495
495
495
493
494
493
492
491
494
490
492
490
490
488
488
487
486
486
485
486
485
484
484
483
482
482
483
482
483
481
482
481
480
482
480
481
479
479
479
478
480
477
476
476
476
475
477
474
475
477
473
474
473
474
473
473
472
471
473
471
471
470
470
468
469
469
469
468
468
468
469
468
469
468
468
467
465
466
466
468
467
465
464
463
465
463
465
462
463
463
462
461
459
460
460
459
460
459
458
459
460
458
459
457
459
458
459
458
460
460
461
462
463
465
465
469
469
471
470
470
476
474
475
477
479
479
478
485
486
484
488
492
491
492
494
494
497
497
500
503
505
510
512
515
520
525
533
541
543
541
542
543
546
547
553
548
545
546
549
544
541
541
546
545
544
550
559
563
569
571
562
566
568
575
573
567
562
557
553
549
543
547
544
546
546
551
558
561
566
567
569
576
580
572
566
557
552
550
553
558
560
564
571
574
575
574
576
580
581
580
583
584
589
592
588
589
592
592
591
587
593
591
597
598
599
605
609
611
613
611
610
607
604
605
594
588
592
595
596
596
595
595
598
597
590
591
589
593
590
597
608
607
610
610
611
605
609
611
618
615
617
612
614
607
614
618
629
630
626
625
618
615
605
604
597
600
600
597
598
591
586
579
579
578
576
571
575
571
567
565
566
566
558
559
557
554
557
557
561
564
565
573
579
580
586
594
599
602
608
615
619
616
611
610
614
610
609
608
609
608
608
606
609
612
615
612
612
618
616
616
615
618
618
617
617
621
625
625
625
626
629
629
625
624
631
632
632
625
624
620
616
617
617
622
625
627
630
630
628
626
624
625
625
626
626
628
626
625
625
625
615
618
616
620
622
613
617
618
622
625
627
632
628
631
633
641
647
647
645
644
644
644
645
643
646
648
645
643
649
652
647
650
652
656
649
650
655
661
658
656
661
665
663
659
659
663
660
655
660
658
653
657
658
663
659
656
655
663
657
658
655
662
659
655
659
660
659
660
658
659
651
651
652
655
655
656
653
657
659
653
648
657
659
657
649
647
652
654
653
647
648
646
642
637
640
645
645
646
640
642
639
635
628
624
624
624
627
631
627
631
632
633
631
635
635
637
639
641
646
654
656
658
651
652
654
651
646
641
646
650
649
653
660
662
656
653
651
656
658
657
656
662
663
666
662
663
663
673
678
676
674
673
673
672
663
653
656
655
652
642
643
644
645
646
651
658
662
663
663
668
667
665
663
665
662
664
657
656
656
657
658
657
659
660
663
665
664
666
669
670
669
667
670
665
663
663
664
667
672
673
673
678
679
679
672
671
674
671
673
665
665
666
671
670
669
666
666
665
665
670
679
685
685
685
690
689
694
693
692
708
707
702
705
698
702
702
708
706
701
703
708
709
704
696
701
698
689
694
690
690
684
675
676
674
673
671
666
669
666
664
664
667
672
669
671
666
659
652
649
647
646
644
653
659
664
666
674
678
684
688
687
688
693
694
689
681
675
673
675
675
675
678
683
688
683
682
683
685
680
679
677
679
680
681
676
674
674
680
688
686
682
686
691
693
690
684
685
686
689
686
683
681
686
692
686
685
689
695
701
694
691
693
696
696
695
685
698
707
710
718
722
726
716
719
712
716
705
695
692
683
678
685
687
688
686
693
696
698
694
691
699
708
708
702
702
705
700
698
707
706
705
712
719
713
708
705
700
694
686
684
691
698
691
681
681
690
697
703
710
704
708
712
711
710
700
708
709
709
711
704
695
692
694
697
693
694
681
691
697
702
696
705
712
714
722
720
708
715
719
720
708
708
712
706
712
712
707
702
702
707
708
702
706
720
722
723
723
729
722
715
715
720
725
722
729
721
709
714
710
710
717
712
702
698
704
699
698
708
710
722
719
711
712
719
713
705
700
705
707
707
698
699
703
700
695
690
694
700
701
698
698
702
709
703
700
698
694
687
687
688
680
690
696
699
712
710
705
691
701
697
700
695
697
707
704
707
720
721
727
720
707
709
709
712
698
692
691
689
689
678
669
665
666
673
670
676
687
707
702
709
712
714
723
713
707
707
704
703
696
699
700
704
701
706
713
705
719
719
708
714
700
691
690
694
687
685
691
699
697
699
710
714
708
702
715
715
698
695
695
694
695
699
686
692
697
700
697
698
708
714
707
708
712
718
712
708
702
706
705
709
708
701
695
697
702
690
692
692
705
701
704
705
717
710
709
715
715
723
713
709
715
710
710
707
711
724
725
713
722
725
728
727
726
711
696
698
696
693
690
700
710
710
706
719
724
740
729
730
736
727
726
710
708
711
715
719
715
704
702
707
695
698
713
708
706
706
703
715
714
715
708
729
713
716
718
724
721
707
706
706
708
702
697
697
705
699
690
690
696
699
698
697
705
705
708
711
716
725
724
725
29
697
690
682
685
687
678
675
680
691
689
691
700
706
708
700
712
715
719
709
704
709
701
702
707
711
706
699
711
705
709
703
708
711
710
709
703
708
716
718
718
710
713
720
723
709
713
713
707
703
710
717
716
713
719
722
729
722
715
724
711
715
718
716
707
707
696
689
690
699
700
696
696
694
678
682
683
688
699
699
702
703
711
712
717
715
725
724
729
729
721
726
725
727
715
716
722
721
720
710
711
722
728
733
733
730
712
707
707
712
709
700
704
711
712
720
719
704
703
709
712
707
707
707
712
711
21
691
688
699
699
707
700
708
708
705
702
706
711
712
701
700
704
707
710
703
702
709
707
698
700
710
708
710
20
691
693
694
698
702
699
708
713
715
715
719
720
728
717
721
718
700
709
708
708
712
710
710
708
706
689
688
688
700
691
700
711
722
721
720
732
741
741
734
722
725
729
729
724
729
732
713
713
719
720
713
708
710
694
687
691
692
686
683
699
704
708
700
711
714
706
703
707
714
709
700
702
703
706
698
700
704
712
711
704
717
720
719
711
725
725
729
719
716
721
720
723
728
727
708
712
716
711
701
706
709
712
708
704
713
715
704
713
718
718
719
708
712
706
702
706
710
716
713
721
727
729
730
716
721
726
717
710
719
708
701
703
704
704
690
693
700
701
691
697
698
705
708
699
691
694
699
700
697
709
718
705
700
704
697
699
697
695
691
688
687
680
674
671
670
664
665
664
672
682
693
706
704
688
699
691
697
698
695
687
697
685
689
701
696
708
720
732
738
725
730
723
729
723
720
717
717
700
697
695
705
702
694
709
714
707
702
712
712
706
712
718
739
735
731
736
741
747
737
740
738
743
735
720
704
707
707
704
696
714
714
716
706
705
719
718
728
735
734
740
735
718
724
735
742
766
758
766
747
754
748
736
26
710
729
722
733
726
711
715
725
733
739
741
734
732
22
710
713
725
715
725
723
716
715
712
697
691
697
699
709
703
711
715
723
727
733
731
714
725
722
721
727
719
704
700
704
703
704
711
719
720
715
725
726
730
722
708
713
716
705
698
708
712
719
714
700
708
700
708
716
720
720
714
708
717
716
715
702
706
711
711
715
705
710
707
709
712
710
702
698
701
701
708
713
710
704
697
699
702
702
713
706
707
710
719
711
718
710
706
697
689
689
689
681
676
674
675
677
692
691
700
707
712
719
714
704
718
708
719
722
724
724
20
705
704
705
705
705
704
692
685
699
702
700
708
721
729
727
734
733
728
721
715
720
713
708
708
701
694
705
708
705
704
712
722
724
721
726
737
734
748
744
728
714
21
693
686
669
668
664
657
650
649
641
637
634
634
630
629
625
623
625
619
618
619
615
615
610
603
602
597
592
589
588
588
586
587
586
583
586
592
597
602
607
614
614
616
623
617
614
609
609
606
603
600
608
609
610
614
615
609
612
624
631
31
601
604
607
603
608
604
609
607
608
610
611
613
616
620
622
625
621
623
609
612
613
611
624
625
633
639
634
638
637
631
627
628
622
625
615
619
616
614
619
619
623
623
623
619
612
611
605
599
596
594
594
593
595
593
594
594
597
596
599
593
592
589
588
584
583
583
580
582
578
579
576
576
575
575
574
576
572
571
573
575
570
571
573
573
576
571
568
572
571
568
571
566
570
568
565
568
567
570
572
576
579
582
578
575
584
587
583
582
583
581
582
580
577
583
581
584
587
587
591
594
596
595
592
594
592
584
583
582
581
577
579
577
575
577
583
581
581
583
585
586
583
583
583
583
583
582
581
580
580
583
577
575
573
575
574
571
577
579
583
585
593
597
601
602
596
606
603
604
604
598
604
603
609
604
601
596
591
586
583
589
591
596
596
603
608
615
617
617
620
625
626
625
624
628
630
633
639
633
636
628
634
637
635
644
647
656
666
671
666
659
651
657
659
652
654
649
645
648
645
644
637
638
639
640
642
640
635
639
637
18
620
616
618
621
620
626
642
645
653
652
654
662
645
646
651
651
653
650
649
651
656
659
641
649
650
658
662
658
672
679
688
689
704
697
692
685
680
679
679
665
665
669
666
21
645
640
633
636
631
632
639
645
649
656
658
662
660
667
677
660
670
666
668
665
658
661
646
639
638
637
632
634
639
639
652
647
656
664
666
657
665
664
657
644
647
650
658
653
651
647
650
648
644
646
638
640
632
629
630
627
623
615
613
618
618
628
631
625
635
633
631
642
635
636
635
639
637
631
631
627
631
628
630
626
627
625
633
624
631
631
626
619
621
618
615
618
625
634
637
646
649
639
630
627
620
619
622
619
618
622
625
624
615
621
619
615
622
619
625
632
633
632
639
650
657
663
666
664
660
655
669
665
667
668
668
668
666
663
658
666
665
662
665
665
657
647
639
641
646
642
640
643
642
639
644
644
643
646
638
638
643
642
636
632
630
631
631
623
624
619
624
629
631
630
640
638
648
644
653
657
647
642
638
636
641
628
626
619
617
608
612
611
610
607
610
606
607
602
598
595
594
590
589
591
586
585
583
582
578
577
574
572
571
572
567
568
570
565
563
560
559
560
561
561
556
557
556
556
556
554
554
555
560
558
555
552
552
552
551
548
549
547
549
548
548
546
547
549
550
553
554
557
557
558
560
562
560
560
559
559
566
561
562
566
562
564
565
567
565
564
561
559
563
555
559
554
553
553
551
551
550
552
553
549
548
545
545
544
544
541
543
536
540
538
537
534
538
539
538
533
536
537
537
538
537
538
538
536
537
536
533
536
535
539
537
531
534
537
535
537
541
543
544
548
557
558
558
559
565
565
557
559
555
554
557
558
559
562
561
561
564
568
564
560
553
553
547
549
550
548
551
552
549
553
546
549
549
546
549
551
552
553
554
555
558
549
552
550
548
550
552
549
552
549
552
552
550
552
555
554
553
556
552
554
551
551
548
547
545
545
548
545
545
543
546
546
551
552
552
549
549
544
547
543
543
545
542
544
546
546
549
551
548
548
551
549
546
546
543
540
540
538
536
535
533
531
528
524
531
524
531
528
530
526
523
523
522
520
518
520
518
519
518
517
517
517
517
515
513
512
513
513
510
509
512
510
513
511
510
512
510
514
514
514
515
516
515
518
520
518
519
520
521
516
517
516
518
513
517
517
514
519
520
519
523
524
525
524
526
526
526
526
523
522
524
521
523
525
522
523
525
523
526
528
521
525
524
524
524
526
520
522
522
518
520
519
518
519
524
519
520
520
523
523
519
527
516
526
524
522
521
520
521
519
517
518
520
521
522
526
524
529
528
529
530
530
532
531
532
536
533
532
534
537
535
538
537
540
540
540
543
542
545
549
556
554
558
554
557
556
556
558
556
557
556
556
562
557
563
564
565
557
552
559
558
555
557
560
565
564
564
561
565
568
571
569
570
575
583
580
589
586
587
587
579
583
584
582
583
584
587
586
583
586
591
589
592
589
590
596
596
582
590
582
579
579
583
587
592
591
603
607
612
614
618
619
624
620
625
617
619
611
605
597
613
624
610
625
630
642
639
632
635
632
641
636
634
630
631
630
629
626
630
632
632
631
623
628
622
624
619
614
613
615
614
616
623
634
645
639
640
646
629
628
637
625
620
613
608
599
594
594
587
591
596
596
596
601
610
616
619
629
637
639
628
633
626
627
627
632
636
641
643
637
640
643
632
638
644
654
656
651
662
672
25
648
642
646
646
643
642
628
628
624
619
623
627
625
628
641
642
646
642
646
649
648
655
645
646
644
640
641
635
639
639
639
630
633
625
624
630
640
638
646
646
645
647
653
658
656
665
663
656
660
661
658
659
663
676
675
661
667
668
657
653
650
656
665
659
660
661
665
666
660
664
657
666
666
664
671
672
677
680
683
680
672
670
669
660
657
647
643
637
636
631
636
642
641
639
648
653
656
654
645
639
639
634
632
635
630
635
633
632
635
642
638
639
642
652
647
650
647
652
651
654
653
656
663
663
671
21
651
656
24
632
639
633
632
630
630
625
632
640
639
646
657
654
644
645
641
638
639
634
637
634
635
632
641
647
647
651
663
672
660
661
667
674
684
679
685
691
688
680
673
668
666
665
660
660
656
653
645
647
652
647
643
636
631
627
629
634
632
635
640
646
649
651
654
659
668
674
675
668
678
677
675
673
675
685
676
665
660
667
667
663
659
666
665
670
666
670
679
686
678
683
693
691
696
677
680
674
671
665
667
672
673
665
672
681
681
686
678
684
690
690
682
689
696
692
681
687
686
693
678
681
681
696
696
694
692
701
698
696
20
677
682
690
689
686
688
690
700
699
693
693
703
697
688
692
687
696
693
681
684
688
690
687
682
680
695
692
685
688
690
692
683
675
666
670
676
669
675
679
691
673
676
677
679
679
673
677
680
693
691
687
689
694
689
697
688
689
695
694
692
678
681
683
692
690
685
680
687
679
682
686
668
670
659
654
648
650
653
651
653
657
664
666
665
668
677
687
678
683
699
694
698
697
691
698
703
700
696
695
699
703
702
699
702
710
709
712
704
703
713
708
703
708
707
711
712
708
704
711
710
705
707
710
706
701
692
701
699
697
695
707
708
715
706
702
711
710
713
706
704
715
715
709
712
716
706
692
697
690
684
692
688
688
679
674
674
673
671
684
688
695
696
705
696
704
706
699
704
691
689
680
684
678
679
677
660
665
659
660
655
653
671
672
683
687
701
705
708
706
704
687
689
687
686
679
676
682
670
673
666
668
679
685
689
696
701
689
685
689
680
674
678
683
687
688
694
704
713
709
715
718
724
726
726
728
731
735
717
714
718
719
723
724
736
726
722
731
734
721
714
719
720
712
708
717
736
748
752
752
751
757
754
749
736
727
726
724
713
704
707
702
708
708
707
713
723
724
724
731
736
733
732
733
728
722
721
720
722
724
720
720
724
722
717
699
703
687
685
693
696
701
708
712
725
722
731
734
741
724
712
708
712
708
704
707
708
708
707
696
708
712
708
713
720
729
743
734
740
744
757
758
743
743
744
746
743
743
746
739
730
726
708
705
713
713
720
715
721
729
733
734
727
738
745
749
742
736
728
730
733
734
730
727
717
708
717
712
719
723
718
714
708
705
688
681
688
693
701
702
713
712
718
729
737
735
734
730
737
732
726
730
735
732
721
715
710
710
710
704
693
696
696
693
685
698
704
714
717
714
718
722
724
718
722
729
738
735
729
728
710
713
718
727
726
724
725
732
743
750
743
739
742
732
735
738
748
744
747
740
750
752
749
742
736
744
738
732
727
721
716
710
712
713
695
677
672
673
687
695
708
714
732
738
741
758
764
759
748
757
754
750
744
741
737
742
738
738
751
761
750
750
747
750
750
747
737
744
749
742
742
742
746
738
733
731
737
748
753
748
743
746
749
741
745
728
719
728
726
722
719
727
728
733
727
727
733
727
730
731
729
727
732
737
734
728
729
733
731
722
723
727
728
729
724
726
730
737
730
727
742
742
740
737
739
739
743
736
737
742
746
740
729
729
732
732
733
735
747
747
749
741
741
743
741
733
740
750
740
740
748
751
764
762
761
768
779
776
766
764
762
766
770
755
753
738
741
734
746
742
743
749
753
753
746
735
736
734
739
747
748
742
739
734
742
744
731
725
729
730
720
714
715
723
731
733
738
745
756
771
775
764
763
765
760
748
749
746
743
741
736
733
726
713
714
713
709
716
722
721
731
739
745
751
747
752
754
764
764
757
749
750
755
755
747
750
756
759
747
740
742
747
740
738
734
747
748
757
760
749
750
754
756
744
741
734
730
737
744
735
729
735
739
734
735
741
747
742
737
733
727
726
709
716
720
729
729
728
729
725
725
718
715
704
704
701
699
703
703
688
686
683
688
692
701
709
719
726
715
707
711
703
719
732
734
742
734
22
713
712
717
720
706
716
715
726
733
733
734
744
747
749
749
750
758
762
766
758
759
770
761
763
763
751
753
749
754
748
741
750
750
760
749
746
750
748
746
756
770
756
758
757
754
740
747
749
756
752
751
756
762
760
750
742
739
743
742
735
726
722
720
706
701
705
708
710
713
730
744
747
753
749
743
739
740
741
739
734
741
746
752
746
750
753
752
771
769
778
769
770
25
746
735
720
710
708
716
723
728
726
727
714
703
706
713
720
725
731
718
720
714
720
720
722
711
702
703
712
728
721
713
722
716
712
723
734
742
742
739
733
720
24
697
695
698
704
707
715
720
709
704
709
719
724
723
714
727
739
735
735
741
742
750
746
750
752
757
757
744
738
741
735
741
734
740
745
739
741
750
768
768
765
765
760
751
757
768
777
766
777
767
779
779
767
766
764
757
744
744
746
762
753
747
756
769
775
786
775
774
779
767
762
767
751
755
752
733
735
747
756
750
748
759
764
768
770
762
751
758
756
747
743
743
751
759
745
736
743
744
742
741
743
748
751
759
744
738
743
746
740
728
731
724
733
733
736
734
727
742
738
745
748
748
750
751
756
750
751
754
750
755
774
776
781
770
760
754
757
748
759
770
784
779
778
761
758
759
765
773
767
772
757
741
743
752
750
748
746
743
749
743
746
23
723
721
705
706
703
709
715
715
723
716
722
20
702
695
692
686
688
690
695
705
718
722
734
731
732
727
726
708
698
699
705
708
707
710
727
736
739
736
743
764
756
751
753
776
762
754
760
765
771
756
750
746
755
750
742
732
740
749
756
753
752
757
757
749
748
757
771
763
757
760
759
750
744
749
741
734
729
731
739
749
743
750
750
750
743
737
724
718
709
706
700
699
698
698
708
712
727
721
717
714
724
730
730
729
737
740
746
740
749
765
771
766
759
763
763
757
750
750
750
742
750
760
768
758
752
758
757
760
759
753
758
763
770
762
769
769
776
22
755
747
741
740
738
740
752
757
752
734
719
714
714
716
721
725
724
725
724
732
728
730
719
714
722
726
732
737
722
725
731
732
719
719
720
714
712
704
701
698
691
685
685
688
691
690
701
717
726
730
744
757
764
752
753
746
727
723
713
713
704
694
700
702
713
719
712
723
746
734
740
743
742
749
731
729
715
707
702
698
683
684
682
694
701
714
720
721
725
710
721
706
714
709
708
705
700
685
690
690
698
693
696
703
713
726
722
733
728
715
712
707
712
715
725
724
723
708
710
715
717
718
707
717
727
722
725
725
725
715
699
701
700
711
713
713
710
715
726
720
741
750
741
759
757
764
752
749
742
733
718
704
694
702
699
707
698
716
711
721
730
749
772
797
24
774
798
791
26
766
750
750
738
732
737
746
742
737
750
744
747
757
763
762
762
775
778
775
798
802
784
789
803
814
30
784
799
791
786
777
761
771
774
769
752
772
764
749
756
754
753
740
745
744
747
736
741
735
732
736
737
743
743
739
741
754
750
741
739
737
733
731
735
735
743
738
736
730
736
736
739
749
755
763
761
752
749
746
743
730
716
718
717
713
712
717
730
732
734
746
737
731
729
736
735
737
737
718
712
711
709
702
701
707
718
727
724
727
731
731
734
725
730
722
736
731
731
729
727
733
733
722
709
700
696
705
706
706
696
695
691
695
690
682
684
687
690
695
700
705
705
702
700
691
679
685
676
672
670
681
683
688
691
699
696
697
697
684
666
666
649
640
637
641
641
645
653
658
657
655
662
666
675
685
703
708
715
719
735
727
717
716
724
729
723
736
731
722
714
719
724
725
722
740
755
749
753
748
747
730
713
718
721
721
726
727
735
738
746
743
749
747
24
723
734
730
718
21
698
684
706
719
731
735
751
751
737
723
727
724
712
704
706
715
730
734
729
734
733
735
745
738
738
739
741
734
726
736
745
742
744
728
716
720
725
723
718
723
725
735
735
738
741
743
727
722
716
718
726
737
748
735
742
741
742
741
735
737
743
731
726
732
741
744
729
734
731
22
710
699
704
713
713
710
716
719
719
714
713
708
696
706
720
717
716
735
737
741
744
738
744
743
739
749
756
743
738
726
734
720
702
690
691
685
684
681
686
688
702
701
699
709
721
722
727
729
729
728
725
726
729
718
715
716
728
723
714
728
726
733
726
720
724
729
729
728
736
750
758
750
736
743
744
750
752
736
736
741
744
750
737
741
746
750
741
746
748
753
752
748
741
736
744
741
746
744
743
739
721
731
730
735
740
731
734
741
749
744
730
721
723
718
700
698
699
704
701
704
705
713
711
711
709
714
715
708
698
700
700
694
703
697
696
703
702
700
692
682
679
678
679
688
683
693
698
697
691
699
711
718
719
724
727
720
730
732
729
727
736
740
734
729
732
728
720
721
706
722
725
736
735
739
738
750
733
729
726
732
732
726
725
729
730
736
735
732
730
732
729
722
727
737
740
745
746
729
733
731
732
734
732
746
750
753
754
764
771
33
738
750
761
758
748
733
745
750
740
733
729
737
735
726
721
734
740
735
746
743
761
743
741
727
731
733
734
738
733
750
741
743
739
736
736
729
733
729
726
708
712
713
719
711
714
721
725
721
712
714
708
711
707
721
712
716
721
724
723
711
715
720
727
732
725
719
728
719
717
722
715
723
721
718
714
717
719
715
710
716
733
731
724
724
725
721
721
715
729
729
725
730
729
735
745
728
715
717
720
734
734
730
742
743
739
731
739
737
743
737
736
737
747
753
740
26
715
722
724
724
732
724
730
750
744
733
720
710
718
718
714
707
703
700
701
701
709
713
706
699
699
703
699
691
683
680
670
671
667
673
684
692
694
688
688
689
692
687
703
708
713
716
713
710
711
712
718
721
717
709
708
708
705
698
701
702
710
714
718
716
719
725
723
729
729
23
707
711
708
719
722
724
722
714
720
725
722
718
701
701
709
715
730
713
706
719
717
729
726
728
733
748
759
762
749
752
749
750
747
737
723
722
721
729
730
716
718
732
748
742
736
730
730
736
735
732
743
741
752
766
761
757
759
753
754
745
750
743
732
722
721
730
730
734
730
720
730
733
734
738
729
719
733
734
741
741
738
739
721
709
705
708
718
709
709
707
720
731
732
726
732
744
747
752
748
760
750
747
748
759
753
752
738
728
739
749
752
750
749
738
733
738
748
746
742
25
717
703
717
710
719
722
730
746
751
764
770
771
762
752
743
739
751
754
758
757
749
739
725
736
733
746
750
753
748
757
749
744
742
743
743
738
728
746
758
750
750
737
732
734
731
731
716
719
722
724
722
710
704
709
716
713
705
694
702
700
702
701
700
704
714
730
735
744
737
728
721
716
705
714
716
722
730
724
714
721
732
733
730
718
717
712
713
717
717
725
727
727
725
735
738
725
718
718
717
717
715
709
708
706
714
712
709
715
724
737
735
735
726
731
722
717
716
719
721
717
711
715
720
716
707
706
712
712
720
712
712
705
698
695
693
690
681
683
693
702
689
679
676
678
679
685
691
702
715
730
736
742
741
735
736
737
729
724
726
736
747
743
750
746
743
731
711
715
715
731
737
737
739
743
735
746
770
757
754
744
749
751
746
727
726
722
715
714
717
710
713
719
726
730
730
713
720
719
729
730
727
728
717
711
711
724
729
735
727
720
720
722
729
723
723
738
737
741
736
717
718
728
732
741
732
728
728
728
730
729
732
722
718
731
734
736
721
730
734
734
730
729
736
743
739
733
729
737
740
747
737
735
740
743
748
757
751
749
733
720
728
734
746
737
725
729
737
744
742
742
743
742
733
748
746
751
746
21
725
734
739
740
735
743
740
741
745
743
746
741
728
721
727
723
727
725
739
728
723
723
725
734
735
735
739
727
712
708
712
725
733
729
724
721
716
711
717
728
739
733
725
711
708
706
703
709
712
714
712
706
703
708
713
720
729
730
730
733
730
728
723
713
720
725
718
723
717
726
729
725
717
702
695
708
701
691
690
675
666
657
658
669
680
688
696
713
721
728
727
724
731
733
737
739
738
738
744
737
730
721
738
731
738
743
744
741
738
736
737
718
713
715
712
709
714
699
694
691
695
700
704
712
714
712
726
733
739
744
757
759
745
728
730
736
743
732
732
733
741
750
743
750
747
747
750
762
747
730
733
740
739
733
730
730
738
736
725
730
734
739
739
733
744
734
727
730
733
731
722
711
711
715
718
716
714
706
691
673
674
678
682
692
706
710
711
715
723
728
728
715
730
718
713
721
715
708
708
695
693
703
708
706
711
724
728
724
713
712
708
706
719
732
746
738
742
750
758
762
776
777
765
21
744
739
736
734
745
744
21
724
729
737
740
751
750
754
739
735
743
743
747
735
726
729
737
729
732
722
732
738
740
739
728
727
725
734
742
749
742
754
752
750
739
729
730
731
737
737
737
732
739
739
755
747
749
751
751
750
747
738
727
726
736
729
731
719
708
711
717
718
706
708
712
715
725
734
734
729
724
728
733
745
744
741
728
711
704
703
702
698
702
708
713
710
723
726
735
719
724
733
747
749
743
749
742
736
745
744
759
747
750
756
748
752
756
744
742
747
741
728
721
718
717
710
713
731
736
751
755
753
762
759
763
751
748
755
749
738
732
726
738
748
753
761
767
758
752
756
755
736
744
739
750
750
743
748
748
752
750
754
764
748
744
753
756
755
746
729
736
733
727
718
708
702
703
697
697
692
694
702
709
725
737
756
757
756
745
733
721
712
705
703
707
713
714
716
718
717
710
724
724
738
737
741
744
744
743
738
740
736
727
726
724
724
733
732
730
723
721
720
725
722
710
716
721
735
735
734
741
746
749
751
748
743
746
758
755
750
753
754
763
748
761
761
760
757
763
756
755
754
761
751
757
750
743
753
759
758
25
734
748
748
759
758
753
751
749
752
750
738
737
734
743
737
735
741
747
741
731
733
736
742
739
726
717
702
703
708
711
718
725
728
731
727
725
717
722
741
734
740
755
757
753
764
750
751
736
732
731
719
716
725
727
725
729
738
761
769
770
761
745
742
740
738
755
764
763
752
749
744
735
730
736
741
738
743
745
743
741
733
742
728
734
728
727
737
750
760
765
773
22
752
744
740
747
736
746
750
749
745
742
728
723
724
719
717
724
746
750
760
759
748
752
754
753
747
747
739
733
735
728
737
731
735
732
713
738
740
738
732
740
740
750
756
745
733
728
734
745
750
745
730
719
721
726
724
721
732
740
749
747
743
748
750
750
741
744
741
740
745
742
730
729
728
723
711
698
698
701
712
726
725
726
737
750
752
750
753
759
762
753
750
757
754
750
738
733
740
740
736
725
729
724
726
723
721
733
734
738
744
734
735
738
749
740
734
733
735
750
749
757
746
748
769
771
764
21
744
744
755
749
754
746
733
740
742
732
734
742
748
740
735
745
738
734
741
742
745
753
21
733
742
745
754
752
748
750
752
763
755
745
740
740
739
733
721
728
738
731
722
731
731
732
735
739
733
730
723
726
727
731
723
717
715
711
709
706
708
711
720
726
724
742
757
766
781
27
754
739
725
756
758
766
770
762
753
744
736
723
716
716
719
719
718
713
708
705
698
694
688
694
694
700
708
722
733
739
746
736
728
730
727
720
708
716
713
710
714
719
721
725
729
740
739
726
726
732
720
718
713
706
702
698
696
697
698
701
710
713
712
717
716
718
720
718
719
719
729
729
735
726
730
723
727
727
715
708
694
690
677
670
673
667
666
666
669
668
666
666
671
677
679
679
677
681
683
686
686
687
688
694
693
690
692
695
701
708
711
715
704
702
704
708
705
710
712
721
721
717
715
717
716
715
712
708
711
715
715
715
719
731
730
729
727
735
742
737
741
744
747
748
748
742
728
717
720
725
724
718
711
725
719
722
719
719
725
721
710
706
706
712
721
716
711
715
724
735
740
731
735
738
742
746
740
728
731
742
745
754
755
744
735
731
734
743
745
729
729
733
745
742
739
735
743
750
747
730
722
726
732
734
735
723
714
721
734
736
729
718
721
726
726
717
708
709
707
694
692
695
700
703
708
708
710
712
716
716
711
711
718
725
735
727
730
737
742
747
742
734
737
739
739
739
729
727
722
730
732
722
721
728
726
731
724
719
726
724
719
711
708
714
717
718
709
707
714
713
718
714
708
704
698
700
692
691
693
696
699
698
697
705
707
712
702
703
713
721
720
717
714
717
724
728
726
720
715
718
723
725
720
719
725
726
727
723
721
716
705
695
694
693
692
700
703
705
712
713
708
708
707
698
690
687
696
698
699
706
708
721
728
727
731
742
752
746
750
759
771
758
755
752
754
756
750
736
735
739
734
736
742
759
754
748
743
743
747
750
732
722
708
708
704
701
701
700
695
695
700
698
696
699
710
717
722
717
729
735
744
746
740
750
753
756
744
748
749
754
742
737
743
741
735
734
741
744
745
741
744
749
750
736
746
750
741
731
734
734
737
734
723
733
732
740
732
729
737
748
753
743
757
758
762
753
747
754
755
759
752
748
750
750
745
736
738
741
737
731
735
739
748
747
735
742
742
740
735
735
741
741
736
733
743
742
741
737
740
742
740
741
737
737
740
735
727
736
739
735
737
735
740
741
733
732
730
727
725
722
727
731
732
734
730
734
732
726
721
727
732
732
727
735
737
734
732
732
735
735
727
725
728
731
734
733
739
745
751
749
745
754
751
750
742
743
743
743
737
738
741
750
750
742
734
728
724
731
735
731
732
738
746
742
737
744
737
740
738
744
747
760
745
749
757
757
749
743
747
745
733
729
732
732
730
727
729
734
740
737
736
740
746
746
743
745
753
750
751
746
751
742
725
724
716
708
701
698
688
690
694
703
705
713
718
731
731
728
726
732
730
728
736
744
746
751
23
729
732
723
715
713
711
699
685
678
677
666
664
662
656
655
647
646
643
636
630
626
620
620
617
616
609
604
607
604
602
607
602
598
610
607
612
610
617
619
622
619
629
629
640
631
635
637
630
634
631
633
627
625
628
625
617
619
618
615
608
611
608
608
604
603
602
604
603
598
598
599
599
592
597
594
593
595
589
589
591
587
584
583
582
583
578
575
576
577
574
569
573
571
568
569
569
565
567
564
562
563
564
561
560
560
560
557
555
559
554
556
559
558
555
555
558
555
552
551
551
552
548
548
547
545
544
541
541
539
540
537
537
537
534
534
534
530
530
531
527
528
530
526
527
526
528
526
525
523
524
525
523
520
521
518
521
521
516
517
517
517
514
516
513
515
514
511
512
513
510
511
509
509
508
508
507
508
505
506
504
503
504
503
503
501
502
501
500
500
500
499
500
500
499
499
499
496
499
497
497
496
496
494
496
494
497
494
493
495
494
492
494
490
491
492
490
489
489
489
489
487
486
488
487
484
485
483
483
484
482
481
481
481
482
480
480
482
480
480
482
479
480
480
479
479
479
479
479
479
479
478
477
480
479
478
479
479
478
480
477
477
478
477
479
477
476
478
476
475
476
476
475
475
476
480
480
480
479
483
485
487
486
491
491
491
495
496
498
500
501
506
507
512
515
518
523
524
526
531
532
534
532
535
537
539
541
541
545
547
551
552
551
552
557
557
564
561
561
568
572
580
576
575
577
580
583
583
581
581
588
590
589
586
595
598
606
604
596
597
605
604
601
601
605
613
609
606
604
613
614
622
614
621
632
632
641
629
627
634
634
626
634
625
620
622
623
619
618
624
621
619
615
608
611
613
619
622
620
620
625
633
636
643
643
646
646
647
644
647
653
653
653
649
656
656
653
651
655
664
669
666
665
662
665
665
657
656
657
657
661
653
658
660
660
654
655
661
666
664
664
661
667
666
664
659
659
662
659
658
657
658
659
653
650
652
654
649
646
645
644
646
639
639
639
643
650
648
647
653
655
653
654
648
654
650
652
654
656
665
656
655
656
657
656
657
654
658
657
655
654
657
655
651
649
653
649
650
646
654
657
655
655
655
662
663
664
664
669
666
662
657
657
661
659
659
656
658
658
657
656
657
661
659
661
661
659
662
659
657
659
663
663
661
664
664
666
666
666
669
667
670
662
666
668
668
666
660
663
663
663
662
661
666
667
666
666
667
669
670
668
670
673
677
675
670
668
673
668
670
666
674
674
675
675
674
676
672
674
667
672
672
669
670
674
672
669
670
665
669
667
668
670
666
667
666
662
655
642
650
651
645
653
655
653
656
659
657
660
659
665
661
660
662
663
666
665
666
666
672
675
682
681
690
694
695
690
692
694
698
694
693
696
705
701
706
698
707
704
696
691
696
697
700
701
699
699
702
692
688
695
695
694
690
689
691
692
684
681
684
687
687
686
687
694
698
694
695
699
703
707
708
705
716
712
708
706
701
709
708
701
697
700
704
696
699
695
701
705
700
695
698
703
698
700
698
706
707
706
703
703
706
708
703
704
712
720
713
713
722
721
719
718
719
728
729
713
715
713
716
711
709
708
710
708
711
708
722
721
713
713
716
719
718
707
708
709
712
704
704
702
709
702
701
697
700
702
702
703
701
708
706
697
694
701
704
706
709
707
714
713
712
708
717
717
719
716
710
713
712
709
707
711
711
711
710
715
714
715
711
709
710
712
709
709
711
712
711
708
707
711
712
709
703
711
709
705
708
708
714
715
714
710
712
710
701
696
685
667
667
661
663
666
666
662
663
663
666
671
667
669
674
671
667
663
667
672
673
675
675
687
686
685
688
695
701
702
705
708
715
726
737
730
730
727
732
724
719
716
715
714
715
719
713
719
727
727
724
719
724
717
702
704
706
703
704
712
718
726
723
736
744
740
736
743
743
733
735
738
736
726
730
725
727
734
735
726
734
736
730
725
737
744
750
739
734
740
728
731
731
743
733
745
742
745
741
732
735
742
735
730
734
740
742
748
745
744
747
743
733
730
733
742
742
740
738
727
722
725
728
717
717
711
715
706
706
714
718
730
725
737
741
741
735
725
720
723
719
730
721
724
709
695
678
675
666
666
668
665
663
660
659
655
655
654
654
650
644
639
640
286
355
64
291
649
644
643
643
654
664
683
692
701
706
709
712
711
708
709
703
699
699
693
687
679
677
176
502
232
271
363
806
3999
346
3653
2945
708
2934
2418
517
3999
3999
3999

