26-10-2022 - 14:28 - Correr
Yolanda González
Intervalos entre latido y latido
771
780
790
791
779
776
778
777
766
767
774
774
759
761
746
757
749
769
773
758
765
774
781
781
768
778
781
786
790
795
792
780
784
795
803
804
802
804
812
813
795
792
810
812
791
779
770
791
799
809
796
791
794
790
796
791
784
810
823
832
839
837
837
847
852
854
847
833
823
835
828
826
829
819
823
820
818
805
803
811
802
787
777
783
788
782
779
783
800
807
811
801
815
819
819
819
820
810
812
811
808
810
806
792
799
812
818
808
801
786
783
804
816
815
801
809
815
819
801
799
811
815
814
802
806
810
816
806
825
831
835
834
834
834
833
829
825
812
820
824
824
825
809
802
811
804
791
793
797
800
794
779
771
802
24
778
789
777
791
781
775
779
777
787
781
789
781
804
791
806
803
795
787
795
793
798
800
798
795
809
813
801
797
802
808
809
798
789
792
791
794
785
789
798
803
807
797
793
802
808
813
814
805
804
809
805
799
788
790
794
797
802
797
825
831
832
23
809
805
805
800
781
793
792
792
784
791
791
800
803
797
803
808
818
820
811
803
808
814
801
783
790
777
805
787
790
801
812
814
804
800
798
803
804
791
787
791
788
780
772
777
785
791
784
784
791
794
791
779
781
801
784
791
791
797
810
811
797
793
803
812
818
799
802
804
808
808
795
794
801
804
797
791
793
801
806
807
795
795
793
791
774
773
782
796
27
770
788
772
798
27
772
769
774
786
795
793
796
811
817
808
801
814
818
817
804
801
810
815
800
798
801
807
792
782
784
792
797
797
792
797
802
806
801
791
798
796
797
796
786
792
796
801
804
801
791
800
800
802
794
792
791
790
792
785
777
780
784
789
782
780
791
791
789
791
792
798
795
787
792
798
796
794
793
792
802
808
798
803
801
808
806
796
803
816
818
822
810
810
817
818
806
806
811
812
809
801
792
790
778
779
783
27
757
777
789
790
788
784
797
798
798
779
784
789
791
808
801
800
810
822
822
808
804
814
811
803
792
784
779
786
789
44
745
741
754
761
780
786
799
791
800
804
817
834
846
848
852
856
854
853
846
843
843
841
837
833
831
812
795
798
807
808
805
789
791
797
784
779
761
778
789
775
775
787
794
805
812
805
805
808
810
816
815
815
808
815
812
809
804
789
780
785
791
792
777
764
771
793
804
799
791
791
800
806
789
787
797
799
784
775
791
795
92
703
143
561
245
316
669
783
58
726
734
718
732
736
741
726
724
724
309
416
106
310
718
708
706
707
707
695
691
687
686
691
695
695
704
708
720
725
711
709
717
721
726
736
722
739
735
734
725
723
725
721
731
728
730
22
708
715
708
710
446
265
14
252
362
85
277
590
281
310
667
226
442
121
321
30
291
32
259
466
850
539
311
333
64
269
380
19
361
77
285
638
349
290
351
637
624
30
594
207
388
127
261
637
80
558
678
263
416
460
131
330
616
22
594
619
214
405
821
439
383
831
580
251
358
624
609
269
340
64
277
609
616
610
360
250
256
703
94
609
138
472
158
314
427
613
610
140
470
123
348
385
606
601
314
287
300
590
580
586
579
582
575
578
577
571
570
42
528
278
250
354
571
565
259
307
51
256
555
562
560
123
438
133
305
369
560
553
105
448
663
100
563
552
124
429
146
284
396
553
549
188
362
42
320
410
546
545
546
539
544
540
77
463
616
79
537
541
83
458
609
73
537
541
532
247
285
34
251
530
540
535
244
291
771
233
538
534
149
385
672
147
526
536
523
533
17
516
524
525
160
366
674
155
520
520
220
301
727
212
516
515
116
399
552
586
76
511
511
241
271
739
232
507
504
508
170
339
663
160
503
505
503
500
501
497
499
495
506
494
502
503
505
146
360
630
129
502
501
85
417
579
78
501
503
501
500
499
505
503
501
500
501
498
91
407
156
251
355
508
509
47
463
175
289
34
255
503
507
509
219
290
712
202
510
509
503
500
503
505
498
498
500
497
496
502
499
497
503
220
284
702
205
497
497
494
493
493
494
157
337
560
580
87
493
492
224
268
623
45
578
90
488
488
492
483
148
336
342
55
287
485
485
485
99
386
569
82
488
484
481
481
487
489
486
124
362
608
121
488
492
486
490
498
500
201
299
44
256
449
500
501
509
501
507
515
520
524
526
533
537
537
550
547
554
558
554
565
557
561
557
565
565
570
562
563
558
562
572
566
571
567
571
581
581
584
582
581
583
580
579
575
575
576
586
586
580
578
583
583
572
574
574
579
583
581
583
582
589
592
589
587
590
607
601
606
602
604
611
604
603
602
601
611
611
608
609
606
622
628
625
626
625
623
632
636
635
642
635
649
660
657
651
647
646
654
659
658
661
650
664
671
666
668
666
678
685
680
680
678
687
679
677
674
686
695
684
680
673
666
651
643
639
631
639
637
653
675
676
677
671
693
711
704
697
686
704
712
710
702
698
707
723
718
711
717
734
741
731
711
22
690
734
750
779
29
750
742
742
747
737
721
713
706
689
676
664
669
681
680
688
692
714
728
722
711
709
708
719
726
720
723
736
745
749
741
743
754
762
758
741
746
750
748
731
731
109
622
838
104
735
721
728
735
739
728
721
724
723
706
699
707
710
713
705
706
711
721
730
721
733
745
751
737
732
732
739
746
733
732
734
743
742
723
717
715
727
731
730
728
733
745
757
753
745
750
760
766
752
751
766
768
760
749
751
756
758
750
752
762
765
752
752
755
764
766
749
752
752
760
752
745
748
759
764
752
750
759
769
762
752
753
753
755
740
740
738
746
755
754
752
757
759
764
760
751
753
754
761
750
746
750
752
754
748
750
756
758
750
744
767
776
758
760
762
773
777
764
768
773
777
783
781
776
783
791
784
774
779
789
781
783
788
792
791
780
787
790
789
776
782
789
791
777
777
784
766
750
750
760
764
757
754
764
779
785
774
778
786
792
801
788
782
787
788
785
772
768
772
782
788
776
770
780
786
779
770
767
781
782
769
764
768
774
767
760
766
776
778
778
770
778
782
775
26
750
741
743
752
737
745
751
759
764
751
757
764
769
771
765
771
774
787
790
780
782
788
789
794
779
775
778
780
782
769
773
779
778
770
765
770
774
764
757
771
777
767
773
780
784
779
773
776
780
782
776
770
774
780
791
795
792
795
792
791
780
774
778
773
777
764
760
765
764
752
749
752
759
754
752
763
776
787
776
771
771
762
762
751
737
720
704
698
700
699
703
714
726
733
742
747
759
765
766
762
750
739
21
718
733
781
798
792
789
800
106
695
902
122
781
776
773
768
763
755
750
755
759
763
768
772
774
772
764
764
759
757
760
762
765
765
755
749
744
743
742
733
729
725
731
723
727
722
728
726
716
718
721
727
733
742
739
744
750
753
25
729
733
740
747
751
750
744
755
751
741
750
754
758
742
740
741
737
736
722
716
715
726
736
749
758
761
756
761
768
770
772
772
759
749
749
746
748
747
735
737
739
742
750
744
748
750
749
748
752
752
757
755
750
749
740
738
730
735
743
752
762
765
751
741
732
732
737
735
735
735
733
731
733
739
747
753
761
765
755
752
753
751
423
329
413
722
716
714
714
717
717
422
296
424
114
311
408
727
730
731
729
721
721
719
217
503
943
219
725
734
743
749
753
752
744
739
743
736
737
740
734
731
728
732
739
743
744
743
746
750
756
750
753
754
759
760
745
748
758
754
756
756
754
755
758
760
759
747
756
763
759
750
743
735
745
749
742
740
743
750
753
762
763
766
751
739
733
727
732
745
754
770
781
791
795
797
800
798
796
787
776
766
754
736
734
730
724
738
754
769
784
794
791
791
787
777
765
758
741
734
730
733
739
743
751
751
762
774
772
777
766
748
750
755
757
764
771
776
771
771
777
775
771
770
762
756
757
757
761
753
751
751
754
754
750
738
739
754
758
763
759
750
739
727
724
733
744
759
763
773
776
775
760
754
748
746
752
764
770
757
748
738
729
728
729
728
724
725
729
736
739
749
757
764
768
764
767
755
753
752
39
714
795
41
755
237
519
976
241
736
739
741
744
745
744
733
730
732
732
735
728
732
732
738
747
757
768
770
760
758
755
749
736
735
734
744
746
755
752
747
740
741
742
741
734
739
747
747
747
747
753
752
746
83
663
825
89
736
727
741
738
730
725
726
731
727
732
727
730
743
743
746
732
722
731
713
710
703
701
703
710
723
724
731
743
757
761
771
775
772
753
755
751
750
753
746
742
734
739
739
752
760
758
762
773
791
802
815
814
808
798
797
796
793
784
766
756
768
765
771
784
776
766
751
747
748
747
744
737
736
743
750
757
754
753
750
751
754
759
762
765
767
771
762
750
749
746
750
752
760
750
750
738
736
740
768
775
768
770
767
760
757
753
754
742
743
742
747
747
754
758
765
770
752
749
749
746
750
751
753
759
761
757
757
751
743
741
743
742
742
738
742
739
750
763
768
776
773
771
770
764
764
756
752
750
747
758
747
743
735
738
750
760
763
760
766
774
778
781
776
770
765
753
745
741
746
757
771
781
791
789
780
778
770
763
765
759
757
763
758
763
767
765
762
758
757
748
732
726
719
719
727
723
725
723
734
435
300
438
747
873
248
625
722
709
699
703
708
715
712
722
734
753
756
752
756
766
771
760
761
759
763
754
748
743
745
742
736
727
711
708
713
717
734
741
756
751
767
773
759
751
746
747
748
751
748
750
762
765
773
780
779
781
778
774
764
759
747
749
754
766
771
769
765
752
748
751
759
759
762
750
747
748
749
751
756
754
751
747
776
814
811
824
815
810
806
26
780
770
777
778
779
778
776
784
794
794
797
793
791
791
789
791
791
783
779
766
765
767
770
778
785
788
783
782
786
789
793
796
801
806
808
812
799
800
798
794
791
777
773
774
776
779
785
789
782
780
780
772
775
767
760
196
564
856
845
92
754
745
736
738
748
756
770
778
776
774
769
753
747
745
744
738
740
745
747
746
752
756
760
751
753
758
760
768
770
753
750
742
740
744
727
734
727
731
741
742
748
749
754
758
770
778
778
780
767
763
761
756
751
756
756
770
769
776
783
763
758
759
759
756
757
760
746
748
770
763
780
769
765
754
754
748
743
746
746
754
761
770
774
764
775
769
764
750
740
732
737
737
742
747
752
753
760
762
764
766
767
771
763
762
758
750
748
752
740
740
738
744
747
750
745
730
712
720
742
749
762
766
773
769
770
770
761
763
747
750
749
754
760
768
773
780
783
782
785
793
790
771
764
27
738
719
717
722
724
745
743
754
758
776
791
791
788
768
751
740
734
734
742
738
743
736
754
750
764
763
759
750
750
746
745
426
320
432
750
294
456
161
296
735
734
728
733
738
745
727
741
729
727
720
719
722
734
748
746
745
750
756
764
769
778
773
787
789
787
786
782
774
772
765
762
767
771
777
781
770
773
770
768
764
760
750
741
735
735
750
754
765
765
764
763
772
779
781
773
774
776
773
777
770
767
768
759
764
770
779
787
788
779
772
756
744
733
732
734
743
763
777
785
775
790
791
800
795
794
801
804
799
801
803
805
807
807
804
804
804
799
792
778
763
754
757
761
775
782
792
785
787
783
784
773
770
46
724
798
43
756
752
753
756
763
775
771
776
779
782
781
783
775
756
747
744
740
748
763
766
771
768
760
757
763
757
754
755
757
750
750
746
748
753
761
770
780
772
770
777
778
784
789
788
779
787
785
783
780
775
762
746
742
755
776
778
799
802
802
796
791
779
761
757
761
758
770
785
792
802
808
807
796
791
780
777
761
756
759
763
773
785
794
798
801
799
795
793
783
779
771
767
766
764
765
766
765
766
763
752
753
745
22
723
735
22
713
734
298
437
155
282
471
948
246
702
717
25
693
713
703
725
728
759
776
766
770
765
766
762
768
778
784
788
791
785
768
765
763
765
773
779
789
793
785
791
787
782
772
770
762
764
765
757
746
735
746
751
764
775
785
790
792
793
790
786
779
771
476
295
459
198
262
486
737
719
711
712
719
734
754
775
787
788
783
27
756
751
749
745
742
742
736
732
734
744
748
737
750
748
753
752
741
727
724
725
750
745
736
749
745
749
753
755
763
752
746
733
727
737
741
753
761
774
757
751
742
732
722
721
726
731
725
741
747
763
766
765
756
762
761
755
750
749
740
739
738
735
739
743
750
758
762
765
772
771
774
769
769
781
780
779
768
755
756
747
741
721
707
703
702
702
708
711
715
717
720
732
735
727
736
725
722
745
742
447
296
455
762
766
173
594
331
264
672
766
756
742
737
732
735
745
759
755
750
747
749
741
752
754
762
759
765
762
764
764
757
751
749
741
733
721
723
733
740
747
749
743
743
741
739
738
740
747
750
747
748
748
750
750
753
749
749
747
747
751
750
750
741
738
733
731
734
744
750
750
397
354
384
718
701
694
698
711
726
748
752
772
785
787
781
780
760
741
737
730
726
724
710
706
699
697
703
717
729
748
755
766
767
766
756
750
745
740
729
728
731
728
715
711
709
714
725
731
726
726
731
740
746
761
760
762
756
748
728
720
711
709
709
710
715
720
722
724
728
739
738
744
745
751
748
750
735
724
723
721
727
733
730
732
733
729
737
738
747
750
744
746
746
747
744
749
750
753
767
768
765
759
754
750
743
741
739
742
748
748
751
762
765
766
762
753
743
748
741
745
753
762
769
766
757
763
764
776
780
780
777
772
780
791
795
806
806
797
26
771
760
750
744
756
761
764
763
766
766
762
750
736
749
744
753
751
751
755
760
761
384
378
113
266
875
496
379
379
753
756
756
757
750
750
749
750
752
752
753
752
756
758
757
750
759
766
773
111
663
220
443
15
428
752
749
748
758
774
781
791
796
791
525
266
518
760
750
735
721
714
706
696
688
677
674
662
663
660
646
644
637
101
536
745
116
630
650
657
664
667
681
698
693
360
333
350
682
671
653
643
643
636
287
350
62
288
641
632
635
114
521
756
110
647
662
655
675
670
695
683
696
697
703
20
683
681
681
670
662
658
657
656
656
659
658
660
657
661
650
650
633
639
635
636
640
643
649
336
314
331
41
290
298
558
300
259
520
121
399
34
365
493
613
614
615
612
611
618
620
627
638
638
637
648
642
647
650
648
643
644
643
644
644
638
639
637
639
637
638
646
647
656
659
666
666
666
671
674
668
669
673
677
674
670
677
679
681
677
668
57
612
713
59
655
655
135
520
242
279
507
238
270
374
48
326
324
689
83
606
645
673
690
704
711
723
732
735
729
728
719
714
702
706
709
711
713
711
104
608
813
105
708
714
716
721
731
745
755
762
765
756
757
750
746
740
742
747
753
751
744
748
750
740
726
723
724
725
21
704
709
712
720
717
732
723
725
740
750
750
750
746
751
736
738
735
360
375
94
281
755
498
258
587
585
730
720
719
736
739
729
733
733
464
270
339
22
318
527
727
732
742
741
741
740
756
758
754
750
750
763
773
775
764
776
786
786
777
784
792
791
787
780
767
780
786
785
779
774
774
764
758
739
732
738
741
750
743
746
753
756
750
735
732
729
730
721
715
725
725
721
720
717
702
726
725
712
713
725
33
693
684
393
292
391
141
250
281
808
545
263
339
750
73
678
684
691
682
697
225
472
933
250
684
684
673
332
342
12
330
664
344
320
21
300
47
254
426
138
289
354
68
287
349
632
175
458
468
136
333
605
619
347
272
340
607
611
615
613
629
630
634
646
386
260
303
435
131
304
655
657
662
665
667
669
672
675
671
676
678
671
673
666
666
666
662
664
669
664
369
295
574
127
447
163
285
370
55
315
52
263
267
426
625
622
664
297
368
516
207
309
622
623
632
625
190
436
814
196
619
616
612
612
612
611
614
616
612
625
623
626
79
548
715
89
627
625
131
494
748
126
622
624
628
629
640
294
346
62
285
428
142
287
544
113
432
428
1009
391
619
615
615
611
610
612
609
608
609
615
621
629
638
644
655
662
667
676
676
683
677
296
381
91
291
666
657
661
350
312
352
55
298
367
672
670
677
682
685
688
680
684
684
684
685
685
686
686
696
701
708
712
718
710
715
711
718
716
710
699
694
697
702
179
524
882
176
707
708
697
699
697
689
696
705
711
133
579
131
448
14
435
734
739
741
747
751
750
738
751
765
782
794
806
810
809
808
802
794
374
421
59
363
76
287
302
296
312
334
386
376
81
296
451
91
360
382
375
16
359
725
736
730
847
363
485
162
323
796
22
775
768
778
782
797
805
803
791
799
795
794
799
799
806
801
796
793
777
768
765
770
774
788
799
812
807
791
777
783
770
762
743
748
749
754
774
786
515
271
509
784
781
784
787
775
779
787
800
807
810
813
809
830
830
830
822
26
796
32
765
759
764
778
791
801
810
819
827
829
829
819
811
811
811
814
813
809
789
775
488
288
314
351
602
780
763
747
749
757
194
564
992
208
785
784
780
774
772
781
763
753
758
758
77
682
85
597
1000
240
761
464
297
458
759
759
777
418
359
426
786
784
782
769
769
771
769
772
775
763
766
769
764
769
764
768
758
754
747
741
740
750
751
752
752
762
768
778
771
766
773
769
276
494
224
270
303
417
721
83
639
347
292
484
692
699
694
697
714
710
707
724
730
729
443
286
429
716
727
709
724
708
705
721
709
726
21
705
731
720
754
22
733
755
71
685
803
61
743
292
451
163
288
425
123
303
385
39
347
56
291
416
697
705
703
122
581
99
482
108
374
746
758
328
431
152
280
462
160
303
54
250
567
57
510
233
278
692
732
736
734
724
722
731
734
738
742
746
742
729
732
731
738
757
765
758
758
762
768
773
774
762
757
749
753
760
760
753
753
746
749
751
749
743
736
743
747
753
748
750
754
762
770
759
754
749
757
755
755
754
750
752
223
530
72
458
545
755
487
269
434
796
290
507
216
291
664
726
735
722
283
440
161
280
713
711
722
720
717
712
718
729
745
759
776
782
786
795
802
811
821
824
809
811
813
809
814
816
816
807
815
825
830
837
825
822
60
762
830
50
780
27
753
746
755
755
765
769
783
797
807
813
810
806
801
803
808
818
817
813
64
750
892
53
839
853
868
871
848
837
841
839
828
25
803
802
809
816
489
328
579
723
799
796
780
778
787
799
812
807
803
821
833
854
860
866
866
879
888
887
895
902
928
186
743
955
122
833
26
807
800
423
377
371
521
199
323
764
762
760
758
753
762
772
778
778
773
802
815
832
830
823
839
851
868
895
900
876
868
876
399
478
102
377
104
274
561
881
114
768
826
212
614
1026
773
254
540
280
260
10
251
263
386
15
372
38
334
421
65
357
105
252
828
98
730
744
748
766
767
754
777
319
458
138
321
768
787
120
667
915
296
619
980
181
800
808
818
814
828
857
856
847
848
852
839
29
811
798
797
786
427
359
421
758
773
757
914
318
596
750
325
425
119
307
740
746
746
751
777
783
793
806
813
815
806
813
814
803
797
182
616
353
263
660
760
763
767
776
777
786
810
815
821
811
816
66
750
898
83
816
809
809
74
736
239
497
150
347
514
724
466
258
750
750
746
742
754
764
761
764
773
770
759
741
727
717
24
694
694
111
583
808
116
693
712
732
751
733
738
737
740
396
345
63
282
829
360
469
935
252
684
696
697
707
717
727
738
734
743
745
754
764
780
776
250
527
545
82
464
767
760
441
320
375
835
70
766
750
750
743
734
737
412
326
414
738
736
740
744
738
740
739
767
789
799
802
803
801
357
444
191
254
875
551
324
370
797
55
743
733
733
728
732
736
750
760
771
780
787
785
788
786
783
779
760
750
749
753
766
781
787
785
784
790
795
781
770
766
774
782
789
775
773
777
788
794
805
795
794
800
809
815
818
822
811
798
797
795
800
804
808
794
783
787
791
799
799
789
786
798
803
795
779
777
780
783
769
771
779
796
795
793
801
809
799
788
781
789
798
800
795
804
233
572
998
230
768
748
740
739
728
722
708
718
737
754
776
784
787
791
787
26
761
750
752
767
781
795
804
810
802
28
775
757
755
760
775
791
798
785
782
786
789
801
808
812
792
779
773
772
777
780
780
770
760
775
781
771
772
778
786
791
776
780
785
787
776
777
786
793
791
787
788
788
779
782
787
795
786
785
791
377
414
133
281
839
86
754
756
764
770
767
764
762
768
779
789
795
798
787
786
789
790
796
796
793
796
796
786
789
786
790
800
799
795
795
795
790
785
776
771
767
767
775
446
330
428
750
746
750
753
752
750
757
758
764
771
771
768
773
773
775
775
776
771
758
762
773
790
804
813
810
804
803
406
398
14
384
776
768
773
769
758
750
752
762
769
777
780
762
23
740
727
729
733
744
768
778
791
792
784
776
763
761
766
772
769
778
771
766
764
759
757
762
767
778
785
795
807
807
25
783
772
765
766
781
790
795
803
420
384
394
725
721
712
838
106
733
726
726
732
739
740
743
742
743
736
739
745
749
750
736
742
739
744
745
747
739
738
740
749
750
744
740
738
741
752
738
747
739
742
741
734
732
736
733
739
744
736
735
725
726
734
750
762
765
766
750
742
735
736
738
745
750
749
750
753
752
756
757
747
737
732
728
728
730
728
727
734
743
752
755
748
743
739
741
738
725
724
714
720
728
738
733
735
731
736
742
751
750
735
729
729
735
741
750
754
752
759
754
752
753
752
748
738
735
739
743
744
737
730
725
724
728
720
721
723
727
733
745
750
738
746
744
743
732
729
721
725
732
737
738
737
724
724
723
725
728
735
741
732
734
728
729
727
728
727
727
719
719
720
720
734
728
733
726
720
709
711
708
712
713
714
711
703
705
717
142
576
865
135
731
716
732
728
732
21
711
723
714
711
716
720
717
726
720
725
21
705
711
714
701
707
708
716
728
735
742
741
741
742
430
312
426
729
716
718
719
718
728
738
746
757
759
763
21
743
740
726
736
720
745
728
745
745
744
743
734
727
725
722
721
710
706
716
698
714
722
729
730
716
716
710
711
716
718
724
727
724
718
719
716
712
707
702
707
720
733
750
752
747
746
747
738
727
723
724
719
717
700
695
685
703
708
708
709
715
707
709
720
720
719
713
708
709
712
722
722
722
722
304
419
118
302
25
278
438
711
710
718
723
739
737
750
749
747
744
726
721
713
705
715
40
675
676
19
658
656
665
675
236
440
188
253
720
734
750
734
742
752
760
425
336
425
498
1000
243
757
762
752
749
752
753
752
758
762
752
738
749
751
769
318
451
133
318
767
752
749
744
747
750
750
755
742
731
726
724
730
735
743
755
763
774
782
782
781
766
754
750
745
737
739
739
726
729
732
736
740
746
739
746
746
748
117
631
831
119
713
708
710
711
715
725
733
735
731
733
731
728
729
733
739
746
741
745
739
751
755
750
742
738
737
741
747
746
735
739
728
741
743
749
759
755
759
758
358
401
46
355
750
752
775
798
813
824
833
838
833
823
810
425
386
404
757
754
751
771
183
588
167
422
505
546
648
374
274
19
255
250
363
783
308
475
173
302
777
766
754
746
733
717
702
705
697
705
713
709
714
721
723
733
742
753
764
770
770
755
756
754
753
750
750
755
753
744
749
748
751
752
755
755
744
738
731
729
733
734
727
722
720
727
734
731
722
727
729
735
742
750
743
745
745
745
747
67
680
401
280
525
727
739
744
736
732
733
735
741
736
732
724
726
726
732
735
739
745
740
727
723
716
710
712
724
740
750
747
745
739
735
725
726
731
727
736
737
741
740
748
738
727
729
721
719
720
724
726
738
746
761
764
757
766
763
768
770
774
772
760
765
755
750
736
727
715
721
716
728
734
737
363
375
365
751
748
749
742
733
732
723
351
372
27
345
693
682
668
659
660
667
682
701
723
740
747
755
764
769
777
781
767
762
752
758
755
756
754
480
275
456
724
737
752
746
756
757
760
760
758
758
758
758
769
783
791
791
788
70
718
386
333
514
782
774
779
778
778
776
773
771
769
762
756
755
750
749
749
750
752
754
749
745
750
750
751
751
749
732
222
510
903
208
695
697
715
702
719
728
741
757
762
765
767
769
771
779
774
772
761
755
750
752
751
748
741
748
749
761
762
756
737
724
707
720
731
754
789
802
812
819
816
802
790
771
39
733
728
712
701
689
703
712
724
741
755
763
766
769
763
21
742
21
721
712
699
710
707
712
717
715
743
750
757
755
755
750
751
751
754
751
755
760
760
756
760
763
767
113
654
277
378
499
146
353
423
796
804
841
874
877
871
859
852
25
827
809
800
789
773
772
774
36
738
750
895
84
812
814
821
111
710
875
121
754
27
728
712
703
708
719
716
708
700
694
688
700
706
721
730
738
745
742
743
742
745
742
746
743
748
752
757
757
761
762
755
743
741
731
729
727
735
740
742
739
731
728
726
724
727
735
740
734
738
743
743
756
746
745
751
749
752
753
744
355
389
44
345
732
720
711
717
717
293
425
134
292
720
730
745
261
484
216
268
766
774
791
799
211
589
261
328
594
864
93
771
33
739
738
734
728
727
727
731
736
742
743
742
740
737
733
734
731
733
741
746
748
748
754
758
760
758
762
752
754
756
754
754
745
745
745
743
732
728
722
728
732
733
739
743
748
750
750
755
761
765
761
759
755
760
760
751
754
225
529
977
213
764
764
755
759
750
735
402
333
401
733
737
736
750
750
752
750
751
756
756
758
758
757
749
258
491
231
260
748
742
741
747
757
767
774
770
773
769
22
748
25
723
724
714
720
709
721
733
725
728
731
745
734
746
754
753
750
745
743
744
740
747
745
750
750
750
749
751
750
746
256
490
238
252
736
732
724
727
726
730
733
730
734
733
732
734
735
736
724
721
718
720
720
722
724
713
706
699
706
721
732
744
762
770
776
777
774
763
758
755
760
757
768
776
781
783
786
782
777
764
756
743
727
710
709
721
733
749
746
752
771
779
767
757
763
766
764
750
744
745
746
748
738
742
749
750
752
750
739
728
732
727
734
729
738
745
752
761
768
772
423
350
403
750
748
754
758
764
768
753
749
747
741
741
745
735
734
732
729
736
720
724
726
727
727
721
720
722
731
741
746
746
733
729
733
736
747
732
730
733
743
750
748
748
760
764
768
757
754
751
742
732
735
735
741
750
746
758
749
738
737
742
744
747
738
748
743
741
775
777
780
773
761
25
737
720
710
702
708
704
718
730
750
774
787
791
788
793
792
791
801
783
784
774
768
778
789
795
799
795
780
786
785
785
793
797
803
805
789
785
770
781
785
791
787
774
775
776
777
782
784
776
772
773
773
773
772
767
763
763
768
778
769
768
761
769
774
777
778
763
768
774
776
782
776
774
777
775
773
773
765
777
762
22
741
723
737
747
766
776
763
770
772
772
778
776
762
761
760
766
772
775
764
768
777
780
787
781
773
772
776
782
788
774
762
775
790
790
772
752
747
750
751
764
765
766
765
770
769
779
788
785
783
794
802
809
815
820
808
789
772
765
770
775
772
764
766
771
774
782
775
774
780
783
781
784
788
785
786
790
798
803
807
806
800
791
790
783
783
783
791
792
791
794
799
802
801
800
793
783
779
779
779
784
790
787
778
766
769
772
775
770
761
750
750
752
758
770
764
752
753
752
750
752
750
747
744
748
750
750
752
737
730
731
727
732
733
729
727
740
759
766
761
768
781
795
792
26
767
751
751
754
764
772
783
791
798
786
777
780
789
789
791
794
791
775
23
752
745
751
759
770
782
787
793
797
787
790
791
794
791
795
776
769
765
767
769
776
783
790
781
788
788
782
780
796
812
801
801
805
809
807
809
804
791
790
793
794
799
794
788
785
787
785
776
755
750
757
761
764
772
760
758
759
753
756
760
767
767
759
765
762
765
762
760
759
758
762
767
773
769
767
771
772
769
752
742
778
799
806
791
800
805
807
793
780
774
755
22
734
718
716
716
722
734
754
760
776
777
782
778
779
781
775
779
781
779
779
76
703
830
76
754
35
720
719
718
700
696
695
704
706
701
716
729
742
745
751
744
731
722
23
699
684
681
678
267
411
925
265
661
675
666
688
678
697
689
692
694
24
671
679
671
666
655
657
656
647
645
645
640
633
627
621
618
616
609
611
609
606
602
605
604
607
604
606
601
606
599
601
594
603
597
595
590
594
589
591
590
587
592
588
584
583
586
576
580
575
581
573
572
571
580
569
574
566
576
575
567
573
568
576
577
576
567
580
583
584
591
584
590
585
595
583
592
594
589
580
584
584
579
576
578
573
574
569
564
564
560
561
555
562
557
559
556
563
552
550
545
553
549
546
542
546
551
543
548
548
551
550
550
539
547
551
542
540
545
550
542
546
538
543
546
541
540
541
549
541
547
16
532
542
544
541
541
537
542
539
539
538
542
541
536
536
535
535
533
536
532
534
534
539
541
534
541
530
542
544
537
541
540
546
541
538
539
543
545
542
547
553
562
573
569
574
569
572
558
566
563
558
550
549
553
547
548
542
545
547
540
541
533
541
538
533
530
529
526
525
526
520
528
527
531
537
538
540
544
554
553
555
556
559
564
559
567
562
568
562
566
581
586
592
599
597
601
601
606
604
611
608
609
607
595
188
408
750
167
583
578
585
586
592
595
599
601
604
608
615
615
240
375
839
239
601
599
596
591
591
587
585
587
600
609
612
614
619
616
624
628
623
620
610
610
609
608
613
613
613
613
618
621
613
609
615
618
619
614
618
611
610
607
609
291
318
30
288
605
593
601
600
603
597
605
604
615
625
623
628
633
642
642
644
640
629
621
626
625
627
624
630
630
633
631
633
639
637
641
650
644
654
659
668
671
671
673
676
671
668
657
643
631
318
314
317
625
631
645
105
540
782
98
684
668
676
684
681
686
680
698
710
717
720
719
724
740
742
743
733
729
735
733
733
729
723
738
740
744
728
726
724
723
731
735
722
721
727
737
744
732
730
729
738
737
739
735
735
741
740
735
725
721
731
729
733
724
726
734
724
717
716
741
751
750
751
757
751
734
729
720
725
723
718
112
607
881
147
735
732
722
723
739
756
764
768
780
793
792
778
777
785
784
776
762
765
772
760
756
746
757
759
754
753
757
766
772
768
770
782
793
794
785
789
794
798
787
787
790
793
786
776
761
754
776
775
784
785
784
783
778
783
784
783
776
757
761
768
780
789
776
775
775
778
775
759
749
745
747
751
743
748
757
767
754
755
745
754
753
747
749
758
761
765
760
767
776
787
349
438
103
336
774
783
785
780
765
773
772
768
766
758
758
771
776
776
766
774
778
784
783
772
778
779
778
770
768
773
774
773
769
773
775
777
769
771
772
777
771
768
773
770
774
767
778
775
772
766
767
769
751
744
751
759
764
757
763
768
774
775
770
776
773
763
757
761
757
745
741
748
756
760
763
764
771
774
779
780
771
769
773
771
772
760
759
765
764
764
763
766
787
786
779
777
780
779
765
764
771
767
758
760
769
769
763
765
770
22
749
747
755
760
761
755
768
777
783
25
758
769
779
783
776
781
784
789
787
773
774
781
774
771
768
770
763
760
758
769
776
780
780
774
787
789
791
773
770
781
784
780
773
783
785
777
767
762
768
773
778
770
773
785
779
772
754
741
751
748
748
743
734
715
704
706
708
708
719
734
747
755
755
759
763
791
30
761
760
765
767
768
761
759
762
762
750
749
751
762
770
761
765
774
774
768
761
769
771
23
748
736
734
736
726
722
728
738
749
745
755
757
752
751
752
759
756
741
738
733
724
709
701
698
705
707
719
726
738
748
757
753
750
748
739
730
717
713
708
701
713
709
718
728
717
717
716
718
715
711
712
716
718
726
726
725
717
712
703
704
686
696
694
691
694
693
685
681
678
665
661
659
648
637
643
631
635
637
648
659
665
673
674
680
687
688
678
681
680
89
592
773
93
681
686
684
683
688
683
672
672
665
664
658
658
654
651
645
644
644
641
275
366
88
279
640
653
649
648
643
646
648
652
672
691
708
723
735
739
746
744
741
736
723
721
720
721
729
736
742
739
736
739
744
745
742
744
738
735
735
749
762
776
779
764
758
764
757
749
744
740
735
732
737
729
732
740
738
740
747
741
753
761
760
763
765
750
756
757
758
761
759
751
763
764
754
759
766
768
768
762
756
751
740
733
732
732
732
733
730
735
737
734
731
740
739
728
734
738
741
751
749
745
746
737
730
715
700
692
698
705
716
718
722
729
735
737
728
734
739
749
742
750
754
764
756
750
740
747
761
767
765
769
775
781
785
789
791
775
777
197
580
210
371
577
740
736
724
721
710
703
698
698
704
695
699
700
696
701
697
686
688
681
673
667
654
656
652
660
662
663
670
673
685
702
716
731
735
729
727
730
733
740
748
752
750
753
758
760
763
765
756
754
754
756
756
749
743
745
748
734
730
734
750
752
757
747
747
754
760
764
763
769
773
776
779
776
773
779
784
788
776
781
788
790
784
766
763
771
765
750
739
746
750
761
764
774
766
766
763
767
765
758
758
764
767
778
760
793
796
804
808
812

