24-11-2022 - 10:19 - Correr
RAUL NAVARRO
Intervalos entre latido y latido
691
707
27
680
671
665
677
687
686
23
663
682
705
712
715
706
717
733
736
732
723
764
778
778
27
752
796
817
812
791
784
816
814
38
776
792
820
817
23
794
26
769
796
800
800
32
769
794
824
822
805
793
832
841
824
815
846
841
822
817
854
850
31
819
819
847
842
826
1007
1142
162
980
107
874
867
51
816
823
815
801
27
775
804
800
782
805
806
793
27
767
807
824
810
812
25
787
35
753
747
740
726
717
770
780
781
763
806
813
23
791
802
845
840
35
806
829
871
870
53
817
854
880
875
37
838
884
871
43
828
842
840
23
817
817
873
866
844
836
897
880
32
849
837
876
864
31
833
863
860
25
836
38
799
833
852
839
28
812
859
849
26
823
810
833
820
32
788
787
808
802
23
780
771
810
806
29
778
790
818
810
29
781
794
829
824
809
797
836
831
818
796
851
851
837
816
881
885
45
841
863
911
33
878
33
846
876
862
29
833
822
871
867
46
821
840
869
850
44
807
828
855
837
34
804
850
852
48
805
816
836
823
34
789
804
843
833
34
800
815
845
835
32
804
801
829
823
36
787
790
775
25
750
746
735
720
773
790
789
772
820
850
839
25
815
863
864
31
833
832
874
865
39
827
860
851
31
821
812
839
832
32
800
800
824
815
35
781
805
820
808
31
777
804
811
792
782
811
821
817
830
819
29
791
807
801
25
777
795
803
791
790
827
824
806
831
841
833
26
808
844
849
29
821
849
860
27
833
855
859
26
833
830
845
835
26
810
840
830
816
800
825
819
807
791
828
822
28
794
822
815
798
787
817
810
791
27
765
767
749
737
751
756
745
740
778
792
22
771
784
814
814
793
23
771
806
810
801
781
811
806
791
789
833
833
29
804
826
834
816
809
830
823
29
794
819
826
814
800
831
822
30
792
805
833
823
29
795
831
830
824
802
828
861
851
836
855
845
829
829
1195
110
1085
94
992
113
879
869
24
845
833
821
24
797
815
812
794
824
843
830
840
861
845
846
866
854
859
885
876
865
903
890
40
851
876
875
26
850
50
801
784
811
822
821
851
872
862
878
909
886
874
889
870
40
830
863
887
879
863
919
27
893
872
903
882
871
33
838
906
931
50
882
916
908
26
882
24
859
887
874
28
846
851
881
867
29
838
877
879
860
876
901
33
869
883
888
867
854
889
870
38
833
860
890
24
867
24
843
873
874
28
846
851
865
25
840
845
850
23
827
827
855
841
821
840
830
836
832
816
801
817
797
789
812
807
28
779
760
750
753
758
747
728
732
723
708
710
713
712
697
696
696
682
676
675
667
661
667
667
662
667
673
676
671
678
681
672
675
684
689
677
682
687
689
675
687
682
696
696
677
688
686
688
686
679
671
678
681
690
711
710
714
723
713
707
697
680
669
666
657
644
643
631
625
621
616
616
613
614
605
606
608
614
611
605
609
613
625
633
628
624
627
633
623
623
625
624
615
616
618
611
607
610
605
600
607
610
600
606
610
613
608
607
614
611
602
607
608
609
626
623
619
617
615
619
607
603
601
595
597
598
585
585
589
594
600
590
590
594
600
600
593
594
595
590
590
595
602
588
591
593
596
590
590
593
598
593
586
589
587
578
576
578
579
578
570
573
572
573
570
572
573
566
567
568
570
567
567
570
573
572
564
565
566
571
568
564
569
566
569
563
561
563
564
570
568
567
562
562
563
558
560
562
567
561
559
562
561
557
551
555
556
557
552
550
552
553
546
546
547
547
543
541
543
542
543
541
544
547
546
556
574
568
565
569
564
561
564
565
562
559
556
555
555
548
548
553
554
551
558
563
563
563
555
560
562
563
558
560
560
557
550
555
556
565
556
555
559
557
553
549
552
553
548
550
551
551
550
543
546
546
544
539
542
545
544
548
551
541
545
543
545
541
541
541
543
541
543
545
550
542
541
544
542
538
537
540
540
541
551
550
544
548
549
549
543
547
545
539
544
546
547
539
544
544
546
539
541
543
542
535
543
547
550
542
545
547
542
536
544
546
548
541
545
549
547
540
546
549
551
550
547
556
559
562
553
552
553
552
541
545
548
551
553
545
545
547
547
539
540
544
543
543
540
543
544
548
539
537
544
546
549
541
543
547
545
539
543
545
547
544
541
547
549
545
543
547
547
549
556
564
568
566
567
562
554
553
547
547
547
543
540
541
546
545
540
544
545
541
538
546
547
546
542
544
544
543
536
540
541
542
538
540
544
546
539
540
543
537
534
541
546
539
538
549
551
541
546
548
549
540
546
549
549
540
542
542
538
530
538
537
538
540
536
536
539
540
532
538
541
543
538
539
543
542
537
537
540
534
528
536
539
537
534
539
540
535
536
539
539
534
540
542
541
534
541
541
543
530
537
547
550
551
542
541
538
540
537
534
525
529
534
539
532
535
541
541
539
533
541
541
542
532
539
541
541
535
535
537
536
525
533
537
538
532
533
536
534
528
533
536
532
529
536
540
543
536
541
541
536
531
539
541
541
541
541
542
541
532
535
538
539
536
531
536
539
538
531
538
538
535
528
533
536
537
537
529
533
533
532
524
529
531
530
527
531
533
528
529
531
527
522
531
533
536
541
536
535
538
536
528
535
534
528
527
535
536
533
534
536
534
527
534
47
487
577
48
529
537
539
538
530
529
531
528
531
534
527
535
152
383
670
129
542
537
535
534
525
527
527
526
519
531
532
528
526
535
535
538
547
543
540
544
544
543
539
539
537
530
525
521
523
521
522
522
518
525
527
524
522
527
528
523
527
529
530
526
525
527
524
518
522
526
520
520
524
526
525
520
525
522
515
523
513
522
525
521
517
525
525
520
519
527
530
527
526
527
524
518
525
524
530
520
524
525
523
519
524
524
525
535
535
532
539
540
538
544
544
537
541
547
541
528
536
544
542
535
543
571
569
565
576
571
18
554
562
561
556
541
554
557
555
544
547
560
564
561
559
562
554
572
574
570
570
570
568
576
573
574
568
577
576
566
571
568
585
586
28
559
571
575
566
581
570
567
563
569
564
570
565
560
565
549
558
572
568
19
549
573
575
564
569
568
586
590
577
578
564
591
585
577
597
603
586
586
615
618
20
598
611
615
606
590
596
606
595
18
578
608
615
603
618
649
654
647
647
672
659
659
643
680
683
23
661
650
676
22
655
651
651
26
625
626
631
654
21
633
25
609
620
642
629
20
610
647
674
19
655
643
637
678
678
33
645
693
723
33
691
694
810
1144
144
1001
107
895
94
801
36
766
34
733
50
683
714
718
704
702
693
728
40
688
22
667
668
662
668
674
738
761
743
761
882
972
1103
90
1013
38
976
101
876
856
45
811
67
744
780
793
30
764
26
738
1126
92
1035
1025
28
997
36
961
115
847
54
794
41
754
817
1171
156
1016
105
912
90
822
35
787
33
754
47
708
749
756
739
740
1200
138
1063
1055
56
1000
134
867
39
828
833
37
797
48
750
829
857
63
794
1161
112
1049
1029
74
955
104
852
63
789
791
49
743
22
721
20
702
699
724
1206
146
1060
1062
40
1022
94
928
73
856
882
30
852
60
793
782
1118
76
1042
1032
76
957
91
866
65
801
815
807
35
773
29
744
809
817
48
769
830
832
48
784
28
756
843
857
72
785
811
904
902
90
812
806
840
31
810
62
749
765
800
780
57
723
746
803
783
51
732
740
731
34
697
713
714
24
691
709
785
794
55
740
792
833
36
797
54
744
775
827
35
792
65
728
753
810
800
37
764
34
731
787
808
33
776
39
737
752
810
796
52
745
806
842
51
791
37
754
810
822
65
757
804
847
60
787
766
824
821
62
760
770
820
26
794
51
744
789
804
37
768
44
724
783
811
57
755
750
812
810
46
765
763
882
1233
155
1078
115
963
55
909
59
850
61
790
32
758
768
752
38
715
745
772
753
39
715
741
803
796
41
756
808
829
55
774
781
860
873
55
818
872
882
66
817
798
841
828
60
768
793
814
34
780
61
719
718
707
723
724
20
704
692
766
793
50
744
760
803
29
775
43
732
743
735
722
709
694
689
746
771
22
749
31
718
776
824
25
799
52
748
814
861
58
803
787
846
853
53
800
792
855
834
36
799
848
844
60
784
785
832
812
25
787
836
835
43
793
816
836
41
795
35
761
813
822
35
787
39
748
806
827
56
771
821
844
822
32
791
774
829
820
57
763
747
23
724
734
734
725
726
722
786
867
856
30
826
887
881
47
835
883
879
56
823
868
863
43
820
860
851
44
807
25
783
818
808
50
759
25
735
735
725
34
691
720
771
776
40
736
762
824
845
44
802
835
921
928
33
895
944
26
918
70
849
866
888
29
860
30
830
872
857
43
815
807
848
839
48
792
824
841
30
812
794
830
829
43
786
841
850
48
802
794
846
844
25
820
873
868
45
823
826
867
859
50
810
869
884
863
43
820
902
920
52
869
859
909
26
884
43
841
876
867
52
815
841
855
841
37
805
809
856
24
833
839
898
892
42
850
875
881
28
854
884
1252
125
1128
95
1034
110
924
909
889
870
39
831
858
875
37
838
861
901
888
26
863
890
889
44
846
859
28
831
813
809
791
841
867
860
845
1044
49
996
61
935
983
60
923
47
877
913
930
909
1016
97
920

