23-11-2022 - 12:24 - Correr
OSCAR FRANK
Intervalos entre latido y latido
1040
123
917
939
473
466
1107
127
980
983
509
474
1154
71
1083
32
1052
1041
562
479
1192
89
1104
30
1074
594
481
1163
103
1060
48
1013
532
481
1153
78
1075
1062
583
480
1158
57
1101
1082
1086
610
477
1142
84
1059
1072
1085
616
470
1134
92
1042
1040
570
470
1154
84
1070
1051
577
474
1141
127
1015
34
981
512
470
1093
158
936
929
460
469
1096
139
958
981
512
469
1109
95
1014
1018
549
469
1123
100
1023
1027
553
474
1119
115
1004
1001
991
520
471
1153
118
1036
1041
574
468
1141
104
1037
1047
1041
574
467
1149
100
1049
41
1009
1015
544
472
1136
126
1011
1003
531
473
1114
112
1003
35
968
507
462
1124
112
1012
29
984
512
472
1111
111
1000
45
955
475
480
1100
139
961
33
929
451
479
1114
99
1016
541
475
1113
103
1010
544
467
1137
96
1041
562
480
1151
75
1076
604
472
1147
84
1063
589
475
1134
96
1038
566
472
1152
111
1041
561
480
1150
99
1051
31
1021
543
478
1145
148
997
982
514
468
1104
137
967
491
477
1112
130
982
992
522
470
1116
102
1014
38
977
501
477
1108
102
1006
540
467
1111
112
999
1000
525
476
1096
108
989
999
526
473
1115
101
1014
1031
555
477
1122
113
1009
73
937
469
469
1086
116
971
43
929
458
472
1084
143
942
927
945
474
472
1091
136
956
940
944
948
482
466
1067
128
939
926
465
462
1055
123
933
934
464
470
1065
130
935
948
976
511
466
1127
133
994
994
51
943
51
892
404
489
1076
168
908
915
910
914
451
463
1048
179
870
24
846
364
483
1039
146
894
897
425
473
1072
120
952
26
927
445
482
1098
130
968
497
472
1076
137
939
937
459
479
1065
155
911
444
467
1073
149
924
922
461
462
1046
141
905
435
471
1033
146
888
413
475
1083
121
963
958
476
483
1123
98
1025
34
991
983
510
473
1094
123
971
955
935
469
467
1056
137
919
908
906
444
463
1069
136
934
912
900
892
431
461
1023
157
867
852
838
371
468
1007
160
848
838
354
484
1040
154
886
957
464
493
1134
98
1037
37
1000
1002
531
472
1123
117
1006
35
972
499
474
1072
142
931
29
902
436
467
1035
188
848
387
461
998
178
820
332
488
1024
168
856
385
472
1038
163
875
893
414
480
1071
137
935
931
458
474
1072
155
918
906
897
401
496
1108
180
929
43
887
417
470
1023
184
839
359
481
973
179
794
317
478
986
166
820
351
469
1015
156
860
399
461
1008
146
863
875
408
467
1041
125
916
34
882
393
490
1080
143
937
27
910
442
469
1056
185
872
913
971
990
513
477
1082
116
966
952
935
468
467
1045
164
882
866
392
474
1048
155
894
886
419
468
1052
133
920
916
454
463
1042
147
896
883
861
390
471
1006
170
837
353
485
1058
168
891
914
443
471
1054
188
867
400
467
1061
170
891
410
482
1074
129
945
470
476
1061
190
872
397
475
1061
151
911
444
467
1084
127
958
478
480
1081
111
970
496
475
1106
144
962
484
479
1103
128
975
501
475
1096
125
972
489
484
1092
118
975
494
481
1108
139
969
496
474
1115
121
995
502
493
1110
136
974
494
481
1108
125
984
507
477
1096
139
957
476
481
1118
130
988
508
480
1125
103
1023
535
488
1125
106
1020
1015
533
483
1122
117
1005
999
523
476
1087
115
973
963
952
475
477
1083
148
935
25
910
427
483
1090
143
948
926
443
484
1086
153
934
923
453
471
1042
163
880
883
403
480
1063
137
926
930
933
450
483
1100
145
955
940
463
477
1008
183
826
806
298
509
1003
199
805
298
507
960
221
740
213
527
944
189
755
791
275
517
1017
202
815
808
823
23
800
292
509
1007
195
813
805
22
784
794
780
281
499
976
147
830
833
840
841
830
363
467
972
174
799
24
776
302
474
954
157
797
807
341
466
960
146
815
798
785
314
472
970
154
817
803
810
339
472
993
146
847
833
824
349
475
1006
159
848
844
832
359
473
975
178
797
48
750
249
502
926
166
761
760
291
470
921
190
732
799
321
479
1033
141
892
889
940
469
471
1073
118
955
933
25
909
435
474
1060
170
890
894
918
447
472
1068
110
958
958
962
482
481
1083
130
954
931
916
439
478
1058
122
937
919
438
482
987
227
761
230
531
922
204
719
201
518
905
192
713
192
522
931
206
726
212
515
916
197
720
188
533
925
194
732
721
188
534
894
178
717
707
185
522
853
167
687
181
506
803
148
656
118
538
728
97
631
64
568
684
52
632
101
532
690
75
616
69
547
671
50
622
88
534
669
56
614
21
593
627
22
606
55
551
656
39
617
69
548
670
49
622
85
537
712
228
485
750
133
617
95
522
704
96
608
85
524
672
67
606
76
530
676
65
611
89
523
677
63
615
84
531
669
70
600
74
527
649
48
602
61
541
648
52
597
68
529
650
49
601
72
530
665
71
594
71
524
654
68
586
52
535
632
37
596
64
533
644
57
588
63
525
639
54
585
42
544
619
36
583
59
525
616
37
579
42
537
605
28
578
51
527
608
37
572
46
526
612
34
579
55
524
605
33
573
23
550
588
23
565
20
546
580
19
561
18
543
566
558
554
561
556
550
560
553
553
555
554
557
566
562
35
528
590
37
554
549
568
555
18
537
567
557
556
559
561
32
529
591
38
553
18
536
568
557
548
556
553
552
24
529
576
17
560
551
553
554
549
548
553
557
553
548
547
552
557
548
548
550
555
560
562
558
34
525
589
23
567
557
558
551
556
27
530
591
33
559
551
561
560
548
559
555
541
577
19
559
28
531
584
28
557
29
529
570
18
553
19
534
556
541
541
542
541
539
539
542
543
540
541
539
544
544
541
539
532
533
534
535
536
537
533
532
528
525
525
527
529
533
526
527
522
527
528
531
534
530
530
530
533
536
536
536
538
541
542
545
541
537
37
500
565
32
534
537
540
539
535
534
534
537
540
542
536
535
532
534
538
541
544
540
38
502
570
31
540
538
544
545
541
541
546
547
544
541
540
542
544
50
495
583
43
541
537
544
540
18
522
549
539
539
545
540
26
514
558
19
540
537
544
547
549
551
542
532
549
539
539
541
546
551
69
482
602
52
550
548
550
550
45
505
568
32
537
534
538
540
541
534
535
536
537
538
536
534
531
534
533
534
532
532
536
531
536
540
544
541
545
545
541
540
40
500
592
42
550
36
515
569
25
544
542
545
539
533
536
536
540
538
537
537
540
537
541
540
540
531
530
530
530
532
528
528
531
532
530
528
526
529
534
538
535
535
532
533
538
538
535
533
532
532
532
533
531
22
509
542
19
524
523
25
498
557
24
534
34
500
547
20
528
530
533
533
20
514
541
526
524
524
526
532
536
538
16
522
547
536
538
38
500
578
31
547
38
510
561
26
535
533
537
540
541
48
493
572
36
536
533
536
530
530
533
534
535
526
528
524
523
528
531
532
529
528
529
527
535
540
541
537
534
535
538
540
542
546
537
539
537
538
542
547
551
545
114
432
649
95
555
548
547
545
538
529
541
537
537
539
535
35
500
68
432
661
114
547
539
544
542
53
490
582
42
541
541
36
505
574
37
538
530
538
536
540
540
539
538
533
39
495
565
30
535
536
541
541
536
534
531
536
538
539
543
539
35
504
568
25
544
48
496
596
49
547
67
481
596
51
545
52
494
594
134
461
606
69
537
32
505
566
30
537
53
484
578
37
541
61
481
584
50
535
54
481
22
459
69
391
658
678
141
538
56
482
566
38
529
29
500
552
24
529
43
486
559
31
529
37
492
509
579
124
455
608
74
535
48
487
574
38
536
129
408
661
131
530
29
501
548
23
526
30
496
549
28
522
24
499
540
16
524
109
415
641
107
535
35
500
530
530
38
493
541
18
523
521
527
527
35
492
555
28
527
28
500
546
16
531
37
495
560
33
527
32
496
550
23
527
29
499
548
114
435
601
83
519
517
518
95
423
615
101
515
516
513
514
516
515
503
527
515
18
497
527
514
516
521
105
416
600
39
562
39
523
128
396
643
126
518
512
529
103
426
601
82
520
100
420
595
80
516
516
519
516
501
525
520
516
536
532
45
487
575
35
541
115
426
656
126
531
156
375
735
228
507
638
54
585
124
462
699
110
590
134
457
736
107
629
195
435
877
206
672
258
415
853
220
634
210
424
837
184
654
240
414
891
238
654
232
422
829
192
637
207
431
887
231
656
224
433
856
193
664
244
420
898
225
673
245
429
848
206
642
210
433
816
170
647
213
434
845
199
646
200
447
891
216
676
246
431
951
231
720
706
696
260
436
980
229
751
24
728
717
737
761
34
728
744
745
773
793
786
774
777
789
795
797
777
763
760
775
772
28
744
740
750
771
790
796
777
760
792
807
805
817
797
781
774
768
771
757
778
783
794
799
783
776
774
780
764
754
776
796
820
821
813
791
791
797
799
782
791
780
763
774
25
750
782
809
837
845
836
33
804
788
790
786
775
755
752
750
735
730
22
709
282
428
893
189
704
282
422
890
183
708
290
419
905
197
708
282
426
895
170
725
311
415
995
181
814
818
798
819
806
796
807
800
794
807
827
820
814
813
801
22
779
767
762
22
741
317
424
909
189
720
294
427
932
191
741
325
416
972
203
769
347
423
990
207
783
792
369
424
1020
182
838
832
832
830
840
27
814
376
439
1005
201
805
789
373
416
966
203
763
331
433
942
189
753
335
419
961
184
778
783
351
432
1017
178
839
827
395
432
1028
174
854
840
839
25
815
386
429
1011
198
813
796
373
424
1005
180
825
820
397
423
1009
176
834
833
409
424
1048
166
883
39
845
835
408
428
1026
189
838
816
813
796
361
436
1017
184
833
833
824
837
853
872
872
884
893
880
868
875
875
24
851
846
855
862
873
856
854
856
862
872
886
34
853
857
862
865
878
875
32
844
842
835
843
854
862
877
888
893
884
882
439
444
1058
173
886
450
437
1029
192
837
393
445
1006
177
830
395
435
1018
192
827
833
390
443
1064
161
904
886
450
437
1058
184
875
863
425
438
1031
171
860
38
822
373
449
1029
184
845
838
391
447
1028
168
860
875
436
439
1061
153
908
900
460
440
1050
159
892
880
881
868
888
902
914
917
921
905
894
891
900
28
872
873
868
866
845
824
825
825
828
825
840
849
842
839
843
841
23
819
798
355
444
982
175
807
787
349
438
958
195
764
762
770
323
447
1040
153
887
910
468
442
1054
149
905
895
892
37
856
852
414
439
1024
176
848
25
824
52
772
301
472
961
181
781
772
334
438
943
178
765
767
322
445
957
168
789
801
362
440
1000
170
830
868
897
456
441
1056
166
890
875
853
406
448
1010
176
835
815
373
443
975
165
811
28
783
328
456
914
123
791
778
341
437
953
174
779
762
317
446
928
169
760
759
327
433
943
420
523
999
555
444
878
177
702
235
467
891
157
734
290
445
985
173
812
843
405
439
1037
176
861
875
885
446
439
1057
144
913
26
887
873
885
890
869
877
887
885
44
842
841
851
843
844
836
836
836
828
23
806
349
457
998
187
811
809
361
448
991
178
813
809
816
370
446
1021
175
846
842
837
387
451
1001
188
813
370
444
982
180
803
786
332
455
972
182
790
786
319
467
1001
202
800
347
454
1010
165
846
854
407
447
1023
161
863
840
398
443
985
185
801
803
354
450
983
188
796
350
446
983
193
790
340
450
977
194
784
787
339
448
994
167
828
846
866
419
448
1048
170
879
862
416
446
997
163
834
816
369
448
962
186
777
327
450
958
175
783
782
344
439
973
163
811
794
788
334
454
981
191
791
801
358
444
989
184
805
804
808
357
451
984
193
792
798
348
450
981
178
803
791
791
349
443
955
180
775
24
752
288
465
921
181
741
288
454
940
186
754
303
452
972
188
785
801
360
442
985
184
801
793
351
443
951
199
753
304
450
958
174
784
794
348
447
988
186
802
358
445
952
179
774
760
303
458
940
184
756
298
459
986
184
802
817
376
441
1016
174
842
832
32
800
340
461
997
191
806
789
332
457
980
191
789
343
446
974
174
800
802
359
444
978
186
793
345
448

