17-11-2022 - 8:54 - Correr
MARITZA CARDENAS CARCAMO
Intervalos entre latido y latido
890
903
916
893
934
948
925
953
947
33
914
928
934
35
900
914
933
916
917
942
26
916
899
933
934
911
960
965
35
930
958
959
33
927
953
965
33
933
958
992
974
964
996
976
958
1000
1019
37
982
1004
1008
49
960
967
988
31
957
957
982
964
947
970
973
33
940
960
973
42
931
932
973
36
938
46
893
917
925
33
893
909
942
927
955
990
970
955
984
974
29
946
973
994
980
26
954
986
991
36
955
965
970
31
940
940
971
960
37
924
954
971
31
941
948
980
974
953
979
1002
29
974
961
988
989
27
962
982
1000
982
981
1007
1011
38
974
974
990
970
40
931
949
969
949
928
957
964
945
947
970
967
946
965
972
959
948
969
958
52
906
914
903
26
878
903
927
935
922
938
955
949
929
930
925
33
893
874
904
915
898
913
950
972
28
945
952
964
965
949
972
971
961
938
959
957
28
929
921
944
945
33
912
921
929
933
911
923
935
917
904
921
938
922
904
921
933
924
914
948
959
944
945
964
970
30
941
964
970
951
933
970
989
969
961
982
996
29
968
971
992
987
34
953
965
982
962
29
934
958
959
39
921
923
944
937
930
962
986
974
30
944
971
973
951
35
916
935
27
909
34
875
910
938
920
929
963
983
957
959
981
974
952
958
973
957
944
967
977
26
952
941
974
981
31
950
947
965
962
939
948
961
33
929
916
947
959
937
926
954
958
938
944
962
959
945
964
981
31
951
948
968
977
34
943
956
969
951
934
963
972
33
940
939
962
957
949
981
984
29
956
960
973
965
30
936
949
958
941
923
949
952
44
908
905
924
930
928
959
990
981
958
988
989
30
959
958
976
961
944
958
964
942
941
964
969
955
958
980
984
30
954
966
978
974
958
974
989
976
960
974
984
970
29
941
965
973
28
946
937
947
47
900
881
902
900
877
886
902
30
872
854
867
852
863
883
881
884
920
912
911
902
920
899
906
916
907
922
948
927
933
968
970
956
981
1000
48
953
944
960
978
988
32
956
951
966
44
923
915
928
926
917
900
897
930
935
925
947
967
30
938
949
963
952
945
949
930
925
942
929
918
933
925
916
930
917
36
882
889
895
875
877
895
893
914
916
32
885
28
858
881
898
907
912
910
934
931
946
932
948
943
31
912
25
888
899
911
44
867
872
869
866
855
833
829
831
833
834
843
830
32
798
815
795
792
788
770
768
775
762
780
778
763
784
778
769
792
775
780
783
765
780
776
758
767
23
745
741
743
754
753
745
758
753
741
743
744
732
725
731
727
712
718
709
699
698
708
702
688
696
697
684
682
695
695
683
692
691
681
680
682
20
663
667
670
659
648
657
654
649
643
646
653
641
641
644
642
633
647
645
633
635
642
637
632
640
641
632
625
638
636
632
632
640
637
625
635
635
625
631
626
615
620
621
611
608
618
621
608
610
616
614
606
606
616
616
602
607
617
615
604
609
618
622
611
610
622
619
610
612
623
622
611
605
621
613
604
608
613
607
601
609
610
606
601
604
612
602
595
603
605
594
594
603
600
598
595
607
604
593
601
608
601
596
606
609
611
600
621
615
601
605
611
599
595
602
598
589
586
591
597
594
585
595
601
594
592
598
599
597
591
597
598
591
589
594
593
589
586
597
595
590
586
598
603
20
584
593
595
596
586
590
590
583
582
583
583
579
575
583
581
573
573
580
577
576
571
579
576
571
570
578
573
575
571
578
580
577
578
582
587
582
583
588
585
581
581
579
576
570
574
574
567
567
572
570
567
563
569
572
567
565
570
576
578
573
573
577
582
579
574
585
584
577
577
577
579
578
581
583
591
588
591
592
592
587
588
591
585
580
584
585
582
578
578
578
574
571
582
579
577
121
456
706
114
593
23
570
579
582
578
577
568
576
575
576
572
571
582
585
583
581
588
587
579
578
582
577
575
572
576
575
568
568
573
573
569
566
574
572
566
562
568
570
565
560
568
567
569
564
568
569
569
565
568
574
580
580
582
589
586
582
584
587
582
578
584
579
579
569
574
583
578
587
586
598
601
594
594
601
597
589
587
591
587
583
581
586
587
585
583
589
585
583
583
598
600
587
589
589
583
579
579
577
575
570
567
576
573
570
567
571
570
570
569
572
572
571
567
576
578
573
571
578
578
575
567
574
574
573
567
573
572
575
572
572
576
572
568
568
574
572
568
563
558
560
562
566
568
567
576
577
576
572
577
581
575
563
574
573
574
570
574
580
581
575
582
582
584
581
589
589
582
577
580
577
571
564
574
575
568
562
569
574
569
565
575
571
570
563
570
569
568
565
566
566
566
560
566
569
565
567
570
575
575
570
579
580
584
581
590
587
582
581
582
579
570
562
573
566
557
559
565
564
564
563
569
570
566
563
570
566
566
561
566
563
565
560
563
570
568
567
570
577
583
576
585
592
593
586
597
591
582
581
582
579
571
574
573
573
564
571
568
571
564
566
569
571
567
565
566
569
563
567
568
568
563
566
573
567
562
572
569
577
580
581
578
589
589
583
583
583
582
577
581
579
580
590
609
595
602
616
616
601
604
593
625
30
595
608
612
678
667
670
678
690
695
693
684
56
629
682
53
630
632
666
651
643
41
602
656
653
656
656
658
33
625
702
23
679
685
707
708
696
717
722
711
731
745
731
732
753
750
771
793
813
823
33
790
812
829
31
798
814
843
24
820
820
845
848
868
29
839
829
871
866
28
838
874
875
33
843
876
888
30
859
890
891
29
862
902
29
873
875
31
844
41
804
827
858
848
27
822
869
888
46
843
896
934
48
886
912
893
940
930
948
936
59
878
928
919
33
887
929
25
905
935
38
897
916
935
930
70
861
919
912
44
869
916
934
47
887
923
974
38
936
925
983
1003
105
899
936
976
77
899
894
955
50
905
958
987
993
37
956
44
912
962
951
935
976
41
936
978
1010
36
974
28
947
1000
991
36
955
989
984
28
956
1004
994
45
949
1002
40
963
988
1006
1007
77
931
914
978
992
48
945
975
1000
43
957
980
1015
47
969
965
1001
987
54
933
973
995
37
958
970
1007
30
978
971
1011
1000
984
1022
1012
989
1007
1003
981
1001
995
981
1005
990
968
993
998
35
963
973
980
26
955
27
928
954
968
951
976
1000
1012
37
976
971
958
70
888
41
848
862
872
913
951
949
968
972
47
926
948
976
27
949
33
916
940
970
971
54
918
930
965
968
947
978
995
30
965
970
995
1011
1015
997
35
962
26
937
916
921
929
916
36
880
883
912
897
912
951
967
985
44
941
939
963
958
55
904
943
979
976
992
988
1002
1010
1004
28
977
58
920
936
949
961
949
35
915
899
922
915
927
976
994
1004
994
981
967
35
933
932
913
890
917
919
951
958
26
932
40
892
901
926
950
31
919
928
954
949
936
967
978
37
942
950
972
973
955
975
994
974
954
980
987
29
958
946
957
967
958
952
974
995
977
962
995
1001
32
970
973
1001
996
28
968
988
1007
44
964
953
961
938
944
924
28
897
927
930
910
944
944
972
971
951
978
984
962
976
984
990
976
987
966
31
936
961
957
955
938
954
58
896
910
930
940
948
933
64
870
35
835
864
887
926
965
969
33
937
972
35
937
970
958
976
952
974
979
956
970
970
955
943
933
40
894
921
30
892
914
899
911
925
910
888
909
942
949
946
935
929
911
57
854
874
874
884
887
884
872
855
33
823
850
835
852
868
850
880
861
26
835
39
797
802
816
839
874
905
932
36
897
913
919
939
946
944
929
139
791
1026
126
900
882
876
889
906
915
45
870
882
887
911
900
925
923
923
27
897
29
868
887
899
919
936
942
942
938
932
917
32
886
872
853
841
828
826
23
803
806
805
34
771
791
780
778
782
771
791
797
795
805
814
812
837
824
839
850
858
277
581
290
291
875
876
880
866
879
865
364
502
55
448
164
284
716
43
674
3999
3063
936
3999
2329
1670
3999
3999
3999

