24-11-2022 - 11:33 - Correr
ANGELICA MARQUEZ
Intervalos entre latido y latido
1035
38
997
1090
1077
1075
1059
43
1017
1055
1044
1025
1048
1030
49
981
1058
1058
1038
49
989
1081
1065
1137
125
1013
1051
1101
1125
1127
84
1044
1085
1134
1320
1433
96
1338
105
1234
94
1140
1176
1501
89
1413
114
1299
89
1210
132
1079
1100
1095
1074
53
1021
1104
1082
1066
1087
1076
1085
1120
62
1059
1111
1098
44
1055
1096
1099
1200
1416
104
1312
113
1200
120
1080
1079
1079
30
1049
1191
31
1160
1151
1132
72
1061
1077
1106
35
1072
1095
1126
46
1081
1084
1108
35
1073
1082
1087
43
1045
1073
1077
1051
1050
1084
49
1036
1053
1076
50
1026
1053
1062
46
1017
1053
1062
35
1028
1041
1064
1041
1052
1064
59
1006
1023
1065
31
1034
1041
1097
49
1049
1060
1090
58
1033
1087
1070
30
1041
1091
45
1046
1047
1072
1053
1061
41
1021
995
1041
1036
1096
1146
1118
97
1021
1031
1039
39
1001
1013
1046
1040
1016
1011
1053
1031
1072
1074
1063
1058
1062
1063
1117
1144
1409
116
1293
93
1201
71
1130
82
1049
1099
1081
33
1048
1034
1074
47
1027
1030
1059
1066
48
1018
1005
49
956
1091
1117
42
1075
1049
1034
1011
1038
1126
1140
1125
82
1043
1019
1009
1084
52
1033
1042
80
963
968
958
1077
90
987
1020
1006
1040
1063
1044
36
1009
1139
1163
1166
36
1130
34
1097
1089
36
1054
1085
1081
36
1045
1097
1150
73
1078
78
1000
1133
1113
54
1059
54
1006
998
1126
1120
43
1077
36
1042
1028
1037
1058
40
1019
1117
1137
1131
58
1074
70
1004
1002
1129
41
1089
1105
39
1066
81
986
1076
1092
1075
30
1045
34
1012
997
1022
1006
1100
1144
46
1098
87
1012
989
1125
1103
1087
41
1047
1031
1015
1069
40
1029
1026
1028
42
986
1067
1111
77
1034
51
983
1002
1118
38
1080
1062
53
1009
45
965
1129
1114
65
1049
1023
1001
1090
1097
1087
87
1001
1009
1106
1092
1109
66
1043
35
1009
1043
1147
40
1107
1116
60
1056
1062
1163
38
1125
125
1000
1194
1185
62
1124
1141
65
1076
61
1016
1159
1198
63
1136
1116
63
1054
1115
1193
77
1116
90
1026
1165
1139
1137
50
1088
66
1023
1077
1188
1166
1154
87
1067
1074
1055
40
1015
1114
1171
52
1120
69
1051
1064
1101
1155
1181
83
1099
31
1069
1104
1093
46
1048
1145
1266
1288
59
1229
167
1063
1071
1069
1109
1161
1168
95
1074
1050
1120
40
1080
1138
1248
90
1158
1142
1127
64
1064
1117
45
1072
1073
594
479
713
2825
1770
1055
1057
61
997
1037
37
1000
974
1051
28
1023
1017
78
939
960
953
958
967
1033
41
992
1003
1041
52
990
28
962
1053
37
1017
1067
64
1004
47
958
961
970
970
955
938
975
959
952
1040
1016
1018
40
978
1021
38
983
1010
1002
986
1001
1047
71
977
1012
45
968
1000
62
939
993
981
990
1031
1079
71
1008
1025
1017
38
980
1074
49
1026
41
985
93
892
41
852
49
803
24
780
783
43
741
41
700
123
577
936
185
752
740
32
708
723
746
37
709
719
764
43
722
735
734
742
743
750
739
737
744
731
741
736
732
732
721
733
727
720
734
727
724
717
704
85
619
802
104
699
695
704
696
687
697
700
696
701
702
693
701
692
683
690
680
681
686
679
686
690
686
699
687
685
696
679
693
684
668
675
669
655
663
658
648
647
657
652
647
653
651
662
655
664
653
667
662
659
657
672
678
677
680
685
690
687
690
698
694
702
691
694
692
689
701
683
690
678
679
683
20
664
672
658
652
649
637
642
637
631
640
635
637
639
632
638
635
630
635
628
627
626
622
627
624
619
632
625
633
626
626
633
618
621
620
610
617
619
608
613
612
605
610
609
610
606
607
615
615
630
628
632
633
645
633
638
634
631
636
628
625
625
620
621
616
619
621
616
625
611
619
617
607
611
606
602
606
601
600
606
597
601
609
601
601
612
605
601
607
612
604
603
608
603
609
608
607
612
614
612
616
621
615
623
618
611
621
612
614
621
617
621
618
614
618
608
612
608
604
608
607
603
606
602
603
604
607
605
601
601
606
603
603
604
614
605
608
609
606
612
612
609
615
615
611
616
613
609
614
615
620
623
620
625
620
620
623
613
613
615
604
608
609
599
603
601
605
600
607
609
618
618
612
623
620
616
625
614
619
617
618
625
620
627
624
626
630
630
625
624
638
627
635
643
634
643
638
652
656
660
663
657
650
643
632
629
625
626
627
618
626
625
624
621
624
628
621
624
622
621
622
621
611
621
616
611
624
616
612
616
617
619
617
618
629
625
640
638
635
626
623
629
623
622
625
621
619
626
623
623
627
626
621
619
625
626
635
647
641
636
655
648
642
650
639
634
628
633
626
621
625
625
618
623
618
623
623
629
639
651
648
646
650
642
635
632
627
621
624
627
616
624
623
619
627
625
625
624
643
636
633
635
625
625
622
616
615
607
613
612
611
616
617
615
616
623
614
625
627
628
633
634
625
623
617
617
609
601
600
604
596
594
599
601
612
615
606
620
615
620
619
615
613
618
617
616
619
615
617
611
611
611
613
613
614
610
608
614
622
622
632
650
670
704
703
706
21
685
685
668
659
649
639
630
624
629
626
630
635
633
638
635
633
634
635
640
637
634
631
632
633
625
618
617
632
651
663
659
662
663
658
652
661
652
649
646
639
641
640
631
642
640
652
646
651
660
671
668
664
659
658
660
669
675
668
652
645
640
640
642
680
713
718
20
699
713
700
21
679
663
658
647
644
647
643
645
650
653
663
666
670
710
703
21
682
669
666
662
683
670
673
19
654
653
672
663
658
654
651
655
654
655
674
659
660
663
663
667
721
735
752
807
803
51
752
29
724
707
711
738
726
809
897
913
916
40
876
862
888
985
1027
143
884
54
831
809
823
814
820
806
822
819
829
843
869
859
40
819
834
868
852
919
1072
106
967
960
985
49
937
25
912
993
1002
59
944
967
957
945
978
987
61
927
1016
991
980
994
39
955
979
954
1014
1006
63
944
1038
1043
47
997
972
994
975
53
923
1051
1039
1034
49
986
977
981
1064
1080
94
986
974
984
1034
1017
37
980
985
993
983
1033
1083
1060
74
987
1020
1013
36
978
1001
1045
34
1012
1017
46
972
981
1048
1023
1072
48
1024
1000
1007
42
966
1050
36
1015
1016
67
949
39
911
1063
1070
1088
1069
64
1006
1119
1134
51
1083
34
1049
43
1007
992
1039
1108
52
1057
57
1000
1009
1027
46
981
1051
1100
34
1066
74
993
1020
995
1016
1051
45
1007
1128
1132
94
1039
1039
42
997
1044
1112
53
1060
76
984
1120
1091
61
1031
1037
47
990
1041
1117
77
1040
1017
1015
32
984
1084
1101
75
1026
1014
29
985
971
1025
1009
989
1023
1000
1011
1089
82
1008
1062
1044
1050
1130
76
1055
1028
1040
46
994
1010
989
1068
1117
41
1076
88
989
989
989
967
1126
1111
66
1045
1030
40
991
1000
994
36
958
1103
44
1059
1083
74
1009
990
1013
994
991
991
1031
1053
1049
1039
1057
1129
1105
91
1014
29
986
1008
1009
37
973
1008
1014
30
985
1025
1007
982
1009
1021
28
994
1024
1053
1083
1160
82
1078
67
1011
1002
1013
1013
31
982
1113
1103
1081
80
1001
1001
1000
978
1040
1110
50
1061
49
1012
34
979
1021
1008
1005
1028
47
982
1098
1127
57
1071
78
993
29
964
1122
1107
1099
94
1006
1024
1040
40
1000
1024
1053
1035
1062
1058
34
1025
1078
1138
81
1058
80
978
995
1005
1012
994
986
1021
999
1153
1154
92
1062
1045
45
1001
997
1001
1003
984
31
953
945
956
41
915
1069
35
1035
1034
1031
74
957
1087
1123
76
1047
41
1007
1005
1103
1082
1096
61
1036
54
982
1024
1026
1052
1093
48
1046
47
1000
980
37
943
1087
1078
36
1042
65
978
956
943
1088
31
1057
1036
1074
1050
29
1022
47
976
1051
1111
1084
1058
72
987
1001
991
1000
1000
1010
1004
1060
1082
1059
40
1020
1002
981
969
1047
1075
35
1041
59
983
1045
1093
50
1044
1032
59
973
1097
1099
52
1048
32
1017
1042
1041
1088
32
1057
31
1027
61
966
1069
1110
35
1075
1065
29
1036
1021
1009
1086
1121
1103
79
1025
48
977
980
981
985
999
999
1010
28
983
996
1002
39
964
951
1055
1071
44
1027
47
981
967
976
977
968
964
1065
1059
44
1016
47
969
27
943
1036
33
1003
1003
46
958
965
27
939
928
956
965
51
915
51
864
898
893
30
863
30
834
816
821
910
1014
1042
78
965
36
930
937
944
978
63
916

