16-11-2022 - 10:26 - Correr
ANA MAURELIA
Intervalos entre latido y latido
985
977
972
969
34
935
953
945
930
952
937
994
29
965
50
916
953
977
992
967
992
1013
997
1073
86
987
1039
1036
1043
1041
36
1006
1024
1012
32
981
968
992
996
31
965
991
1007
29
979
1000
1021
30
991
28
963
993
979
960
994
982
966
996
1008
993
1012
1024
1020
996
1028
1030
1008
1014
1018
1008
989
1016
1013
33
981
995
1013
1033
1023
1041
1064
33
1031
1054
1053
28
1026
1021
1034
1028
1030
1046
1055
32
1024
1041
1057
1031
1041
1046
1036
1031
1041
1047
30
1018
1025
1039
1012
1041
1041
1036
1036
1049
1039
1022
1061
1068
41
1027
1069
1079
1051
1065
1068
36
1033
1055
1053
43
1010
1024
1032
29
1003
1037
1045
28
1018
1031
1048
1037
1037
1041
1048
30
1018
1033
1031
1010
1019
1029
32
997
1020
1032
1021
1030
1033
1023
1011
1034
1045
30
1016
1035
1028
1014
1022
1031
1017
1022
1029
1025
1020
1041
1034
1015
1035
1033
1014
1030
1035
1012
1021
1032
1024
1007
1019
1039
41
998
1022
1024
1018
1037
1053
1036
1041
1049
1037
1038
1053
1035
1036
1055
1035
1020
1045
1040
1023
1051
1056
43
1014
1052
1049
1034
1051
1059
1036
1044
1041
31
1011
1031
1047
1028
1045
1056
1033
1039
1059
1050
1027
1058
1073
35
1038
1057
1066
1041
1044
1060
1040
1026
1046
1050
1030
1048
1045
1033
1041
1053
1034
1018
1038
1054
1029
1051
1062
1043
1052
1055
35
1021
1042
1050
28
1023
1053
1055
1035
1044
1062
1054
1036
1056
1038
1022
1039
1040
1019
1043
1049
1023
1041
1047
1033
1046
1049
1029
1048
1034
1022
1034
1037
1020
1052
1047
1025
1039
1055
35
1020
1045
1060
31
1029
1045
1060
29
1032
1051
1066
1060
1038
1054
1046
1026
1046
1052
1032
1042
1057
28
1029
1036
1052
1055
1037
1057
1075
52
1023
1048
31
1018
1028
1014
996
1003
1000
995
1017
1034
1010
1038
1037
1048
1041
1050
1063
1044
1055
1066
1055
1081
1079
1074
1072
1095
1073
1066
1084
1078
29
1049
1078
1070
42
1029
1052
1063
38
1025
1063
1076
1048
1055
1069
1061
1058
1057
43
1015
32
983
1015
1010
47
964
29
936
982
1012
1035
1033
1030
1034
1043
1046
1049
1031
1006
1022
1004
1010
1026
1045
1049
1022
1006
1012
994
46
949
941
934
924
924
926
942
935
947
955
946
966
979
989
990
1002
995
1005
999
37
962
965
958
943
965
946
950
965
969
969
1016
73
944
1000
980
981
963
28
936
922
31
892
893
873
874
872
851
855
855
842
858
848
868
856
844
859
858
857
860
916
95
821
869
875
864
862
862
861
850
901
94
807
839
841
843
840
832
836
839
830
833
838
825
833
834
831
836
829
841
835
825
830
820
820
827
820
813
818
807
809
813
811
806
812
807
854
93
761
809
28
782
814
810
807
809
866
109
757
807
811
797
802
795
791
794
788
792
785
780
836
100
737
777
783
780
771
782
775
779
784
772
781
787
775
782
781
775
780
769
786
780
765
775
821
52
769
45
725
768
812
40
772
765
757
41
717
766
756
750
765
753
749
764
755
749
806
55
751
44
708
765
750
764
757
750
760
758
752
803
103
700
747
753
747
737
752
743
742
750
737
742
744
739
748
745
787
99
688
798
64
735
741
742
729
742
741
734
730
736
752
742
741
743
748
736
739
744
729
737
729
723
728
727
725
742
726
736
732
729
738
730
726
732
727
730
730
724
733
729
722
729
719
721
725
720
717
720
716
716
720
710
723
721
713
718
725
714
716
722
708
719
717
708
721
716
721
726
714
727
720
711
719
719
711
715
716
705
714
711
708
708
711
706
703
708
710
703
711
708
707
711
712
709
726
721
713
727
721
715
717
714
708
711
708
696
706
707
696
704
700
696
701
703
698
713
711
708
714
714
707
709
713
698
708
706
698
705
705
704
712
716
708
713
710
707
713
713
704
709
709
702
702
705
701
697
701
699
696
701
702
697
705
696
701
702
700
698
703
697
698
704
703
697
706
703
702
705
710
701
703
710
700
698
702
690
694
695
692
690
697
692
690
699
698
691
699
696
692
694
695
684
693
697
691
701
701
696
687
692
701
704
707
703
709
709
704
708
710
705
704
702
701
702
690
694
701
696
709
710
705
726
717
716
721
718
711
722
708
708
707
700
697
702
694
694
697
694
690
703
700
693
700
703
699
702
707
698
698
701
696
694
699
695
693
708
700
703
708
701
695
699
698
691
695
695
686
694
693
683
690
697
690
689
701
698
693
697
700
695
697
696
690
697
696
694
704
707
702
712
707
700
697
701
689
690
694
693
687
695
699
692
693
693
686
691
691
688
685
686
686
680
686
688
676
691
691
692
697
702
692
699
701
697
704
708
693
703
701
702
694
695
707
695
697
711
718
313
405
97
309
728
726
728
735
469
266
464
738
753
769
759
761
777
760
762
789
771
761
777
787
791
780
766
771
783
769
770
802
799
779
799
827
805
787
821
821
801
833
817
816
811
50
761
427
335
458
805
33
773
799
814
796
818
801
817
848
30
818
843
860
840
32
808
805
851
860
883
893
35
859
871
874
860
851
867
876
858
891
904
902
928
943
26
917
916
924
54
871
885
865
893
902
882
915
930
29
902
937
935
916
948
954
41
913
938
959
32
928
930
959
28
932
945
960
33
928
944
950
37
913
941
938
966
963
26
938
946
43
904
897
905
889
870
909
934
920
916
918
31
888
866
849
37
813
796
825
886
917
933
937
923
951
968
966
951
978
997
975
996
1021
39
982
1022
1031
49
982
975
965
943
26
918
931
927
930
908
929
939
954
941
964
976
977
952
967
973
953
968
958
935
946
948
937
917
924
927
908
941
941
924
944
965
941
961
958
937
948
980
987
27
961
994
1014
32
982
1004
1019
29
990
993
1004
985
980
1003
996
989
1001
992
974
1006
1004
33
972
992
996
979
980
987
984
31
954
992
984
975
987
991
988
967
979
985
966
978
988
27
961
972
981
983
965
989
997
991
997
1015
998
1000
1002
995
37
958
994
1004
983
995
1013
1002
1003
1023
1014
33
982
998
1005
36
970
987
999
1000
987
1008
1001
28
974
998
1016
991
999
1007
1002
993
1007
1005
984
1019
1041
38
1004
1029
1043
1023
1019
1040
1021
1008
1021
1024
42
982
1005
1025
30
995
1018
1029
1013
1000
1010
1003
1000
1023
1022
28
994
1025
1011
988
1006
1012
995
1005
1007
992
993
1014
1013
998
1019
1020
29
992
1000
1009
999
984
997
1007
27
981
992
1000
1006
985
1001
1009
995
1000
1008
1014
1006
1025
1035
43
992
1005
1011
991
1002
1000
976
1000
1000
984
991
1002
1007
993
1024
1020
1005
1025
1037
1022
36
986
1025
1027
30
997
1019
1025
1014
1013
1009
1016
999
1023
1022
1030
1007
1025
1036
1011
1015
1037
1026
1004
1032
1026
1009
1029
1036
1011
1027
1044
1030
1043
1056
1030
1029
1047
1046
31
1016
1034
1033
1018
1025
1032
1024
1024
1043
1041
31
1010
1022
1038
1019
1013
1025
1038
1013
1037
1041
1016
1028
1039
44
995
984
981
47
935
917
908
898
893
875
877
884
877
881

