29-11-2022 - 8:57 - Correr
FRANCISCA GARCIA
Intervalos entre latido y latido
672
676
682
694
705
693
705
718
719
717
712
726
735
735
737
731
725
715
704
719
723
734
725
724
735
735
744
737
727
726
750
756
749
738
742
744
749
746
733
724
738
744
755
744
745
746
745
732
740
740
752
747
731
733
742
743
737
729
754
760
767
755
747
765
770
756
743
754
746
735
25
711
717
718
717
720
711
714
716
748
742
735
754
754
750
752
737
723
748
748
761
761
747
744
765
761
765
748
746
753
747
743
739
22
718
729
732
740
732
732
748
761
771
763
760
747
749
753
739
722
720
738
735
732
716
714
730
733
736
743
735
725
733
748
744
741
737
720
712
731
716
715
719
736
739
734
724
747
751
754
750
759
770
805
35
770
775
778
771
769
759
760
748
742
759
785
790
22
768
759
785
788
789
26
763
750
766
759
757
23
735
741
744
755
742
727
739
740
748
728
728
744
742
746
735
740
754
753
749
730
738
747
745
748
21
727
741
752
771
23
749
774
766
765
749
766
762
760
751
740
755
773
761
770
757
747
756
756
756
750
743
754
763
765
754
746
751
760
764
760
746
750
759
755
741
743
752
759
744
735
748
750
757
748
739
733
743
742
730
724
720
737
738
743
734
734
736
734
716
727
731
719
713
732
735
731
727
717
736
741
737
727
727
737
733
729
717
735
733
738
725
716
735
737
751
23
729
729
738
734
728
710
705
721
736
746
752
748
750
766
771
760
762
748
737
745
766
774
771
754
748
761
765
774
772
767
760
770
775
781
784
765
755
766
779
780
777
775
760
767
764
755
745
741
753
760
748
745
764
782
768
21
747
745
756
763
752
742
734
748
751
758
748
753
768
773
788
775
759
778
774
777
762
758
757
761
767
766
27
740
742
762
767
774
771
756
778
778
777
758
755
756
768
759
761
745
745
754
760
784
764
21
743
758
763
752
767
753
757
762
782
36
746
742
767
772
780
25
756
759
777
779
781
765
762
775
783
790
777
785
793
803
817
27
791
801
802
800
793
27
767
783
794
802
811
25
787
785
804
832
819
800
785
818
31
787
771
768
782
773
758
749
766
780
778
775
775
777
771
782
780
765
752
773
782
771
764
755
762
786
796
776
61
716
723
725
719
717
726
23
704
720
714
720
709
706
699
699
690
687
695
689
688
678
675
680
687
696
695
689
699
706
696
698
707
704
718
21
698
714
710
721
712
714
708
703
701
693
693
687
676
682
681
686
677
669
660
650
641
635
642
635
626
630
633
637
629
643
638
630
638
640
632
634
641
639
628
633
630
627
621
625
624
629
617
620
625
632
625
625
628
625
624
625
623
623
622
623
624
617
622
622
610
612
613
610
601
601
598
594
590
589
586
581
594
588
583
584
586
591
582
585
586
589
583
587
587
586
583
585
584
583
583
581
588
583
584
584
585
583
579
579
579
577
577
578
577
574
579
580
577
577
580
583
580
575
576
582
580
577
580
578
584
577
579
577
572
571
570
572
567
559
560
563
559
554
560
555
555
561
555
555
555
551
548
554
547
544
543
543
541
539
547
547
543
545
543
539
541
541
545
543
541
539
538
534
534
532
533
528
529
534
530
528
527
531
526
523
529
530
535
534
533
532
531
530
532
532
533
538
538
540
543
545
541
538
538
539
539
532
534
533
541
541
544
543
543
541
542
541
544
540
537
541
539
536
539
541
544
545
544
546
544
541
542
541
536
541
540
534
533
535
534
529
532
531
536
531
532
531
532
536
537
535
537
531
543
545
541
545
542
538
535
535
534
536
534
532
532
533
534
530
523
526
534
536
536
535
540
539
541
539
537
539
537
536
535
537
535
537
542
544
545
552
558
553
550
548
552
548
546
545
544
544
539
541
544
541
538
538
536
543
547
550
555
549
553
551
545
545
555
551
553
554
556
551
549
550
547
546
547
546
541
546
551
547
554
551
547
547
556
552
551
555
551
551
545
547
549
551
551
550
548
546
546
547
544
543
545
541
554
549
555
555
549
552
546
541
539
537
537
539
546
544
545
544
543
546
546
543
542
556
551
550
552
549
550
550
551
547
554
554
558
548
549
554
550
554
551
555
559
560
560
559
557
553
547
545
542
541
542
551
543
541
543
541
544
540
541
551
549
552
559
562
552
557
553
546
545
543
543
537
538
543
543
541
540
537
533
535
527
529
527
534
529
532
529
529
532
526
528
528
528
529
532
534
534
532
527
527
528
524
522
523
528
529
529
527
528
530
530
529
527
529
530
529
529
529
531
530
531
538
540
541
538
539
535
530
530
528
528
534
537
538
539
541
548
545
551
544
544
543
540
543
542
543
544
542
541
537
538
539
539
539
545
537
538
540
541
539
539
537
538
542
543
546
541
541
539
541
536
538
542
541
554
546
544
545
543
541
538
538
539
539
534
536
538
541
538
539
542
543
543
541
538
540
538
536
540
538
535
537
541
539
534
537
540
542
546
548
545
544
543
541
541
541
547
539
542
538
538
537
532
535
534
537
531
533
530
533
532
538
538
539
536
539
538
535
533
536
534
535
532
535
535
535
530
531
534
533
534
533
536
533
529
528
529
531
530
531
532
538
532
532
528
531
534
535
537
536
540
538
546
540
543
542
543
540
542
541
541
541
539
538
539
541
542
541
539
539
541
541
540
543
541
543
545
546
548
543
546
545
547
548
544
542
540
544
539
540
544
546
545
548
548
555
550
547
545
545
552
547
547
551
555
550
554
553
562
556
560
557
563
567
565
564
573
583
571
574
569
568
570
564
557
563
564
577
595
593
599
614
18
596
597
595
598
594
586
599
591
597
600
609
595
582
581
583
583
589
591
587
584
584
582
591
598
595
593
591
594
592
593
585
583
578
586
592
594
601
595
594
597
603
598
594
598
607
610
611
604
606
607
611
612
616
608
603
606
620
621
622
623
625
615
611
616
626
627
625
635
628
614
605
625
623
618
618
611
607
620
625
621
622
622
628
633
630
631
633
642
639
627
622
620
628
634
637
629
632
646
647
649
642
641
650
659
664
673
669
666
670
678
675
680
672
678
677
678
685
680
690
687
682
678
679
669
658
651
658
672
675
681
672
670
661
656
655
659
668
670
674
669
672
668
665
663
650
654
663
668
685
694
694
701
698
690
683
671
666
659
657
658
656
658
651
645
648
655
653
651
662
684
701
704
709
21
689
685
680
690
685
678
672
675
684
685
687
680
690
692
698
700
687
687
685
687
679
694
700
685
686
688
686
680
689
700
720
711
704
709
702
708
698
687
695
697
706
694
701
703
705
702
697
693
679
675
676
688
707
713
710
721
740
742
748
745
738
720
713
707
706
707
708
714
713
707
703
702
710
719
725
715
718
703
691
685
677
692
20
673
684
692
707
697
715
729
743
746
735
734
722
720
716
715
711
706
704
709
715
721
727
718
726
734
741
731
727
721
720
719
717
713
706
699
696
699
700
701
704
722
725
725
714
714
715
704
698
698
704
703
695
696
708
720
719
722
711
703
697
700
705
701
701
698
698
710
715
730
722
707
715
705
700
701
701
700
708
713
726
729
724
734
738
745
736
720
729
719
713
696
702
711
727
24
703
709
700
696
695
708
713
727
716
720
733
749
737
719
703
709
708
703
700
698
689
706
710
713
716
709
708
697
694
694
697
708
711
721
740
750
745
762
760
753
735
22
713
24
690
691
688
677
685
697
701
698
704
726
714
741
740
740
748
738
721
724
729
735
22
714
724
733
750
751
764
755
742
743
754
752
740
741
766
763
790
786
779
789
788
787
767
780
32
749
766
770
770
828
41
787
805
794
799
783
789
789
788
781
775
25
751
749
755
793
781
790
813
809
820
41
779
797
816
808
812
28
785
794
819
814
802
794
801
799
813
35
778
824
822
823
35
789
780
809
826
860
838
47
792
799
808
821
30
791
771
788
797
805
25
781
792
820
825
42
783
774
795
796
28
769
754
768
776
771
766
28
738
734
746
750
737
748
750
757
748
744
751
769
772
751
756
743
750
744
736
725
719
714
719
728
739
726
721
758
769
755
751
741
737
752
773
798
804
791
795
783
781
760
754
21
734
725
736
756
766
773
766
772
772
777
780
769
771
768
753
740
732
735
747
752
745
739
740
768
773
777
773
762
769
779
775
782
783
796
792
797
780
768
770
750
731
721
711
714
735
745
754
759
760
778
782
777
764
757
773
780
780
769
760
759
765
758
757
748
746
754
763
757
750
736
738
750
752
748
746
747
766
769
761
745
747
752
758
757
749
740
748
753
759
754
757
746
770
758
769
772
27
746
743

