29-11-2022 - 9:51 - Correr
TEOFILO ALONSO 
Intervalos entre latido y latido
819
836
828
818
806
809
808
815
816
819
827
822
825
841
845
849
841
853
852
851
844
850
856
853
842
851
865
860
862
851
887
906
886
903
897
892
871
862
891
889
885
875
891
878
858
853
873
857
841
831
836
851
870
873
877
910
909
897
913
915
897
955
963
958
951
946
934
943
932
931
923
30
894
921
42
880
911
914
914
905
920
915
921
950
974
976
955
63
892
926
33
894
874
868
875
871
860
873
871
875
871
869
872
857
902
900
906
890
880
887
905
900
885
876
893
887
27
860
850
874
872
856
848
858
883
27
857
881
873
871
864
854
869
864
856
848
868
863
864
859
849
843
30
814
833
820
817
829
839
849
851
856
861
861
867
856
863
860
857
861
858
858
857
853
856
843
855
865
858
850
843
854
843
859
853
854
837
853
832
848
853
861
862
857
861
863
854
842
40
803
819
811
810
804
819
821
818
809
834
844
850
848
847
840
833
817
803
803
828
833
835
834
851
845
850
858
28
830
26
805
791
27
764
783
770
779
776
787
795
798
803
795
786
793
797
808
807
812
810
807
828
828
827
829
829
831
839
837
834
831
824
857
857
862
863
850
850
855
845
826
819
834
833
833
823
832
847
849
840
827
843
824
816
849
845
839
838
24
815
833
843
839
845
871
875
869
856
870
868
867
847
840
863
859
865
862
857
891
891
884
873
894
896
887
875
871
886
883
863
860
886
883
867
857
889
903
905
899
880
31
850
867
875
867
860
883
880
870
855
870
873
875
868
28
840
845
846
835
827
810
829
834
829
851
850
845
852
866
878
882
890
891
900
894
888
882
878
904
901
916
914
900
885
910
911
910
27
883
912
905
894
895
894
883
31
852
868
862
857
839
832
820
820
821
819
821
813
841
842
854
850
855
852
845
839
865
866
854
838
24
815
845
824
825
847
1636
797
840
846
829
846
836
827
841
836
824
833
835
836
829
817
824
837
50
788
772
804
881
877
868
875
864
844
843
836
828
829
824
820
809
808
808
801
797
799
791
785
782
804
33
772
764
749
767
773
774
779
781
771
763
747
755
753
755
776
765
773
783
781
28
753
1465
737
729
718
714
704
697
705
705
707
702
693
692
704
694
699
688
689
702
161
541
589
883
267
617
796
94
703
703
697
686
696
688
678
671
666
664
670
666
656
658
666
661
658
654
650
656
650
649
645
636
635
642
646
644
645
643
637
637
647
653
651
661
663
1296
644
653
649
647
641
1894
1263
631
633
638
640
646
644
641
653
651
661
653
647
642
643
643
640
643
637
632
639
632
626
1239
739
500
722
93
630
622
621
612
623
622
1819
1217
603
608
611
609
612
619
613
624
628
630
632
634
638
637
641
647
642
641
638
642
640
643
640
635
639
633
634
627
624
26
598
635
649
658
656
646
1305
674
631
633
635
625
624
615
612
621
622
624
618
616
623
622
617
621
615
624
623
623
625
619
625
621
618
614
611
614
612
612
612
614
618
617
617
613
613
607
611
609
608
611
618
616
611
605
612
613
612
609
616
611
614
1235
622
614
621
617
621
620
619
627
624
630
630
633
631
633
631
627
625
626
624
633
627
625
628
623
622
613
619
616
1235
622
613
618
615
1227
617
610
616
608
609
605
600
599
607
608
607
607
603
609
607
609
610
605
617
614
627
635
627
633
640
647
637
630
629
630
630
621
624
620
627
625
619
622
616
616
614
616
620
621
625
624
625
632
624
617
618
619
625
625
627
620
628
623
618
622
620
625
624
614
620
611
615
617
617
613
614
619
624
624
624
633
658
672
669
662
657
650
642
640
634
628
618
616
610
611
604
23
582
615
27
588
1194
579
615
37
578
611
609
620
1235
627
609
23
586
611
599
601
601
603
599
601
595
603
608
605
601
597
610
608
613
607
623
628
617
619
613
620
617
614
612
614
615
613
613
610
618
619
615
600
616
612
610
608
612
613
612
609
606
608
611
608
610
609
620
629
622
624
625
628
631
625
624
625
1248
622
626
622
630
629
639
639
634
631
629
634
636
629
630
624
627
628
622
623
622
624
627
627
626
621
621
625
618
616
624
623
617
608
612
608
609
616
612
610
602
609
608
607
603
598
603
606
608
605
608
602
603
605
598
598
589
598
601
595
596
593
598
598
600
602
600
600
604
603
604
604
602
613
612
611
607
608
605
610
612
604
601
607
610
631
625
614
620
619
625
617
607
609
610
600
588
581
575
581
581
581
580
580
579
587
592
592
594
593
608
610
608
611
607
611
613
605
600
601
606
608
612
611
614
625
636
636
627
1286
652
634
638
629
629
633
626
613
663
695
688
20
669
652
27
625
640
623
621
616
619
615
613
607
612
609
603
603
601
599
601
600
593
601
604
605
602
604
608
611
613
610
604
609
609
606
607
597
608
604
603
600
597
602
602
601
598
601
601
603
602
598
604
611
605
607
601
603
600
602
589
611
622
622
619
629
642
637
642
643
648
650
640
629
659
30
630
613
620
646
29
617
647
32
615
645
648
649
656
669
679
666
694
23
672
681
684
681
27
655
678
663
680
690
693
696
685
701
723
715
721
723
734
734
737
742
741
741
742
746
744
745
747
746
746
751
758
751
747
749
751
750
741
29
712
717
739
727
727
725
760
779
791
798
803
803
805
789
791
793
793
797
794
801
796
793
774
769
797
795
796
790
801
804
813
799
802
803
794
781
775
772
776
764
779
778
780
781
775
784
785
792
794
800
808
797
798
804
800
803
799
803
793
775
779
786
788
792
806
805
806
814
809
799
796
802
796
782
777
786
782
780
778
786
793
792
780
786
781
779
776
764
784
765
754
749
739
744
762
764
779
780
791
799
802
796
805
803
800
790
800
794
781
764
751
765
767
766
774
790
788
793
794
799
813
821
820
834
852
847
853
868
875
858
875
872
866
860
850
862
844
832
830
855
871
852
852
846
832
820
826
818
817
804
800
798
790
775
776
788
782
775
787
795
802
797
805
799
797
790
786
791
789
787
788
790
787
784
780
760
757
774
778
786
787
780
784
798
800
800
789
800
813
826
824
833
843
848
856
840
825
803
809
798
801
790
797
792
786
774
768
770
772
34
739
748
780
24
756
750
745
754
754
745
747
752
751
751
756
759
760
768
770
772
772
773
767
762
769
776
776
765
772
778
787
781
775
772
771
768
759
766
772
777
773
775
778
783
782
774
782
780
782
776
775
780
777
777
767
776
773
771
762
771
775
768
767
766
771
772
769
782
781
776
768
774
770
762
767
776
776
770
766
776
773
765
760
778
765
756
750
750
755
751
750
745
747
743
743
741
748
747
746
742
750
754
753
747
751
758
764
766
765
773
769
764
764
776
770
772
764
776
771
771
763
757
760
755
748
746
750
746
740
734
743
745
749
750
757
768
765
769
758
764
769
770
760
762
764
751
753
742
753
754
754
746
747
752
745
745
744
750
753
748
749
755
759
762
755
764
765
762
752
763
765
756
746
751
753
750
746
751
756
750
745
745
748
743
741
746
756
760
749
752
756
750
750
756
759
753
745
750
750
747
736
740
743
740
733
736
748
738
743
734
730
733
739
736
730
718
727
735
744
744
756
776
785
783
789
793
784
782
767
759
762
752
739
737
733
732
728
728
733
730
729
726
732
744
750
755
752
767
765
766
760
765
767
762
755
758
759
760
750
748
755
750
742
744
755
757
752
744
753
746
745
746
750
755
758
757
769
768
768
766
771
769
766
751
733
735
740
739
735
721
725
727
732
735
743
750
757
759
756
772
767
759
756
759
765
753
745
755
742
742

