24-11-2022 - 12:19 - Correr
JUAN AINOL
Intervalos entre latido y latido
1238
1710
836
875
885
902
899
890
913
929
928
78
851
1080
100
981
972
989
992
976
1042
1068
40
1028
1033
66
968
37
931
962
945
950
927
938
945
944
954
976
984
985
986
962
987
980
963
955
963
949
947
955
973
996
1001
993
1006
1008
1006
31
976
1005
1026
1020
1014
1009
1002
997
1002
994
995
985
982
1005
1030
1023
1039
1041
1042
1019
1034
1045
1026
1041
502
540
1307
932
375
747
1019
1036
1022
1040
1046
1068
1069
1134
1220
124
1096
1143
1205
1237
103
1134
46
1089
52
1038
1056
1057
1046
1045
1029
1034
1043
1032
1057
1050
1063
1041
1030
1047
1039
707
332
683
1006
1019
1026
1024
1013
1010
1014
1021
1019
1033
1041
1031
1040
1032
1045
1048
1052
1035
1049
1027
1032
1034
1027
1010
1018
1013
997
999
984
986
978
986
961
950
954
965
964
968
986
990
1000
1006
1014
1000
1004
1004
1006
1000
1009
1006
1023
1031
1040
1045
32
1014
1021
1024
1026
1030
1032
1028
1016
1015
999
1011
999
999
32
967
964
973
971
967
974
973
975
966
952
942
964
982
992
991
1001
1009
996
974
980
980
976
972
987
992
992
982
977
984
967
976
989
977
963
958
969
972
971
985
976
969
984
986
977
992
979
987
996
989
969
979
976
975
991
1042
33
1010
1002
1002
1008
994
979
983
32
952
974
981
967
989
31
958
980
1012
988
984
971
34
937
944
947
952
945
946
941
943
952
944
946
930
934
935
932
937
949
958
957
958
959
964
959
962
960
964
946
949
926
942
941
962
978
986
997
986
986
990
966
998
1061
65
997
997
34
963
972
979
994
1000
988
983
964
952
951
953
937
934
945
948
949
953
944
929
929
916
935
940
938
943
954
970
982
976
970
972
977
1010
995
1000
1066
1048
28
1021
1022
1153
1126
48
1079
58
1021
45
977
997
1000
1009
1000
1062
1074
34
1040
1051
1064
1045
1048
1206
1214
37
1178
61
1117
41
1077
58
1019
1043
1044
1023
1056
1103
65
1039
1047
1047
29
1019
1042
1020
999
1011
1016
1015
1010
1020
1032
1039
31
1008
1032
1046
1028
1032
1025
1036
1025
1035
1036
1026
1008
1000
978
974
999
1044
38
1007
1016
33
983
1021
1030
1036
1038
1024
1019
1034
1011
1031
1041
1018
1035
1041
1047
1051
1061
32
1030
1053
1054
147
907
112
796
801
839
841
843
838
846
828
839
832
833
833
831
830
822
817
811
818
812
810
813
814
812
811
818
823
817
828
812
804
797
788
784
791
781
770
787
801
801
815
833
828
847
845
854
866
857
893
877
879
106
774
1007
114
894
901
906
889
897
891
894
888
877
876
884
888
883
892
898
924
924
917
903
885
898
889
892
901
899
262
638
382
256
859
50
809
799
22
778
30
748
750
750
747
737
745
745
737
732
740
734
727
726
729
721
706
713
711
717
708
708
718
710
708
715
720
709
710
708
701
697
693
701
691
680
686
682
678
687
686
681
677
674
679
674
666
666
675
680
681
671
671
677
676
681
672
675
678
671
664
202
462
817
151
666
666
662
662
656
662
662
649
645
655
654
649
650
653
649
654
651
647
650
655
645
643
654
654
644
646
653
654
640
645
648
645
645
637
640
638
636
632
639
147
493
779
141
638
637
647
635
640
630
617
611
617
624
658
43
615
608
619
108
511
717
108
609
606
628
628
615
618
626
625
612
611
601
623
631
630
631
627
630
635
645
642
630
638
636
630
629
644
648
642
627
634
648
656
647
666
664
655
653
653
662
652
649
652
105
547
743
96
647
635
652
656
640
635
635
646
640
625
634
641
78
564
702
80
622
633
637
641
638
640
634
645
651
645
643
648
655
649
643
656
654
647
22
625
637
649
644
632
635
638
642
631
629
626
635
647
640
630
647
650
643
641
637
676
659
658
650
636
645
652
648
633
635
643
649
636
627
630
659
670
666
659
19
641
627
642
658
660
652
634
1282
627
655
655
661
26
635
631
641
646
637
628
638
637
638
625
630
638
637
630
634
638
643
638
625
628
640
634
625
634
644
637
627
627
638
644
649
653
658
663
668
666
663
646
643
653
1316
681
635
629
629
633
630
617
613
620
634
625
620
127
493
771
123
648
643
19
624
628
644
658
656
639
630
629
640
651
640
633
633
639
640
630
624
630
635
640
635
636
636
646
637
640
642
643
639
630
148
483
772
134
639
643
634
631
635
637
625
625
626
630
636
634
631
624
630
636
628
627
637
637
636
635
637
640
631
636
647
641
629
633
641
640
631
625
624
629
632
634
628
616
618
619
625
615
611
623
626
631
623
615
627
632
623
612
611
623
631
623
613
619
130
489
750
141
610
616
618
617
616
610
617
619
610
600
610
616
625
615
616
624
626
624
620
634
638
643
640
636
202
435
797
141
657
644
20
625
621
623
621
614
609
610
613
610
609
625
626
619
625
624
632
633
626
617
611
616
619
620
1232
624
608
618
618
621
616
603
611
616
625
613
608
609
612
620
617
607
611
617
616
614
618
214
405
819
176
643
21
623
625
626
617
607
603
608
616
612
600
605
607
612
601
598
601
609
607
599
592
597
602
623
619
614
610
610
615
617
610
612
201
411
794
159
636
19
618
617
615
616
610
610
610
167
443
754
130
625
613
613
617
612
613
607
612
612
616
603
21
583
591
605
608
614
614
607
608
610
605
604
610
613
615
608
602
606
614
612
601
602
602
610
612
606
610
615
623
615
618
632
645
644
647
662
663
661
659
649
224
425
870
183
687
670
661
666
666
665
684
699
702
683
701
703
693
681
692
704
713
703
722
739
774
776
782
787
787
782
773
811
794
817
799
804
800
805
799
810
802
791
793
800
796
807
824
836
833
26
808
795
813
825
804
791
826
831
819
850
856
882
877
880
25
856
840
841
839
845
831
876
884
884
916
915
31
884
890
901
885
885
896
899
897
894
889
1028
81
947
35
912
925
928
920
906
903
880
884
886
881
883
877
1064
81
984
992
989
37
953
937
931
920
910
891
881
873
875
863
877
874
874
855
857
856
864
872
862
860
861
858
841
26
816
801
827
841
836
841
864
871
865
871
879
887
890
893
896
897
884
889
888
895
895
881
875
875
866
863
867
860
862
840
848
856
862
870
866
866
855
860
861
865
860
869
855
852
851
857
849
857
863
871
868
877
509
369
1336
467
870
864
855
865
868
874
867
856
848
850
856
868
875
882
892
890
896
897
900
896
896
893
893
889
882
883
880
881
861
857
40
817
819
810
835
851
861
852
843
833
830
822
814
805
796
788
790
806
804
829
839
851
857
855
850
838
840
840
835
823
813
814
793
802
803
810
820
823
824
824
831
832
833
834
820
803
812
809
815
828
835
840
836
834
886
915
930
34
896
882
906
898
878
864
843
824
819
822
822
823
807
826
837
836
819
811
815
848
845
835
833
834
840
841
858
864
866
864
858
851
847
873
862
871
855
846
853
850
916
932
929
35
895
28
868
858
870
858
863
843
842
850
855
899
922
991
50
941
934
955
949
30
919
37
883
878
880
863
850
844
829
844
847
849
835
830
826
816
818
831
833
835
826
824
872
856
837
830
29
801
786
770
780
785
796
814
815
818
815
814
811
803
801
799
796
790
777
772
786
799
801
790
781
780
772
775
768
769
751
747
766
781
799
826
832
823
808
793
781
787
789
788
786
790
815
825
813
803
805
802
791
791
794
786
802
810
820
820
25
795
802
791
801
799
812
818
831
817
867
880
903
913
920
933
31
903
882
891
872
878
883
865
883
873
959
30
930
922
909
886
876
883
916
908
908
28
880
872

