09-11-2022 - 8:36 - Correr
Rosa Ule
Intervalos entre latido y latido
1052
1065
1078
1062
1052
1077
1062
1050
1080
1068
1063
1067
1088
1064
1077
1078
1070
1080
1091
1074
1052
1082
1079
1066
1073
1088
1085
1064
1073
1074
1069
1089
1091
1070
1087
1075
1069
1087
1074
1075
1072
1080
1074
1089
1085
30
1056
1081
1077
1061
1063
1077
1061
1068
1094
1067
1085
1089
1086
1069
1089
1087
1073
1086
1078
1076
1072
1078
31
1047
1068
1064
1049
1042
1047
1036
1047
1050
1045
1044
1061
1044
1040
1071
1046
1047
1058
1070
1045
1042
1061
1042
1037
1053
1044
1044
1057
1057
1045
1045
1069
1050
1041
1070
1055
1044
1048
1052
1039
1041
1056
1064
1055
1069
1052
1067
1077
1077
1052
1071
1074
1055
1057
1064
1055
1064
1073
1055
1049
1064
1060
1039
1062
1041
1045
1047
1033
1024
1053
39
1014
1026
1024
1039
1023
1040
1041
1035
1034
1037
1051
1046
1059
1058
1049
1045
1050
1044
1062
1055
1042
1050
1056
1046
1031
1038
1049
1046
1029
1039
1041
1035
1036
1048
1044
1042
1049
1033
1036
1045
1034
1025
1043
1048
1029
1041
1062
1038
1049
1045
1058
1041
1040
1047
1030
1028
1026
1024
1023
1015
1015
1007
1015
1015
1031
1023
1037
1034
1030
1037
1053
1028
1046
1053
1027
1035
1041
1029
1021
1033
1039
1029
1027
1050
1042
1036
1055
1053
1038
1041
1049
1040
1038
1047
1041
1022
1035
1029
1037
1016
1030
1032
1010
1029
1041
1023
1020
1033
1028
1015
1009
1022
1020
1010
1000
1000
1002
993
1016
994
1004
996
1009
27
983
990
978
995
978
979
981
963
974
969
967
960
961
959
963
970
965
970
965
969
977
984
988
991
979
1006
984
989
1000
995
997
990
1004
992
1012
1013
997
1017
1015
1023
1015
998
998
997
1010
996
1000
992
997
991
990
982
1007
985
999
1005
1002
1005
994
1013
1008
994
986
996
988
999
994
1000
981
1001
1011
1001
1000
995
1024
29
996
1014
1020
1014
1020
1012
1022
1037
1028
1015
1043
1031
1044
1040
1024
1030
1026
1018
1008
1009
1014
1016
1015
1040
1042
1018
1032
1033
1029
1034
1032
1042
1031
1046
1040
1029
1036
1039
1048
1026
1030
1033
1025
1031
1011
1018
1021
1024
1022
1006
998
1001
1004
1004
989
1006
1021
1016
1023
1042
1017
1019
1016
1014
1019
1003
998
988
974
31
944
35
909
927
29
899
950
947
948
951
954
932
931
922
912
904
900
883
876
884
883
866
879
890
872
885
873
870
880
859
869
874
853
862
860
851
837
848
847
837
833
844
844
850
849
843
849
850
831
847
845
26
820
832
828
815
828
820
801
817
800
807
807
795
791
798
783
780
793
792
781
785
796
781
791
793
775
782
785
781
768
780
778
777
773
784
769
779
786
765
780
787
22
765
773
775
774
764
775
764
764
774
23
751
763
760
748
760
750
745
753
743
747
750
739
741
748
737
745
742
739
749
742
737
750
741
738
751
742
737
746
749
744
747
755
742
759
750
747
757
743
760
746
739
758
35
724
747
740
728
746
23
723
745
735
720
738
733
721
736
721
716
733
715
725
720
711
727
716
706
727
723
711
724
721
716
712
728
717
712
713
714
725
724
712
725
726
713
732
719
709
732
713
710
729
22
708
705
721
704
700
714
702
699
711
699
700
708
695
693
708
689
694
701
693
706
699
695
709
698
699
711
702
701
711
702
708
704
700
715
704
700
712
700
701
715
698
702
714
696
704
712
705
708
717
705
705
714
708
707
715
707
703
713
704
712
710
701
704
709
702
708
706
703
705
702
703
706
707
704
724
708
703
720
704
700
714
704
700
703
711
698
700
709
699
701
709
697
703
701
695
700
697
697
703
696
702
712
701
699
708
710
707
696
697
710
697
694
704
691
694
707
694
695
705
697
692
701
689
695
705
20
685
702
711
700
704
692
697
708
695
702
711
701
706
718
708
710
720
706
713
716
709
714
707
700
712
699
707
714
701
706
717
702
709
718
708
714
726
711
713
724
713
712
722
713
713
728
21
708
704
715
703
702
705
699
701
703
694
699
707
720
705
702
698
708
711
694
705
709
697
708
712
708
714
708
709
716
710
707
716
706
709
714
703
712
728
714
712
724
716
713
719
724
713
712
717
712
709
714
718
714
712
718
727
715
721
728
711
720
724
717
732
717
718
731
714
714
726
711
715
726
712
717
723
708
713
723
709
713
729
713
721
734
716
726
733
722
732
744
726
726
737
721
726
733
725
721
724
731
716
724
725
710
720
726
717
720
727
716
718
727
714
723
732
727
726
722
725
733
725
727
737
733
729
739
727
729
742
21
721
727
736
735
750
761
752
756
759
755
748
761
756
758
764
764
766
781
778
775
792
777
797
808
818
831
820
828
838
822
817
833
847
31
817
839
40
800
825
34
791
826
849
865
874
26
848
844
857
869
853
859
860
856
860
869
869
869
888
879
875
881
885
887
882
880
880
892
883
887
897
887
892
894
896
898
905
916
26
890
910
915
905
926
928
910
921
928
921
932
925
915
936
927
923
923
946
938
930
950
940
952
26
926
928
937
937
950
930
942
943
943
957
967
967
960
976
954
957
971
958
941
954
959
943
960
968
966
958
974
972
967
974
974
967
967
977
981
973
978
995
974
984
996
988
982
995
982
971
992
986
969
983
991
975
980
996
27
969
979
988
967
999
986
971
988
987
984
981
991
978
979
987
982
965
979
981
959
980
964
956
954
965
960
947
961
958
947
963
954
956
954
979
969
966
966
985
978
981
972
983
978
993
968
980
983
972
965
974
986
982
982
978
1005
998
991
987
988
990
997
982
998
999
993
979
1003
999
983
975
997
1006
985
982
1006
1003
983
984
1003
995
995
1003
1011
1000
1007
1011
1013
990
1008
1028
31
998
995
1005
1013
992
986
999
995
980
984
984
976
985
991
986
984
1000
986
1009
991
1018
1020
1009
1020
1003
1014
1005
993
992
997
980
974
986
977
976
985
982
975
979
999
30
969
980
982
983
989
1000
985
985
989
996
994
1004
999
994
1023
1030
1012
1006
1024
1011
1004
1015
1014
1003
1012
1007
1007
1004
1010
1005
991
1002
1029
1010
1012
1012
1000
1022
1016
1030
1013
1031
1023
1020
1024
1036
1025
1018
1034
1027
1017
1017
1027
1016
1009
1026
1028
1012
1000
1021
1014
1004
1003
1019
1008
1013
998
1012
1017
1005
1005
1012
1020
1011
1000
1015
1016
1010
1008
1009
1015
1015
1007
1015
1015
1008
1014
1031
1012
1008
1012
1021
1007
1012
1026
1004
998
1006
1008
1001
991
1006
1006
1005
994
1013
1006
999
993
998
1007
1001
1014
993
1002
1015
1004
1008
1016
1005
997
1000
991
979
979
983
975
964
971
974
977
993
992
995
997
1013
1021
1028
1005
1029
1033
1017
1011
1021
1032
1010
1027
1030
1020
1020
1033
1015
1008
1035
1020
1022
1018
1034
1029
1015
47
969
1021
1041
35
1007
1008
1021
30
991
969
982

