23-11-2022 - 11:57 - Correr
NORMA VERA
Intervalos entre latido y latido
767
786
793
800
23
778
774
882
867
58
809
924
134
791
940
130
810
836
931
37
894
70
825
861
39
822
936
28
908
67
841
873
1049
66
984
967
40
928
47
882
882
951
124
828
859
46
813
829
924
102
823
946
143
803
932
110
822
859
28
831
834
935
111
825
862
26
836
852
927
110
817
846
843
1017
83
935
959
54
906
898
949
940
34
907
33
874
865
998
104
894
927
57
870
884
956
119
837
856
27
830
931
106
825
944
133
811
833
825
921
900
915
77
838
829
914
898
904
82
823
828
820
896
106
791
834
23
812
813
803
820
920
117
804
821
904
890
910
83
827
844
937
919
81
839
848
911
906
927
73
855
941
917
925
978
94
885
894
966
969
73
897
894
964
950
45
906
911
893
967
32
935
62
874
896
897
969
72
898
908
887
975
29
946
964
54
911
902
962
69
894
876
865
931
108
823
837
23
814
812
807
876
891
917
67
851
857
837
920
901
52
850
844
911
905
909
53
857
929
95
835
943
41
902
69
833
840
848
832
914
902
920
74
847
858
934
912
50
862
918
895
907
899
901
905
928
934
916
923
945
950
71
880
958
936
52
885
886
930
915
934
938
929
916
928
955
950
70
880
937
931
942
61
881
932
26
907
930
915
903
907
908
913
910
900
905
925
932
920
906
900
898
880
867
873
887
882
909
956
963
28
936
931
950
959
939
930
924
940
954
940
929
935
952
958
31
927
915
930
931
939
934
922
939
925
910
894
62
833
887
889
924
933
922
907
920
953
948
930
922
945
954
936
916
908
922
957
935
914
916
929
939
929
933
962
966
960
940
944
967
974
949
958
969
967
34
934
916
935
958
959
946
946
974
32
943
937
934
951
942
27
915
920
942
953
934
925
947
982
963
945
959
984
36
948
967
945
962
960
939
916
942
954
931
914
913
939
966
28
939
948
973
987
28
959
948
971
964
948
943
951
963
946
928
941
975
971
29
943
954
979
959
962
954
978
973
952
964
974
970
955
955
981
975
951
940
959
962
975
967
33
935
952
948
928
907
906
905
892
922
958
942
950
964
1005
986
969
969
992
987
973
956
938
915
900
917
913
898
901
920
919
911
930
910
107
803
876
855
860
866
871
889
890
879
82
798
875
82
794
870
88
782
875
856
858
64
795
854
79
775
834
81
754
759
742
747
750
744
738
756
980
91
889
893
897
881
870
881
880
875
871
850
849
850
843
833
838
826
833
843
837
840
834
845
842
833
829
829
838
836
862
883
877
880
900
892
892
883
908
889
887
892
884
881
897
901
909
902
910
889
875
904
908
913
915
914
940
947
949
941
946
951
945
942
935
919
904
952
953
964
101
864
942
36
907
900
905
918
959
961
968
959
960
940
963
976
973
950
954
984
978
955
958
969
983
964
957
985
146
839
234
606
1033
258
776
762
743
733
731
734
722
725
713
714
718
737
23
714
717
712
731
719
725
717
715
715
717
717
709
709
717
711
706
703
697
704
700
697
693
684
682
697
687
691
685
686
695
687
690
680
685
694
682
683
680
679
685
679
672
676
681
676
674
675
676
671
665
666
671
666
666
665
658
656
650
655
660
657
656
654
658
664
663
658
654
656
662
659
657
652
658
658
658
653
653
655
653
649
644
646
647
648
640
639
646
643
642
638
638
644
640
639
636
636
642
642
638
636
635
639
639
637
636
630
634
641
48
593
675
42
634
636
644
639
633
634
622
643
644
641
647
644
649
643
637
636
641
640
639
636
630
635
639
637
633
629
636
634
632
626
627
634
628
628
629
626
621
629
628
624
619
624
626
625
625
621
629
627
625
622
624
627
627
627
622
625
629
628
626
624
625
629
628
624
624
622
626
627
625
621
624
625
625
627
625
620
621
636
631
631
627
631
624
620
627
629
626
624
621
625
625
625
624
619
625
625
623
622
618
622
622
617
615
612
618
616
614
611
610
616
618
613
609
609
617
617
614
609
613
617
616
610
612
613
612
611
605
609
614
612
607
605
611
612
611
606
605
608
610
612
604
607
607
609
606
604
605
608
607
602
600
603
608
605
599
599
606
611
606
602
606
608
608
604
605
606
614
609
603
608
607
601
602
603
606
606
602
608
610
611
609
608
609
612
611
609
605
606
612
612
607
602
610
614
612
604
606
609
612
607
606
610
604
605
597
603
601
606
601
595
598
602
604
602
596
601
605
606
605
601
604
603
604
601
600
604
604
608
601
602
602
602
603
621
619
615
616
612
617
616
612
608
605
609
609
607
604
600
603
604
605
604
603
606
601
600
604
603
602
599
602
596
598
597
598
595
590
593
596
603
603
597
600
601
605
604
601
604
606
602
597
605
600
598
595
605
603
601
598
601
601
600
595
603
602
606
596
603
600
604
598
602
604
601
596
593
603
602
600
598
592
597
594
595
593
592
597
595
593
592
592
598
43
555
637
41
597
595
600
598
594
593
595
599
596
595
597
599
598
596
592
595
602
598
594
592
596
599
598
594
594
596
599
598
597
597
601
602
603
601
596
606
604
605
598
606
608
603
600
602
603
602
596
599
598
598
594
594
600
600
602
595
601
602
601
597
600
603
603
600
598
595
593
588
591
596
597
594
590
596
604
608
604
602
606
613
610
608
606
611
609
608
605
608
611
609
607
604
612
613
610
606
605
608
607
604
602
603
603
600
595
599
601
602
596
596
597
603
602
599
599
605
603
602
600
601
608
609
605
607
608
611
609
608
610
607
605
614
615
614
613
612
618
622
615
617
622
626
624
620
623
626
618
620
616
612
600
607
624
615
610
615
628
632
634
636
658
652
655
642
658
656
663
670
655
669
671
678
673
672
696
688
689
671
675
684
679
683
667
675
681
684
680
667
690
680
669
666
659
653
654
643
642
647
671
671
681
685
677
665
674
676
677
670
668
692
690
692
685
686
687
687
688
675
685
682
674
690
687
669
660
665
660
666
665
655
656
670
671
666
670
673
668
659
676
665
666
659
661
655
648
681
675
681
678
675
682
723
724
716
708
702
695
689
680
677
672
665
668
677
675
679
704
21
683
694
696
689
698
713
705
705
718
711
715
722
729
22
708
709
715
717
708
720
724
728
712
747
732
730
715
20
696
699
727
732
739
729
738
774
780
782
22
760
773
792
795
23
772
770
804
812
803
784
788
799
800
23
778
768
803
810
820
33
788
782
917
140
778
812
791
805
822
812
34
778
779
792
799
790
779
794
791
23
768
789
807
22
786
766
779
785
803
783
779
796
808
24
785
780
797
801
789
775
764
761
752
742
733
729
718
723
749
767
785
764
775
809
811
814
798
781
815
822
23
799
796
810
830
810
23
787
789
810
821
808
792
804
807
798
790
811
918
102
817
936
135
801
817
822
931
106
825
876
59
818
822
850
839
817
24
794
793
805
825
809
793
814
812
832
23
809
793
827
826
828
24
804
796
825
820
830
813
23
791
814
828
830
23
807
796
803
803
804
785
778
776
769
870
92
778
807
794
896
90
807
833
819
909
107
802
836
24
813
818
796
782
958
71
887
83
805
919
108
812
842
825
810
791
795
878
97
782
809
809
820
899
107
793
824
811
894
99
796
810
798
787
774
787
864
853
53
801
830
813
802
884
88
796
898
114
785
803
808
879
859
65
794
810
878
856
870
77
793
888
878
888
68
821
845
900
29
871
874
80
794
819
887
873
888
66
823
834
899
884
881
69
813
901
879
887
891
60
832
833
896
874
879
52
828
822
886
869
869
873
61
812
904
883
891
70
822
891
24
868
877
886
78
809
887
24
864
882
879
876
73
804
903
894
888
78
811
901
25
876
872
68
804
883
861
872
870
867
866
875
882
873
868
875
885
897
884
873
880
882
881
869
874
878
875
861
856
864
883
869
862
869
879
875
863
857
852
860
886
907
901
881
889
907
912
28
884
878
896
906
897
890
898
917
909
900
896
905
910
897
894
906
915
902
902
899
920
898
886
904
919
910
891

