17-11-2022 - 10:43 - Correr
ANA CISTERNAS
Intervalos entre latido y latido
335
524
784
923
800
712
806
731
809
773
209
264
528
783
719
805
811
810
761
828
729
819
731
818
735
851
736
861
440
150
290
715
856
131
455
837
940
840
696
832
678
699
832
708
821
705
797
703
796
703
791
718
774
734
239
348
741
403
544
731
733
736
727
732
750
755
759
21
739
753
25
729
728
733
735
744
732
728
741
744
748
752
746
758
766
751
753
762
25
737
719
723
719
136
584
858
144
714
709
703
706
703
709
21
689
686
25
661
674
687
699
706
696
708
716
717
713
703
20
683
701
696
687
698
705
20
685
666
656
679
691
695
712
734
751
764
773
779
791
776
771
782
788
772
751
741
754
757
743
749
772
778
761
751
771
778
25
753
219
535
961
223
739
733
735
739
763
771
751
757
773
783
779
795
793
789
796
809
816
801
806
822
820
25
795
807
807
28
779
766
771
781
774
764
745
475
270
458
700
728
759
767
771
779
30
749
738
467
271
456
732
476
257
490
766
777
777
793
801
797
810
815
816
802
818
824
834
829
809
794
810
817
813
808
38
771
39
732
719
189
531
935
195
740
740
739
751
778
781
806
798
788
798
805
814
820
799
780
788
802
807
796
784
802
96
707
917
120
798
788
798
782
26
757
758
772
782
786
491
295
474
782
775
773
23
751
147
605
891
142
750
756
757
764
771
778
781
775
779
792
794
793
784
807
813
830
825
830
813
801
810
810
834
820
802
786
794
791
799
783
765
774
221
554
1010
259
752
767
757
747
732
755
767
781
766
776
792
795
787
791
809
807
791
791
819
813
829
26
804
810
828
29
799
789
789
800
804
541
263
528
783
775
780
777
24
754
737
185
553
933
196
738
728
731
751
757
750
747
764
761
748
743
752
742
35
707
26
681
673
681
727
744
765
762
798
810
805
790
808
834
828
812
795
819
822
1607
793
814
805
794
409
386
416
833
841
835
36
800
817
826
828
262
566
1076
272
805
789
781
791
791
782
30
752
769
778
791
801
787
30
757
33
725
22
704
701
722
728
745
741
753
790
805
808
788
782
798
797
797
31
767
766
448
319
426
759
30
730
803
64
740
750
752
744
749
785
800
789
772
760
772
788
780
787
806
830
835
815
854
840
841
28
814
816
824
821
818
811
803
786
800
803
822
57
765
182
584
970
206
765
31
734
743
759
776
788
31
757
752
772
781
23
759
755
752
29
724
725
749
745
764
756
767
793
802
805
797
35
763
754
65
690
806
50
756
764
756
38
719
723
707
416
291
412
602
766
78
688
707
721
363
358
362
751
767
776
779
774
770
358
412
74
338
745
741
743
754
766
750
790
773
767
759
771
776
777
51
726
761
769
759
756
762
744
242
502
955
249
706
24
683
697
692
696
710
726
738
725
724
749
787
795
815
355
461
104
357
775
43
732
715
719
707
706
705
730
712
724
733
729
732
717
705
35
671
109
562
750
111
639
636
625
622
619
644
666
667
666
689
699
682
678
669
686
701
698
710
732
766
759
773
775
25
750
758
779
762
768
763
750
34
717
736
730
724
746
754
736
745
768
769
765
777
788
794
785
804
806
30
777
29
748
170
578
928
192
737
26
711
28
684
691
744
760
760
763
773
772
760
746
33
713
725
24
701
683
672
669
686
696
708
714
725
740
753
772
775
776
768
768
27
742
753
29
725
714
709
701
699
701
718
728
747
23
724
731
235
496
958
254
704
708
698
691
703
711
729
734
743
21
722
734
729
738
718
714
724
717
714
721
723
716
729
745
746
732
740
738
735
732
715
707
708
712
30
683
24
660
114
546
728
116
612
613
611
612
600
595
587
582
581
576
574
563
566
555
563
560
552
544
544
551
555
547
546
543
553
557
555
553
552
552
556
550
545
541
545
543
530
534
533
534
534
532
524
532
535
528
527
529
531
527
526
534
538
19
519
526
529
522
529
530
524
520
523
528
527
514
515
518
509
503
499
505
507
505
498
496
499
502
495
490
489
491
495
489
484
481
485
488
484
482
475
480
481
478
479
475
478
479
471
475
471
477
474
467
459
467
466
471
472
467
466
459
462
460
465
467
465
466
464
465
460
461
455
456
456
459
460
462
459
454
457
452
457
458
455
456
458
460
464
458
459
457
457
458
452
450
448
452
455
457
458
454
454
452
454
456
452
17
435
466
453
451
28
423
460
16
445
439
446
440
440
437
441
440
444
442
440
439
440
442
442
436
440
439
440
438
436
434
432
438
434
431
426
424
434
436
435
435
432
431
435
436
437
435
433
430
433
432
431
428
431
428
431
428
428
425
430
426
430
424
425
423
430
425
428
422
426
426
428
426
428
425
431
430
428
423
428
424
421
420
424
422
425
419
421
417
424
420
422
415
418
416
423
418
420
53
368
453
34
419
419
420
422
421
416
415
420
417
420
418
418
414
417
418
417
417
416
413
419
416
421
416
413
412
415
418
416
412
409
413
413
416
413
411
408
415
53
362
455
39
416
411
411
414
411
415
415
416
412
414
416
415
416
412
409
409
411
410
412
408
407
403
408
409
415
415
416
414
413
414
416
416
416
415
411
411
414
414
412
409
409
412
413
413
409
406
404
408
407
410
403
404
403
409
406
409
403
406
405
405
406
406
403
403
404
405
406
404
405
400
402
402
408
405
408
404
403
406
409
406
407
404
404
405
409
408
410
404
400
404
406
408
406
405
401
405
406
407
407
406
404
405
407
406
407
400
398
399
405
403
407
399
411
404
404
401
409
405
406
404
403
403
408
402
403
399
399
404
401
405
399
400
400
403
402
403
400
401
396
403
400
402
400
396
396
394
398
398
405
405
407
407
404
402
405
407
404
401
397
398
399
405
403
402
401
403
404
405
402
398
394
406
52
354
442
47
396
390
397
399
401
400
401
399
399
402
401
400
400
394
395
396
395
399
392
395
390
399
395
400
398
397
393
401
398
399
396
391
394
395
400
397
400
398
398
399
401
401
396
392
393
400
398
401
399
398
396
399
398
398
400
398
394
393
399
396
399
398
399
397
397
399
398
399
398
395
391
392
396
395
394
399
395
396
393
401
397
398
400
396
392
396
398
397
21
376
414
17
397
395
399
399
399
397
395
395
399
398
396
397
391
397
396
398
398
399
395
394
393
396
396
393
394
390
394
394
397
397
399
395
392
394
398
399
394
388
388
392
394
395
401
398
393
397
400
400
399
392
392
397
396
396
396
394
394
398
398
399
394
391
394
396
395
393
389
392
390
396
393
396
396
392
389
388
395
391
397
392
395
391
42
350
19
331
489
96
394
387
390
385
397
390
396
393
392
390
393
395
396
391
390
77
313
476
80
396
391
393
390
393
394
393
393
391
388
386
389
390
392
391
393
388
391
392
391
391
385
387
383
391
388
392
391
388
389
388
390
387
392
386
388
387
390
393
391
391
385
387
383
56
328
446
51
396
388
391
389
393
393
393
392
386
389
389
393
394
391
390
384
389
389
391
390
390
387
390
391
392
392
386
383
383
389
387
392
389
389
387
392
392
390
385
383
389
388
393
391
391
386
393
390
390
389
389
387
395
392
394
388
386
388
392
388
392
390
391
390
391
392
393
391
384
389
384
394
390
393
391
388
387
392
393
389
390
386
394
393
392
395
385
386
386
390
395
394
401
398
395
394
394
397
399
396
396
393
398
400
403
395
393
399
397
392
391
398
396
399
397
395
394
398
398
389
387
393
395
385
391
389
395
394
391
388
397
393
386
386
387
395
391
391
388
393
392
392
384
389
392
393
392
390
391
393
396
401
399
393
397
399
397
398
396
397
400
398
402
400
403
402
405
401
400
400
401
405
408
411
414
415
416
421
419
422
423
427
425
429
428
424
429
427
429
431
430
431
104
328
524
89
435
430
427
429
427
427
429
426
424
421
91
331
511
83
429
426
73
354
495
65
430
428
427
423
426
432
429
429
430
434
435
439
437
437
439
443
439
437
435
432
431
437
429
430
431
433
435
437
439
435
440
442
442
440
444
442
447
449
455
452
458
457
458
465
460
463
461
461
461
464
455
460
461
466
472
467
473
468
479
478
484
490
490
493
493
489
485
484
482
485
483
487
486
486
493
492
482
491
482
489
486
498
494
498
497
499
499
495
497
496
489
491
487
489
484
480
487
493
497
498
503
505
504
503
494
505
504
510
509
509
508
513
508
507
506
501
502
504
504
513
520
527
530
536
543
546
549
551
548
547
546
31
516
570
44
526
523
510
516
518
527
536
535
544
543
542
550
548
548
552
552
551
559
545
549
553
554
546
539
539
525
524
519
515
511
520
530
534
526
537
536
527
527
533
531
539
535
536
540
536
542
544
546
543
550
554
566
572
573
566
564
560
565
555
561
552
557
557
559
555
569
574
574
576
580
18
562
558
557
546
547
548
555
558
553
562
566
575
575
580
586
573
577
570
555
553
16
537
537
540
545
554
559
559
558
558
566
569
566
571
562
569
572
567
20
547
550
546
560
562
573
568
578
582
587
592
586
582
585
590
598
602
603
604
618
620
629
620
622
618
617
622
608
611
614
612
618
606
607
608
613
605
616
609
610
615
616
619
617
612
84
529
684
90
594
588
588
587
592
594
591
590
600
600
605
595
592
594
592
590
597
597
607
611
606
602
587
579
576
577
580
579
592
586
587
593
592
70
523
662
70
593
591
597
601
612
606
597
598
598
592
583
586
589
596
600
601
595
601
611
619
610
597
589
592
594
599
610
620
630
621
624
625
641
644
648
639
637
630
628
636
621
626
628
634
647
645
645
635
638
653
657
652
643
654
643
648
638
630
643
641
642
643
633
635
637
636
632
631
624
635
636
639
640
629
638
640
640
641
637
640
642
626
625
625
631
642
638
632
635
639
638
642
625
619
620
618
618
607
605
606
611
615
608
610
613
616
622
614
615
614
617
619
55
564
182
383
117
266
471
730
78
652
649
660
669
26
644
629
614
609
607
601
612
607
603
605
600
607
606
601
601
603
602
613
603
605
612
607
613
598
599
606
603
598
597
599
602
598
21
578
588
576
575
571
574
570
573
577
585
588
593
597
606
615
608
605
613
619
618
608
615
613
617
622
608
598
603
604
607
605
602
609
616
616
625
628
638
648
649
656
652
647
644
626
624
625
622
626
626
617
616
609
610
615
613
610
612
609
615
615
618
612
612
616
620
629
617
621
623
623
628
619
622
622
623
609
613
620
626
614
615
622
624
626
623
625
620
610
603
591
591
593
591
588
589
143
447
751
148
604
605
605
605
610
617
615
613
612
617
620
623
623
615
614
613
615
617
617
603
600
589
584
580
582
586
581
583
589
594
594
594
596
597
604
604
596
599
604
610
621
616
617
616
616
620
608
613
612
616
619
614
612
613
619
620
627
620
623
620
619
622
612
609
612
616
607
607
611
610
602
602
597
601
59
543
665
74
591
597
599
604
611
611
603
609
608
603
606
592
597
598
600
609
621
618
614
615
616
621
623
608
612
609
611
613
609

