29-11-2022 - 11:33 - Correr
GLADYS AGUILANTE
Intervalos entre latido y latido
733
742
732
723
747
744
729
737
740
750
749
745
750
764
762
27
736
741
757
744
732
726
745
749
739
730
749
750
24
726
727
723
732
35
697
686
676
694
694
714
715
712
718
730
724
714
722
726
712
730
731
734
730
720
728
732
740
21
719
712
728
735
723
726
723
727
718
742
732
735
732
747
739
724
721
737
762
761
768
772
789
793
790
792
793
777
25
752
760
763
769
763
745
748
760
766
771
766
767
778
797
29
769
757
773
780
763
753
767
785
778
763
753
764
763
769
757
761
776
781
771
776
780
778
766
750
762
753
743
734
741
750
773
771
751
746
751
755
740
730
725
738
740
727
732
735
752
746
733
726
735
738
731
733
727
740
750
737
733
731
744
757
743
744
759
760
741
737
734
744
740
728
724
731
742
748
741
742
755
759
742
734
734
744
752
757
746
753
758
758
752
744
750
749
754
755
753
761
750
745
729
737
1006
99
908
895
875
859
62
797
793
773
754
740
721
711
704
709
706
696
696
20
676
664
666
678
698
705
715
733
730
746
741
745
737
727
720
712
717
708
708
718
719
719
714
709
718
714
705
703
712
718
717
718
709
709
693
700
693
703
710
723
728
738
722
715
709
701
697
680
674
666
655
662
661
684
690
709
715
718
708
706
689
685
676
670
676
700
696
692
740
743
753
765
756
740
727
728
721
709
709
706
703
709
698
692
691
684
678
674
666
658
656
653
661
663
665
671
695
718
743
748
749
756
758
768
757
746
742
29
714
708
689
722
806
22
784
794
775
778
766
748
753
750
766
775
778
782
773
798
777
782
788
788
22
766
753
741
742
747
737
734
733
749
752
749
754
744
750
758
751
738
736
742
723
34
689
688
678
697
705
700
701
712
710
717
720
721
724
721
714
720
706
704
700
708
712
731
713
709
705
722
719
20
699
682
666
667
688
700
707
704
707
723
735
721
715
716
712
723
720
708
694
691
983
78
906
907
895
25
871
37
834
32
803
788
790
782
783
766
783
768
765
755
747
761
780
777
797
793
775
758
760
757
762
791
789
773
776
764
778
775
757
760
764
750
748
755
769
763
759
758
766
775
762
746
23
723
709
903
61
842
31
812
41
772
758
752
738
751
766
780
784
790
785
773
774
770
773
789
773
777
765
753
747
740
741
742
744
746
750
746
745
738
734
722
721
31
690
690
678
666
662
653
642
641
625
625
625
617
629
642
634
623
625
618
610
602
597
600
602
600
20
580
593
587
584
585
578
585
577
573
575
579
575
573
573
572
574
578
581
576
582
572
581
579
581
580
576
582
580
578
577
578
576
578
573
578
580
581
571
573
568
570
568
566
577
569
570
574
568
576
564
570
567
566
569
560
562
555
566
563
558
553
552
545
549
541
542
539
540
539
538
540
535
548
539
543
537
547
544
542
541
536
537
541
547
544
546
546
547
545
550
546
552
546
548
553
551
546
544
543
550
542
543
541
545
551
545
542
552
538
549
544
597
595
25
570
577
17
560
565
562
553
552
548
543
545
544
536
541
538
537
537
536
537
533
535
532
534
533
537
538
541
539
531
539
534
530
537
533
541
540
540
540
537
540
539
530
536
528
535
529
528
523
528
526
525
520
519
520
516
513
516
509
515
520
533
522
536
527
532
526
529
525
518
521
516
98
419
620
99
521
520
517
520
531
523
524
521
521
519
523
525
520
522
518
520
520
520
521
517
518
518
516
518
515
510
515
511
511
511
511
510
516
522
520
517
522
518
518
516
522
516
513
515
517
518
517
520
520
518
526
523
522
525
521
522
545
591
45
547
559
548
542
541
534
534
529
527
525
524
516
520
512
516
513
510
513
512
509
516
508
514
507
514
514
513
511
512
515
513
514
511
514
516
521
512
519
515
519
521
523
523
522
522
520
516
519
514
517
518
510
510
511
509
513
508
506
508
508
509
506
501
503
507
502
507
504
501
502
505
503
502
502
503
505
503
506
505
508
506
509
506
507
510
508
510
512
508
516
509
513
510
513
510
510
513
513
514
509
510
515
547
542
535
534
529
530
527
523
523
522
519
519
519
514
519
517
522
520
517
521
520
521
523
517
526
517
516
513
519
513
516
512
514
519
522
521
520
524
527
527
523
526
521
522
522
518
515
528
16
512
518
513
520
518
514
517
514
518
515
513
514
512
520
516
517
515
514
521
516
523
515
519
523
517
521
520
515
513
516
514
511
511
513
509
512
508
507
512
507
509
505
509
515
514
514
511
510
516
513
517
513
513
521
522
519
516
519
519
517
512
513
513
535
529
522
531
529
528
528
525
522
521
520
529
520
523
519
521
522
517
514
517
516
523
516
526
523
524
530
524
524
527
527
522
524
525
523
528
521
521
525
523
525
518
522
526
522
526
519
519
520
518
520
513
515
519
522
510
517
509
515
510
509
509
507
510
510
507
507
509
507
513
511
507
507
509
510
506
507
504
511
510
509
508
506
505
507
506
506
505
511
505
505
506
507
512
511
511
511
510
511
515
512
510
509
509
510
511
508
508
509
510
509
508
505
513
505
508
504
506
505
508
501
505
500
509
506
506
505
508
515
519
527
515
521
525
523
521
520
520
524
516
516
510
512
523
538
16
523
536
17
519
530
517
521
521
520
514
517
514
519
515
511
512
514
512
510
510
509
510
508
511
511
508
510
509
509
505
509
506
509
503
505
506
502
504
501
503
500
498
501
498
503
496
498
497
494
497
496
493
496
501
495
498
499
499
497
498
500
495
503
498
497
494
497
497
496
493
496
494
495
494
499
496
496
500
498
498
500
499
501
500
503
499
506
506
503
503
505
508
507
507
506
508
511
510
513
511
514
519
516
515
515
519
518
522
520
520
530
529
530
525
526
535
534
524
529
527
533
546
542
546
547
18
529
561
572
609
607
22
585
589
574
561
549
573
627
27
601
598
19
580
571
568
571
561
553
553
558
554
559
547
563
568
565
567
560
560
567
573
572
565
557
588
579
586
586
585
599
21
579
578
564
569
568
563
570
566
571
556
582
611
625
24
601
588
599
25
575
581
54
527
564
564
568
578
614
654
42
612
626
620
680
47
633
650
27
623
634
646
641
639
19
621
658
37
621
647
30
618
652
640
635
620
662
46
616
642
658
34
624
624
622
626
622
611
615
643
27
616
651
28
624
654
54
600
635
26
609
620
614
608
644
37
607
635
620
625
19
607
622
27
595
620
619
626
25
602
616
605
621
621
625
617
603
608
626
621
604
617
620
638
642
638
647
642
645
683
685
36
650
668
672
708
691
708
692
700
23
677
42
636
651
648
647
641
644
674
693
27
666
674
667
690
704
701
25
676
678
670
688
677
673
663
664
687
693
20
674
664
655
692
689
692
23
669
670
672
686
679
671
657
680
679
690
690
699
706
696
688
675
670
677
674
665
661
651
660
667
686
682
25
657
667
653
640
650
639
629
622
634
629
647
636
641
636
654
28
626
625
610
606
597
599
609
618
632
629
656
24
632
660
666
675
672
672
675
682
19
663
660
671
660
659
673
679
673
679
668
666
653
651
637
647
657
666
673
676
671
670
666
669
658
653
644
662
657
658
663
667
660
662
662
651
652
655
648
662
666
654
660
647
650
653
663
661
664
657
659
655
658
664
666
660
21
639
656
754
744
24
721
708
694
682
667
654
644
633
625
620
617
614
616
613
614
617
614
625
25
601
604
595
596
603
606
613
619
621
617
629
625
625
625
633
629
635
643
646
643
645
631
641
643
650
646
645
644
636
633
624
631
627
643
634
639
638
643
648
652
655
650
657
650
656
655
648
658
656
652
664
660
658
652
649
662
659
680
683
693
687
679
676
660
646
641
631
625
626
635
647
645
654
641
644
642
651
654
650
642
642
628
618
623
624
624
633
639
636
639
639
632
634
633
631
636
626
635
630
634
641
640
642
647
655
657
649
647
647
649
656
654
650
650
648
640
643
650
650
661
673
672
680
676
677
668
681
682
667
667
651
647
640
629
625
625
632
625
625
688
716
35
682
22
660
650
648
652
655
648
647
646
652
651
658
656
650
648
656
659
662
663
667
664
666
664
666
670
670
676
681
676
673
675
682
691
695
691
693
687
687
687
685
687
681
688
697
699
688
693
697
692
703
692
682
666
675
944
115
830
816
797
28
770
750
735
735
719
727
714
716
22
695
687
687
685
686
694
698
693
695
691
689
683
678
681
680
685
686
686
686
677
673
670
673
693
691
708
709
22
688
682
674
666
649
634
625
628
634
646
643
664
669
686
672
673
676
680
695
685
682
685
685
683
688
688
678
673
686
686
693
675
668
668
667
670
670
665

