22-11-2022 - 11:31 - Correr
BERNARDITA CHAURA
Intervalos entre latido y latido
1030
1030
126
904
1046
42
1005
107
899
1039
90
949
963
1019
69
951
52
899
904
947
938
1006
1057
86
972
1072
1103
64
1039
1077
1083
35
1049
1096
1110
1100
1128
46
1083
1103
1148
42
1106
1126
119
1008
1169
71
1099
104
996
1180
68
1112
152
961
1136
60
1076
90
987
1113
50
1063
112
952
1088
1061
1042
1065
93
973
1109
1081
36
1045
1066
78
988
1109
1089
113
976
1098
1073
1056
1053
1060
91
970
1120
31
1090
110
980
1130
1109
34
1075
1103
71
1033
1148
55
1093
107
987
1085
1084
1101
127
975
1129
1102
134
969
1170
68
1103
1084
1094
97
998
1145
1116
40
1077
1052
57
995
990
1107
33
1074
98
976
1139
57
1083
1099
1102
40
1063
1102
1094
1086
1097
35
1063
1105
1088
1104
1082
1108
1095
1093
1084
112
973
1125
132
994
1125
156
969
1127
157
971
1106
117
990
1007
1108
137
971
1107
1079
83
996
1127
46
1081
29
1052
1070
1073
1087
1086
1067
67
1000
1121
1099
1092
1090
1093
129
965
1125
155
971
1098
44
1055
88
968
1109
58
1051
1046
1063
96
967
1112
54
1058
1053
1072
90
983
1129
57
1073
1067
1087
104
983
1122
39
1083
30
1053
1060
1058
82
977
1137
82
1056
1052
1083
1057
1040
1041
1029
1042
1057
1040
1064
1088
36
1053
1081
1057
1037
1064
1046
1051
1071
106
965
1098
49
1050
1026
1041
77
964
1092
34
1058
101
958
1086
35
1052
29
1024
1038
65
973
1084
1061
32
1029
1026
1041
86
955
1079
46
1033
81
952
1084
32
1053
1035
1066
1048
1040
1074
1069
1046
113
934
976
1041
1058
1106
1127
37
1091
1085
1071
108
963
1096
1071
47
1024
1052
34
1019
1024
1038
100
938
1064
33
1031
91
940
1068
44
1024
76
949
1079
37
1042
1030
1058
1064
33
1031
1068
1071
1062
1069
39
1030
1065
1064
1072
1092
48
1045
1057
1070
1055
1076
38
1038
1045
1050
30
1020
1043
1076
29
1047
1066
31
1035
1071
1083
1080
1091
49
1043
1073
92
981
1125
45
1081
491
590
261
330
984
1047
126
921
963
1075
37
1038
1096
1138
1145
1158
1152
1159
1142
1158
32
1126
1139
31
1108
1108
1116
1112
1084
1111
52
1059
1076
1063
1058
1063
94
969
1097
116
982
1076
86
990
1057
1048
1068
1046
1076
1075
1072
1102
33
1069
1072
1080
40
1040
1066
36
1031
1055
1060
1035
1056
1060
1048
1051
131
921
1067
1066
1074
1068
1067
1042
1071
1097
1079
1123
1101
1090
1081
1054
1071
40
1031
1016
1025
75
950
29
921
951
1009
1013
1008
1002
996
1013
1000
1036
1045
1032
1054
1029
1022
1023
83
941
1050
53
998
80
918
938
50
888
930
981
978
999
997
93
904
924
920
959
72
888
932
48
885
937
58
879
911
29
882
42
841
854
873
60
813
824
828
827
810
814
819
804
813
23
791
793
792
786
804
36
768
791
25
766
780
778
787
810
812
833
817
839
863
852
31
821
69
753
761
742
737
722
728
728
731
720
735
730
743
748
742
759
750
755
758
744
751
738
747
740
745
736
741
734
735
737
737
743
735
747
735
738
728
736
734
727
737
727
725
726
724
727
724
720
726
725
722
723
729
726
726
726
722
725
724
727
725
727
722
725
720
714
709
715
709
706
699
695
693
694
688
688
693
689
692
693
688
693
690
690
698
696
697
703
706
708
708
707
710
713
711
712
706
707
700
695
692
689
684
684
676
679
680
678
677
678
681
678
674
681
677
674
676
678
684
683
678
673
677
672
669
671
666
666
667
672
673
672
666
661
669
660
663
659
657
652
654
648
649
652
655
652
660
664
656
655
661
662
668
674
670
669
674
666
670
666
667
666
672
668
664
665
662
666
662
663
660
667
654
658
654
655
656
653
656
658
651
655
658
656
662
662
661
666
666
668
667
676
674
666
664
657
653
649
646
646
647
646
648
648
649
652
650
645
639
636
631
636
639
642
651
649
650
660
652
655
653
137
516
774
135
639
636
635
637
638
638
639
636
636
642
639
647
649
650
651
644
649
640
650
644
637
642
640
639
636
635
640
642
643
645
659
653
656
655
647
651
643
648
654
650
649
642
644
645
649
646
646
646
647
640
649
639
647
644
645
641
650
648
640
638
636
627
631
640
639
643
642
655
654
651
657
647
652
648
642
644
644
640
640
640
632
637
635
632
641
649
646
644
656
639
645
651
649
652
657
665
666
665
658
665
653
658
666
654
656
656
653
650
650
655
651
648
651
650
650
646
648
640
644
652
650
650
655
645
640
640
630
629
627
640
633
636
635
640
645
648
649
647
660
656
664
663
659
653
645
643
640
644
647
649
638
637
633
639
640
639
651
641
649
649
650
651
648
649
646
647
654
643
648
651
656
647
641
644
637
637
646
641
644
653
645
641
648
642
641
640
640
640
637
633
638
638
641
638
637
640
641
640
640
636
635
634
635
639
637
635
642
639
641
640
638
642
655
649
654
650
644
653
641
642
645
645
642
647
636
632
625
629
623
622
629
628
628
635
631
642
628
633
644
633
627
632
624
622
624
616
615
629
621
622
628
633
630
639
631
632
634
628
635
641
636
639
639
631
634
632
631
634
630
629
629
628
630
623
624
625
628
624
623
625
624
632
625
626
620
628
626
632
631
640
637
641
637
641
637
634
639
633
636
638
634
636
633
630
632
632
630
634
634
633
632
628
637
638
637
632
635
626
629
638
637
646
653
658
661
664
675
666
656
664
656
651
651
666
653
648
646
653
638
666
686
708
706
712
718
733
726
732
754
745
742
760
21
740
738
747
746
763
765
763
750
756
783
780
765
785
789
785
780
764
24
740
748
769
765
793
817
809
832
850
28
822
831
833
812
828
847
847
859
841
861
71
790
35
755
786
806
828
908
936
932
1003
60
944
27
918
914
38
877
897
34
864
847
866
929
33
897
892
936
25
911
900
946
930
940
1001
52
950
965
1009
57
953
967
60
908
71
837
25
813
857
925
1002
1002
984
966
1006
993
1012
1051
29
1023
1038
1047
32
1015
1029
50
979
980
59
921
26
896
912
65
847
837
850
34
817
805
828
875
47
829
840
879
25
855
876
929
934
927
958
30
928
953
1002
53
950
973
982
75
907
905
54
851
848
879
891
937
991
37
954
962
940
924
959
954
944
977
955
942
995
39
956
967
992
38
954
989
39
950
944
977
957
968
1001
32
970
971
1009
43
966
967
978
32
946
968
956
939
964
942
955
961
28
934
947
930
929
968
28
941
955
30
926
920
953
937
930
968
954
958
995
48
947
948
979
969
966
985
965
973
1009
33
977
985
1013
29
985
977
1004
44
961
961
28
934
941
960
31
930
934
931
915
924
956
944
948
977
35
943
953
1008
1008
989
1000
978
982
982
27
955
950
42
908
908
905
886
896
903
894
909
890
890
28
863
37
826
833
826
840
876
922
913
913
966
28
939
966
999
983
980
984
963
960
970
955
958
959
28
932
936
932
922
933
938
929
941
953
935
945
922
919
932
934
921
931
941
31
911
919
922
898
910
922
899
921
939
26
914
923
949
928
947
951
31
920
946
949
27
922
945
949
40
910
922
928
37
891
918
943
923
908
902
42
861
883
891
896
892
900
915
943
933
967
995
51
944
958
969
35
935
952
939
925
944
930
954
976
28
948
975
972
983
993
1001
1021
32
990
1015
1013
38
975
988
978
968
983
961
966
976
35
941
965
976
29
948
973
965
962
998
31
967
977
981
40
941
961
969
971
996
52
944
944
951
931
943
951
38
913
945
955
950
963
968
952
967
954
950
966
965
951
969
962
963
987
988
979
1003
1010
1007
1028
29
999
1013
1016
56
960
989
996
52
944
975
983
38
946
973
981
963
995
995
974
999
983
998
1010
996
1010
1017
1000
1036
1025
1007
1009
31
979
60
919
943
959
991
998
1011
1045
1039

