23-11-2022 - 10:51 - Correr
OLGA FUENTES
Intervalos entre latido y latido
756
754
753
769
759
767
779
783
772
783
797
799
786
789
799
800
784
772
780
796
785
767
770
774
781
783
789
802
791
791
796
801
801
795
797
803
804
802
796
798
803
808
805
805
804
808
814
818
811
811
815
817
812
809
815
812
807
804
800
806
806
795
780
779
787
816
816
822
810
829
835
832
831
824
819
817
817
812
802
803
803
802
804
805
805
803
801
800
802
797
794
789
789
787
791
797
802
805
807
804
806
811
815
807
803
795
796
794
789
786
782
779
782
781
780
779
779
785
787
787
781
787
790
797
803
804
805
803
799
801
797
795
794
789
792
804
806
805
806
803
804
807
809
803
795
791
798
812
791
789
789
797
797
791
791
790
788
775
780
783
783
772
774
778
778
776
771
776
785
781
761
768
767
764
753
749
743
748
749
752
756
757
765
770
770
764
772
771
774
773
770
778
785
787
784
790
791
799
797
797
800
806
806
804
804
806
807
800
794
795
794
794
781
788
791
793
791
797
791
795
798
800
803
801
808
810
801
809
814
815
807
807
807
806
797
803
809
808
796
801
801
809
797
804
804
812
803
812
815
819
818
816
824
823
822
820
823
821
820
816
817
811
806
807
806
792
792
795
791
793
796
798
794
795
802
801
798
797
797
787
784
785
781
776
777
778
778
785
787
790
788
792
792
795
788
786
786
788
775
782
783
780
771
778
782
774
780
791
787
781
777
772
763
750
748
748
749
746
749
751
752
758
760
764
766
770
774
780
776
778
775
774
779
785
779
785
789
789
783
789
792
792
782
788
790
789
781
787
799
785
789
791
801
797
805
803
808
807
809
809
814
812
815
803
812
813
804
810
816
820
809
809
812
802
803
808
803
800
807
797
793
790
789
775
779
793
797
791
791
791
786
788
787
790
783
787
791
787
784
779
774
769
774
779
774
781
786
779
781
781
786
784
790
787
791
782
790
787
792
789
791
795
797
801
802
809
805
806
806
797
799
794
794
788
791
793
793
799
799
797
795
791
797
791
778
781
781
786
784
777
762
767
783
804
791
802
801
802
799
787
38
750
740
738
25
713
718
716
701
686
690
23
668
655
688
669
663
652
655
654
664
661
650
654
666
664
664
671
673
674
683
699
695
703
708
720
718
715
710
706
702
705
701
697
692
692
697
690
683
684
693
675
683
693
695
681
693
698
701
704
708
708
714
715
715
717
706
710
709
701
698
700
700
714
23
692
698
689
689
689
686
689
695
696
694
695
692
679
250
430
25
405
841
171
670
28
643
638
656
651
641
631
657
27
630
633
62
571
294
278
456
62
394
112
283
601
654
27
628
645
650
634
639
655
638
635
655
644
20
624
643
645
630
629
645
637
626
638
644
20
625
629
635
636
23
614
625
633
620
617
624
630
622
606
620
622
610
608
623
620
20
600
613
617
611
598
614
618
22
596
605
610
607
593
602
610
598
594
599
602
599
591
598
599
588
600
595
595
589
587
596
593
136
458
604
681
99
583
584
591
586
581
582
585
585
583
573
578
583
576
573
579
579
575
574
581
582
572
577
581
578
572
575
576
576
568
573
575
570
562
575
567
566
563
569
567
565
558
566
567
561
559
566
563
558
555
565
562
555
1120
563
557
551
556
560
561
548
555
559
557
551
550
559
555
552
550
64
487
135
352
684
106
579
28
551
553
556
553
546
549
552
550
547
543
553
550
546
548
554
553
547
549
557
551
546
553
554
551
548
552
560
555
552
557
558
555
549
557
559
554
552
557
556
553
550
557
141
416
676
128
549
554
554
547
551
555
554
553
554
557
554
547
553
558
553
551
549
556
555
550
548
547
553
548
546
548
553
548
542
542
550
547
546
540
542
547
547
549
545
546
546
546
552
549
545
546
550
553
550
543
547
552
547
543
543
110
434
655
110
545
545
550
545
539
548
545
544
545
544
543
545
548
543
554
553
545
556
557
553
551
556
555
551
548
553
548
547
547
552
549
546
550
554
550
184
366
688
128
560
552
547
552
549
179
371
684
130
554
177
378
679
134
546
546
172
375
678
134
544
543
541
540
544
540
537
542
546
543
541
106
436
645
98
547
541
549
552
552
547
545
548
554
548
549
549
549
544
547
552
546
544
551
550
547
547
553
547
541
117
425
666
120
547
549
551
546
542
549
550
546
544
553
551
548
545
555
550
547
548
553
549
544
547
552
546
542
550
547
544
540
526
570
29
542
537
549
547
543
540
549
546
541
541
548
543
541
538
547
542
540
540
545
542
539
544
122
423
658
120
538
541
545
538
537
541
539
536
532
541
538
534
538
541
536
531
542
541
537
537
541
538
532
540
190
350
681
136
546
538
537
529
532
537
531
529
536
533
530
530
540
528
529
533
533
533
537
534
528
534
527
534
535
528
523
532
533
530
531
535
536
530
525
535
536
532
527
535
538
533
535
539
537
534
533
542
538
534
539
541
538
534
541
539
537
534
541
537
125
412
643
104
539
76
463
588
54
535
539
535
531
538
535
532
530
539
138
401
647
116
531
535
533
527
533
533
528
528
534
531
527
530
536
20
516
543
533
538
532
530
536
536
532
533
542
535
529
535
540
532
525
532
535
533
527
527
537
532
526
530
531
530
528
529
534
531
527
532
134
398
32
366
360
551
128
424
671
83
588
62
527
536
532
523
523
118
406
635
116
520
517
527
518
511
520
526
521
95
427
608
88
520
515
71
444
598
78
521
106
416
612
89
523
518
82
437
598
78
521
518
89
429
607
86
521
516
519
525
521
518
94
424
612
93
519
514
36
479
58
421
415
654
71
583
59
525
523
520
524
525
517
88
430
49
382
25
357
921
355
567
32
535
525
104
422
623
101
523
515
24
492
91
401
408
418
647
72
576
59
517
516
520
523
514
510
521
520
516
89
428
605
88
517
512
77
435
600
82
519
515
519
522
515
96
419
599
83
517
512
516
518
525
522
517
524
525
518
516
521
526
529
523
521
522
522
529
523
521
526
527
524
524
533
528
528
524
532
527
529
529
531
531
534
535
532
532
534
537
538
538
540
543
545
550
548
547
550
550
552
549
551
555
556
557
552
562
561
566
572
574
578
575
574
578
579
574
571
578
581
580
580
583
578
573
573
573
573
582
581
583
583
585
591
606
607
608
612
618
618
616
623
625
625
625
625
625
626
625
628
628
632
628
626
628
630
630
633
631
628
629
635
632
636
635
644
640
643
647
654
651
653
656
656
657
656
660
655
655
657
657
651
635
639
641
649
640
280
360
78
283
639
639
642
644
646
647
647
643
645
643
643
641
647
643
640
641
639
647
641
640
642
643
646
647
651
657
653
660
659
665
667
671
676
672
673
677
675
676
672
676
670
669
669
670
667
665
671
669
672
673
678
676
677
678
677
676
677
676
676
671
664
679
672
675
673
682
686
687
689
696
695
683
694
689
692
691
686
692
693
695
694
699
701
704
691
690
698
695
687
696
692
681
692
684
679
688
683
677
684
679
680
675
666
666
666
671
671
674
678
681
683
683
689
680
682
678
676
676
673
678
676
677
674
681
680
679
683
684
686
683
679
695
693
689
689
685
684
678
690
690
689
690
700
701
703
705
709
706
708
708
706
714
712
713
708
715
710
709
706
711
708
707
712
718
720
725
720
729
730
732
737
739
743
733
746
746
745
738
749
745
745
741
745
743
742
743
741
733
732
729
727
729
729
726
725
727
730
726
731
734
728
737
739
741
749
748
752
752
754
755
750
758
753
755
746
739
746
742
734
738
742
741
741
743
738
743
744
742
743
741
731
735
729
726
725
718
717
714
708
718
718
724
732
739
737
742
740
737
732
733
729
725
727
720
726
726
726
730
734
734
733
725
729
723
722
726
724
727
730
727
730
728
730
727
719
725
719
719
721
722
722
721
717
719
715
712
711
708
712
712
718
724
730
738
740
745
744
743
724
737
724
717
716
712
710
713
712
720
715
714
715
714
710
711
701
690
696
700
690
695
700
701
707
708
703
704
706
708
404
305
323
779
75
705
705
703
706
709
344
366
18
348
720
717
715
708
715
714
717
725
728
742
738
753
756
759
758
762
758
762
758
758
24
735
755
745
747
740
740
732
732
23
710
725
729
730
733
739
741
741
744
735
728
731
728
728
727
729
728
728
723
716
705
711
703
708
709
717
717
720
723
714
721
720
718
724
724
712
723
716
715
715
714
703
714
711
715
721
726
729
731
733
729
733
727
717
717
713
711
708
713
714
717
719
728
728
724
733
733
734
731
739
738
738
729
737
733
734
727
714
711
715
712
709
717
714
722
722
724
713
725
726
716
727
721
719
724
717
730
731
738
748
755
762
21
742
760
750
756
760
758
761
753
757
752
754
756
754
750
749
743
744
737
742
737
738
744
744
741
733
757
754
760
756
767
767
768
769
766
756
758
760
756
756
750
730
748
745
746
739
744
750
750
753
761
766
768
776
782
785
778
781
783
779
780
780
775
777
776
771
767
768
764
774
780
781
790
796
797
789
797
793
787
785
782
778
766
766
759
753
755
753
756
760
761
766
775
779
22
758
775
776
769
771
762
750
756
755
752
743

