07-12-2022 - 11:01 - Correr
ANA RODRIGUEZ
Intervalos entre latido y latido
1085
1114
1145
1134
1139
44
1095
1103
1107
1115
1095
1092
1091
1094
1101
1102
1081
1086
1096
1113
1108
1094
1099
1123
1113
1127
1112
1165
1176
1149
1141
1169
1141
1142
1167
1155
1139
1125
1118
1126
1146
1143
1134
1125
1107
1116
1125
1127
1129
1137
31
1106
1097
1106
1121
1109
46
1063
1072
1101
1119
1132
1120
1142
1144
1121
1105
1114
1126
1125
1130
1113
1122
1140
1150
1129
1132
1165
1156
41
1115
1099
45
1055
51
1004
1041
1057
1069
1064
1078
1088
1096
1075
1079
1055
1046
1069
1069
1065
1066
1076
1075
1083
1093
1088
1073
1074
1083
1100
1091
1100
1110
1097
1092
1097
1093
1071
1067
1051
1043
1028
1032
1041
1054
1061
1050
1043
29
1015
32
984
1015
1015
1019
1018
1023
1027
1030
1055
1068
1073
1051
1047
1038
1046
1031
1031
1034
1049
1058
1053
1061
1058
1068
1062
1041
1031
1040
1044
1060
1046
1035
1040
1042
1059
1057
1069
1079
1105
1111
1099
34
1066
1077
1090
1096
1081
1096
1114
1128
1135
1111
1098
1096
1096
1096
1093
1095
1102
1115
1143
1154
1146
1142
1140
1130
1129
1121
1093
1094
1123
1156
1162
1157
1145
1151
30
1121
1118
1118
1116
1117
1091
1097
1095
1086
1060
1052
1060
1056
1060
1045
1062
1079
1091
1106
1090
1090
1112
1124
1118
1114
1116
1129
1173
1178
1162
34
1128
1106
1125
1158
1181
1186
1164
1139
1134
1137
1136
1132
1129
1119
1117
1121
1120
1141
1143
1134
1127
1120
1098
1103
1109
1111
1100
1114
1111
1105
1087
1081
1102
1127
1130
1131
1134
1117
1110
1109
1099
1081
1073
1083
1081
1077
1091
1093
1096
1142
1146
1152
1140
1133
1125
1106
34
1073
1081
1151
1153
31
1123
49
1074
1083
1083
1074
1085
1066
1059
1068
1098
1118
1131
1152
1138
1158
1169
1152
1134
1119
1104
1166
1167
1152
1144
30
1115
1125
1127
1143
1163
1145
1150
1187
1185
1194
1184
1174
1151
1143
1149
1151
1145
1153
1148
1126
1118
1126
1139
1145
1162
1167
1147
1129
1132
1157
1163
1148
30
1118
1138
1146
1138
1123
1132
1142
1142
1165
1148
66
1083
1110
1092
1082
1069
1046
1037
34
1003
994
990
972
949
944
28
916
934
937
943
940
949
971
955
969
976
975
975
962
28
935
947
930
952
963
977
983
974
959
951
952
958
963
963
963
970
981
992
996
977
995
1015
1021
1013
1000
987
995
990
37
954
37
917
900
887
882
866
856
849
850
844
850
844
829
829
834
820
822
830
825
813
820
825
821
828
821
805
797
806
807
797
779
785
784
783
783
777
776
763
763
762
757
751
751
754
750
737
744
750
739
745
751
746
745
747
750
749
739
744
740
742
733
724
723
714
711
700
704
701
702
690
694
696
698
693
694
698
702
700
698
707
703
700
697
701
700
695
684
685
690
691
688
694
696
699
687
684
688
692
689
686
683
683
689
685
678
681
683
681
673
671
671
673
677
669
665
669
668
669
676
671
667
675
674
674
669
670
671
668
662
659
655
657
655
650
647
649
655
657
645
647
648
644
646
641
641
647
651
642
643
646
641
644
644
641
645
650
645
645
644
644
647
646
640
646
650
646
644
645
648
650
643
640
644
645
643
642
638
641
646
643
645
642
642
646
645
642
640
640
640
644
637
636
641
639
637
631
636
637
642
635
639
649
654
650
651
654
659
661
652
649
650
652
653
651
652
647
645
643
640
643
642
639
640
643
639
639
638
640
643
637
640
643
646
640
641
639
642
637
637
638
637
631
628
628
624
627
624
619
623
624
619
619
621
620
626
619
620
622
621
625
622
626
627
625
624
625
624
627
623
620
624
626
626
625
625
625
632
627
625
627
628
627
625
625
627
627
626
625
627
627
629
629
625
635
637
636
630
631
634
634
628
628
625
621
623
623
617
619
618
618
622
617
621
624
624
625
621
619
622
625
622
621
621
622
625
619
619
627
628
626
624
628
627
628
624
623
619
622
619
618
616
619
625
623
618
622
622
622
627
623
624
625
631
628
627
627
632
638
626
630
632
628
634
628
628
629
628
624
625
625
89
536
687
54
633
19
615
614
611
610
612
611
614
614
611
618
621
621
621
619
624
625
619
623
624
620
628
625
623
622
621
625
625
619
93
526
747
122
625
619
607
604
604
603
603
604
604
606
606
608
607
606
614
616
616
617
617
624
623
621
621
621
627
635
626
632
636
633
628
625
625
626
624
621
621
623
624
620
619
620
620
623
617
623
626
630
626
626
632
637
631
630
636
635
640
633
625
622
627
623
625
618
618
620
617
622
619
619
619
615
615
617
624
625
623
622
626
625
622
622
625
627
625
622
618
615
615
613
604
602
607
612
605
605
605
606
610
607
603
606
604
608
609
601
604
608
609
609
608
613
613
609
608
608
608
607
607
607
608
605
610
606
606
604
609
609
606
605
608
609
607
603
602
606
603
598
602
603
605
605
598
605
610
607
608
610
617
624
622
623
628
628
625
625
624
625
633
631
632
631
626
631
641
665
669
669
681
706
725
715
708
728
713
703
695
695
709
709
755
768
781
778
770
778
769
770
773
764
759
750
739
736
742
750
740
746
777
779
768
772
793
805
812
805
793
810
819
839
843
872
914
900
893
913
29
884
29
856
36
820
803
812
318
495
1089
306
784
811
843
851
861
893
933
928
942
947
31
916
916
917
919
37
883
874
853
31
823
804
801
800
818
837
875
900
931
918
929
928
906
888
901
904
27
877
880
892
885
867
852
875
923
966
965
982
959
935
933
924
913
34
879
873
33
840
848
875
889
887
894
916
933
927
956
983
964
950
959
988
1037
1107
39
1069
29
1040
30
1010
1008
1032
1020
1002
982
974
979
1006
981
1006
997
971
958
955
959
950
979
985
978
28
950
951
948
947
950
962
961
953
949
963
961
967
996
987
966
947
956
959
966
967
961
974
979
961
964
972
974
1005
1014
1006
999
995
993
988
976
963
961
961
972
980
963
972
989
991
980
972
956
30
926
31
895
893
890
921
927
940
965
425
541
1311
367
945
28
917
917
930
30
900
898
958
1038
1046
1028
1021
1034
1029
1037
1039
1027
1003
999
993
985
986
1001
1010
995
985
981
973
972
959
993
1022
1019
1025
1035
1041
1065
1076
1133
60
1074
34
1040
1014
27
988
969
962
959
46
914
896
25
871
870
855
850
857
899
950
991
1056
45
1011
1022
1029
1036
36
1000
994
980
991
32
960
38
923
942
29
914
895
923
908
912
946
985
1000
1009
1009
1058
1061
39
1023
1040
42
998
995
28
967
948
948
26
923
899
889
872
865
848
846
848
862
871
26
845
871
859
849
837
826
833
30
803
791
823
837
847
871
880
942
960
946
946
1000
1003
61
943
945
982
1011
1018
997
1025
1020
1014
1006
996
1016
994
976
960
984
995
996
970
981
1007
1017
52
966
960
968
995
1028
1050
1060
1046
1058
1036
29
1007
1018
1026
1036
1046
1061
1065
1047
1041
1042
1084
1101
43
1058
39
1020
1013
1000
982
970
976
959
27
933
922
946
971
982
1000
1016
1040
1051
1067
1045
1049
1054
1036
1016
1032
1043
1038
1023
1016
1017
1017
1021
1012
1004
1004
989
971
971
983
999
987
992
992
996
985
964
31
934
916
961
1008
1025
1056
1097

