07-12-2022 - 10:00 - Correr
JUDITH OSES
Intervalos entre latido y latido
1041
1020
30
990
1006
1003
1034
1051
1031
54
977
983
1072
1057
52
1005
1015
1025
1047
1054
1039
62
977
1002
1082
51
1031
1011
1012
37
976
1043
1082
67
1015
1002
1006
1071
1043
28
1016
997
36
961
1023
1045
47
999
32
967
976
1027
1014
1015
40
976
991
1077
42
1035
32
1003
994
34
960
1029
1055
752
304
679
993
992
1014
1032
34
999
974
994
1056
43
1014
1020
995
978
1037
1059
45
1015
30
985
1033
1098
40
1058
32
1027
1014
69
946
999
1004
32
973
959
45
915
964
1035
1023
54
969
970
978
1008
1036
33
1003
79
925
944
975
1020
1008
28
981
45
936
41
896
951
1000
43
958
954
954
941
1012
1024
1002
987
1016
1028
1040
1029
74
956
955
1011
1024
1000
1004
55
950
931
1017
1015
62
954
954
956
994
1012
1000
974
37
938
1020
1013
50
963
975
971
1004
1032
33
1000
34
966
979
1058
48
1010
31
980
990
1003
1022
1009
1014
57
958
985
1045
64
982
985
976
55
921
974
958
955
981
69
912
991
999
46
953
968
962
976
1015
1007
44
963
969
1033
28
1005
1000
1017
1039
29
1010
1027
1043
1042
1017
1033
1041
1047
1022
1032
1051
1049
66
984
58
926
988
30
958
964
946
49
897
889
951
46
905
885
896
928
911
970
1012
1005
988
989
1080
40
1041
1031
1039
1030
1010
1005
1010
990
1000
989
970
27
944
951
955
38
917
979
974
963
982
995
30
965
943
994
32
962
978
47
931
923
1002
982
977
981
966
973
977
976
992
39
953
967
987
992
994
973
967
1022
40
982
994
1003
27
977
1007
995
995
977
983
971
974
978
970
963
959
989
987
981
962
956
1011
30
981
990
988
988
995
37
958
946
974
39
936
997
989
980
1003
28
976
1017
1020
30
990
982
969
1004
1009
1004
44
960
1004
1067
58
1010
1023
1026
1043
1028
1036
1041
28
1014
1018
1028
1014
1009
1026
1034
1024
1034
1041
1021
1024
1024
1018
1016
1013
1011
1018
1007
1014
1017
1003
1005
998
54
944
967
989
967
1003
1002
981
978
964
957
1006
1035
52
983
966
974
1011
1054
48
1007
989
971
952
993
970
951
943
962
997
976
972
968
974
1016
40
976
979
1021
37
985
1000
1016
31
986
991
1008
998
973
1008
1016
39
977
1000
1006
990
996
1005
985
975
966
978
984
967
984
998
1000
996
1013
1018
1013
1005
1016
1023
1000
1000
1001
1005
1009
996
1001
1015
1000
998
1002
1001
992
987
1002
31
972
978
961
46
916
25
891
878
871
34
837
867
858
853
837
851
839
846
840
845
850
833
841
831
871
28
843
861
856
853
869
887
876
869
894
873
867
25
843
862
863
841
857
850
868
30
838
846
860
31
830
842
849
827
831
839
824
821
821
810
833
845
846
881
25
857
873
30
843
838
822
840
829
829
843
839
839
861
843
860
859
856
881
869
891
895
878
905
887
888
905
882
889
884
25
860
851
27
825
829
828
849
851
838
844
824
833
811
819
802
825
33
792
803
786
792
798
795
800
787
809
22
788
815
27
789
807
791
798
797
796
827
36
791
802
796
805
815
28
788
790
770
792
781
787
29
759
773
760
754
759
755
744
754
748
741
735
737
730
728
728
728
729
723
729
728
730
723
721
712
713
702
706
704
694
697
688
691
689
693
695
693
704
695
695
694
693
693
691
704
685
687
694
679
691
679
686
693
686
696
20
676
690
696
680
693
681
683
682
684
690
672
686
670
676
682
672
675
689
673
678
683
671
686
673
677
670
677
666
674
685
21
664
676
666
665
682
666
669
666
674
19
655
667
675
19
656
671
21
651
662
667
654
657
651
654
658
654
659
644
658
651
656
672
28
645
661
654
654
672
23
650
666
650
653
668
21
648
655
647
637
636
647
21
626
636
631
628
642
627
632
642
627
638
642
631
643
630
636
636
636
653
19
635
644
640
635
639
640
636
650
633
640
637
636
645
632
642
633
641
650
633
640
650
635
646
636
634
637
625
632
636
629
644
626
640
636
633
641
625
633
647
629
643
19
625
633
648
26
623
636
645
20
625
637
624
631
648
24
624
636
631
632
643
24
620
640
637
628
647
22
626
636
643
19
625
635
634
618
625
628
613
618
626
610
624
635
25
611
627
636
19
618
632
616
625
638
624
647
31
616
638
627
627
641
21
621
633
626
626
644
20
624
635
626
630
640
625
634
637
627
633
635
626
641
650
638
625
621
626
613
618
616
615
629
20
610
617
619
611
624
609
615
606
627
618
603
629
616
610
631
621
619
638
625
616
620
624
618
622
611
624
625
20
605
662
52
610
614
641
23
618
620
618
610
644
39
606
609
626
625
65
561
669
666
38
629
622
625
20
605
637
623
616
627
620
615
622
612
621
615
622
617
635
626
619
627
620
616
645
27
619
626
620
620
614
622
625
610
622
619
616
608
637
29
608
618
605
650
46
604
605
642
38
604
617
18
599
606
607
21
587
639
38
602
596
624
28
596
623
606
591
623
27
596
603
604
600
613
604
595
619
607
597
601
594
612
608
21
587
610
598
590
619
26
593
612
607
18
590
645
53
593
600
664
74
590
600
625
29
597
607
615
19
596
644
43
601
594
657
62
595
602
657
57
600
603
612
603
609
608
601
641
42
599
603
631
29
603
609
635
39
597
651
45
607
616
645
47
599
633
26
607
601
632
22
611
596
629
37
593
635
24
611
618
615
601
622
626
29
598
605
606
599
612
605
591
636
44
592
599
625
183
442
726
75
652
64
588
622
18
604
604
591
591
588
590
588
593
595
583
603
592
578
610
23
587
588
587
583
595
586
574
606
28
578
604
589
579
608
591
584
606
594
583
615
18
597
589
623
28
595
590
618
25
593
589
608
594
589
609
21
588
617
25
592
601
607
595
606
599
648
65
583
694
88
607
623
670
51
620
621
736
98
639
663
31
632
671
44
628
745
54
691
25
667
747
46
702
706
714
703
721
709
708
722
711
721
717
726
725
734
743
739
760
765
757
775
779
763
746
752
781
765
771
790
787
786
791
808
827
24
803
814
803
34
770
820
840
27
814
820
816
802
806
816
819
820
825
841
849
844
836
825
805
796
798
800
32
769
836
860
842
859
854
864
874
868
880
870
891
891
881
888
881
883
886
888
882
891
881
880
874
869
870
870
883
905
49
856
26
831
867
890
880
25
856
852
42
810
23
788
790
824
863
869
872
863
32
831
828
896
941
52
889
895
81
814
51
764
766
816
879
920
41
880
894
885
863
929
944
934
932
919
49
871
885
952
52
901
920
897
27
870
909
917
913
37
876
877
52
826
817
833
915
932
41
892
912
62
850
841
897
912
916
903
41
863
845
922
919
908
30
878
50
829
866
888
911
921
902
40
862
915
958
950
35
916
61
855
872
962
34
929
927
32
895
69
827
869
924
28
897
884
42
843
827
840
918
906
30
876
30
847
843
930
951
35
916
52
864
27
838
32
806
811
912
893
34
859
869
60
809
834
876
862
25
838
855
44
812
861
880
875
857
869
31
838
891
898
35
863
880
51
830
873
917
31
887
868
849
912
896
881
28
854
28
827
881
918
32
887
873
886
903
905
893
897
41
857
875
910
912
895
894
74
820
50
771
854
900
882
868
31
837
853
890
884
869
851
42
810
842
894
27
867
26
842
835
875
889
873
880
867
885
917
36
882
885
32
853
875
935
42
893
895
71
824
862
906
34
872
883
890
37
854
932
947
52
895
912
75
837
888
908
31
877
859
32
828
876
908
891
907
891
912
52
861
881
885
59
826
905
916
30
887
893
895
927
911
917
26
892
36
857
910
931
917
905
54
851
940
973
950
54
896
877
934
945
43
903
898
54
844
875
897
881
879
38
842
889
922
29
894
898
38
861
914
945
42
903
896
943
926
930
931
919
43
877
870
927
52
876
27
850
869
39
830
875
927
938
916
902
985
41
945
938
924
919
926
931
938
950
956
958
953
962
944
26
919
942
924
918
912
938
951
953
951
51
900
953
980
42
939
54
885
882
945
45
900
901
893
874
904
917
905
38
867
870
935
54
882
899
893
940
949
70
879
902
885
891
893
895
903
887
939
953
941
979
39
940
981
967
943
940
29
911
948
35
913
917
905
36
870
945
954
951
28
923
970
970
30
941
952
34
918
919
916
893
890
33
857
885
969
958
953
33
920
927
986
960
54
907
915
954
935
35
901
55
846
916
951
38
913

