01-12-2022 - 9:42 - Correr
NANCY ALVARADO
Intervalos entre latido y latido
625
616
622
624
625
618
633
629
630
635
642
660
650
649
656
663
661
651
666
674
683
670
672
683
688
687
683
701
702
686
684
689
691
20
671
696
692
683
675
674
671
688
703
687
700
704
696
687
684
676
672
675
687
696
710
695
693
705
708
690
699
713
704
26
678
668
687
695
693
676
702
703
697
698
706
711
725
726
711
695
705
705
724
739
742
22
720
739
746
753
759
757
31
727
709
718
723
724
717
731
736
734
723
730
741
754
739
31
708
716
704
713
703
703
715
713
703
718
725
730
722
710
725
728
747
761
753
733
24
710
723
727
739
749
747
738
34
705
719
706
713
702
694
705
730
741
744
753
22
732
721
734
727
742
756
743
755
772
762
764
750
737
738
723
721
707
709
716
741
750
771
751
737
745
752
758
744
758
750
21
730
717
733
741
729
723
743
755
764
769
757
26
732
719
725
734
719
742
743
728
730
744
731
721
738
759
790
785
784
778
25
753
758
749
744
741
747
729
734
735
740
741
743
732
712
715
719
725
747
746
750
25
726
21
705
721
717
728
724
725
744
743
759
751
733
737
748
751
744
745
737
21
717
710
722
730
743
741
749
25
724
712
713
721
723
736
732
716
706
722
718
737
721
725
735
746
739
746
731
724
274
451
984
227
758
740
742
750
762
752
740
766
771
778
28
750
742
745
753
738
746
734
715
720
725
742
758
767
29
739
743
729
22
708
722
730
736
761
762
23
739
738
752
753
771
764
25
740
32
708
702
724
732
750
749
730
744
21
723
25
699
689
701
708
723
735
731
720
735
742
750
760
761
33
728
738
23
715
698
704
708
733
763
766
783
766
30
737
718
736
744
753
749
733
741
762
764
749
735
750
746
729
712
719
715
723
712
712
725
738
747
758
742
740
724
23
702
705
20
685
20
666
659
672
673
679
696
721
762
789
775
773
35
739
24
715
730
734
739
729
719
749
744
755
760
745
731
747
750
738
742
734
24
710
708
713
733
751
741
746
737
727
735
737
719
729
733
720
715
727
727
748
737
747
751
739
744
735
752
737
719
743
730
725
738
742
748
739
723
726
727
718
717
36
682
709
716
731
730
725
735
748
749
729
727
716
26
691
692
693
703
731
753
761
750
736
32
705
722
728
737
750
756
28
729
745
742
745
756
746
745
728
715
728
733
745
752
754
749
731
713
729
736
751
765
765
746
22
724
732
742
754
748
739
748
744
764
762
21
742
722
747
744
737
739
758
764
784
797
779
764
26
739
730
731
730
746
750
739
731
736
743
749
743
724
739
736
738
741
743
736
716
725
729
735
737
725
741
728
736
719
713
26
688
103
585
664
24
640
656
697
713
719
730
736
733
723
710
700
690
679
669
660
650
649
643
642
638
643
659
695
731
729
725
714
734
722
714
715
35
681
694
695
20
675
670
670
663
21
642
654
24
631
20
611
625
19
606
611
613
620
609
628
22
607
620
618
622
621
627
626
610
616
621
607
606
610
609
600
597
605
604
595
590
592
591
588
580
577
575
571
579
575
564
582
580
574
575
580
576
570
575
579
299
280
298
561
573
579
574
568
570
575
573
563
566
570
570
563
568
573
568
566
567
573
573
564
563
569
561
561
569
563
557
561
565
562
558
563
556
552
559
555
556
556
561
561
555
566
565
555
563
562
553
558
559
547
550
555
550
545
550
545
543
542
548
23
526
561
547
550
549
541
547
547
554
540
543
548
544
540
537
544
541
535
541
541
538
537
541
541
532
538
536
534
536
541
536
532
537
540
543
536
538
544
541
538
538
539
536
534
539
536
526
536
532
530
530
533
527
528
529
532
530
530
534
535
536
533
541
537
535
539
538
538
533
536
529
532
532
537
534
535
534
537
540
538
541
536
534
532
538
535
530
534
534
538
532
537
536
541
537
539
540
535
535
540
538
537
539
543
539
541
546
544
554
559
555
541
543
530
533
526
526
529
530
528
524
534
529
535
533
538
536
532
536
533
541
538
540
540
532
536
535
535
533
539
535
116
420
653
111
543
546
539
539
540
543
537
541
538
544
542
539
540
544
541
543
540
541
541
545
549
541
543
540
548
543
546
543
546
541
547
544
550
547
551
547
548
544
553
550
549
549
180
370
743
193
550
545
546
538
537
539
543
546
543
548
546
560
559
558
568
562
556
554
550
548
544
544
549
541
539
539
537
535
538
536
538
537
538
539
535
535
538
534
537
538
539
538
536
540
541
541
542
542
547
538
541
540
543
539
537
541
538
536
538
541
541
541
541
542
549
546
549
543
552
549
550
548
550
541
542
536
543
540
542
541
539
538
541
149
392
684
147
538
538
537
541
541
543
541
553
547
551
550
554
553
550
556
546
554
549
546
547
547
549
541
545
540
540
541
539
540
539
540
541
547
541
550
551
551
546
549
545
546
541
545
545
541
543
545
545
539
545
541
539
539
542
546
539
541
543
542
539
541
544
537
530
525
531
527
527
528
534
531
539
538
538
537
542
533
540
533
539
537
541
120
421
662
115
547
542
540
542
544
544
544
548
544
547
545
545
542
175
368
709
164
546
537
534
529
531
530
533
529
532
536
533
544
542
548
545
552
547
552
546
557
542
542
542
542
538
541
536
541
536
534
537
533
539
538
541
545
536
538
541
539
540
540
541
537
540
535
544
542
549
545
552
548
550
543
547
547
542
542
541
540
541
538
540
539
544
541
544
540
543
539
537
538
538
534
539
540
541
538
542
537
539
537
541
536
544
542
545
551
543
542
543
542
541
541
546
541
546
549
550
547
552
551
556
551
550
547
546
540
542
539
544
541
545
544
550
542
548
544
548
544
545
547
552
542
547
545
547
541
546
545
540
541
541
540
539
539
542
541
544
539
545
541
545
538
546
544
541
538
538
534
537
534
540
538
541
540
548
549
545
543
543
546
540
542
541
541
537
544
538
537
534
537
535
542
536
539
538
542
540
539
540
543
554
545
541
552
192
361
765
195
571
575
581
588
578
577
578
576
571
572
581
578
578
575
576
580
582
585
587
586
589
587
589
601
606
600
605
615
603
609
610
615
614
603
613
629
637
625
633
625
616
613
614
619
616
614
612
615
620
648
664
666
666
678
665
654
651
654
653
648
655
666
673
666
667
673
679
669
655
661
662
662
658
673
680
675
666
671
669
664
654
654
646
633
621
627
625
631
638
651
664
20
644
656
655
665
651
665
669
660
671
672
670
658
654
655
662
673
674
677
686
687
682
675
686
688
686
674
678
671
676
671
668
679
689
684
673
692
692
697
698
686
694
681
664
33
631
624
630
630
638
646
659
672
667
667
666
680
681
679
672
691
708
710
700
695
706
712
705
694
702
705
713
706
688
681
685
691
704
712
707
697
681
666
659
675
689
707
701
26
675
20
656
655
667
677
693
698
697
708
716
720
723
20
703
686
677
21
657
640
625
648
681
721
751
770
766
756
740
738
722
720
717
706
695
22
673
671
663
678
687
668
22
647
23
625
617
612
616
641
690
699
727
708
694
31
663
651
639
629
626
633
649
671
708
742
760
765
755
765
773
758
752
748
747
25
722
708
718
279
440
957
241
716
28
688
709
698
692
716
721
710
696
692
26
667
660
662
669
680
670
672
694
693
704
687
696
693
692
708
21
687
700
692
693
716
708
703
697
701
704
695
682
684
686
681
673
21
653
640
647
661
676
685
679
695
697
700
708
697
680
697
700
732
741
739
756
775
757
34
723
752
736
722
707
725
718
701
685
696
686
695
677
684
696
701
704
714
703
713
710
726
742
732
717
713
696
689
700
700
715
732
728
736
728
726
732
746
745
745
306
439
932
205
728
711
708
21
688
683
680
700
724
734
739
745
742
747
22
725
713
721
722
712
707
714
709
716
716
717
714
716
705
718
725
746
756
745
742
741
23
718
715
720
725
729
719
724
734
730
310
421
942
205
737
30
707
705
709
716
731
720
724
741
741
730
728
724
719
718
300
418
942
226
717
710
701
705
715
729
731
725
737
739
734
717
731
730
728
724
731
717
718
732
726
727
718
715
718
730
731
719
710
729
732
731
725
736
740
732
728
731
732
729
722
729
719
316
404
941
209
732
34
699
22
677
672
671
683
703
708
716
729
739
720
730
727
734
730
730
722
718
724
711
721
730
734
737
21
717
715
718
712
722
712
718
729
734
727
742
738
25
713
722
46
677
678
683
681
690
718
730
738
749
21
728
718
731
728
726
716
728
735
722
726
719
710
716
714
718
701
713
719
716
727
724
714
729
728
725
713
733
331
402
976
215
761
747
22
725
741
750
763
769
775
764
778
371
407
994
221
773
27
746
735
735
749
778
789
777
31
747
760
754
740
735
737
755
761
21
741
743
753
750
751
737
737
735
732
719
742
760
775
756
751
745
746
750
735
742
742
751
748
732
741
732
724
715
728
734
750
750
24
726
721
732
743
760
764
21
744
741
22
719
724
721
729
749
749
734
744
745
744
747
735
738
753
746
750
34
717
726
729
726
722
716
706
711
716
708
710

