09-11-2022 - 11:06 - Correr
Oriana Aguilar
Intervalos entre latido y latido
847
23
824
805
803
809
807
817
811
815
838
841
857
862
879
881
879
883
880
869
871
865
855
852
851
846
834
834
832
825
830
838
850
872
876
872
861
853
838
857
864
868
874
880
886
880
872
885
887
895
907
915
919
917
915
902
909
910
918
923
927
931
939
931
928
920
914
909
897
896
889
888
895
900
909
916
925
919
928
922
931
926
915
919
33
887
867
34
833
823
838
846
858
873
869
879
886
891
896
911
922
918
916
898
891
896
901
901
894
884
866
854
840
850
852
869
861
866
867
866
865
873
880
881
878
861
858
859
861
862
872
875
889
898
899
903
912
918
926
922
927
922
920
917
917
916
921
923
925
937
942
945
949
945
944
945
946
948
951
956
957
960
937
927
917
901
894
878
888
891
898
897
898
895
885
876
883
881
892
890
901
907
916
925
923
927
919
916
906
898
903
895
894
889
898
899
904
898
905
902
909
896
904
906
908
905
891
881
866
861
857
851
860
856
853
848
854
861
868
875
880
894
894
897
891
894
890
886
884
886
888
884
882
879
877
878
874
875
874
881
887
896
902
915
917
921
919
915
914
914
912
912
904
897
894
889
886
888
893
895
898
897
907
908
912
899
900
900
894
886
885
875
869
872
862
861
862
863
860
858
867
867
869
874
871
879
884
885
886
892
902
901
899
901
904
906
908
910
912
915
908
908
898
901
898
897
900
891
898
899
896
894
879
883
881
885
880
877
882
877
865
856
834
826
837
838
855
856
856
871
877
888
894
906
913
924
926
924
927
928
933
938
933
943
945
946
953
938
919
916
905
903
904
902
899
887
870
870
856
835
834
829
833
834
828
833
841
836
831
826
837
842
845
862
861
874
879
888
897
898
893
894
891
897
899
900
895
895
890
885
882
879
875
882
881
883
880
888
893
897
906
913
915
928
927
930
924
927
929
939
945
944
933
932
920
908
897
899
893
898
895
892
27
866
857
844
26
819
807
791
785
780
765
749
734
726
709
697
697
689
683
677
674
677
675
678
675
677
681
683
684
687
688
683
678
678
678
675
675
677
680
680
679
675
675
672
665
661
666
664
663
660
663
663
663
664
662
661
670
670
675
679
677
684
680
680
678
681
680
676
677
677
678
676
679
675
674
674
669
667
669
668
666
665
656
665
665
663
661
668
666
667
666
665
666
664
664
660
658
656
656
651
654
655
654
652
654
655
657
651
652
649
648
651
646
641
644
645
645
645
640
636
640
640
636
635
637
637
638
638
638
640
641
639
635
631
639
637
635
637
638
638
636
634
629
633
632
628
632
635
628
623
629
632
632
638
639
633
633
639
640
635
634
636
633
631
630
626
629
628
624
625
632
631
628
629
631
634
626
626
626
624
620
616
620
622
618
614
612
616
614
614
611
614
613
614
617
606
625
618
619
618
616
619
622
618
616
614
620
620
618
621
623
621
618
616
619
616
616
613
616
616
619
617
615
619
621
625
619
619
617
606
601
603
603
599
593
601
606
605
601
599
603
607
603
603
601
601
603
596
595
595
594
596
593
592
597
599
600
596
595
601
600
600
599
598
604
602
599
596
599
602
599
601
602
606
607
603
602
598
595
607
609
617
617
616
611
613
611
606
604
609
608
607
599
600
600
595
592
590
590
592
588
588
592
592
590
590
591
588
588
590
588
590
585
584
590
592
592
595
597
599
595
592
590
595
594
593
590
594
595
591
588
589
589
591
589
590
589
591
592
589
589
588
590
588
588
588
587
584
584
584
585
585
583
588
590
588
588
589
589
587
583
583
587
586
584
583
585
590
592
590
586
587
590
590
584
583
586
590
587
586
589
588
588
588
591
592
590
592
594
592
588
591
590
589
586
586
586
582
580
581
582
582
581
580
584
588
591
587
587
590
589
587
582
583
585
583
584
582
584
585
585
586
585
586
587
586
589
590
598
595
598
600
596
594
591
593
592
589
590
592
593
594
591
594
592
590
589
588
591
589
588
588
589
586
584
585
586
588
589
589
593
594
594
600
601
606
607
611
613
611
609
607
608
609
606
601
604
603
603
598
600
601
600
598
594
592
595
595
592
591
589
592
592
589
586
584
588
586
585
581
583
586
585
588
588
590
586
582
587
583
582
581
581
583
579
579
579
578
579
577
578
578
578
578
576
572
576
578
580
581
582
585
584
585
584
585
583
586
583
584
588
591
592
586
583
575
583
588
589
590
589
588
590
590
589
591
592
593
590
590
592
589
590
585
586
588
586
583
585
586
586
583
583
583
583
584
584
588
590
591
585
583
583
581
583
580
579
577
577
576
579
580
580
583
579
583
586
580
580
580
583
587
592
594
596
598
600
599
598
598
592
591
596
601
607
613
623
624
625
626
630
633
634
639
637
640
641
641
641
648
651
653
650
646
638
636
639
639
643
647
653
656
655
661
663
665
669
670
675
678
677
685
689
697
702
702
701
699
703
705
714
713
719
724
731
734
729
720
718
709
704
696
687
682
676
669
670
671
676
678
689
690
695
697
695
694
699
698
703
710
720
724
728
728
730
733
739
752
754
746
734
746
740
740
741
743
752
759
758
763
763
761
761
759
765
779
788
796
800
784
779
782
768
762
764
759
763
765
761
760
765
761
764
759
761
763
764
764
763
759
763
764
760
765
770
774
772
766
768
765
770
766
764
768
771
782
783
786
785
791
782
777
779
774
769
765
768
781
778
777
773
760
764
775
784
792
794
792
789
788
798
802
810
816
809
806
804
800
808
815
818
815
816
814
804
818
24
794
792
784
771
768
754
746
750
751
747
751
748
746
742
731
726
728
737
745
751
771
779
795
796
796
791
801
797
794
791
795
796
808
803
809
808
799
799
797
797
801
798
785
775
763
758
763
770
773
781
772
780
784
796
804
796
796
801
804
807
798
806
803
807
805
810
814
821
826
829
821
803
790
789
786
791
790
793
798
803
794
793
801
801
801
813
823
843
852
853
867
873
876
877
871
861
863
854
843
848
835
833
832
831
836
833
832
835
835
838
835
827
813
814
819
817
814
815
814
817
803
810
820
827
832
835
840
846
849
852
868
873
875
875
881
880
877
872
863
874
883
884
886
891
875
875
870
863
860
852
857
863
867
875
869
863
860
858
858
856
868
868
875
872
875
879
879
878
885
883
878
883
863
26
837
822
819
818
813
829
831
840
835
836
840
836
837
841
839
849
847
854
856
850
856
863
875
876
878
882
879
879
879
877
876
875
883
879
878
878
884
885
886
884
886
875
865
857
860
864
868
872
871
875
879
879
863
869
865
875
875
871
874
874
879
875
872
861
864
868
866
868
857
871
868
875
875
872
876
870
866
860
849
841
840
848
850
847
856
859
861
865
863
871
866
869
858
864
870
875
873
867
862
863
858
857
862
847
856
851
852
851
844
845
848
855
857
852
859
863
859
860
853
844
837
849
855
862
865
869
871
863
865
864
870
873
874
877
875
863
868
865
870
873
876
883
886
888
890
888
883
874
868
863
849
853
855
856
854
848
840
839
837
841
843
850
853
854
861
861
865
871
874

