18-08-2022 - 9:25 - Correr
Norma Vera
Intervalos entre latido y latido
969
1030
39
991
1039
1079
1077
30
1047
1052
1091
55
1037
1028
1061
1062
1044
40
1005
1053
1102
53
1050
1040
1058
1103
331
772
493
280
25
255
827
346
481
162
320
474
163
312
305
44
262
1771
3314
2368
946
37
910
29
881
39
843
1055
69
987
975
995
1022
1041
32
1009
989
1001
1038
1053
30
1023
1010
1022
1053
31
1023
1022
1074
1061
33
1028
1013
1012
1017
1019
1012
31
982
991
1018
1018
1016
30
986
983
992
991
987
971
1001
1007
1026
1010
1031
1050
1044
1022
1025
1067
35
1032
1006
1004
1017
1018
28
990
994
1041
1036
40
996
1010
1031
1062
36
1026
1012
1054
1073
32
1041
1039
1029
1036
632
404
568
172
397
564
958
938
918
919
959
27
933
923
973
974
968
943
952
941
931
962
974
50
924
1001
976
993
979
972
989
1007
995
32
963
977
995
1005
1021
1005
1034
1036
1024
1014
1039
1041
1020
998
1001
1001
1016
42
974
1000
1028
1032
1010
1018
1036
1053
33
1021
1011
1041
1041
1047
33
1015
1041
1021
30
992
993
1006
1022
997
987
1009
999
975
986
1004
1008
1006
31
976
996
1011
44
967
961
995
979
995
985
967
1018
1001
1014
1019
1019
1050
1049
36
1014
999
1013
1023
1019
30
989
1000
1012
1014
35
980
1010
998
1007
988
996
1009
1006
985
1002
1005
1028
1007
1040
1054
1044
1027
1041
1044
1044
1049
1058
1041
1041
1051
1054
31
1024
1027
1028
1011
713
299
709
1023
1041
1033
1027
1030
1017
996
973
30
944
610
334
623
949
935
928
941
940
939
960
976
982
974
998
1028
1030
1017
1036
1051
1040
1027
1058
1063
1036
1041
1056
1071
36
1035
1032
1053
1044
1030
1054
1074
1053
1039
1066
1077
1051
1027
1054
1059
1062
38
1024
1054
1065
37
1028
28
1000
1009
985
991
28
964
977
958
988
1007
1028
1021
1006
1038
1066
1041
1028
1068
1062
30
1032
1024
1052
1043
1025
1025
1046
1049
1031
1057
1063
1053
1042
1052
1058
1034
1043
1052
1053
1031
1051
1052
1047
1022
1040
1045
30
1016
1026
1044
1035
1013
1033
1036
1039
31
1008
1028
1039
1035
1023
1051
1052
1041
1023
1040
1069
56
1013
1015
1049
1047
47
1001
1016
1039
1015
999
1045
1038
1013
1004
1022
1024
1005
1030
1008
1000
1010
1000
1022
51
971
47
925
927
54
873
905
25
881
872
861
867
866
864
866
853
840
840
830
131
699
975
122
854
840
835
840
836
817
833
61
772
774
816
75
741
754
806
207
600
900
509
391
33
359
749
747
751
747
739
109
630
850
114
737
732
139
594
860
134
727
413
314
361
773
58
715
711
712
703
710
712
708
700
706
708
706
697
700
697
697
698
690
686
698
693
689
687
186
501
873
182
691
687
680
677
684
688
687
686
690
684
682
692
688
682
684
685
682
683
678
673
681
682
677
671
674
677
674
667
669
670
668
668
670
662
664
666
665
662
662
659
663
663
664
659
655
663
663
658
657
661
658
664
664
659
659
659
660
658
656
650
655
657
657
653
649
658
656
654
650
653
652
655
657
654
650
653
652
653
650
648
648
646
648
650
642
644
649
648
647
646
646
651
652
654
649
646
655
656
654
652
650
652
654
654
649
296
353
51
303
654
653
648
649
656
656
652
651
659
691
21
671
675
672
675
662
674
667
670
662
658
660
662
660
651
664
661
120
541
775
119
657
657
661
657
653
663
672
671
665
670
688
684
678
685
694
680
690
698
700
693
698
714
718
712
717
765
22
744
756
767
22
746
736
745
748
750
24
726
741
738
738
735
741
745
758
746
746
771
759
753
775
781
768
749
761
759
752
734
763
770
767
749
831
45
786
804
26
779
784
812
793
35
759
779
764
776
757
765
787
791
777
808
801
795
777
782
132
650
918
135
784
839
930
113
818
834
959
110
850
855
840
24
817
874
870
55
815
44
772
791
777
812
36
776
797
27
770
783
22
761
750
743
732
766
764
788
790
23
767
813
815
34
781
835
834
879
73
807
867
868
48
820
847
862
945
127
818
830
861
854
48
806
852
858
30
829
834
828
37
791
796
830
836
824
38
786
827
840
823
24
799
799
824
847
34
814
26
788
826
844
870
26
844
34
811
846
882
50
833
29
804
823
843
856
41
815
822
851
869
51
819
807
823
25
798
28
771
765
774
778
29
750
754
1131
137
995
31
964
64
901
44
858
849
28
822
809
812
864
862
879
59
821
836
859
892
26
866
48
819
823
870
25
845
824
830
872
864
38
827
837
897
53
844
860
868
870
856
36
820
835
867
26
841
32
810
816
848
838
818
814
827
864
853
837
818
24
795
795
810
801
791
821
831
821
803
822
832
821
820
820
32
788
779
782
912
123
789
820
42
778
770
762
766
758
756
757
752
776
799
819
806
806
824
860
854
30
825
838
843
843
849
838
827
860
895
38
858
847
863
876
903
49
854
868
860
847
856
847
830
813
863
853
842
837
866
859
856
839
851
850
884
43
842
864
869
876
858
844
868
865
865
867
880
907
902
898
28
871
32
839
850
860
851
862
851
859
26
834
858
864
863
855
879
878
885
877
31
846
900
879
923
27
897
896
938
27
912
901
878
903
921
36
886
874
873
912
896
28
869
865
888
916
904
884
890
899
894
901
879
893
975
106
870
899
909
995
108
888
936
28
909
914
908
887
873
882
870
875
870
856
868
866
935
87
848
882
887
867
909
899
907
886
905
947
63
885
878
857
852
844
835
851
926
48
878
874
876
860
860
862
850
838
856
928
948
1006
39
968
950
958
976
992
34
959
943
946
923
918
935
955
32
923
917
945
959
939
918
933
969
40
929
913
59
854
962
28
935
57
878
886
980
33
947
36
911
940
939
950
30
921
916
913
947
26
921
927
916
912
912
926
918
912
895
896
886
881
872
881
888
878
916
927
916
947
27
921
932
931
943
925
918
938
928
925
930
908
909
920
900
885
885
944
59
885
906
26
880
896
951
57
894
906
911
952
75
878
896
952
65
887
907
895
946
49
897
885
899
948
51
898
899
941
933
59
875
940
926
937
43
894
943
936
942
48
894
953
949
51
898
894
935
925
47
879
879
921
62
860
859
853
911
60
851
909
64
845
852
840
836
832
812
885
870
878
32
847
928
922
44
878
942
923
933
50
883
936
921
921
41
881
929
914
916
905
913
931
953
62
891
885
878
921
928
916
915
927
943
41
902
955
941
966
59
908
976
29
947
953
942
969
963
944
961
964
968
955
947
967
974
953
943
973
960
31
930
938
975
39
937
936
977
977
37
940
947
969
968
958
949
961
955
932
928
979
966
962
970
995
45
950
976
999
41
958
951
958
968
35
934
943
964
971
35
937
928
925
946
41
905
911
948
942
44
898
940
943
938
42
896
957
53
905
945
931
935
936
966
979
959
966
987
1008
27
982
964
975
999
985
27
958
961
963
970
955
968
977
26
952
952
983
977
969
983
1001
30
972
956
38
918
936
972
973
955
954
944
921
969
956
968
51
918
976
976
962
953
968
969
966
965
993
990
29
961
988
993
997
977
994
998
981
971
990
1000
979
1006
1005
994
985
996
1026
28
998
33
965
990
1006
34
973
987
1000
983
961
981
987
54
933
916
974
965
956
49
907
969
981
41
940
975
988
983
981
984
999
975
26
949
975
972
953
977
996
970
961
978
990
33
957
964
992
979
966
983
1002
979
985
1024
1004
990
991
37
954
38
916
918
907
905
25
880
875
877
916
56
860
932
83
850
915
63
852
841
884
898
934
922
32
891
934
940
948
938
956
981
981
980
1003
1021
1016
1007
1028
1042
1040
1015
1036
1036
1044
1018
1022
1034
29
1005
1018
1029
1034
1028
1015
1002
1000
1005
31
975
954
983
977
958
969
996
999
27
972
971
992
1002
42
961
974
982
981
963
1000
1045
1026
1020
1038
1055
30
1025
1033
1028
1003
986
992
991
43
948
949
959
948
938
930
908
904
894
933
920
916
916
907
50
857
911
928
931
955
953
964
969
951
46
905
956
960
958
953
968
1005
27
979
960
968
978
986
35
951
953
982
990
993
975
993
983
963
952
962
967
960
992
28
964
970
30
941
966
977
28
950
961
988
970
958
974
958
946
990
42
948
947
938
1004
47
958
964
1011
50
961
957
950
967
974
35
940
958
955
961
943
933
939
978
975
986
964
970
998
984
1000
1004
35
970
1007
1008
1011
1009
28
982
978
997
976
971
984
988
965
979
1002
27
976
981
1000
994
987
997
989
971
979
1002
980
958
984
987
966
964
987
991
966
996
1015
33
983
985
985
968
976
975
969
971
971
977
968
959
973
985
984
27
957
973
986
28
958
961
1003
34
970
957
952
1007
35
973
984
28
957
994
971
948
1007
45
963
972
960
982
979
965
984
978
968
973
976
966
1004
43
962
947
934
989
49
940
939
980
980
966
975
967
964
962
962
949
941
964
966
965
963
993
983
968
971
986
970
47
924
39
886
27
859
1035
59
976
981
994
972
993
1000
1013
1004
1007
31
977
997
995
996
1001
990
1010
1008
1010
1010
984
996
991
990
986
963
969
961
950
933
925
931
953
962
951
955
983
986
968
982
990
988
972
992
1001
1005
981
1005
1007
1014
989
1015
1018
1001
1001
1015
1019
29
991
1006
1007
987
999
1006
986
28
958
959
983
56
928
972
980
959
952
968
974
967
956
964
965
953
947
960
954
952
951
960
948
957
964
968
950
965
966
968
960
971
986
980
964
981
982
973
992
992
28
965
985
987
969
970
997
985
972
990
995
980
975
993
996
975
976
994
986
977
994
996
972
988
1002
993
985
1003
1003
987
997
1017
33
985
984
1003
1000
989
1000
1000
986
968
967
957
28
929
943
29
915
925
935
937
926
958
971
961
961
992
1005
989
993
998
1003
993
1006
994
993
1013
1012
991
1013
1019
994
999
996
984
1002
1015
991
483
509
496
951
937
960
955
936
966
970
969
975
639
337
628
933
965
960
962
948
953
973
985
975
967
996
1006
990
979
1001
1009
1009
991
1011
1015
1023
1002
1011
1032
1040
37
1003
1019
1031
1012
1001
1018
1019
998
998
1017
1017
27
991
1000
1011
1010
987
992
1006
1007
40
968
997
1009
989
989
969
988
979
962
28
935
948
1000
45
955
946
1008
987
1003
977
996
1003
978
973
1018
72
947
1003
159
845
1135
162
973
975
959
976
249
728
1177
507
670
387
284
930
543
388
521
913
913
233
680
1129
231
899
931
937
924
915
930
958
950
982
1013
1030
1025
50
975
987
985
978
1879
958
922
923
916
936
928
915
911
928
947
950
934
945
963
964
951
974
986
977
989
1005
1008
986
1004
1020
1025
1007
1022
1022
1015
382
633
302
332
979
980
963
959
958
26
932
954
35
919
944
940
963
983
988
971
44
928
980
979
992
57
936
964
968
976
982
977
958
956
966
980
981
983
976
953
983
973
558
416
539
924
935
925
917
903
68
836
35
801
929
30
900
924
932
948
964
965
946
937
944
935
928
941
930
913
915
76
839
905
893
900
900
881
884
887
885
904
921
934
922
926
948
955
949
934
933
944
27
917
931
954
951
972
971
984
981
968
45
924
952
31
921
912
901
903
908
905
895
883
866
876
891
916
48
868
1005
39
967
983
978
967
41
927
956
960
39
922
918
917
919
74
846
853
903
246
657
1144
250
894
907
929
944
939
944
946
930
930
920
921
909
916
940
960
956
964
958
951
927
55
873
929
922
908
928
950
976
1002
56
947
983
993
978
977
974
958
950
928
933
936
946
948
930
939
946
938
941
28
913
905
920
933
941
939
929
936
918
915
919
369
551
206
346
895
892
903
894
881
911
916
928
937
39
898
922
913
912
37
875
899
885
880
876
883
880
869
864
876
889
881
914
920
953
961
974
965
39
927
959
944
938
926
930
925
919
896
912
915
918
923
907
922
929
923
925
926
918
25
894
913
907
905
900
895
892
869
860
870
878
874
872
862
867
879
868
876
371
506
143
363
887
890
911
907
913
900
881
877
877
876
881
891
901
32
869
894
895
887
875
24
851
868
858
864
869
882
878
867
889
894
899
905
907
906
882
909
918
923
927
928
921
923
920
907
895
25
870
880
887
907
922
914
915
920
916
940
939
957
952
950
948
928
941
26
916
896
895
906
924
937
947
950
951
46
905
918
905
406
500
118
383
892
901
911
897
911
916
928
906
923
923
933
937
938
915
941
942
935
935
939
929
932
922
933
936
937
927
31
897
917
925
925
927
908
891
904
903
886
906
916
167
750
1090
192
899
897
913
909
911
910
901
879
891
896
912
921
913
906
913
913
892
905
919
922
928
918
914
919
912
919
925
914
922
936
915
927
923
914
901
878
878
876
874
864
890
904
910
938
946
936
945
929
942
963
991
984
982
31
951
972
26
946
923
942
942
944
964
942
961
29
933
953
939
948
67
881
927
920
924
916
916
899
889
883
883
875
883
875
879
866
900
900
902
880
910
903
892
884
870
894
911
896
889
899
895
910
913
917
922
909
926
912
910
916
919
928
914
930
938
931
955
941
929
933
954
956
951
926
929
938
946
933
919
450
470
38
433
918
926
939
945
924
71
854
947
939
944
960
954
944
942
926
922
931
934
951
951
952
34
918
920
914
901
879
886
895
915
916
921
943
954
947
952
942
935
915
922
915
911
900
913
923
929
907
918
927
924
915
930
935
938
933
950
950
937
948
947
966
951
942
27
915
908
28
880
888
882
890
908
899
886
892
891
876
873
890
904
900
937
953
945
949
964
59
906
933
72
861
914
90
825
910
895
894
887
895
902
899
898
906
912
908
910
917
919
911
898
68
830
886
82
804
864
842
62
781
833
828
833
834
44
791
866
855
872
870
877
882
892
899
891
897
901
917
908
909
916
909
892
890
890
874
895
902
916
918
927
916
923
917
913
906
914
938
935
926
924
930
919
915
916
937
941
948
935
938
930
922
905
891
891
878
55
824
889
86
804
881
63
819
891
887
908
886
901
901
890
881
71
811
874
82
792
865
844
848
851
848
844
848
845
849
850
855
856
55
801
858
66
793
840
76
765
862
843
53
791
866
862
865
870
867
875
882
883
899
894
886
889
891
894
893
896
27
869
46
823
874
858
862
860
855
855
863
856
57
799
878
77
802
871
862
853
857
862
858
883
893
885
895
898
904
906
908
61
847
909
81
828
884
96
789
876
79
798
864
87
777
776
850
834
847
74
773
885
27
858
45
814
879
68
812
888
881
64
818
884
876
883
80
804
902
71
831
906
78
828
927
76
852
908
112
796
989
122
867
945
921
933
930
33
898
903
904
897
889
880
61
820
875
857
864
864
861
851
60
792
867
76
791
861
92
769
860
848
858
863
855
65
790
871
64
807
876
77
800
815
50
765
786
857
857
866
864
877
57
821
891
74
818
831
892
63
830
892
60
832
912
899
42
857
898
901
910
914
64
850
900
915
909
928
933
72
862
875
925
73
853
853
918
65
854
908
83
825
927
906
913
909
911
906
910
913
904
75
829
906
73
833
897
902
909
926
921
63
859
928
919
917
916
76
840
828
838
913
899
70
829
839
824
914
71
843
906
74
833
919
81
839
833
830
914
91
824
925
918
67
851
922
70
853
916
69
848
917
80
838
855
24
831
917
73
845
849
849
914
79
835
854
34
821
845
31
815
813
909
75
834
919
94
826
930
77
854
912
79
833
849
39
811
824
915
81
835
836
833
914
63
851
920
916
81
835
920
61
860
937
78
860
924
77
848
922
117
806
918
87
832
914
88
826
812
823
907
907
48
859
850
923
927
931
101
830
932
923
918
87
832
932
916
924
70
854
936
958
948
938
65
873
937
63
875
946
104
842
940
942
938
950
87
863
930
918
55
864
846
911
61
850
932
908
910
913
935
944
941
72
869
945
960
958
954
943
97
846
931
919
916
59
858
907
59
848
948
35
914
916
921
932
937
921
916
929
927
942
26
916
926
928
942
920
918
929
944
935
69
867
941
950
79
871
940
947
966
946
962
958
937
936
947
954
942
948
81
867
925
913
929
942
938
915
918
901
905
920
921
925
916
915
906
920
917
913
903
917
896
56
840
908
896
896
891
897
909
913
906
891
900
908
938
920
908
920
930
926
932
940
929
930
929
940
926
915
74
841
910
914
897
916
931
936
936
936
944
945
946
937
929
921
902
893
897
909
914
919
920
917
894
902
900
909
908
914
897
885
890
875
878
888
893
885
893
898
904
889
910
914
931
355
576
1108
158
950
940
926
948
947
945
936
941
932
909
907
920
927
927
930
26
905
909
916
921
926
945
928
921
920
919
924
901
910
933
935
953
962
960
964
955
950
938
923
911
925
938
956
968
997
51
946
938
953
960
966
955
936
935
945
931
944
941
938
947
934
934
912
920
921
922
915
909
939
925
920
909
888
871
889
908
909
904
933
949
949
931
953
959
949
940
961
948
943
935
25
910
923
940
927
927
947
954
933
936
944
958
954
955
966
953
940
960
969
957
959
960
971
948
948
958
960
947
943
952
955
960
32
929
923
918
917
916
916
900
911
915
914
899
908
922
941
925
933
947
941
922
921
942
938
917
932
941
949
929
939
948
930
931
946
956
34
922
924
928
919
904
909
914
921
925
904
904
914
906
911
909
888
900
899
892
899
911
916
897
900
916
929
921
898
911
926
942
924
907
75
832
940
943
926
927
934
917
903
906
916
904
926
921
931
939
916
928
927
935
922
909
913
932
924
905
915
903
927
934
920
916
905
921
907
920
937
937
927
920
899
905
910
914
920
921
927
920
916
899
25
875
879
876
884
896
899
889
886
903
893
889
896
887
893
900
910
898
912
924
915
928
928
932
928
921
949
945
955
939
925
944
940
930
922
925
933
918
917
940
949
929
939
962
975
967
53
915
971
29
942
952
26
926
938
951
937
915
923
922
921
906
907
922
934
944
269
676
1162
226
937
937
929
918
908
925
920
918
659
260
648
842
897
878
875
875
866
872
458
414
480
904
907
901
901
896
916
908
931
949
935
921
345
577
219
359
926
919
928
932
926
919
942
950
931
945
951
931
924
935
936
916
917
932
945
351
595
255
340
490
35
455
935
606
329
580
919
666
254
673
930
937
641
296
619
910
916
931
538
394
521
926
293
634
343
291
907
920
929
912
926
942
948
954
304
650
371
279
944
539
406
536
248
288
666
930
667
264
653
926
935
946
183
764
421
343
471
196
276
916
564
352
580
931
923
128
796
1058
119
940
928
917
939
684
255
293
394
943
931
948
960
945
941
948
947
936
927
917
32
886
888
875
886
873
872
877
878
883
874
874
66
808
478
331
616
901
923
1831
893
938
950
391
559
192
367
931
936
948
457
491
166
325
1070
149
922
934
921
916
915
905
155
750
828
492
336
723
26
698
771
511
261
841
845
850
856
319
538
215
323
866
28
838
840
853
860
883
879
883
906
927
916
942
956
953
700
253
696
958
953
74
879
982
79
904
899
906
917
917
901
902
917
911
896
76
821
1011
89
923
924
928
936
600
337
594
913
902
909
907
915
922
919
941
940
939
44
895
948
931
930
26
904
934
940
26
915
245
670
1144
229
916
272
645
375
271
903
914
916
903
915
212
703
1160
509
651
378
273
944
165
779
1111
298
814
1041
740
301
625
940
503
437
480
21
459
452
554
190
365
928
591
338
575
927
936
208
728
263
466
656
951
491
460
94
367
377
435
1194
226
968
435
534
124
410
960
997
700
297
705
1001
371
631
292
340
969
990
1161
405
756
960
99
862
1059
111
948
959
962
945
949
952
958
944
957
959
962
349
613
302
312
918
916
502
415
452
837
992
62
930
959
949
954
958
46
912
963
82
881
932
917
927
959
945
26
919
932
938
664
275
644
853
914
892
894
885
871
886
879
873
876
894
907
918
905
920
929
921
907
936
927
919
45
875
939
921
919
910
897
912
908
904
897
915
924
912
929
936
937
919
930
934
938
935
917
912
920
915
898
927
929
944
952
946
930
40
891
942
922
73
850
914
900
888
875
859
854
863
861
862
855
853
865
872
880
889
901
914
902
910
925
920
934
940
916
922
931
918
913
929
931
928
913
934
931
912
936
935
939
919
934
946
935
918
935
933
921
914
929
930
920
933
935
933
909
917
918
916
904
914
922
930
936
938
914
925
923
931
939
939
30
910
915
917
911
898
910
917
917
903
902
913
916
895
919
933
939
941
29
912
37
875
938
919
918
922
899
906
923
907
890
899
915
905
894
920
909
904
921
935
638
298
640
936
917
936
942
942
924
936
984
993
109
884
966
959
970
984
980
963
967
51
917
940
935
941
935
916
929
937
936
929
907
936
946
937
942
956
966
954
962
981
964
30
935
976
968
953
942
941
947
951
928
916
930
931
916
947
951
26
926
927
940
922
927
942
954
933
922
943
938
921
941
970
979
979
965
29
937
936
928
911
910
911
930
953
960
960
953
934
954
964
954
968
973
968
950
960
965
951
936
975
48
928
958
946
985
974
31
943
41
903
960
957
938
922
937
939
929
926
950
958
937
965
959
970
969
951
954
38
916
958
942
934
937
921
919
945
956
947
947
970
984
39
945
957
941
922
921
901
914
925
925
913
939
950
947
937
952
967
953
934
954
957
949
941
962
958
956
935
964
970
963
943
967
970
1011
988
962
983
988
992
968
959
972
988
988
39
949
941
945
935
937
921
26
896
918
925
925
923
937
30
907
917
915
920
921
914
911
898
37
862
875
74
802
877
97
781
873
862
870
26
844
849
853
891
925
936
953
968
958
949
980
978
969
956
974
966
956
941
956
967
982
27
955
977
983
979
974
982
967
41
927
959
976
986
988
975
986
1001
1025
1028
1041
1029
1018
61
958
952
947
949
950
955
934
933
942
944
968
950
966
983
1004
33
972
997
1000
984
959
952
960
958
949
945
959
956
940
964
970
958
969
974
988
964
960
984
993
31
962
957
970
981
958
961
979
974
960
967
974
958
967
972
958
957
972
982
965
1006
30
977
960
970
981
977
26
952
949
966
958
940
952
966
958
953
966
969
955
965
983
967
965
973
978
961
1003
987
33
954
939
925
39
887
890
899
899
881
894
900
905
896
913
922
923
928
942
933
949
975
969
954
952
945
937
916
912
914
915
914
27
887
899
890
891
892
936
948
943
943
969
969
958
960
956
966
963
35
929
942
954
961
963
965
962
942
933
944
961
937
943
951
956
946
930
934
935
935
950
954
962
958
942
943
961
963
949
953
979
965
982
982
965
974
975
965
958
963
965
953
964
970
954
962
968
951
950
956
947
944
957
937
933
951
930
923
906
921
915
903
889
871
874
903
910
928
908
915
916
915
893
916
920
926
912
918
933
944
929
946
952
953
941
960
975
984
964
978
973
34
939
939
927
916
892
920
920
910
895
25
871
865
57
808
790
784
838
826
830
816
808
810
807
812
802
812
824
836
841
846
855
874
880
886
892
895
887
877
889
893
901
888
893
885
875
874
851
864
859
866
868
869
867
853
851
868
896
914
924
915
929
936
928
937
929
940
949
937
924
947
947
934
937
947
940
935
962
950
937
956
956
934
943
943
927
926
952
942
29
913
929
934
921
917
928
925
910
930
931
922
921
923
930
919
936
937
922
931
937
922
921
935
930
917
942
935
931
948
947
934
942
955
944
966
987
50
937
951
959
949
950
968
960
938
956
959
952
953
960
968
31
937
960
960
944
943
951
940
935
944
941
944
951
939
924
944
938
926
930
950
931
943
952
942
929
944
939
933
947
934
924
919
898
881
869
867
876
896
900
907
920
919
906
920
943
930
916
929
925
920
904
918
923
914
912
938
933
920
943
946
609
338
606
935
956
680
276
675
243
433
501
946
946
31
916
412
505
210
296
1017
556
462
20
443
899
67
833
968
44
924
914
506
408
529
964
999
67
932
962
529
434
524
936
922
928
931
914
931
963
40
923
495
429
427
480
475
936
962
45
918
905
44
861
32
830
826
875
64
812
880
27
854
843
836
852
840
842
838
824
833
839
839
834
849
36
814
866
76
791
887
874
867
44
824
876
58
819
883
455
429
61
369
869
101
768
761
950
77
873
881
878
860
28
832
833
825
900
86
814
904
82
822
829
819
816
808
806
791
794
795
794
783
773
773
765
763
822
76
747
812
77
735
719
731
721
717
710
704
688
698
701
704
718
729
740
747
749
744
757
779
782
773
778
793
798
794
785
802
805
792
787
794
802
818
807
794
789
795
793
784
780
781
793
787
789
785
810
873
883
92
792
809
800
801
786
790
876
879
886
70
817
23
794
800
796
798
821
895
94
801
922
109
814
830
25
805
826
835
910
134
777
926
110
817
953
124
829
826
811
819
819
815
797
927
109
819
936
129
807
826
812
797
798
818
934
911
110
802
947
113
835
857
857
28
829
826
838
837
30
808
837
966
31
936
944
97
847
852
871
866
893
37
857
981
32
949
949
52
897
37
860
890
902
900
39
861
858
865
893
875
852
841
843
856
24
832
818
805
808
3999
3999
3999
3999
3999
3999
3999
3999
3999
3999
3999
3999
3999
3999
3999
3999
3999
3999
3999
3999
3999
3999
3999
3999
3999
3999
3999
3999
3999
3999
509
812
800
302
498
230
268
766
755
748
744
746
753
834
79
756
840
88
753
863
90
773
873
100
773
809
26
784
867
87
780
873
98
775
882
101
782
867
104
763
782
768
760
752
750
826
81
746
842
101
741
855
94
761
867
86
781
791
772
772
758
750
741
739
733
728
728
718
712
716
714
706
702
698
700
199
501
158
344
553
703
702
699
702
703
705
699
700
699
701
705
781
66
715
808
91
718
737
724
717
713
712
780
87
693
772
76
697
763
74
690
779
782
783
785
46
739
829
93
736
821
79
742
825
807
811
806
808
62
747
802
804
834
846
829
57
772
874
98
776
853
80
773
849
25
824
62
763
832
23
809
798
799
809
827
818
822
823
819
821
820
807
808
812
802
799
805
811
813
826
843
846
848
857
851
836
843
847
870
863
856
233
623
1066
230
837
827
830
841
839
833
850
847
842
834
855
854
69
786
872
78
794
849
86
763
835
93
743
764
764
759
828
87
741
857
67
791
870
100
770
863
73
790
875
105
771
889
87
803
865
97
768
878
98
781
872
93
779
891
81
811
874
80
794
900
78
822
878
108
771
775
1002
88
914
53
862
25
837
33
805
788
788
769
772
752
745
747
750
759
754
758
861
102
759
793
27
767
778
778
872
88
784
879
99
780
882
103
780
886
114
773
882
76
807
793
795
790
790
884
92
793
821
35
786
780
777
779
872
98
774
791
783
889
93
797
800
791
883
79
805
885
125
761
795
785
780
773
767
772
863
89
774
781
783
792
789
788
787
804
811
800
800
819
910
89
821
835
840
917
125
793
825
816
799
787
771
764
762
785
786
783
796
863
66
798
894
103
792
810
791
797
804
803
796
806
898
104
795
803
801
909
74
835
26
810
846
923
82
842
943
101
842
968
105
864
964
129
836
863
944
105
840
846
837
946
99
847
947
140
807
861
859
937
97
841
958
135
824
966
114
853
857
850
870
858
26
833
873
29
844
28
817
803
798
780
781
24
757
766
781
805
796
903
98
806
820
805
823
913
119
795
822
923
904
58
847
852
936
110
827
942
149
793
864
30
834
829
930
126
805
927
917
931
59
873
879
959
85
875
888
25
864
887
902
72
831
950
944
92
852
875
944
928
58
871
1014
80
935
967
975
76
900
907
1070
87
984
972
56
917
44
874
868
942
920
924
92
833
845
853
951
28
923
90
834
855
877
957
939
99
841
963
96
868
963
30
934
950
60
890
893
950
943
81
862
962
91
872
905
45
861
960
101
860
959
966
98
869
879
875
943
130
813
921
900
898
75
824
818
805
806
896
94
803
905
890
909
46
863
925
911
919
68
852
945
927
930
95
836
862
926
919
916
81
835
930
910
61
849
856
24
833
1070
38
1032
1053
42
1012
1003
995
34
961
938
33
905
46
859
862
924
99
826
857
835
908
900
937
931
61
870
978
956
971
973
971
955
940
64
876
875
946
929
964
956
950
55
895
959
944
951
957
966
63
904
932
914
945
942
929
930
951
937
936
962
982
988
975
955
66
889
936
917
923
903
904
928
933
951
943
931
949
959
961
948
954
959
944
937
946
923
949
940
85
856
914
75
839
893
85
809
888
870
871
869
866
865
867
868
868
869
875
882
889
898
892
893
886
889
882
878
894
882
866
868
875
866
857
858
865
879
874
871
875
878
872
867
886
885
878
874
875
892
883
887
908
911
917
912
897
903
893
881
873
887
896
907
903
916
920
915
929
947
936
932
953
26
927
930
945
925
916
914
893
897
906
902
892
896
902
883
884
864
863
861
853
866
872
869
857
844
828
815
814
826
829
833
828
821
820
814
810
807
804
798
802
57
745
737
750
803
84
720
798
24
775
783
772
774
784
789
788
787
785
792
798
809
823
833
826
837
848
847
851
877
876
875
897
912
905
949
952
971
984
989
983
963
967
978
986
973
966
946
974
31
943
927
915
923
924
923
915
26
889
898
902
895
883
882
886
892
912
915
920
916
917
914
912
58
854
903
882
876
880
861
69
793
863
848
852
841
861
868
852
852
864
868
861
860
860
856
58
798
867
27
840
838
826
76
750
882
55
828
828
828
831
838
841
844
833
826
831
854
850
56
794
858
85
773
840
92
749
832
69
763
832
831
834
854
855
842
849
861
863
855
857
856
64
793
879
867
880
880
81
800
790
977
63
915
920
928
925
901
910
914
923
925
920
69
851
914
892
919
929
909
903
933
964
946
935
933
940
936
85
852
930
925
927
909
917
942
937
920
935
964
944
922
932
954
940
918
928
940
926
80
847
932
100
833
821
807
877
95
783
889
876
905
894
900
942
959
954
946
952
952
85
867
860
927
910
914
67
847
918
81
838
848
911
904
908
926
906
920
949
971
953
936
937
963
79
885
944
932
948
931
67
865
948
950
940
79
862
941
930
921
76
846
952
96
856
1007
487
521
106
415
972
27
945
932
948
958
88
871
962
956
324
632
312
321
875
971
992
967
79
889
994
974
36
938
946
958
976
42
935
956
982
980
26
954
960
977
957
955
959
954
942
935
962
953
946
956
939
943
947
956
945
950
946
923
920
941
956
948
936
939
957
950
953
961
960
937
954
970
970
969
973
973
969
949
963
981
969
959
972
987
970
984
980
958
960
968
958
956
982
36
946
945
957
955
938
954
945
938
949
953
971
962
946
943
942
937
934
926
919
899
900
906
896
908
927
940
936
935
967
976
964
981
960
962
983
985
973
1000
1013
32
982
998
1010
995
977
998
1004
996
1004
33
971
987
986
969
947
962
43
920
999
988
990
1001
988
974
88
887
185
703
1007
987
31
956
969
980
33
947
992
1009
998
1003
29
975
1012
48
965
975
34
942
976
31
946
970
958
949
949
971
951
945
928
959
988
1007
1015
1017
1017
1014
59
956
959
983
1005
987
976
961
988
972
968
958
944
964
948
938
942
959
983
32
951
661
290
396
145
252
935
958
961
942
934
959
963
948
955
379
576
189
387
976
963
949
941
955
957
951
957
976
958
991
1010
1015
1003
32
972
978
1003
990
980
988
29
960
975
980
1006
1005
998
984
969
952
32
921
933
951
939
939
937
922
26
896
897
897
899
902
460
443
453
889
906
935
921
624
297
627
350
278
625
900
918
916
935
929
915
902
916
915
915
914
912
925
951
956
951
964
975
967
957
34
923
944
968
974
965
990
1015
993
982
986
999
1007
1006
986
1000
1014
996
983
991
1005
1003
1007
1009
1017
1019
30
989
978
1002
1007
999
1000
985
976
962
956
942
929
49
881
887
900
911
901
912
912
899
899
920
939
939
960
966
943
935
967
964
966
959
967
960
947
936
929
927
929
922
31
892
911
899
891
888
27
862
881
876
873
867
879
908
919
923
944
977
1000
992
985
998
996
979
980
994
998
984
986
995
1002
988
979
1000
1004
1009
989
1006
1014
997
996
991
1002
1011
1001
1001
979
969
968
44
924
930
917
913
895
916
930
950
948
961
959
964
962
970
961
939
948
951
30
922
387
535
143
393
912
913
903
880
874
879
908
919
922
927
918
913
926
914
911
938
949
945
944
928
934
945
940
934
911
917
937
377
561
199
362
942
941
962
32
931
932
921
944
942
935
920
928
916
35
882
886
923
35
889
904
917
922
922
914
910
916
903
942
961
956
973
994
1005
980
1006
1023
1005
985
1004
1013
993
985
999
214
785
1220
804
417
557
947
949
630
320
317
307
941
925
64
862
1050
120
931
917
951
960
977
960
987
998
993
33
960
1005
1002
985
52
933
961
977
357
620
275
345
934
961
973
29
945
961
967
968
370
599
254
345
939
946
935
143
792
977
1127
150
978
976
955
996
979
976
970
949
51
898
952
939
950
938
953
953
962
950
959
986
987
965
984
975
972
28
945
925
911
906
942
953
928
951
973
983
963
992
1009
1006
985
1004
1012
28
985
998
1016
1002
1005
27
978
958
975
990
1000
974
1001
1010
1019
1011
32
979
975
978
396
583
199
384
949
927
913
33
880
896
880
29
852
848
829
828
819
864
73
791
849
73
776
834
75
760
819
77
742
816
68
748
825
75
750
845
35
810
809
794
792
24
769
761
771
764
757
748
764
760
755
820
811
806
24
782
847
44
803
849
68
782
858
80
778
874
86
788
850
68
782
869
84
786
856
77
779
857
72
786
850
835
824
822
825
822
816
822
809
829
60
769
61
708
841
821
816
35
782
838
832
835
827
833
845
837
825
40
785
845
837
56
782
841
90
752
835
85
750
834
80
755
826
79
747
750
818
76
742
758
760
753
829
72
757
750
763
769
757
748
749
749
750
734
736
741
737
736
724
733
737
734
739
734
720
729
738
735
740
742
742
763
759
751
753
752
745
736
742
735
822
97
725
742
745
749
736
735
718
733
743
731
733
727
724
748
835
826
840
62
779
896
877
876
875
78
798
799
24
775
784
766
776
776
763
762
750
732
737
734
735
739
748
779
862
75
787
796
780
787
868
867
54
813
797
496
302
505
810
792
781
785
776
780
769
767
753
747
756
766
757
758
799
887
107
781
904
144
760
800
801
790
782
770
24
747
760
753
766
748
756
758
768
846
82
765
766
763
783
778
878
99
780
808
794
3999
3999
3999
3999
3999
3999
3999
3999
3999
3999
3999
3999
3999
3999
3999
3999
3999
3999
3999
3999
3999
3999
3999
3999
3999
3999
3999
3999
3999
3999
3999
3999
3999
3999
3999
3999
3999
3999
3999
3999
3999
3999
3999
3999
3999
3999
3999
3999
3999
3999
3999
3999
3999
3999
3999
3999
3999
3999
3999
3999
3999
3999
3999
3999
3999
3999
1275
942
117
826
844
839
930
111
820
855
853
938
79
860
947
106
841
984
106
879
974
112
862
901
41
861
866
952
115
838
874
887
961
110
852
893
39
854
856
962
133
830
960
123
838
876
25
852
842
827
814
800
796
814
910
916
952
119
833
979
32
948
71
877
890
967
975
91
885
893
971
96
876
875
869
850
838
34
805
801
916
91
825
966
33
934
939
100
840
863
853
838
844
839
929
912
914
38
876
949
117
832
840
26
815
820
905
95
811
916
90
827
961
97
865
967
110
858
893
42
851
857
867
858
845
855
880
44
837
860
847
827
848
932
94
839
935
927
954
936
958
957
130
827
843
822
27
795
781
768
751
738
731
727
711
708
713
705
701
691
693
702
700
689
687
695
692
691
704
708
729
738
830
80
750
780
772
771
758
755
758
744
746
760
750
832
84
748
819
402
417
88
330
760
741
756
855
69
786
870
91
779
889
115
775
813
814
810
792
25
768
875
97
779
797
434
364
413
1527
676
851
295
556
266
291
785
810
811
793
787
24
763
757
754
749
733
729
731
727
720
719
706
710
714
710
701
698
702
700
692
693
687
683
676
686
687
679
671
674
680
687
691
690
686
693
695
696
697
691
700
698
692
699
697
697
688
691
696
700
704
713
713
721
918
107
812
814
41
773
755
745
726
723
731
719
731
725
712
728
721
718
725
728
725
717
721
722
714
712
705
699
688
688
682
680
670
674
678
679
682
679
687
704
693
690
686
686
672
680
685
683
680
683
688
690
693
695
709
720
712
708
708
717
804
97
708
724
825
85
740
835
95
741
755
832
820
830
67
763
838
101
738
749
846
29
818
70
748
844
94
750
835
814
55
760
830
97
733
751
24
728
744
727
712
714
701
715
710
711
720
735
748
748
763
753
880
100
781
792
800
907
112
795
910
118
792
807
27
781
803
793
792
787
835
892
896
915
93
822
841
840
826
34
792
807
826
946
118
828
856
53
804
831
813
802
791
790
31
759
776
771
761
749
756
756
769
757
766
760
783
773
787
798
781
783
786
779
781
776
779
814
24
790
794
789
783
788
784
810
818
797
797
791
789
793
779
778
769
769
769
788
805
802
799
809
810
811
810
810
789
808
804
812
825
808
795
804
810
814
815
817
807
799
796
791
808
793
817
833
829
819
806
822
813
817
805
802
841
827
857
868
866
846
831
847
865
36
829
879
862
979
131
849
875
881
33
849
829
822
847
949
140
809
858
35
823
827
841
830
808
848
835
844
831
842
842
24
819
844
842
825
830
960
149
812
875
916
900
887
24
863
999
104
895
939
39
901
33
868
880
990
117
873
1051
95
957
955
39
916
52
864
848
865
886
875
860
1023
125
899
917
925
916
942
53
889
931
948
937
32
905
38
868
896
888
986
122
864
934
69
866
860
850
860
875
857
845
858
859
884
878
879
867
849
833
845
962
147
816
882
877
875
873
880
864
856
843
29
815
808
817
821
821
922
100
823
852
841
839
824
833
823
862
857
850
863
964
121
844
892
996
129
867
904
905
944
28
916
940
1008
82
927
932
30
903
47
856
840
862
852
943
79
865
958
110
848
918
64
855
868
951
122
829
868
957
86
871
915
33
882
864
968
123
846
869
853
850
875
876
894
42
852
843
859
947
68
879
967
114
854
887
36
852
846
846
832
917
53
865
941
94
847
871
865
851
940
61
879
963
84
880
916
893
27
867
847
871
933
62
872
870
856
855
932
79
854
943
69
875
901
44
857
895
902
961
79
883
883
887
871
862
29
833
825
851
925
923
929
64
866
866
875
930
934
66
869
943
107
836
875
32
844
845
839
935
937
942
955
999
989
988
1022
1083
40
1043
45
999
1017
29
988
999
983
80
903
919
908
33
875
1007
996
43
953
1015
1062
1110
1095
1071
1131
50
1082
1080
1057
1037
1039
1038
1172
103
1070
1076
1049
28
1022
44
978
79
900
1032
131
901
25
877
875
989
75
914
953
977
982
1014
1023
1002
31
972
985
992
977
963
958
938
916
924
906
887
878
30
849
841
840
899
81
819
898
903
41
863
935
922
956
30
926
439
488
56
432
946
950
947
948
923
912
941
66
875
884
944
936
931
48
884
873
925
924
926
938
45
893
971
962
978
53
926
964
968
985
961
940
974
972
968
952
948
970
976
952
970
988
1004
32
973
987
1001
993
42
951
937
954
954
949
955
47
908
954
30
924
938
78
860
937
68
869
943
95
849
933
77
857
941
921
925
946
946
951
953
71
882
965
28
938
1057
93
965
973
44
930
919
913
897
888
947
41
907
926
907
75
832
893
76
817
815
804
869
76
793
886
878
891
898
61
838
864
1031
42
989
986
41
946
943
930
937
933
28
906
45
861
847
33
814
810
815
892
73
819
824
814
860
1014
56
958
973
58
916
913
911
947
929
72
858
841
31
811
794
777
774
790
771
799
937
30
907
913
936
91
845
899
881
885
57
829
811
794
781
782
795
811
813
833
946
107
839
987
139
848
881
881
888
55
834
813
28
786
770
759
769
874
109
766
812
801
839
836
852
833
827
818
820
815
31
784
764
754
746
769
769
763
791
796
965
40
926
83
844
869
851
837
850
843
32
812
29
783
770
759
749
743
735
751
774
894
107
788
908
113
795
828
811
815
801
782
770
758
751
763
774
790
772
795
904
87
817
929
122
807
833
834
829
818
25
793
22
772
764
758
768
757
773
771
908
108
801
922
134
789
819
814
804
812
808
30
779
758
749
737
740
765
863
119
744
783
915
908
91
817
866
39
828
822
807
803
806
807
787
782
771
756
755
746
754
750
755
749
751
758
747
874
108
766
961
75
887
58
830
919
903
911
907
906
907
915
87
828
30
798
815
31
785
896
115
781
807
907
30
877
63
815
822
893
95
799
920
104
817
919
107
813
910
106
804
905
25
880
80
801
886
92
795
816
38
779
875
869
909
112
797
812
875
876
875
869
72
797
881
102
780
875
860
73
787
875
865
885
889
905
27
878
896
898
900
98
802
811
30
782
770
766
765
761
761
750
749
750
768
23
746
751
829
81
748
757
749
743
743
737
736
727
735
803
70
734
829
820
835
49
787
860
853
869
59
810
884
869
875
57
819
870
866
857
869
876
65
812
874
868
865
62
804
862
860
869
861
57
804
872
856
855
847
857
869
875
905
923
939
30
910
912
927
957
26
931
932
954
964
942
387
555
145
411
953
957
951
954
961
942
949
959
951
942
931
952
1018
55
964
940
969
970
951
943
959
972
976
977
998
1003
1022
1007
1003
1041
1076
1070
41
1030
1020
1044
1022
55
968
964
974
959
963
1002
996
33
963
994
1027
1020
28
993
1035
1014
989
1007
1039
1030
1024
1053
1070
46
1024
1011
1025
1015
100
916
958
993
985
981
956
944
955
951
969
993
1008
992
991
994
1006
1039
1021
1020
1035
1023
1034
39
995
993
1004
1028
1022
41
981
1001
1027
1015
991
974
967
987
983
964
945
964
1002
978
33
945
981
985
980
32
949
988
1008
1007
988
1010
1024
1027
1040
28
1012
1016
1034
1020
42
979
1009
1014
1006
1002
1043
1031
42
989
1000
1003
992
1004
1011
1008
995
1036
1013
1000
999
1008
983
974
1014
994
45
949
1016
28
989
970
994
997
1025
1002
1026
1002
1004
995
1020
1008
29
980
1023
1010
1000
1001
1039
1041
1027
1036
1055
1031
1038
1058
1057
42
1016
1017
1063
44
1020
994
1006
983
961
995
1000
999
990
993
1001
32
970
957
945
958
979
982
986
977
997
995
976
980
986
984
968
980
992
988
988
992
1010
1011
1002
1031
1028
1023
1015
1039
1051
42
1010
1041
1057
1058
1040
1059
1063
1042
1037
1047
1048
28
1020
1028
1032
1027
1018
1044
1042
1037
1023
1032
1041
1030
1030
1041
1048
1027
1018
1053
1048
1036
1029
1038
1038
1011
1041
1041
1025
1024
1028
1035
1018
1031
1026
1015
999
1028
1015
996
1017
1016
1021
1005
1023
1023
1005
1016
1020
1014
1003
1022
1028
28
1000
1025
1049
1041
28
1013
1043
1040
37
1003
1013
1037
1025
247
778
1216
217
1000
992
971
981
972
954
968
971
949
959
966
958
955
984
965
986
1020
1017
1022
1014
1053
1045
1034
1023
1038
1049
1039
1012
1053
1064
1061
37
1025
1058
1048
1049
38
1012
1026
1061
1050
47
1004
1030
1055
1040
1038
1046
1060
1037
1037
1068
1067
29
1038
1046
1073
1083
29
1054
1041
1069
1053
33
1020
1038
1037
40
997
1010
1034
1034
1016
1034
1043
1029
1024
1039
1048
1040
1041
1053
1058
30
1029
1037
1042
46
997
1024
1037
1029
1003
1034
1038
1017
1014
1042
1052
49
1004
1008
1039
1025
1003
1021
1066
1067
34
1033
1036
1060
1040
39
1001
1040
1053
46
1008
1065
1068
30
1039
1023
1023
1024
31
993
1018
1044
1045
1030
1044
1058
1052
1029
1043
1056
1044
1037
1043
1047
1031
1053
1065
1039
1050
1066
1062
33
1030
1041
1033
63
970
967
974
206
768
43
726
312
415
646
351
295
954
942
35
908
910
895
881
872
874
865
887
876
893
889
922
940
917
923
947
947
970
28
943
30
913
893
880
872
30
842
827
833
829
813
813
818
806
799
800
796
788
786
791
796
787
775
771
783
778
781
775
777
770
768
37
732
780
766
761
760
759
761
752
749
48
701
758
64
695
748
58
690
755
66
689
744
69
675
751
70
682
746
61
686
749
62
687
748
75
673
747
68
680
744
67
677
737
58
679
742
73
669
731
57
675
743
70
674
733
68
666
737
68
669
733
71
662
684
720
730
67
663
728
67
662
726
71
656
725
69
656
745
729
46
683
747
67
680
742
61
681
747
63
684
22
663
735
746
75
672
738
69
670
744
71
673
737
69
668
738
70
668
739
73
666
731
64
668
737
71
666
733
58
675
736
70
666
679
671
673
671
667
666
670
671
726
76
651
661
665
663
658
657
663
662
661
653
656
662
664
657
657
661
658
658
647
656
660
657
650
656
652
653
648
655
658
654
651
648
652
653
653
652
650
653
654
649
645
653
654
651
648
649
655
655
656
668
746
69
678
757
80
678
689
676
672
682
679
681
672
691
786
91
695
778
86
693
820
95
725
812
89
724
846
80
767
831
110
721
853
100
754
773
30
743
767
758
754
754
752
745
747
755
755
742
754
33
722
909
109
800
876
117
760
795
813
33
781
23
758
884
126
759
810
31
780
896
137
760
973
80
894
84
811
810
35
776
25
751
791
782
927
157
771
812
825
826
824
26
799
924
141
784
838
52
787
925
134
792
862
71
791
839
24
816
819
826
24
802
823
925
124
802
814
797
823
928
131
798
798
808
947
152
795
847
47
801
809
829
850
834
34
801
818
939
113
827
869
53
816
849
842
849
33
816
810
866
28
838
864
1064
90
974
977
117
860
843
832
828
37
791
781
925
134
791
855
33
823
952
116
836
850
25
826
827
854
840
44
796
804
838
828
34
794
795
859
40
819
807
809
797
811
798
793
28
766
763
751
740
868
94
774
788
774
773
776
769
800
908
136
772
816
39
778
815
853
831
814
830
975
151
825
886
58
829
535
294
562
957
102
855
875
27
849
984
101
883
891
39
852
1015
149
866
868
41
827
855
845
868
46
822
826
834
837
827
811
845
836
838
826
829
851
843
824
817
874
32
842
843
30
814
858
942
117
826
843
854
33
821
897
78
820
815
824
836
875
959
117
843
900
58
843
891
922
50
873
854
917
902
885
866
986
105
881
888
903
949
49
900
41
860
859
858
865
849
857
952
93
859
884
30
854
959
102
858
896
874
885
961
108
854
856
847
971
117
855
859
838
849
875
24
851
859
956
92
864
882
31
852
875
904
897
34
863
903
958
107
852
859
848
871
33
839
836
929
918
77
842
890
954
957
93
864
929
939
915
907
916
930
56
875
875
875
862
849
847
928
87
842
859
847
932
85
847
863
864
936
80
856
24
833
834
1081
118
963
970
32
939
933
44
889
875
901
912
919
901
886
958
952
63
889
898
893
967
92
876
889
903
950
934
61
874
880
963
26
938
51
888
896
971
959
63
897
978
975
70
905
919
1005
57
949
966
955
982
973
39
934
940
948
928
909
984
61
923
926
908
977
61
916
928
907
987
980
69
912
955
965
964
31
934
952
945
942
921
955
963
40
924
926
979
957
41
916
970
640
331
630
947
937
988
33
956
29
927
45
883
939
64
876
247
630
337
294
851
915
907
82
825
896
27
869
877
872
862
860
856
850
843
845
845
835
864
869
869
858
865
858
853
858
864
894
910
911
65
847
896
877
899
918
911
929
932
933
928
951
944
931
937
576
361
579
944
28
916
918
925
942
940
926
946
945
930
916
934
939
925
928
943
931
923
946
962
961
958
993
993
50
943
979
977
962
961
978
987
982
999
1020
27
993
1000
1000
33
968
50
918
955
79
876
913
890
901
899
887
889
883
882
883
891
883
888
894
895
891
906
889
880
884
884
871
875
1017
39
978
981
999
1010
1007
1011
28
983
994
998
1008
989
1011
1021
1001
977
985
981
1000
1014
47
967
943
956
948
973
955
934
955
981
980
959
991
991
982
30
953
949
926
950
946
963
63
901
968
969
969
981
1000
27
973
972
966
1006
32
975
985
983
963
28
936
985
46
939
964
987
63
925
904
935
85
850
830
881
865
861
862
857
856
845
829
824
809
797
789
61
728
725
797
86
712
790
82
708
812
94
718
807
807
827
832
859
870
856
879
902
899
915
911
916
928
940
943
925
910
912
912
899
899
914
924
919
933
947
969
32
937
974
999
993
52
942
32
910
943
918
916
904
922
932
930
945
961
988
973
970
973
983
45
939
964
953
969
33
937
946
959
974
949
935
957
971
958
961
967
994
30
964
963
975
971
962
966
966
960
959
964
948
60
888
967
942
947
951
954
965
951
944
964
943
938
963
956
953
963
942
925
924
928
922
914
79
835
833
820
803
783
763
836
42
795
44
751
797
783
791
786
61
726
799
779
784
784
776
46
730
793
773
778
782
791
791
792
787
780
177
604
950
186
764
69
696
714
766
1306
378
928
662
267
1124
318
806
58
748
753
761
206
556
990
263
727
758
350
409
89
320
384
37
348
76
272
500
1121
551
570
279
291
679
38
642
314
328
31
297
3999
3999
3999

