08-09-2022 - 15:07 - Correr
Judith Osses
Intervalos entre latido y latido
819
828
25
803
813
827
30
797
804
814
24
791
795
810
799
801
812
823
807
815
831
810
811
824
831
810
815
831
28
803
814
832
816
812
832
836
25
812
823
833
819
814
827
827
812
833
843
24
820
827
840
29
812
816
829
816
809
827
837
27
811
807
852
26
827
822
839
839
818
829
23
807
809
839
846
834
815
825
836
46
791
811
847
836
25
812
829
838
23
816
824
835
834
817
833
842
25
818
822
837
843
24
820
831
842
825
808
819
819
27
793
812
822
815
806
822
829
25
804
809
830
822
805
813
825
34
791
794
798
798
783
793
805
792
788
807
814
793
806
828
817
806
816
826
29
797
798
811
813
24
789
803
805
22
784
783
797
804
788
801
821
811
799
811
828
817
807
819
823
25
798
810
812
791
782
782
775
783
789
771
781
796
795
781
791
802
793
789
801
817
823
806
819
837
824
814
829
839
833
813
828
831
27
804
811
818
816
796
809
816
815
802
815
824
803
801
814
826
810
809
825
831
30
802
809
824
823
24
799
806
816
805
795
810
823
802
800
815
822
808
804
822
835
816
810
822
828
31
798
807
819
814
797
809
815
794
802
816
821
799
806
825
819
797
808
816
802
793
804
811
791
791
803
808
25
784
797
805
796
790
803
811
797
791
805
800
22
779
790
798
794
779
790
794
792
784
802
809
792
793
806
812
819
810
825
834
26
809
814
823
817
796
808
809
23
787
787
792
795
776
791
799
794
783
794
795
781
771
771
755
766
778
789
778
801
811
795
806
817
829
29
800
811
825
824
804
818
823
827
814
822
831
833
814
822
835
825
813
829
838
823
813
821
827
28
799
805
822
823
809
805
819
825
816
800
817
828
23
805
811
829
820
812
829
830
818
807
823
821
803
808
818
821
24
797
810
818
812
798
818
819
800
805
819
819
24
795
811
815
805
791
804
812
795
794
806
810
798
795
808
814
23
792
795
805
807
25
783
789
793
796
783
787
800
799
805
788
796
807
806
23
784
797
801
787
784
793
793
777
780
793
791
783
783
799
808
789
794
806
820
800
799
817
824
812
804
820
826
28
798
814
825
817
805
821
825
808
808
818
822
23
800
810
817
804
797
808
811
25
787
802
793
791
775
767
751
751
759
763
757
772
783
769
786
799
793
789
795
796
24
773
786
791
774
793
797
778
798
804
807
22
786
801
798
792
22
771
786
791
30
761
778
780
23
758
777
787
772
773
788
790
782
790
832
24
808
799
781
775
775
777
784
789
23
766
789
784
784
795
798
799
786
800
798
778
791
801
799
778
792
801
800
781
800
801
797
788
800
801
22
780
791
799
791
783
792
793
783
783
791
786
26
760
773
774
775
759
772
779
774
770
785
788
771
777
789
789
772
789
790
778
767
771
769
758
758
764
765
751
766
773
779
765
783
790
787
780
791
787
775
778
781
768
779
785
778
781
793
797
782
791
801
790
786
792
795
23
773
788
795
791
781
788
789
776
779
786
791
772
782
791
791
22
769
781
791
788
781
790
793
775
789
793
22
772
786
796
785
786
796
791
785
790
791
775
788
792
777
785
796
791
788
796
791
778
786
781
762
774
778
769
758
750
743
752
750
739
759
766
765
767
781
787
766
780
774
774
767
764
758
749
742
44
698
707
712
697
707
709
696
702
709
704
718
726
712
723
726
713
713
708
709
703
708
705
710
711
719
725
724
723
732
724
739
742
741
748
753
25
729
742
734
735
718
716
719
710
700
708
703
705
712
708
707
701
704
690
696
693
686
688
677
674
681
675
668
672
666
663
665
666
656
667
671
666
661
666
666
665
665
668
671
668
671
663
659
669
665
660
662
664
665
657
660
662
658
659
653
651
662
649
647
659
657
652
650
653
651
648
651
649
644
646
640
639
643
636
632
642
631
634
644
637
637
641
641
641
639
638
638
630
636
628
630
628
630
629
625
634
630
630
628
637
648
649
653
669
662
667
669
661
658
652
656
650
644
653
651
656
663
662
666
668
672
669
667
674
669
658
671
670
666
668
656
665
662
666
665
669
670
670
679
669
677
681
678
686
689
693
698
704
698
692
707
707
704
698
695
700
712
705
720
724
731
727
729
734
729
729
735
25
710
715
713
698
712
700
702
700
705
728
23
705
721
737
730
740
734
729
731
721
738
21
717
719
725
715
721
713
712
727
712
713
707
711
726
717
725
733
749
746
735
734
735
743
743
739
726
727
728
733
715
719
717
723
731
722
733
750
738
742
742
725
735
723
740
745
24
721
736
750
742
755
736
753
741
739
750
743
750
762
768
754
782
789
782
773
797
810
27
783
807
790
807
797
811
803
812
800
810
807
807
810
824
816
817
830
812
41
771
762
804
810
30
780
800
810
817
35
782
768
792
821
812
54
758
759
746
747
750
744
756
764
778
804
825
807
794
836
833
826
37
789
796
783
787
791
805
821
820
815
830
32
798
819
803
811
825
814
835
863
26
837
26
812
862
853
853
849
828
843
826
841
847
833
837
821
833
811
836
38
799
834
815
837
845
27
819
802
805
788
828
36
793
805
812
814
831
819
837
839
825
823
823
823
821
803
814
796
801
802
794
795
800
799
794
801
792
799
802
805
806
34
773
796
787
791
800
805
788
794
809
813
802
817
24
793
801
803
794
801
805
814
793
792
791
799
810
811
815
833
813
819
828
846
857
859
36
824
833
835
27
809
805
818
824
813
818
829
818
814
822
838
838
818
821
834
840
27
814
826
830
835
833
821
832
828
811
791
807
818
819
828
826
810
828
835
25
811
821
815
23
792
803
802
796
797
784
784
805
809
818
829
838
23
816
831
832
820
829
811
24
788
797
833
846
843
835
31
805
799
789
839
847
852
853
831
834
816
805
859
870
41
829
838
840
41
800
789
809
842
843
25
819
802
24
778
769
823
822
24
799
821
828
833
29
805
847
838
835
847
828
842
29
814
813
858
850
834
840
831
812
795
810
830
835
25
811
825
818
829
832
839
833
831
826
838
820
833
841
827
826
834
827
825
833
813
826
833
819
828
813
821
827
814
826
825
814
820
810
806
809
793
798
799
805
808
823
809
822
832
836
831
810
817
812
796
798
812
803
815
814
817
827
825
815
833
823
833
832
820
834
831
824
834
823
828
827
811
815
826
818
819
833
830
824
834
841
830
836
842
826
828
832
828
816
823
823
811
826
813
802
816
794
812
824
802
816
817
810
819
820
807
818
825
810
823
828
815
813
820
822
809
822
831
811
826
831
23
808
823
825
803
816
820
800
804
811
797
807
813
801
804
812
814
800
813
818
806
803
807
807
810
793
802
804
788
800
802
798
792
804
790
794
797
801
799
813
819
808
820
828
829
816
821
826
829
807
815
805
808
803
801
796
797
792
787
795
790
782
787
790
789
792
785
796
784
780
778
768
782
788
782
795
797
802
791
803
812
797
800
808
791
800
809
806
793
796
798
805
797
805
800
804
794
806
802
801
795
805
801
792
799
802
801
802
807
805
813
819
811
814
806
806
800
792
787
792
775
791
791
791
811
805
811
821
825
820
832
825
836
832
841
822
832
832
813
813
821
819
803
809
813
806
817
811
823
819
833
842
826
842
832
848
840
848
835
851
862
843
847
849
845
852
848
855
30
825
839
841
824
833
831
830
833
836
829
822
833
834
820
821
829
837
816
832
839
820
831
837
825
820
814
819
810
823
841
825
843
833
842
838
843
840
842
847
829
833
830
831
838
840
34
806
827
833
814
825
831
827
812
828
829
820
820
807
817
801
815
820
801
826
827
816
826
805
803
804
804
809
790
808
801
805
819
824
23
801
823
819
827
836
845
847
846
827
820
822
831
830
826
804
814
816
803
809
812
797
804
798
804
800
803
816
827
837
843
835
844
853
841
833
836
827
834
835
835
815
817
806
817
816
814
815
821
813
831
831
830
827
828
826
827
838
837
829
827
832
833
816
823
826
813
818
808
805
806
793
800
807
811
815
802
812
817
814
24
791
804
794
794
793
795
781
788
792
792
788
795
785
794
797
777
791
788
779
791
790
786
793
793
790
798
806
797
806
808
806
799
801
807
807
816
819
815
797
798
782
780
782
779
779
786
790
796
791
796
793
794
788
795
797
791
797
792
802
799
804
808
810
792
802
792
796
790
774
768
770
763
772
759
778
771
785
794
801
794
809
814
819
804
818
820
815
810
819
812
814
824
822
804
816
801
799
801
797
792
799
805
789
810
25
785
803
804
809
799
789
803
789
793
798
795
789
776
787
780
792
806
821
815
837
838
833
849
849
833
842
828
840
835
841
844
840
27
814
826
824
810
819
819
816
829
819
833
843
844
862
871
854
862
864
851
851
859
852
852
861
846
851
853
842
856
854
842
841
824
827
828
812
805
819
810
810
825
817
825
829
825
836
840
25
815
824
803
801
813
799
813
791
806
808
807
815
806
802
808
806
796
810
816
797
808
805
816
809
820
818
32
787
793
789
22
767
769
779
758
780
794
804
786
803
803
789
782
783
771
789
791
788
798
811
826
818
835
842
830
843
851
833
843
845
23
823
835
836
829
827
838
826
834
842
828
843
830
824
833
833
830
843
857
844
851
833
846
831
841
853
838
840
839
844
833
816
826
821
819
833
825
847
852
852
861
849
858
866
852
866
863
870
24
846
849
844
829
818
62
756
773
774
760
767
773
785
788
803
821
834
815
829
834
834
825
810
795
28
768
781
22
759
773
778
796
778
791
804
797
808
813
809
811
792
801
30
772
778
764
770
779
768
769
788
798
786
800
803
798
813
799
820
806
815
815
803
814
795
787
798
795
785
777
772
762
778
782
779
792
795
791
800
792
801
806
808
826
836
832
847
849
844
855
842
851
855
846
851
846
851
836
845
829
839
836
836
847
829
838
853
857
849
835
838
836
842
843
829
827
834
829
833
839
833
23
811
834
841
824
842
841
833
843
847
857
844
833
828
821
830
835
832
851
848
850
852
851
860
845
856
862
849
847
868
861
853
841
849
850
846
835
832
814
817
824
831
835
823
838
834
836
814
828
808
805
820
822
813
839
850
840
823
838
830
843
841
820
824
809
821
24
798
819
810
825
823
812
832
30
802
813
815
814
812
806
805
788
798
792
806
818
814
835
842
848
846
828
832
38
794
814
809
793
814
809
799
814
809
815
817
812
805
816
807
22
786
765
779
789
793
790
805
801
808
25
784
803
796
789
794
810
820
825
825
811
831
829
830
817
820
815
826
812
830
25
805
821
805
820
824
23
801
818
812
802
814
804
808
819
810
811
824
25
799
802
804
814
822
831
813
833
835
844
825
842
836
830
817
826
810
831
23
808
827
837
28
810
824
803
815
804
813
820
803
822
810
830
820
832
845
842
840
23
818
818
808
803
799
810
815
828
810
832
835
837
837
837
26
812
823
37
787
803
783
49
735
761
746
757
765
782
779
799
785
806
790
809
792
801
797
788
784
783
788
775
783
777
779
781
779
24
755
771
764
765
25
740
756
752
741
750
750
749
746
741
757
769
769
787
788
801
796
800
798
782
794
782
792
777
781
797
782
795
803
804
30
775
788
780
760
744
744
749
770
785
780
801
805
822
833
847
850
841
27
815
826
809
809
813
810
793
804
809
795
809
818
827
809
831
837
821
834
829
826
833
836
834
833
32
801
819
812
821
830
833
829
830
825
36
789
789
798
779
788
784
802
809
817
840
854
869
853
848
857
854
848
842
27
815
826
824
824
822
802
813
36
778
792
774
790
792
783
805
808
811
834
832
853
850
839
28
811
823
829
833
818
831
816
821
826
810
825
833
828
831
816
829
815
826
822
820
837
843
844
839
836
821
823
823
31
792
793
806
786
802
783
802
800
802
810
815
804
793
784
773
772
776
788
798
798
796
815
808
822
807
798
820
819
799
818
806
812
825
804
813
805
796
25
772
764
744
757
765
768
775
801
820
827
838
830
853
844
859
854
832
813
824
826
806
816
822
809
815
830
838
820
841
840
830
826
827
833
823
820
821
802
810
802
808
795
806
804
801
798
806
811
799
814
817
26
792
803
784
791
790
784
801
811
798
819
825
807
825
821
810
791
45
747
768
751
754
24
731
722
738
722
725
726
716
714
708
705
702
706
690
691
684
681
677
677
662
666
657
659
662
28
634
670
661
654
653
660
662
661
662
652
656
667
650
663
667
666
667
674
684
670
683
668
680
673
676
684
682
687
675
683
683
686
680
684
688
684
685
681
688
674
666
666
666
666
659
651
659
23
636
646
641
643
650
641
645
646
649
645
653
656
647
656
654
649
653
658
666
665
666
26
640
654
659
648
649
646
656
655
648
636
645
631
638
640
636
642
642
20
623
633
638
637
644
647
636
654
653
653
648
26
622
640
623
629
636
625
626
639
625
634
637
643
645
642
648
652
651
50
601
698
46
652
648
650
642
646
645
644
649
646
652
644
642
635
633
619
625
623
623
631
630
639
648
651
649
659
653
652
657
654
648
643
652
635
638
642
650
661
662
674
664
672
680
20
661
666
678
27
652
655
664
23
641
655
658
655
3999
3999
3999
3999
3999
3999
3999
3999
3999
3999
3999
3999
3999
3999
3999
3999
3999
3999
3999
3999
3999
3999
3999
3999
3999
3999
3999
3999
3999
3999
3999
3999
3999
3999
3999
3999
3999
3999
3999
3999
3999
3999
3999
3999
3999
3999
3999
3999
3999
3999
3999
3999
3999
3999
3999
3999
3999
3999
3999
3999
3999
3999
3999
3999
3999
3999
3999
3999
3999
3999
3999
3999
3999
3999
3999
3999
3999
3999
3999
3999
3999
3999
3999
3999
3999
3999
3999
3999
3999
3999
3999
3999
3999
3999
3999
3999
3999
3999
3999
3999
3999
3999
3999
3999
3999
3999
3999
3999
3999
3999
3999
3999
3999
3999
3999
3999
3999
3999
3999
3999
3999
3999
3999
3999
3999
3999
3999
3999
3999
3999
3999
3999
3999
3999
3999
3999
3999
3999
3344
751
764
772
778
776
776
756
777
778
771
22
750
755
757
762
753
760
767
783
778
776
800
804
31
773
786
783
767
765
766
772
27
745
757
745
754
766
752
777
770
778
791
802
791
803
808
790
787
790
780
763
767
768
21
747
759
773
755
780
764
791
802
806
787
790
781
777
789
783
801
796
780
778
32
746
753
738
761
744
748
745
22
723
743
22
721
746
746
737
750
754
738
750
21
729
717
712
708
719
26
693
710
704
705
706
704
710
720
710
728
28
700
711
702
705
699
708
26
683
690
707
32
675
698
700
682
691
675
684
671
676
684
666
684
679
677
685
669
675
683
20
663
667
674
666
670
662
655
671
20
651
654
666
20
646
666
654
662
666
22
644
672
20
652
655
637
643
643
647
640
647
652
659
660
663
657
654
658
653
655
656
656
664
663
665
651
658
664
666
657
666
666
666
665
669
673
686
671
682
676
682
690
680
682
682
679
20
660
672
662
666
20
647
664
667
669
655
656
678
670
667
674
667
673
676
663
668
664
666
659
659
657
664
660
663
658
661
665
651
666
662
667
663
659
666
665
662
653
664
665
649
647
651
649
645
645
655
655
645
655
643
642
637
639
649
637
640
638
638
641
625
638
643
630
633
644
627
642
643
636
638
651
638
635
638
644
627
647
630
647
631
639
649
643
646
645
654
662
656
670
663
665
668
658
666
666
655
655
638
653
641
641
24
618
636
628
628
642
635
644
665
665
665
681
685
672
684
689
674
686
685
675
686
669
686
702
704
708
699
716
713
23
691
710
717
706
710
737
736
730
756
758
748
765
776
24
752
767
770
32
739
755
752
733
745
758
21
738
755
772
758
785
781
771
778
767
785
777
31
746
749
761
743
761
769
774
791
813
795
819
820
29
792
812
813
25
789
806
808
23
786
809
817
27
790
800
814
29
785
791
806
792
782
797
802
22
781
798
809
25
784
794
811
793
786
806
797
784
793
30
764
820
800
783
804
805
795
818
824
808
832
840
25
816
838
837
26
812
826
23
803
809
795
778
33
745
729
789
32
757
761
783
767
785
806
786
802
817
799
787
833
825
807
830
838
24
815
826
834
31
804
838
832
832
23
809
831
833
25
809
812
807
856
33
823
830
832
23
809
824
806
787
833
826
805
832
844
24
820
841
34
808
39
769
811
58
753
773
35
739
755
750
21
730
751
28
724
732
719
727
747
749
739
753
35
719
730
767
747
744
22
723
719
724
715
722
738
735
742
761
766
769
782
44
738
740
790
788
30
758
754
23
732
731
740
727
722
729
712
715
721
724
723
731
714
729
731
719
729
722
720
731
719
731
722
729
729
715
728
730
717
728
727
715
724
719
709
715
710
708
715
710
705
710
708
691
688
696
696
686
707
706
719
707
720
726
709
727
713
718
701
721
708
725
33
693
707
705
716
709
722
719
714
727
723
723
727
739
746
738
751
748
758
766
93
674
850
108
743
752
765
755
41
714
799
56
744
741
749
748
754
738
749
742
752
738
752
763
754
762
773
767
770
778
785
767
770
23
747
750
750
732
741
730
740
738
748
760
755
755
767
765
761
763
747
731
749
30
719
730
712
721
724
743
752
760
750
754
750
741
751
751
749
742
734
728
725
725
733
718
733
728
731
726
734
27
708
706
694
693
697
686
697
685
693
674
692
694
688
686
690
696
696
713
26
688
689
680
688
678
676
682
683
695
691
694
708
710
696
713
708
708
708
712
698
704
708
694
696
703
695
686
696
689
675
692
689
678
705
707
695
706
713
701
710
717
709
711
716
712
709
724
728
732
716
730
741
742
26
716
735
746
24
722
744
747
729
729
736
749
753
750
752
773
760
764
778
776
766
789
775
774
793
783
781
803
786
789
773
760
795
791
24
767
778
23
755
776
789
26
763
765
21
745
764
771
22
750
761
761
761
755
758
27
732
786
770
755
750
748
749
732
742
730
746
750
756
778
763
786
780
790
790
778
807
794
795
812
799
797
796
30
767
784
810
809
807
798
800
37
764
783
813
818
799
812
796
22
775
787
820
810
803
811
799
802
32
771
763
809
825
31
794
792
791
784
776
767
797
812
807
803
791
793
27
767
769
770
760
772
766
775
757
771
778
29
749
753
748
737
746
740
742
736
734
743
737
739
735
722
728
725
731
736
727
742
722
736
737
723
727
711
711
726
27
700
708
717
706
716
722
705
715
712
707
719
23
697
702
722
709
708
704
694
697
692
692
687
693
690
689
682
676
686
678
679
693
682
691
673
681
20
662
679
691
673
682
672
678
688
675
684
695
681
679
686
670
680
20
661
684
686
687
697
701
690
702
703
688
686
671
668
669
663
663
651
661
22
639
644
642
635
639
638
633
641
636
646
635
639
656
639
652
658
665
653
666
665
667
673
672
665
674
684
21
664
671
692
21
671
684
704
695
710
734
720
737
758
740
752
759
746
766
774
757
771
789
772
795
782
783
801
24
778
787
796
33
764
796
22
775
765
774
761
752
761
750
747
37
710
744
753
31
723
742
748
747
776
792
25
768
781
788
33
755
768
784
766
756
778
778
760
765
803
26
778
786
787
31
756
782
769
47
723
739
744
800
31
770
782
766
763
764
754
778
765
783
768
789
771
793
781
803
796
799
818
27
791
810
791
24
767
778
778
37
741
764
772
775
23
753
777
785
23
762
774
795
799
47
753
777
777
774
779
789
779
797
783
805
24
781
795
828
834
27
808
808
825
817
34
783
786
831
34
797
805
815
794
795
22
774
805
809
823
815
28
788
803
786
28
758
818
822
805
827
828
827
828
27
801
836
823
46
777
787
780
769
762
755
755
776
766
773
798
791
790
809
27
783
794
815
808
791
809
810
46
764
781
822
27
795
777
785
786
25
761
771
43
728
780
771
26
745
747
746
746
744
744
762
774
761
778
783
763
788
784
775
769
779
778
757
779
781
31
750
766
754
735
729
29
700
725
710
704
707
737
729
747
736
750
752
758
773
775
782
791
790
802
784
797
778
782
771
780
765
776
786
781
780
808
806
812
28
785
786
791
786
807
803
818
822
823
35
788
806
798
32
767
783
786
789
782
811
792
797
790
792
26
767
795
787
781
780
776
776
779
779
780
779
781
780
776
787
778
24
754
769
752
743
757
760
761
750
771
777
766
789
788
779
23
756
778
776
760
767
778
774
787
769
788
791
780
762
758
797
791
23
768
761
754
36
719
755
774
766
753
767
769
773
761
767
756
759
754
739
752
748
740
739
728
30
699
713
713
713
720
721
719
732
738
743
730
745
741
747
754
749
755
764
764
761
761
753
749
754
754
753
758
777
775
773
24
749
745
749
750
735
733
740
739
755
767
789
802
796
814
799
814
805
788
788
779
790
773
776
779
763
762
764
751
767
758
750
731
741
734
744
754
759
750
758
767
769
780
769
770
772
780
771
779
771
765
757
772
766
780
777
802
23
780
804
793
791
802
24
779
798
797
783
787
792
779
780
786
29
757
753
746
767
786
777
804
822
805
810
827
30
797
805
817
798
799
809
809
790
802
26
776
776
768
775
771
777
772
794
808
808
842
844
847
874
883
35
848
862
856
843
28
815
816
813
800
791
807
805
33
773
801
813
24
790
820
832
819
821
833
841
819
834
843
28
815
826
818
812
823
813
819
833
822
821
831
829
23
807
808
809
788
794
806
819
813
810
40
770
795
35
761
762
747
744
756
743
739
737
758
761
770
751
756
765
752
758
772
757
758
27
732
752
747
750
770
766
769
791
794
783
797
799
23
777
799
28
772
779
766
755
747
743
750
732
737
748
736
745
738
741
746
746
756
775
766
780
797
22
775
795
782
784
787
788
802
792
805
792
806
811
812
795
796
807
791
793
804
808
797
820
824
24
800
815
814
28
786
802
800
781
785
779
785
783
781
31
750
775
782
788
787
795
797
796
799
800
25
776
785
775
800
788
787
783
785
798
814
817
26
791
788
797
805
807
788
800
789
781
817
24
794
792
803
791
788
795
791
776
788
786
28
758
783
796
793
788
793
22
772
781
789
24
766
788
28
760
768
751
743
728
740
736
743
746
729
753
739
737
736
720
713
728
715
720
713
727
27
700
718
721
718
748
746
756
782
774
794
785
806
786
798
808
790
805
787
805
793
792
808
826
807
826
814
833
840
839
840
853
850
853
860
841
851
859
860
850
862
849
857
847
829
28
801
819
826
811
834
827
827
845
834
837
845
834
838
834
844
824
830
835
844
828
843
843
854
846
846
865
847
847
857
839
848
833
841
852
833
842
848
834
848
847
851
861
862
864
875
863
864
878
862
858
852
24
829
881
864
861
841
851
847
844
853
852
841
838
35
804
813
818
28
790
812
819
803
827
842
826
831
838
819
822
829
820
828
837
825
848
836
851
861
850
856
865
846
849
872
28
844
840
845
843
829
843
827
843
841
842
855
839
860
867
25
843
860
870
857
854
854
844
850
847
834
851
854
838
835
843
839
835
816
817
831
833
824
835
838
827
841
845
838
847
838
851
857
846
835
848
26
823
826
808
806
800
808
822
818
836
838
842
853
859
852
861
855
855
858
26
832
847
836
820
826
25
801
801
813
23
790
813
819
798
816
817
800
821
825
805
819
815
798
806
790
797
26
772
774
783
774
798
816
803
822
811
811
809
823
829
817
797
22
775
793
791
792
777
797
811
791
816
801
817
827
23
804
829
835
26
810
828
815
832
816
826
831
813
830
819
824
826
821
814
830
819
835
834
827
825
825
831
24
807
806
803
789
804
807
788
804
803
788
791
796
787
792
793
804
821
829
834
836
850
853
837
853
851
23
828
837
841
25
817
818
825
805
809
823
803
815
815
32
783
792
791
774
791
803
794
805
819
806
826
815
825
815
833
833
35
799
815
23
793
794
802
791
787
779
776
772
772
774
791
797
794
811
801
809
813
802
806
808
810
807
799
792
798
795
775
777
786
792
773
781
792
801
24
778
794
804
795
785
785
791
802
793
804
814
795
806
790
796
802
782
797
811
814
796
817
825
32
793
805
815
809
791
807
821
800
794
812
810
24
786
797
802
783
786
798
808
22
787
801
802
27
776
789
790
25
765
779
789
23
766
776
791
794
774
791
805
795
792
811
813
792
811
815
795
805
820
26
794
789
769
766
21
745
759
764
756
769
801
807
806
834
835
825
837
848
829
24
805
809
810
27
784
785
802
797
779
780
790
23
767
762
775
777
22
755
759
774
779
762
776
785
771
765
780
792
774
772
782
791
770
774
782
770
755
765
771
753
760
781
791
774
784
799
791
771
782
788
25
763
760
772
773
753
764
779
789
773
789
801
787
776
784
791
23
768
766
780
773
762
776
783
768
765
782
793
773
788
784
793
785
806
811
801
818
833
23
811
819
831
820
807
823
824
811
815
805
809
818
829
809
823
834
814
832
847
827
829
837
833
25
808
819
812
806
823
808
826
845
857
836
841
840
836
32
804
822
819
806
797
816
825
808
822
830
809
802
814
801
791
802
796
782
801
799
786
791
803
24
780
795
805
22
783
801
813
811
795
805
807
24
784
792
807
791
789
801
807
789
800
814
808
795
806
809
792
808
807
792
807
819
805
803
820
814
795
813
803
792
399
394
1000
210
790
783
790
795
793
791
815
826
808
817
831
819
822
834
841
24
818
833
828
817
834
832
818
833
814
831
835
823
817
834
817
819
829
825
807
827
837
827
816
835
840
23
818
831
847
831
819
831
834
812
813
825
817
801
815
814
794
809
816
24
793
803
819
814
798
819
824
23
801
817
824
808
799
814
813
26
787
804
791
781
788
799
807
26
782
796
805
23
782
784
789
791
774
775
787
800
24
777
796
805
817
824
817
832
836
839
23
817
828
832
813
811
827
825
809
825
832
810
831
836
23
813
828
812
823
825
808
828
833
23
810
816
818
800
816
809
795
795
805
799
820
820
833
842
823
839
825
836
834
841
859
869
859
860
855
860
844
852
842
841
843
853
852
26
826
841
845
30
816
829
24
805
820
830
26
804
819
822
817
833
836
826
849
852
843
839
838
841
849
856
853
862
859
854
845
860
851
843
844
846
827
829
831
832
848
861
889
909
892
908
902
885
865
857
27
831
837
817
823
834
828
830
812
817
821
806
820
816
806
823
825
809
822
819
809
825
810
835
823
830
827
810
813
801
810
805
808
827
818
834
849
835
835
843
855
852
849
834
25
810
822
27
796
806
812
808
816
829
834
826
837
844
827
845
843
852
846
858
843
842
834
834
847
830
33
797
813
817
813
818
810
835
822
847
834
845
839
858
859
24
835
843
862
845
848
864
852
855
844
888
30
859
874
880
867
856
858
893
37
857
875
876
857
875
879
28
852
870
875
27
848
852
861
843
841
835
30
806
831
841
820
845
860
26
834
857
865
28
838
857
868
870
32
838
849
847
30
817
815
823
823
812
797
812
821
805
824
836
840
830
855
871
872
850
855
855
843
834
855
863
851
847
865
873
31
842
858
871
854
848
870
856
24
833
843
824
817
827
811
836
840
25
815
844
852
851
25
827
841
827
822
825
853
33
821
813
805
810
815
822
818
27
792
807
831
811
801
800
795
787
790
792
779
798
808
812
817
816
814
30
785
799
800
33
768
779
784
767
767
782
772
772
787
799
787
812
817
800
814
806
798
808
817
24
794
810
817
24
793
801
797
788
779
765
754
766
764
748
762
772
772
776
793
803
792
807
816
805
810
824
804
813
819
31
789
790
795
789
782
794
796
785
791
798
804
815
804
796
793
807
807
818
829
841
831
846
859
866
869
872
24
848
865
872
33
839
839
847
837
830
840
833
831
841
848
827
849
857
855
845
860
862
28
834
843
845
26
819
831
840
828
819
838
842
823
838
847
27
821
833
839
836
822
837
843
822
822
822
808
799
804
810
23
788
805
809
797
809
800
791
791
777
781
791
794
775
786
791
787
784
806
818
810
832
850
834
843
859
872
34
838
857
866
27
840
851
857
846
837
852
860
26
835
855
856
840
826
838
841
24
817
832
835
823
816
831
823
813
824
834
829
831
842
849
840
831
838
24
815
826
827
24
803
816
822
814
815
830
815
816
816
809
794
798
795
777
793
796
780
799
805
23
783
802
807
795
813
820
806
820
833
828
820
834
824
829
838
821
836
849
829
845
848
842
836
846
846
827
848
853
842
850
854
834
835
873
862
874
877
25
852
840
824
828
833
831
837
834
848
843
857
849
844
842
53
790
794
800
46
755
765
758
745
760
25
736
744
745
728
735
737
723
733
735
725
736
740
735
750
759
747
758
756
742
744
733
729
733
716
735
728
736
735
27
708
731
713
715
724
716
712
709
707
724
706
727
733
724
754
750
750
777
781
767
792
797
22
776
803
806
22
785
813
810
798
821
819
805
822
819
799
820
820
800
822
831
23
808
833
843
25
819
840
850
27
824
841
843
25
818
835
848
23
825
837
849
838
822
841
831
822
849
829
840
846
25
821
28
794
829
75
754
764
760
753
752
736
762
24
739
762
771
758
769
766
762
774
766
762
751
754
762
750
755
773
753
778
790
29
761
786
774
759
750
751
756
28
729
746
21
725
724
736
23
714
727
731
713
731
24
708
716
716
716
728
717
722
728
726
719
726
732
738
725
726
725
718
715
716
714
717
708
707
721
723
709
726
25
702
718
717
701
712
24
688
706
699
691
702
688
695
698
702
703
716
717
730
729
724
729
720
720
726
25
702
718
702
695
710
24
687
695
678
685
691
682
689
679
683
694
679
687
679
682
693
26
667
678
688
21
667
682
690
20
670
688
689
678
688
680
670
688
669
673
675
671
685
668
674
657
669
678
23
656
671
668
659
672
662
657
671
665
661
681
665
669
670
673
679
673
680
664
679
689
672
686
671
669
687
20
668
668
667
670
667
683
688
20
668
680
692
678
682
685
680
687
20
667
677
673
672
679
676
676
685
679
681
704
685
703
689
685
699
682
684
688
692
696
689
713
701
728
720
705
723
720
726
708
730
27
703
719
25
694
728
23
705
730
734
734
747
747
748
737
730
721
727
731
726
740
750
751
747
45
702
744
731
714
722
709
724
739
753
772
786
26
760
790
774
757
756
29
728
734
738
735
757
743
756
774
762
770
795
790
788
798
804
803
790
790
795
802
805
35
771
778
775
761
778
25
753
761
794
25
770
788
792
788
792
794
822
27
795
836
835
42
794
850
838
831
838
34
804
827
808
808
871
850
830
844
855
849
55
795
833
880
871
867
852
41
812
803
792
788
829
879
857
861
853
844
28
817
850
875
43
832
870
864
886
35
852
31
821
833
824
828
808
831
835
30
806
803
820
46
774
775
793
822
24
798
793
29
765
777
771
781
781
790
783
32
751
789
796
28
769
779
758
747
754
773
782
774
807
829
853
833
861
862
37
826
844
848
870
860
839
822
41
781
792
840
827
831
854
868
37
831
822
826
852
901
905
29
876
869
33
837
36
801
816
824
881
879
871
851
831
814
806
801
834
875
884
873
855
50
805
804
787
806
849
878
885
869
33
836
43
794
791
783
764
857
843
851
833
33
800
784
791
859
864
868
858
39
819
813
808
858
905
27
879
886
31
856
46
811
32
779
793
868
853
846
857
43
814
815
804
806
881
890
881
30
852
833
23
811
31
781
785
836
873
33
840
846
833
26
808
32
776
782
794
878
887
873
851
35
817
823
833
904
911
908
886
45
842
837
834
844
934
923
37
887
881
55
827
826
816
817
817
915
891
891
872
51
821
25
796
788
824
874
41
833
848
47
802
786
831
876
873
29
844
854
34
820
821
809
865
894
889
31
859
851
42
810
801
815
898
911
39
872
54
818
804
791
820
873
877
30
848
44
805
793
806
878
886
881
875
862
849
843
844
923
918
898
64
834
37
798
788
25
763
837
851
28
823
832
830
814
809
814
821
887
905
45
860
858
841
26
816
805
813
881
892
871
852
833
831
834
899
905
37
868
39
829
840
28
813
797
822
858
891
24
868
847
838
46
793
806
791
873
884
888
871
46
825
808
800
807
853
882
24
859
838
36
803
22
781
790
862
869
847
840
40
800
34
767
798
817
855
872
859
839
827
817
800
815
891
896
28
869
31
838
819
30
789
823
872
879
860
867
45
822
826
825
909
919
900
894
46
848
828
821
817
891
924
922
46
877
856
35
821
813
827
886
897
878
861
26
836
842
829
875
931
924
901
47
854
834
814
793
830
882
861
849
853
38
816
27
789
34
755
859
864
38
827
837
830
27
803
28
775
826
862
29
833
852
843
25
819
824
856
890
874
34
840
42
799
26
774
853
853
40
813
817
25
792
794
848
864
850
867
27
841
35
806
820
892
875
875
872
24
848
832
816
809
879
895
56
839
850
837
39
799
818
875
872
867
872
34
838
832
821
823
879
885
44
842
848
54
794
793
822
847
865
860
47
814
801
791
842
859
837
825
804
789
844
847
39
808
832
835
41
795
845
846
23
824
832
833
822
823
830
809
827
828
814
816
812
835
23
813
822
827
805
813
829
828
824
840
849
833
843
853
847
853
859
839
852
848
841
850
850
831
850
851
29
823
846
23
824
839
852
837
853
840
848
839
841
858
838
853
857
835
857
853
833
851
861
850
869
873
853
835
835
859
859
850
868
866
853
849
860
26
834
852
848
828
846
842
841
851
846
847
862
844
833
833
840
836
841
827
848
848
830
813
840
861
24
837
845
26
820
815
826
35
791
795
838
818
801
798
795
793
792
23
770
791
781
764
771
758
790
791
800
781
798
804
795
812
798
795
813
25
788
793
788
771
784
798
792
791
804
823
833
847
856
26
831
824
855
839
820
38
783
781
776
27
750
778
758
772
761
746
744
730
754
749
755
24
732
750
746
752
733
741
742
745
743
736
738
22
716
732
745
733
737
745
731
743
723
725
730
735
737
745
729
753
743
733
746
750
746
753
23
731
748
751
739
749
734
736
726
729
738
721
739
742
750
24
726
740
738
752
740
754
769
773
790
791
785
792
808
801
781
37
745
745
730
727
708
722
717
729
744
763
746
767
786
767
782
800
789
792
794
796
783
771
761
764
749
147
602
255
347
542
753
323
431
114
317
766
759
772
759
767
267
501
248
254
301
46
256
268
272
280
21
260
502
2310
62
2249
1618
631
1487
1208
279
3999
3999
3999

