18-08-2022 - 9:25 - Correr
Oscar Frank
Intervalos entre latido y latido
1083
1068
1078
1108
1119
42
1077
37
1040
1077
1086
1094
1105
1088
40
1048
1039
37
1002
66
937
938
928
943
941
989
1022
1016
39
978
1019
1023
999
1009
1029
1007
1007
1009
1010
47
964
949
1030
1038
1062
1075
1081
1077
1076
1077
1069
1051
1030
1042
1057
1069
1074
1083
41
1043
1058
1075
1102
1114
1119
1105
42
1063
1076
1082
1075
1066
1067
1040
1019
1038
1050
1033
1045
1026
1029
1065
1076
1066
1057
1038
35
1003
993
1002
1008
1008
1017
39
979
994
1019
1030
586
444
1359
329
1030
1034
1043
1026
1008
1007
1036
1056
1052
1029
1040
1083
1070
1046
1041
1057
1056
1053
40
1013
1033
1050
1046
1020
1025
1047
1059
1061
1044
1041
1055
1065
1060
30
1030
1040
1040
1035
1023
1033
1040
1045
31
1015
1033
1045
1063
608
456
1373
341
1032
587
445
1375
353
1022
65
958
952
951
43
908
953
975
1006
1009
1039
1065
1070
1066
1082
1083
34
1050
1035
1052
1047
31
1017
1031
1041
1045
1035
1033
1057
1053
1029
1047
1045
1051
1031
1053
1042
1032
1029
1052
1046
38
1009
561
448
1378
346
1032
33
1000
1000
1034
1039
1034
1044
1073
1071
1045
1041
1061
1056
1037
1045
1058
1055
1041
1034
1060
1052
1034
1027
1043
1043
37
1007
31
977
958
958
43
916
936
952
970
980
33
948
951
942
979
31
948
963
979
985
42
943
950
942
954
932
950
946
950
987
971
989
997
989
989
43
946
935
944
42
902
930
954
964
985
1005
43
963
1004
1033
1047
1053
1029
1049
1068
1062
1066
1068
1041
1030
1042
1045
1041
31
1010
1011
1033
1043
1038
598
440
1392
369
1024
1018
32
987
986
544
442
1360
352
1008
563
446
1353
349
1005
547
459
766
1119
122
997
545
452
837
1125
120
1006
1011
1007
29
979
989
1015
1026
1006
54
953
962
938
60
879
899
901
893
962
962
983
1040
1061
1071
1072
1054
1052
1057
28
1029
1033
1066
1077
1089
42
1048
1074
1112
1114
1125
38
1088
36
1053
1071
1077
1099
1102
1100
34
1067
1082
1099
1096
1094
1094
59
1036
1056
1073
1075
1075
34
1041
1037
1043
1080
1059
1051
1073
1080
1083
43
1041
1051
1067
1068
1065
37
1029
1040
1063
1055
1064
34
1031
1051
1055
1053
37
1017
1032
1018
62
956
952
962
958
956
965
955
30
925
938
959
970
989
995
1014
1028
1018
1037
1057
1051
1034
1038
1046
1020
1017
1000
555
446
801
1118
142
976
973
975
953
974
999
998
1001
1010
1002
1011
1022
1016
1024
1038
1021
1023
1037
1047
1033
1026
1048
1041
1037
1041
1054
1029
1032
1054
1032
1018
1034
1038
41
997
1012
529
484
765
1165
127
1038
1041
1024
1009
1025
1066
74
993
1002
1031
1007
999
1028
1032
1008
1020
1034
1010
1008
1037
1033
37
996
1011
1030
1035
1034
1054
1060
30
1031
1045
1037
1022
1041
1061
1041
1047
1052
1065
64
1002
1021
1035
1043
1043
1025
1039
1046
1020
1037
1066
1047
1038
1059
1069
1042
1057
604
454
1407
352
1055
1044
1041
30
1012
553
460
1381
342
1039
572
468
782
1161
142
1019
1008
1006
1000
1032
1030
1011
1032
1043
38
1006
996
1011
542
470
757
1125
116
1009
996
28
968
989
997
988
1006
1021
32
990
1008
1006
1008
1045
1018
1032
1026
1040
1027
1037
29
1008
1003
1017
1003
996
75
921
943
970
983
966
973
958
983
1007
1000
1023
1030
1013
1026
36
990
38
952
949
991
1013
27
987
32
955
984
1027
45
983
968
997
1005
1001
1014
38
976
975
965
962
981
976
1000
1000
1004
1003
1004
989
990
31
959
947
934
946
71
875
886
30
857
845
836
818
828
824
834
833
853
854
864
859
863
881
877
876
895
921
931
926
950
946
926
952
42
911
929
918
907
922
94
828
836
24
812
28
785
27
758
764
25
740
31
709
719
701
685
684
684
684
680
670
679
683
682
676
691
681
664
156
508
812
147
666
666
670
679
668
656
652
138
515
782
125
658
648
651
146
506
762
128
635
644
639
129
511
733
102
631
631
628
118
511
721
96
626
18
609
99
510
709
86
624
613
111
502
695
77
619
607
102
505
674
69
606
604
92
513
670
78
593
592
74
519
660
77
584
580
54
526
638
56
583
584
77
508
648
76
573
571
42
529
608
29
579
574
55
519
612
28
584
578
64
514
619
35
584
578
62
516
611
33
578
575
56
519
605
31
574
569
41
528
589
28
562
64
499
613
57
556
54
503
601
51
550
541
544
548
544
45
500
580
36
544
47
498
570
35
535
27
508
559
26
533
30
504
559
27
532
32
500
554
26
529
22
507
545
20
526
22
504
541
143
398
639
106
533
18
516
511
520
511
508
511
518
18
500
521
510
507
518
511
500
510
513
500
127
374
635
122
514
509
504
500
503
502
505
502
498
500
505
497
497
497
497
503
498
494
500
501
497
496
494
502
498
498
494
492
495
495
491
489
489
489
489
494
489
490
488
486
488
492
494
488
95
393
579
82
497
484
485
484
482
490
486
481
480
483
485
479
479
483
484
104
380
579
92
487
481
497
506
500
516
507
508
508
518
525
558
563
78
486
625
65
560
54
507
650
26
624
167
457
782
173
609
123
487
710
84
627
167
461
735
146
589
87
503
699
42
657
199
458
852
209
644
173
471
743
136
607
118
490
792
110
683
246
437
949
259
690
244
447
943
194
749
730
302
429
959
250
710
43
668
195
474
817
142
675
227
449
963
242
722
37
686
240
446
930
187
744
764
768
31
738
725
36
689
678
225
454
1025
187
838
46
793
780
39
741
726
283
444
1056
199
858
40
818
51
768
761
763
828
875
879
867
32
835
39
797
793
837
862
859
842
826
818
862
918
931
920
40
881
861
874
899
915
914
891
27
864
897
918
925
929
913
904
923
25
899
903
927
930
927
34
894
900
923
925
909
929
944
42
902
903
933
965
959
27
933
937
944
965
956
931
943
919
900
907
964
944
508
436
688
1059
138
922
33
890
882
916
938
940
938
944
962
973
961
949
940
917
37
881
885
884
959
993
1008
1019
995
978
997
983
31
952
946
976
1023
1029
1031
1009
30
980
975
986
1005
1014
1007
1000
995
1026
1023
1040
1042
1027
1008
1002
1039
1062
1070
1050
31
1020
1010
1021
1030
1041
1036
1025
30
996
991
1020
1043
1052
1058
39
1020
1010
1026
1037
1025
1023
1021
1017
1010
992
977
964
986
1000
1002
30
973
959
957
945
956
55
901
967
68
900
893
875
907
922
921
937
940
931
931
936
939
460
479
657
1083
121
962
946
28
918
902
927
915
896
902
902
897
31
867
881
892
886
880
922
961
975
979
963
958
981
982
988
982
960
970
988
1004
1011
1002
1002
1001
1007
999
999
986
970
959
984
988
993
990
968
959
978
982
977
957
942
963
971
989
997
993
997
1010
1000
996
981
981
989
985
529
456
715
1101
126
976
988
991
992
996
992
995
1002
994
983
993
985
994
990
968
996
990
989
974
988
987
962
968
979
965
941
962
962
954
932
964
960
942
959
966
952
960
975
977
960
975
980
982
960
953
978
1000
1002
993
1000
1002
1010
998
996
1012
1000
978
963
984
985
981
974
951
928
478
451
736
1145
120
1025
1013
1000
989
992
985
973
951
944
32
912
908
889
894
903
900
910
914
916
917
917
933
933
920
908
933
941
927
950
956
38
918
931
945
939
916
938
934
923
936
958
958
948
956
950
928
916
31
885
885
876
858
886
866
875
890
911
908
908
901
902
902
907
915
913
922
936
938
934
930
920
909
896
29
868
852
854
852
835
829
854
870
867
36
831
858
871
895
876
887
899
877
863
863
846
28
818
819
847
887
937
954
972
974
970
29
942
950
947
930
952
968
979
53
927
917
898
919
942
966
956
53
903
896
911
937
927
934
29
906
923
926
936
921
900
913
932
911
887
27
861
847
872
891
29
863
893
920
901
37
864
924
933
948
937
928
926
914
913
927
915
921
918
916
921
908
888
922
938
940
927
953
953
51
902
916
933
943
934
922
935
930
923
919
905
883
916
944
41
903
912
942
958
983
972
973
60
914
922
926
919
912
900
890
897
891
885
879
919
948
962
956
981
985
973
966
987
996
1001
993
972
977
973
52
922
939
958
64
894
917
925
928
27
902
925
915
905
30
875
884
879
38
842
844
852
873
30
843
906
900
909
932
46
886
928
917
30
888
904
921
30
892
920
941
47
894
931
946
939
920
940
968
954
984
1013
52
962
971
34
938
936
36
900
37
864
909
45
864
26
838
870
877
861
885
917
923
40
884
900
909
938
954
940
915
947
957
933
915
948
970
949
926
966
984
1000
982
33
950
957
974
964
42
923
924
918
35
884
882
908
922
929
922
918
911
905
49
857
865
861
27
835
24
812
842
858
855
864
852
864
38
827
857
864
853
24
829
812
812
826
846
869
898
930
916
934
47
888
900
907
915
926
930
945
942
932
938
916
930
917
904
916
902
901
916
916
932
919
920
930
916
29
888
27
862
886
885
890
33
857
859
893
918
920
949
966
59
907
925
939
938
947
940
929
936
923
925
925
918
917
896
905
904
909
893
34
859
876
883
882
881
37
845
851
851
858
27
831
846
894
919
934
956
952
953
943
31
913
33
880
868
854
832
832
842
854
878
881
899
897
913
938
934
943
964
980
987
979
972
968
957
47
910
35
876
874
882
885
888
36
853
888
916
944
944
963
944
29
916
911
27
884
30
855
854
874
915
926
941
968
969
992
59
934
938
954
958
938
941
918
902
914
896
926
940
959
976
974
969
1012
1001
1008
1017
1015
990
969
965
974
32
943
941
939
951
956
26
930
965
994
51
944
1003
1016
1017
47
971
984
991
992
973
978
33
946
938
58
880
875
873
889
907
926
43
884
925
936
928
946
943
941
945
939
917
30
888
884
866
875
892
916
942
979
997
1023
1042
1056
1050
1032
1024
1017
1012
1009
1006
1003
1007
57
951
941
937
941
960
942
971
979
972
961
46
916
897
913
904
46
858
874
901
917
27
891
917
962
974
960
988
1015
1001
993
999
993
980
40
941
963
964
27
938
940
953
962
958
977
995
997
993
984
981
981
995
44
951
974
986
29
957
962
969
958
512
447
1331
363
968
32
937
938
937
27
910
908
27
882
872
852
832
847
26
822
23
799
810
816
823
844
877
907
921
978
26
952
984
27
958
972
977
956
974
1002
976
30
947
32
915
925
937
945
974
984
1006
1006
1004
1008
988
1013
1023
1044
1055
39
1016
1031
1042
1047
1027
1028
1013
1000
992
31
961
948
933
939
951
964
44
921
47
875
897
918
946
961
986
999
988
999
988
33
955
947
939
929
34
896
886
884
879
890
901
920
960
992
1011
1002
1012
1026
1031
1033
1035
1027
1028
1017
39
979
1007
1018
1026
34
992
990
1009
1013
1006
999
541
458
1349
395
955
496
459
758
1060
169
892
893
902
922
911
897
875
887
907
924
941
937
915
904
926
931
970
979
959
1014
1017
996
1032
1022
1033
1025
1002
984
974
954
939
915
937
955
978
975
958
492
467
1354
358
996
982
960
964
948
40
908
38
870
875
873
864
864
886
904
904
40
864
847
826
821
802
789
802
796
786
767
763
757
741
746
766
749
781
813
835
838
857
865
25
840
24
817
843
843
851
837
24
814
24
791
797
777
783
768
749
760
793
829
878
872
875
886
896
875
975
985
999
981
978
962
943
939
32
907
913
945
962
963
963
966
990
975
976
972
947
952
928
924
913
39
874
899
914
931
944
949
961
965
951
951
27
924
32
893
881
891
909
935
950
966
971
972
949
981
1002
1002
995
1018
1042
32
1011
1014
1023
32
991
992
974
964
969
953
948
931
927
912
907
45
862
899
908
911
910
922
922
973
961
986
1011
990
1017
1002
1020
1039
1068
1045
1084
31
1054
1067
1067
1074
1055
1070
29
1041
1055
1058
29
1030
1066
1075
29
1047
1063
1060
1053
1065
56
1010
1032
1029
1021
1000
981
28
954
941
943
962
951
26
925
914
987
1033
1039
1042
1022
1003
994
990
986
987
969
981
964
971
968
982
994
983
994
987
538
449
1344
388
956
28
928
919
922
916
908
904
902
899
881
861
875
880
868
877
899
913
929
949
940
932
926
916
43
874
889
868
848
30
819
808
815
338
477
1004
168
837
838
886
908
935
962
983
969
976
976
38
939
935
931
937
917
911
892
934
967
994
1019
1023
1053
1068
1061
32
1030
1036
1026
1035
1034
1037
1032
1039
1027
1028
1018
53
966
963
978
965
979
977
959
994
1010
1021
39
983
974
982
40
942
921
932
939
918
915
929
966
996
1031
1059
1060
1073
1056
1031
1021
1002
991
968
968
944
928
34
895
888
892
899
901
32
869
876
897
987
1000
1024
1046
29
1018
1046
1031
1021
1026
1010
997
991
983
978
996
1000
1004
559
446
1345
364
982
36
946
41
906
32
874
853
44
810
821
808
808
798
819
828
850
858
25
834
837
867
916
941
967
987
1027
1043
1043
30
1014
1027
1011
996
974
996
41
955
942
26
917
898
901
916
952
959
1006
1037
1044
1019
32
988
976
968
955
953
965
946
932
941
924
916
55
862
877
888
885
876
872
865
848
24
825
811
815
826
827
806
801
821
852
906
946
962
996
43
953
941
945
965
993
982
992
994
986
996
39
957
970
962
991
1014
1001
1019
1004
1014
1033
1026
1035
1061
1056
1052
1028
1025
1032
1031
1023
1004
1006
995
42
953
976
969
971
974
971
967
950
35
915
958
987
1008
1008
1012
1011
1042
1060
49
1011
1007
1012
1025
1030
1033
28
1005
1031
37
994
972
991
992
1017
1045
1035
1026
1038
1025
1021
1018
30
989
975
989
985
978
969
948
28
920
940
959
990
1022
1044
1029
1003
1036
1045
1058
1069
33
1036
1026
1042
1057
1066
1048
32
1017
1024
1056
1056
1031
1045
1066
37
1029
1031
1035
1036
49
987
971
1000
989
998
33
965
991
992
982
31
952
974
977
956
935
938
953
965
39
927
936
958
970
967
956
28
928
921
940
995
999
1026
1027
1035
1038
1036
1033
1046
1056
1056
1055
1060
1055
1045
1024
1010
986
962
30
933
946
475
472
1340
356
985
990
993
1000
1028
1026
1035
1044
29
1016
1002
999
1009
1011
1018
1014
1015
46
969
963
969
967
974
961
30
932
930
948
966
998
978
1006
1019
1041
36
1005
1022
1017
35
982
977
997
992
988
987
988
33
955
973
980
995
993
982
1003
1007
1021
572
449
1361
356
1005
559
447
1340
362
979
56
923
919
944
958
951
963
956
933
959
978
1000
977
983
979
966
993
984
979
987
982
987
985
981
970
974
957
943
930
935
28
908
25
883
874
881
906
933
970
977
1009
1031
1022
1004
980
981
979
989
978
980
979
1000
1002
1005
1003
1009
1015
1018
1008
1006
989
30
960
30
931
924
917
45
873
886
905
950
958
957
983
1000
51
950
973
983
981
984
34
951
970
996
983
974
997
991
975
1001
1020
1039
1041
44
997
1023
1029
1025
580
445
1377
370
1007
50
958
954
959
985
994
989
32
957
29
928
957
971
27
945
942
954
958
949
943
923
915
25
890
895
892
39
853
857
854
855
867
874
882
35
847
850
854
856
851
866
856
842
858
874
888
915
925
920
923
919
936
958
976
994
1001
30
972
981
1003
1015
1032
1034
1041
1016
46
971
977
977
999
1005
1011
1013
564
450
1359
391
969
528
441
1335
379
957
954
959
473
487
1335
395
941
43
898
897
891
926
932
926
907
25
882
32
851
835
817
836
850
849
875
916
958
995
1000
996
990
992
997
1000
996
1000
544
457
1372
373
999
42
957
27
930
945
960
1004
1035
1059
1079
1086
1086
1073
1053
1026
1015
1000
989
991
993
1003
997
1006
999
1035
1027
1041
1034
1036
1028
1007
986
964
950
956
964
971
971
995
1014
1002
46
957
965
984
991
1002
1017
1038
1021
29
993
1003
1010
1025
1028
1032
1011
29
983
958
966
992
994
548
447
1375
390
986
28
958
951
940
943
944
935
918
902
909
27
882
867
889
909
946
982
978
982
985
981
975
951
941
31
911
36
875
862
863
857
847
850
834
856
889
949
983
1017
1032
1031
29
1002
986
1003
1001
993
1004
1012
991
1003
1012
1026
577
449
1394
355
1040
1017
1019
1011
56
956
462
494
1323
378
945
933
930
27
904
894
919
942
952
950
976
1002
1006
1003
980
991
984
977
995
990
974
980
986
987
1000
992
977
1006
38
968
983
984
986
989
545
445
1340
381
960
28
933
939
951
961
494
468
1350
356
994
999
1004
1021
1037
1050
1045
1034
1043
28
1016
1008
1007
1023
1018
29
990
994
549
445
1365
357
1009
47
962
947
962
976
990
979
512
468
1370
412
958
946
956
940
958
474
485
1338
397
942
940
953
942
947
978
993
1003
1025
1037
581
456
1361
382
980
970
49
922
26
897
898
943
961
976
1003
1019
996
1018
1009
1019
1024
577
447
1390
346
1044
1018
553
466
1343
381
963
949
963
984
983
993
1007
1027
1028
1041
45
996
993
995
979
975
976
33
944
930
922
939
920
947
951
969
974
35
940
956
969
974
950
27
924
955
945
924
933
925
916
943
953
947
940
962
978
978
980
998
982
981
1000
1002
33
970
981
958
955
934
26
908
909
901
929
919
918
929
953
981
989
1004
979
1001
1011
1013
1016
996
1000
1016
1038
1040
1013
1021
1041
1030
1021
1030
585
445
1358
353
1005
989
993
44
949
963
965
979
998
1008
994
1007
1010
1015
1016
51
965
983
990
1003
983
981
1003
1029
1045
602
444
1396
354
1043
51
992
990
995
1002
1000
980
970
977
982
996
981
987
999
1000
1013
1021
1003
32
972
975
980
996
1008
1016
1028
1028
1034
1035
1018
29
990
999
1010
1004
1001
1015
1011
27
985
987
985
993
1006
1008
1008
995
1009
1006
562
445
1346
395
952
933
951
962
976
979
964
992
1004
1022
1010
1009
1012
1005
984
1025
1011
1011
1000
982
990
976
33
944
947
948
955
950
954
961
974
38
937
936
962
979
983
961
948
956
965
973
29
945
940
963
984
987
983
1010
1033
1042
43
1000
1005
1002
997
974
980
992
989
976
980
994
983
966
976
974
958
953
942
26
916
917
922
927
917
916
904
889
875
55
821
845
835
832
838
850
863
878
870
847
840
858
888
916
955
982
998
1021
1010
1027
1036
1023
1011
992
971
977
958
62
897
910
912
916
920
910
924
928
928
934
921
909
26
883
887
923
960
983
1004
1036
1034
1028
1038
1054
1051
1051
1035
1030
1041
1041
1040
37
1003
987
971
1020
1031
1019
1024
1014
1000
1013
1008
996
1020
27
993
1012
1012
988
967
949
945
984
533
451
1375
322
1053
54
1000
1008
1019
1019
1033
1012
1011
1022
1029
34
995
977
1002
551
452
1360
355
1005
49
957
985
1000
993
974
1001
1031
1028
1009
1032
1059
33
1026
1035
1034
1036
1036
34
1002
30
973
1003
1012
1012
989
992
1009
1032
1018
1006
1043
1031
1046
42
1005
1018
1005
1014
57
958
952
991
1000
36
965
1004
1027
1023
1016
1050
1068
1040
1058
1059
1043
1040
1049
46
1003
1024
1054
1060
1050
1050
1039
1022
997
1016
1021
1009
43
967
966
997
996
984
995
1000
44
957
960
993
1005
30
976
985
994
1000
42
958
976
987
981
958
983
1003
981
958
983
990
28
962
966
997
974
501
473
1333
388
945
951
962
948
943
970
963
941
964
1004
1005
981
1000
1016
1010
33
977
996
974
969
964
950
936
948
935
33
903
892
26
867
873
891
922
945
951
1001
1025
1034
1024
1044
1055
1033
1032
1023
999
997
1006
1014
996
1015
1019
36
984
1006
1024
577
448
1353
345
1008
983
36
947
930
970
983
998
975
996
36
960
955
985
1000
983
987
1013
999
31
968
991
994
981
984
1014
1022
38
984
1012
1017
33
985
963
994
527
467
1354
391
963
983
985
525
460
1340
372
969
31
938
917
961
983
985
985
1010
1031
48
983
1006
990
970
957
969
958
29
929
943
28
916
950
970
968
968
988
981
985
536
449
1350
411
939
933
947
956
933
959
1000
1007
990
1012
1016
996
996
34
963
981
539
443
1328
399
929
54
876
855
861
917
943
936
480
457
1321
348
973
967
963
962
48
915
920
923
938
937
952
960
29
932
944
963
28
936
934
929
47
883
891
875
874
880
892
902
904
914
912
911
915
919
908
904
906
32
874
873
867
868
46
822
854
878
913
926
915
926
940
951
39
912
927
949
954
947
947
938
924
912
913
908
903
897
901
901
900
910
893
874
884
897
924
936
949
966
956
959
945
949
957
937
945
953
949
954
968
982
49
933
41
893
936
970
971
987
1007
1008
1005
1010
1012
1017
1013
1018
29
990
966
964
941
46
895
28
868
850
833
337
497
1020
174
846
869
897
918
939
961
997
1023
1027
1017
33
984
965
945
923
959
989
998
1002
999
33
966
973
968
958
30
929
916
918
910
25
885
883
875
27
848
839
823
814
802
801
22
780
292
488
922
153
770
282
489
909
171
738
225
514
1000
160
841
885
938
1005
1060
1060
1056
1079
1069
1086
1087
1087
1090
1086
1084
1074
1060
78
982
1020
1010
1025
1030
1051
1046
1048
1050
28
1023
997
977
1007
1032
1066
1089
1105
1098
39
1059
1072
39
1033
33
1000
1055
1103
1081
1069
1050
1044
45
1000
36
964
988
1011
1023
1041
1053
1047
1052
1040
29
1011
1024
1003
1051
1065
1080
58
1023
1042
1059
1050
1047
1064
1056
1051
1045
1041
37
1004
1026
1029
1030
1018
1004
36
969
986
1016
1029
1040
1055
1053
1045
1047
33
1015
999
555
444
1381
367
1015
1009
1001
539
462
1353
372
982
991
981
973
949
975
984
1016
1045
1060
1074
627
447
1413
396
1017
564
454
1343
436
908
35
873
876
908
938
1005
1046
1057
1067
1062
44
1019
1037
1056
1046
1049
1047
1051
1048
1046
28
1019
1001
1013
1016
1032
1052
1060
1070
1068
1064
1053
29
1024
1026
1015
1000
51
949
952
970
995
1003
1009
1030
1012
1021
1025
1007
999
1003
558
446
1376
343
1034
1016
37
979
976
987
1002
1028
1047
36
1012
1009
1012
1021
1014
1022
1007
1006
1013
997
1004
984
981
1000
1007
559
449
1333
391
942
929
982
529
453
1359
319
1040
1039
1044
1053
1054
1046
600
447
1419
351
1069
1045
1024
1039
1029
1016
996
995
1006
1005
1006
1006
544
463
1350
397
954
44
910
907
933
955
963
39
925
920
937
975
975
1008
1045
1055
1046
1043
1053
31
1023
40
983
965
978
1020
1072
1103
1121
1118
1117
1120
1114
1117
1098
35
1064
53
1011
997
31
966
971
985
989
1000
554
447
1368
329
1039
59
980
997
1022
36
987
38
949
980
992
975
963
991
1008
1015
564
452
1367
349
1018
565
454
1328
442
886
867
882
875
872
866
886
948
989
1000
1048
1090
1118
1117
1122
1097
1083
1088
1089
1101
1108
1103
1094
1091
1093
1095
1099
1102
1096
1084
1083
1083
1084
1074
1071
1075
1068
1055
45
1011
1022
1037
1054
1060
1060
1054
45
1009
1023
1036
1045
1043
1050
33
1017
1035
1049
41
1009
40
970
958
947
32
916
35
882
883
925
961
991
1013
1004
1029
1070
1077
1087
1092
1094
1096
1104
41
1063
37
1027
50
977
973
958
1017
1058
1066
29
1038
1055
1061
1060
42
1018
1024
1037
1047
590
458
1386
344
1043
1038
45
993
1012
1041
1053
1036
1048
596
453
1409
315
1094
1086
1061
1060
1097
1101
1082
1084
1098
1083
36
1048
1050
1041
37
1005
40
966
984
51
933
37
897
902
884
885
869
885
980
1047
1065
1093
1109
1126
1107
1118
1115
1107
1097
1095
1086
1076
1068
1066
1059
1040
1031
1033
1036
1035
1052
1045
1030
1040
1035
1036
30
1006
985
988
1006
1010
1007
1000
1024
1033
1036
1025
1037
1037
1017
1024
1029
1035
1021
1022
1050
1049
1045
1033
1034
1021
38
984
27
957
58
899
879
885
888
916
926
956
29
927
35
892
888
874
868
875
892
886
875
868
910
925
916
934
920
32
889
872
853
29
825
24
801
789
791
779
780
288
492
936
123
813
843
865
858
882
907
968
1000
986
49
937
941
926
33
894
26
868
846
38
809
32
778
267
511
910
157
753
28
726
221
505
868
138
730
216
515
908
165
743
778
841
330
512
1074
111
963
1001
1017
1012
1003
53
951
31
920
900
914
904
921
932
954
995
1032
1063
1085
1083
57
1026
59
967
991
994
970
33
937
950
963
974
960
936
929
946
935
915
899
887
872
875
865
856
837
843
844
860
872
26
846
340
507
1008
135
873
29
844
826
867
883
892
889
932
944
920
925
957
984
973
960
1008
1037
1012
1049
1074
1053
1064
1076
37
1039
28
1011
993
39
954
969
62
908
889
28
862
855
833
814
804
808
801
809
862
887
876
953
1004
1021
1026
1044
1043
35
1009
57
953
33
920
36
885
896
920
929
965
994
54
940
965
979
40
940
931
917
964
986
974
1006
988
982
1000
38
962
940
31
909
902
880
36
845
25
820
825
829
831
832
838
842
866
869
865
866
860
845
26
820
800
25
776
789
37
752
751
744
240
504
916
186
731
716
187
530
884
163
722
709
712
203
510
863
139
725
720
725
743
796
833
853
834
847
851
26
825
804
788
777
759
778
776
757
770
759
750
756
774
788
785
806
816
847
854
888
867
874
875
858
863
886
875
857
853
834
44
791
796
22
775
30
745
759
22
738
732
739
262
477
906
160
746
746
736
742
751
735
754
767
764
41
724
747
236
511
919
189
731
740
740
228
512
942
205
737
756
771
265
506
939
176
763
748
767
766
775
810
834
852
902
882
890
903
887
907
897
30
867
875
867
855
862
887
875
37
839
849
828
50
779
814
36
778
774
278
496
977
193
785
822
841
841
842
884
869
847
897
906
26
881
881
890
882
47
836
837
834
33
802
796
303
494
976
194
783
806
828
833
840
874
903
892
893
898
911
25
886
879
45
835
31
805
36
770
832
850
846
859
875
902
925
961
959
1006
1003
42
962
946
958
940
960
968
946
929
941
939
40
899
888
47
842
859
855
847
853
838
342
497
990
157
833
365
468
1125
348
777
764
749
231
518
959
180
780
791
835
345
491
1084
144
941
925
910
932
944
925
25
901
887
865
870
860
852
34
818
837
844
864
872
933
978
977
1014
1040
71
969
964
33
932
44
889
887
29
858
880
909
36
873
891
916
921
934
38
897
909
921
899
885
868
27
842
837
817
797
288
510
976
162
815
803
807
26
782
771
284
487
930
184
746
753
779
778
781
790
770
785
773
777
766
786
792
303
490
991
172
819
798
825
833
24
809
310
500
994
163
831
843
844
835
844
865
850
861
881
883
33
851
873
875
30
846
870
872
24
848
867
862
847
865
871
874
879
41
839
857
843
842
34
809
28
782
794
314
481
989
138
851
837
852
882
893
881
913
933
36
897
926
939
950
954
48
906
912
933
920
460
461
1283
379
904
886
892
906
894
917
941
926
945
43
902
892
898
32
866
29
838
827
812
804
844
865
883
51
833
871
879
27
853
897
907
895
939
946
29
917
956
46
910
903
919
973
1000
999
1000
1024
1039
28
1011
1026
1041
1036
1012
1009
1025
1037
1026
1003
1006
1023
1015
27
989
993
1006
990
32
958
978
985
979
970
985
982
964
970
45
926
29
898
898
902
883
51
833
853
867
863
844
890
876
868
29
839
836
833
827
819
850
875
24
852
859
879
926
954
43
911
888
880
873
28
845
859
870
860
861
852
835
938
1006
1030
46
984
1006
997
984
60
925
935
31
904
56
848
24
825
29
796
795
784
764
777
777
765
757
767
765
767
786
784
810
851
853
862
887
889
39
850
849
846
832
825
824
25
800
846
852
879
890
909
912
39
873
859
29
830
24
806
799
28
771
768
761
750
291
460
927
173
755
761
759
753
773
789
794
815
851
32
819
840
861
844
842
847
23
825
814
800
782
802
802
793
811
827
814
845
849
828
851
859
26
834
850
862
871
36
835
339
497
1028
143
885
24
862
840
258
583
996
133
863
841
821
341
480
1023
169
854
847
840
358
483
1006
181
825
804
307
497
996
157
839
823
803
292
511
1047
156
892
888
894
914
920
34
887
895
938
933
28
906
889
886
950
981
1005
983
981
960
965
27
939
943
948
968
957
940
959
972
966
38
929
944
959
973
951
965
971
975
973
966
966
958
950
39
911
925
946
936
937
31
907
25
882
881
33
849
876
869
895
886
880
884
928
937
968
969
952
935
974
977
957
976
986
964
967
978
964
945
971
950
944
965
946
510
436
1317
396
921
46
876
902
901
29
873
912
943
926
956
975
961
964
978
956
957
958
940
942
937
916
929
924
909
954
949
944
968
971
29
943
973
974
953
965
975
958
982
982
963
985
983
972
989
966
978
993
978
36
942
1003
982
971
1005
28
978
998
983
970
980
971
966
997
34
963
982
1015
998
1014
1022
997
1014
1004
992
1007
999
976
992
1003
979
984
976
537
439
1327
365
962
940
30
910
900
913
894
884
916
933
26
908
926
959
26
934
958
968
985
979
971
990
1000
977
980
998
27
971
998
1009
993
1001
994
980
1005
1019
1002
1000
1013
1007
1000
1028
1021
1005
1029
1035
31
1004
1016
1036
1010
1016
1035
1011
1019
1012
1006
1014
1005
1008
1018
27
992
1008
1013
987
1002
1025
28
998
1001
1010
990
996
1014
997
990
996
997
972
1003
996
27
969
994
1005
988
1010
1008
985
1004
1019
1002
1009
1025
29
996
1005
1004
985
1000
1011
992
987
545
442
1348
367
981
987
962
950
961
977
963
992
1002
989
1013
1000
990
1004
994
51
943
937
975
1041
1045
603
443
1397
332
1065
1044
1046
1038
1035
572
464
1384
345
1040
1014
1017
1040
1063
1059
1055
1047
1056
1030
1038
1037
1031
1015
1026
1000
997
1016
1021
1010
1024
1014
1002
1018
1021
1015
558
458
1377
375
1003
988
994
1000
989
1014
1021
1020
1007
1030
1039
1026
1010
1033
1017
1002
1017
998
997
1014
1035
1010
1007
1020
995
1011
1020
999
983
994
982
973
984
976
526
451
1345
368
977
969
963
952
951
977
996
980
997
1006
981
993
986
30
957
963
974
958
968
978
26
953
966
970
959
975
980
958
973
44
930
950
940
952
952
961
951
947
960
27
934
926
956
946
948
978
968
958
979
981
956
977
977
977
984
978
960
980
987
965
972
959
39
921
960
971
956
951
968
951
961
959
956
965
974
964
975
980
980
979
983
962
967
973
970
952
971
982
981
968
986
984
971
980
988
975
984
986
29
958
981
1000
27
973
1000
1013
1007
1007
1004
984
989
1002
999
979
1005
1011
1004
1016
1028
1016
1000
1025
1022
1006
1024
1040
1027
1031
584
448
1385
351
1035
1021
1010
34
977
40
938
927
910
958
991
980
1002
999
997
1009
1018
34
985
1000
1016
1000
1006
561
446
1341
353
989
986
988
30
959
518
442
1354
367
987
975
979
969
978
994
991
987
1013
1034
1021
1037
1034
1025
1024
1028
29
1000
1013
1030
1025
1023
1024
1014
1001
1020
1037
1026
1045
1042
1041
31
1011
1022
1032
1016
1012
1015
997
1011
551
460
1354
355
1000
1001
979
27
952
984
1008
992
1009
1034
1047
1036
1021
1034
1012
1016
573
443
1364
372
992
993
1008
1006
999
1030
1016
1008
1041
596
446
1396
358
1039
1017
1006
37
970
984
998
1020
1014
1019
1040
1021
1007
1022
1031
1032
1016
1019
1039
1018
1017
1037
1026
1011
1027
1040
1034
1023
1051
1042
1021
1023
1042
1043
28
1016
1022
1043
1023
571
453
1387
376
1011
47
965
973
986
967
988
1013
1015
1012
1028
1019
28
992
988
973
29
945
960
975
996
981
993
1005
985
992
1003
552
452
1362
370
992
457
535
1313
361
952
960
950
936
965
991
977
532
445
1364
374
990
538
452
1346
357
990
29
961
963
976
968
967
993
548
445
1342
337
1005
561
445
1332
363
969
968
968
953
978
990
1009
996
1017
1022
1004
1008
1017
1016
34
982
993
998
28
970
975
995
978
978
985
968
968
991
1001
997
1020
1015
998
1003
996
27
969
954
958
1046
1031
1040
1035
1028
1020
1024
998
972
998
34
964
953
971
964
959
942
27
916
26
890
47
843
854
863
48
815
793
789
809
854
870
893
890
910
26
884
873
851
833
827
827
821
815
806
30
777
773
23
751
770
25
745
757
770
782
783
783
789
800
814
829
827
818
801
802
791
776
763
759
766
771
770
779
770
783
767
783
797
798
812
826
833
819
801
799
49
751
765
38
728
725
214
512
875
159
717
22
696
708
193
516
871
132
739
742
750
795
805
827
824
849
893
920
913
906
906
886
870
875
868
850
862
853
851
866
869
852
857
879
887
873
896
26
871
867
34
833
836
817
804
325
480
966
192
775
789
773
273
500
927
166
762
752
255
498
976
164
813
836
838
895
931
923
946
947
30
918
939
949
926
928
915
35
880
893
872
46
826
845
827
817
839
833
826
31
795
818
812
791
816
800
792
797
797
778
795
795
780
787
794
805
27
778
775
790
787
23
764
769
768
753
745
738
754
247
508
956
199
757
769
793
794
799
800
798
790
791
793
794
791
801
806
795
807
786
290
497
977
172
805
24
782
781
283
498
973
199
775
33
742
231
512
967
181
787
803
847
869
868
851
839
848
861
41
820
831
850
872
863
870
848
33
815
323
493
991
159
832
826
839
858
863
41
822
804
303
502
1043
179
865
878
892
897
47
851
43
808
864
881
896
906
933
940
932
916
917
27
891
920
941
969
985
1024
1031
1017
1008
1000
999
31
968
28
941
944
947
50
897
923
952
995
1003
40
964
993
1010
1000
50
950
965
994
1015
1011
1024
39
985
1008
1041
1023
1003
1020
1035
1029
52
977
1001
1026
1039
1024
1000
1012
1043
1033
29
1004
998
1035
1072
30
1042
1022
1068
1088
31
1058
1057
1085
32
1054
1098
3999
1406
1099
1083
1055
1077
1094
37
1058
1074
1101
32
1069
1049
1085
1077
36
1041
1076
1095
58
1037
1037
1065
1074
37
1037
1051
1074
1050
1046
1078
1061
41
1021
1044
1059
32
1028
31
997
1053
1071
1049
1036
1058
35
1024
1027
1074
1056
39
1017
1039
1023
61
962
28
935
1032
1061
1097
1102
1118
1091
1104
1131
1150
1158
38
1121
1134
1153
1161
1165
1152
85
1067
1061
1062
1066
1081
1071
1072
1065
1065
50
1015
1022
42
981
957
995
1009
1008
36
973
29
944
951
979
999
1015
32
984
961
27
935
939
926
932
946
992
1029
1026
1011
1013
1032
1045
50
996
1013
1044
1037
36
1001
993
1015
1035
52
983
979
1016
1051
1027
1043
1076
1081
1065
1088
1111
46
1065
1063
1060
1038
1037
1055
1040
1029
1042
1064
31
1033
1019
1042
1042
32
1011
1023
1060
1090
1118
39
1079
1085
1101
1102
1101
37
1065
1099
1099
1078
1076
1097
1095
1083
1102
1081
1066
1120
1129
39
1091
1087
1103
1098
45
1054
1065
1042
1061
1139
1135
1118
1115
1099
30
1070
1066
1070
1067
1059
1081
1110
1141
1159
1160
35
1125
1114
1112
1101
1088
1084
1089
1084
1090
42
1049
1051
1065
1098
1105
1086
41
1046
1047
1070
46
1025
1025
1039
1058
30
1029
1044
1023
50
974
985
961
970
40
930
916
916
921
940
945
986
1023
1032
1080
1119
1151
1166
1165
69
1096
1101
1082
1060
29
1031
1043
1039
1035
1056
1058
1059
1052
1057
1078
1084
1064
36
1028
1027
1036
1047
1030
35
995
995
40
955
958
937
967
986
971
990
996
55
941
955
955
969
983
47
937
978
987
985
983
1004
1038
1017
1034
1058
1050
1048
1072
1082
1057
1068
1046
51
996
991
991
1007
1001
536
466
1376
356
1021
1000
1021
1041
1050
1073
1104
1099
1097
1099
1083
1073
1059
1043
47
997
33
964
67
898
881
872
34
838
830
324
506
997
192
805
25
781
770
254
516
1004
207
798
791
810
830
825
838
864
870
870
853
875
863
880
873
869
865
866
860
27
834
31
804
787
22
765
758
754
788
782
798
802
796
815
825
829
840
839
818
811
805
796
779
773
774
766
756
745
731
222
509
903
170
733
22
712
700
177
523
828
161
667
19
649
121
529
836
140
697
689
24
666
678
676
151
525
812
144
668
671
673
662
655
133
522
786
133
653
644
654
131
523
759
115
645
653
653
142
511
788
117
671
671
655
657
144
513
821
142
679
668
689
696
687
669
683
692
707
713
714
28
687
708
221
487
852
148
704
705
689
678
193
486
853
167
686
695
702
694
24
671
693
702
218
484
865
157
709
704
24
680
178
502
850
152
699
681
690
192
498
853
191
663
671
690
194
496
908
201
707
727
756
748
731
755
759
749
744
786
800
31
770
788
815
25
790
791
821
822
802
853
891
51
841
891
920
42
879
882
915
904
883
916
920
30
891
920
944
37
907
934
963
959
952
977
981
29
952
975
991
30
961
943
973
973
28
946
952
951
38
913
946
958
938
934
39
896
894
896
925
902
915
965
965
29
937
959
979
41
939
955
974
950
991
1009
33
977
1005
1008
33
975
988
976
29
948
32
916
932
950
50
900
66
834
847
842
833
868
871
855
874
879
863
851
844
848
916
938
27
911
937
950
47
903
912
29
883
883
24
860
883
875
896
918
34
885
880
883
863
874
917
940
31
910
900
921
38
884
888
888
888
866
875
894
933
935
921
922
936
26
911
897
917
905
917
931
26
905
910
925
938
39
900
899
911
896
911
906
920
960
942
966
968
26
943
952
958
935
919
916
34
882
868
864
889
928
909
943
951
28
923
935
930
26
905
30
875
896
924
910
917
27
891
895
902
915
29
886
927
919
901
912
939
920
912
895
892
916
922
913
935
951
36
915
912
27
885
887
877
922
952
968
970
953
938
955
951
929
928
487
441
1286
411
875
876
26
851
856
856
901
951
946
968
950
940
984
979
960
969
949
34
915
914
935
950
933
951
978
33
945
26
920
918
927
963
981
30
952
951
512
439
1303
391
913
38
875
898
910
904
906
925
961
962
946
965
959
36
924
935
925
967
31
937
956
975
972
30
943
921
965
984
43
941
947
972
947
928
914
918
904
930
927
942
961
945
30
916
916
900
920
922
26
897
910
916
903
894
909
916
900
903
909
924
942
940
964
941
925
919
25
895
905
890
913
922
915
943
955
945
936
922
919
918
941
953
932
957
950
947
942
952
940
916
911
946
30
916
906
925
945
938
918
934
944
937
936
971
1000
1030
1037
1023
44
980
969
952
953
979
971
26
946
972
975
976
965
30
936
946
932
958
969
962
960
971
29
943
504
439
1316
383
933
25
909
912
939
918
477
442
1313
343
970
950
946
960
977
974
963
34
930
915
927
934
941
958
966
951
969
965
945
937
926
922
939
943
926
912
929
931
944
962
976
975
973
969
954
941
936
971
43
929
977
963
956
943
957
38
919
900
900
904
890
885
910
919
911
944
961
966
946
932
926
968
960
946
958
961
949
942
956
954
511
443
1308
368
940
32
909
888
905
896
900
898
937
941
954
967
972
964
971
967
961
959
935
945
934
922
904
882
875
862
846
847
849
836
854
868
909
892
967
951
930
921
921
28
894
884
882
862
840
859
878
38
841
862
876
879
912
937
939
961
937
932
924
910
915
915
907
28
879
906
896
44
853
831
823
810
804
794
796
789
305
484
968
156
813
804
814
814
831
853
844
824
852
874
852
27
825
847
826
37
789
789
784
300
484
954
186
768
783
781
770
763
767
782
811
840
841
838
36
803
44
760
253
508
917
161
757
781
822
858
876
878
888
916
930
940
953
955
960
966
957
957
961
34
928
64
864
874
28
846
832
811
797
781
800
793
790
783
812
807
838
849
832
857
872
26
846
865
881
875
31
844
851
864
33
831
843
848
830
824
805
815
800
174
627
229
399
907
86
822
803
797
822
831
819
824
836
838
826
853
863
30
833
830
847
834
26
809
846
841
825
836
831
811
815
814
821
816
815
814
842
843
35
808
820
805
30
776
774
755
741
740
26
714
717
721
714
241
474
854
143
711
705
686
192
495
877
170
708
727
221
506
967
188
780
276
504
1008
155
854
354
500
1017
189
829
335
494
1037
134
903
30
874
360
514
1075
582
494
1090
160
930
368
563
1100
136
964
949
33
916
909
899
882
863
874
869
870
888
885
902
902
904
893
883
877
863
860
26
835
833
831
826
824
834
847
847
882
900
885
906
48
858
867
864
852
894
891
27
865
892
877
872
904
901
883
913
926
29
898
901
888
915
938
926
934
32
902
906
916
25
892
25
868
867
874
867
876
876
875
878
875
884
899
896
911
950
948
961
979
26
953
971
43
928
905
914
894
33
862
897
886
27
859
26
834
864
859
856
857
847
844
857
846
843
881
871
852
909
901
885
899
884
28
856
879
26
854
25
829
857
840
31
810
836
831
28
803
802
813
34
780
771
784
791
782
821
829
814
836
836
821
850
835
823
866
857
836
840
822
804
829
809
807
812
803
813
845
855
861
909
886
886
892
45
848
866
862
32
830
843
836
25
812
833
833
825
837
845
828
838
846
36
811
817
842
847
42
806
795
806
798
25
774
792
797
802
804
844
867
849
876
47
830
836
872
880
31
850
856
865
845
845
873
869
848
859
852
831
812
817
832
824
809
831
51
780
831
882
31
851
849
881
24
857
851
26
825
807
812
805
793
790
800
821
27
794
793
299
495
1020
191
830
847
833
874
869
934
956
975
958
981
1000
1000
43
957
975
985
979
53
927
987
986
981
957
994
994
50
944
991
996
44
952
65
887
895
916
912
31
881
869
879
917
1079
1077
1083
1092
1091
47
1045
33
1013
59
954
958
971
971
985
1004
1040
1047
1068
1086
1061
1045
1030
1029
1033
1011
1044
1069
1082
1055
1090
1101
1086
1083
1106
40
1067
1066
1062
1064
1068
1053
1088
1094
32
1062
1063
1060
30
1031
1044
55
990
976
33
944
28
916
29
887
896
910
945
970
977
992
1016
1032
1017
1021
1023
1030
1035
1041
1063
1078
1078
1065
1092
1095
1094
1092
41
1052
1041
1060
1083
1100
1119
1126
1104
50
1055
28
1027
1006
1010
1035
1041
1040
74
966
951
959
939
984
999
987
1034
1043
1042
28
1014
1027
1045
1044
1048
1050
1049
1044
58
987
975
975
987
1025
1229
1246
37
1209
1212
1206
48
1158
33
1126
33
1093
32
1062
57
1006
982
959
956
951
966
979
966
970
1018
1028
1045
1111
1117
1179
32
1148
1128
31
1098
1078
1069
1053
1041
40
1001
976
990
992
988
1042
1175
1204
39
1165
1141
33
1109
30
1079
1052
1040
53
987
967
957
944
940
937
943
1058
1143
39
1105
1082
32
1050
1030
1015
996
972
952
940
943
960
1013
1157
1156
40
1116
1102
38
1065
31
1034
1008
989
35
954
28
926
921
933
945
1004
1163
1153
43
1110
31
1080
33
1047
1022
28
994
27
967
28
940
940
966
954
1003
1089
1114
1089
1075
1050
31
1019
997
40
957
27
930
931
931
944
996
1077
1118
1103
1089
44
1046
43
1004
34
971
948
924
916
911
913
923
961
1089
1133
41
1093
44
1050
1026
47
979
960
54
907
28
879
28
852
849
859
901
1081
1121
1092
1068
53
1016
993
968
40
928
916
39
877
879
874
874
909
943
998
1033
1110
1118
1094
30
1065
29
1036
40
997
29
968
51
917
28
890
58
833
859
860
28
833
844
843
929
971
968
1027
1033
1036
1027
1018
997
992
976
31
946
944
935
928
909
914
901
900
890
885
906
909
889
918
912
908
916
907
905
890
890
881
874
865
850
840
828
824
814
815
814
810
822
813
816
810
799
23
777
795
797
799
802
29
774
805
823
804
809
822
827
57
770
792
28
765
24
742
748
743
736
741
754
271
484
920
147
774
781
810
806
807
801
800
789
801
797
785
779
793
791
25
767
796
808
25
783
783
811
806
27
780
820
826
40
787
795
824
832
40
792
818
829
34
795
802
813
793
781
807
823
29
794
822
832
25
807
817
850
849
829
855
869
850
864
893
886
869
896
877
36
842
835
26
810
794
843
875
38
838
868
931
944
38
906
904
958
975
977
45
933
946
991
1009
992
967
958
998
1022
1014
998
997
1034
1028
1020
1007
1052
1053
1051
35
1017
1009
1001
1017
32
986
30
956
933
39
895
887
886
897
945
931
955
1000
983
979
1030
1093
1080
1057
41
1017
1014
1015
49
967
945
938
29
909
910
944
930
916
936
967
975
986
1002
990
1000
994
123
871
363
508
1169
118
1052
1080
1086
1066
1044
1067
566
501
1426
329
1098
34
1065
1055
1073
1100
1108
1122
1121
1106
1118
1130
1134
1147
40
1108
1113
1102
1110
1117
1107
1100
1107
1118
1116
1125
1118
1095
1095
1089
1103
1108
1109
1107
1110
1093
1103
1188
1178
1154
1136
1124
1126
1130
1117
1097
1103
1116
1114
1106
1107
1113
1136
1145
1150
1135
1125
1119
78
1042
1026
1088
1086
1091
1104
1123
1116
1097
1103
1103
1103
1093
1087
1076
1076
1079
1078
1069
1065
1065
1091
1081
1068
1059
1080
1083
1083
1069
1065
1066
1067
1062
1053
1062
1078
1078
1062
1061
1081
1077
1064
1063
1077
1081
1075
1069
1082
1080
1071
1078
1083
1072
1061
1077
1074
1057
1068
1075
1066
1059
1071
1062
1037
1055
1058
31
1028
1040
1045
1047
1030
1045
1061
1041
1038
1061
1042
1045
1069
1061
1041
1068
1074
1058
1061
1073
1059
1055
1075
1068
1056
1057
1048
1041
1040
1027
39
988
1001
1060
1076
1084
1062
1066
1084
1068
1066
1077
1084
1063
1061
1063
1064
1049
1061
1066
1053
1056
1079
1076
1054
1065
1066
1049
1057
1046
1030
1034
1038
1033
1029
1037
1048
1032
1038
1043
1032
1032
1041
1042
1031
1039
1049
1036
1040
1052
1040
1026
1038
1045
1028
1040
1053
1041
1040
1060
1057
1039
1043
1064
1069
1050
1060
1069
1080
1064
1078
1083
1099
1086
1072
1077
1087
1076
1060
1064
1067
1069
1060
1074
1085
1086
1087
1096
1095
1088
1087
1092
1084
1068
1065
1069
35
1035
1046
1045
1036
1028
1041
1050
38
1013
31
983
958
28
931
37
895
872
877
906
956
983
999
1014
1060
1088
1100
1088
1090
1117
1126
1122
1117
1120
1147
1155
1145
1141
1152
1157
1163
1142
1132
1143
1153
1157
1145
1139
1143
1145
1155
1140
1142
1144
1134
1128
1145
1140
1136
1134
1118
1125
1134
1123
1122
1122
1130
1107
1092
1090
1097
1072
1080
1088
599
490
1418
366
1053
1063
1051
1045
1037
1067
1080
1066
1068
1055
598
458
1395
390
1006
988
53
936
926
914
25
889
891
882
864
28
836
857
851
848
835
839
841
844
840
850
849
854
862
859
875
879
862
863
864
914
898
898
26
872
875
871
852
843
845
829
813
800
28
773
755
747
223
524
896
165
732
724
721
191
531
875
152
724
720
708
183
525
848
151
697
22
675
685
147
539
810
143
667
676
666
126
540
749
97
652
657
642
86
556
718
78
641
628
90
539
720
92
629
21
609
55
554
681
57
625
22
603
55
548
648
33
615
599
52
547
637
34
604
592
47
546
631
36
596
586
38
549
626
36
591
581
28
553
618
32
586
587
50
538
628
46
583
572
560
586
580
173
407
747
163
584
63
522
617
45
572
36
537
594
23
571
50
522
589
31
559
26
534
586
35
552
22
530
569
24
545
541
560
19
541
531
126
406
705
175
530
555
540
534
534
535
536
530
52
478
581
45
536
524
527
530
522
524
519
526
522
515
519
522
517
511
515
519
35
485
513
508
516
511
505
512
514
509
509
505
509
506
505
500
509
505
500
500
505
501
501
500
501
504
501
497
506
131
376
624
117
507
502
504
97
408
582
79
503
501
496
484
507
500
493
494
491
500
494
123
371
598
99
500
493
493
490
487
487
494
487
488
492
489
487
487
488
490
484
486
489
484
483
482
492
487
482
479
489
483
478
481
486
481
480
481
485
479
476
463
500
24
477
478
480
479
475
471
481
474
91
383
557
78
480
474
470
468
469
470
474
472
471
473
475
483
496
497
496
495
495
501
56
446
574
48
526
520
525
524
139
385
683
117
566
553
38
515
584
32
553
29
525
613
608
130
479
714
110
605
117
489
674
91
584
81
504
702
42
660
190
470
891
229
662
177
485
783
146
637
128
510
971
208
764
295
470
947
259
689
150
539
910
170
740
267
473
936
231
706
240
466
892
211
682
241
442
83
359
537
746
916
222
695
195
500
860
164
696
217
480
987
246
741
294
448
944
243
701
238
463
1042
209
834
42
793
352
442
1018
235
784
27
757
296
462
1078
192
886
41
846
45
801
353
449
1024
203
822
806
815
375
440
1021
219
802
787
831
870
870
851
32
820
29
791
791
830
863
876
892
52
841
57
785
33
752
744
744
807
837
838
851
902
936
956
953
39
914
38
876
894
893
912
890
35
856
874
891
897
889
885
925
936
914
898
904
931
957
966
971
951
926
936
957
976
982
33
950
925
913
932
946
969
985
40
946
30
916
917
948
966
989
990
39
951
932
930
984
995
1009
1000
995
984
984
978
975
968
947
928
924
957
987
987
963
941
921
912
935
942
27
915
1157
68
1090
152
939
1133
64
1070
159
911
29
882
906
953
1000
1011
1010
991
979
994
993
1016
995
36
960
961
950
938
943
954
951
951
944
952
952
34
919
919
903
916
394
523
1240
358
882
879
27
853
868
858
900
881
891
875
896
893
30
864
850
848
916
932
937
951
958
957
933
470
463
692
1082
131
951
955
967
975
961
525
437
740
1109
124
985
974
984
991
993
967
1164
33
1131
138
994
992
999
1001
1015
1004
33
971
954
947
979
1003
1017
999
30
970
948
931
927
946
960
34
927
925
943
943
934
27
908
901
906
931
943
952
950
954
954
37
917
909
918
917
932
942
940
947
26
921
926
934
948
961
963
970
973
976
973
974
969
958
35
924
475
450
727
1095
143
952
949
951
33
918
916
913
25
888
884
884
880
883
48
836
37
800
820
824
838
840
829
831
852
839
848
844
848
846
860
875
860
860
862
843
24
820
842
861
878
859
873
891
912
30
882
882
913
925
936
946
934
947
969
987
993
994
29
965
947
965
973
982
991
991
989
965
953
971
969
982
989
991
995
998
982
989
977
35
942
938
949
933
931
931
916
916
894
882
861
29
833
854
867
883
876
897
916
935
925
929
926
916
892
910
922
927
27
901
905
929
939
939
925
946
954
942
932
944
954
935
936
927
926
903
880
900
916
934
952
934
959
959
30
930
912
923
940
938
934
918
896
875
854
841
843
836
829
835
863
861
869
866
887
883
881
881
868
852
857
904
919
932
922
913
933
938
945
32
913
918
934
951
963
944
958
966
968
959
974
992
993
982
997
1002
999
979
976
980
969
959
965
969
950
947
944
62
882
870
910
900
29
872
917
907
887
866
867
873
860
841
860
882
900
894
882
880
865
26
839
850
866
873
864
874
897
905
30
875
865
25
840
33
808
824
821
816
830
833
826
844
868
848
27
821
830
830
833
850
849
882
903
29
874
869
901
922
942
944
932
939
935
916
915
937
937
25
913
916
936
953
960
33
928
930
64
867
897
910
27
883
875
876
884
41
844
847
839
828
30
799
793
794
776
762
803
821
859
871
883
861
875
904
906
882
872
863
875
879
878
870
29
841
885
902
45
857
878
909
926
31
896
927
954
40
914
925
926
907
32
875
885
907
27
880
877
905
934
930
934
915
919
922
937
60
878
875
891
892
873
876
932
935
956
953
944
944
940
958
35
923
944
957
942
959
938
955
528
428
1327
367
960
941
948
29
919
930
960
39
922
951
962
980
39
942
972
965
949
946
962
984
35
950
944
956
961
26
936
945
966
973
958
965
969
959
28
932
947
943
945
921
36
886
901
905
895
37
858
869
853
46
807
817
819
822
27
796
829
829
811
831
820
816
848
877
875
872
903
883
882
895
880
881
907
890
904
938
916
906
922
938
936
955
953
942
31
911
911
31
880
858
852
29
823
830
836
841
855
857
70
787
819
807
787
771
752
749
753
270
484
504
3999
3999
3999

