22-11-2022 - 9:43 - Correr
MIRTHA SOTO
Intervalos entre latido y latido
750
747
746
756
758
747
753
767
762
757
762
765
769
756
754
760
746
751
756
767
754
758
770
772
23
749
758
759
745
737
738
730
22
708
709
705
702
715
716
713
724
743
747
746
757
773
772
752
756
766
775
760
774
789
783
783
801
816
799
804
813
800
792
803
788
782
799
796
785
793
803
22
782
784
798
802
785
801
814
803
798
815
818
803
798
817
826
823
815
800
811
821
802
804
818
826
806
805
821
812
793
796
806
797
790
800
815
811
801
809
825
821
802
821
820
802
799
824
835
817
824
844
850
829
843
860
857
835
847
856
845
828
833
847
833
825
838
851
24
828
828
843
834
820
828
845
838
824
834
846
841
832
842
858
851
840
851
862
854
846
865
869
852
851
865
866
845
856
865
849
832
849
861
853
835
851
859
852
842
859
869
855
844
862
868
853
859
875
872
857
864
875
859
844
853
864
854
839
856
872
855
837
855
861
864
28
837
853
861
852
834
844
843
827
820
832
844
833
823
837
847
836
826
840
852
839
831
846
854
839
828
837
845
834
823
836
842
830
826
843
855
844
835
851
859
845
835
844
853
838
826
836
851
847
828
833
843
845
827
833
843
840
821
828
840
840
826
838
853
857
839
850
863
858
840
853
862
862
840
854
859
850
836
854
860
840
839
852
854
841
855
870
864
853
861
873
869
851
857
862
860
840
842
850
851
833
836
843
839
825
832
844
845
833
849
855
857
843
855
861
866
848
848
855
852
835
852
856
846
833
849
859
851
841
850
858
852
833
843
850
843
829
843
855
854
837
854
859
855
833
842
852
836
832
849
857
859
848
859
869
865
848
857
855
834
826
839
845
850
829
842
851
854
841
856
871
863
848
868
874
866
847
854
852
844
832
844
852
840
835
855
860
844
842
859
865
845
848
864
857
856
862
849
875
879
864
873
882
872
856
867
875
854
860
875
875
865
874
883
882
872
883
890
880
872
885
887
875
872
882
890
875
875
882
883
867
873
875
871
856
869
881
878
869
884
895
27
868
869
853
1605
1049
557
826
67
760
753
744
741
726
742
729
717
709
706
705
698
690
701
696
698
688
694
698
682
690
704
697
688
702
703
696
695
706
708
711
713
711
714
713
710
705
696
693
695
692
686
685
678
675
676
674
671
666
669
666
655
663
665
658
648
663
657
646
654
656
642
653
656
647
650
655
654
644
657
660
647
656
658
642
653
654
642
653
654
643
649
654
652
642
652
648
637
644
651
637
640
651
641
633
641
643
631
643
640
639
629
642
627
636
640
626
636
630
620
632
628
622
621
627
620
614
625
626
611
623
622
607
621
617
603
617
616
611
82
529
680
68
613
602
619
614
604
615
615
609
617
621
607
613
616
605
605
612
612
602
611
608
596
606
610
602
597
610
608
606
602
599
606
608
605
595
608
603
592
609
600
588
590
599
599
584
600
590
580
593
594
589
59
531
633
48
586
579
595
592
581
593
587
575
580
588
580
579
584
580
571
584
581
571
588
583
574
572
582
580
571
588
583
581
571
584
580
568
582
581
574
577
578
570
566
579
577
569
572
579
571
559
575
573
562
567
575
574
562
576
571
566
559
566
578
570
558
573
572
566
557
572
564
554
562
568
570
559
574
568
558
566
566
554
561
568
561
556
565
559
552
87
466
639
78
561
554
45
510
608
48
561
554
551
565
563
554
570
563
554
559
559
549
559
561
551
568
563
557
554
565
555
552
561
557
550
557
561
557
550
563
557
548
562
559
552
559
558
546
558
559
557
548
563
558
552
555
559
556
548
558
554
546
550
553
550
547
561
556
547
561
557
550
556
562
554
549
558
557
544
555
554
548
548
556
548
545
559
556
549
561
554
546
559
557
549
551
559
556
549
562
559
547
553
556
553
544
558
550
544
550
556
546
551
557
555
551
555
557
549
546
558
554
543
550
555
39
517
579
20
559
555
546
562
555
546
561
553
542
551
554
547
547
559
549
551
560
555
545
559
554
545
552
552
550
544
555
549
544
554
554
543
561
554
550
545
550
561
559
551
550
545
558
553
547
551
560
553
553
561
558
555
562
562
550
559
558
556
547
560
555
41
515
588
35
553
544
554
551
548
547
558
554
547
561
555
546
560
554
546
556
553
546
549
559
555
547
559
556
548
557
557
550
554
561
556
553
564
560
550
564
557
557
547
561
553
546
549
559
553
545
562
556
549
552
559
555
547
558
556
543
556
549
541
549
554
552
543
560
553
548
556
553
545
547
554
550
546
541
546
553
545
541
544
554
548
541
556
552
541
550
551
550
544
558
550
546
553
558
554
548
560
556
549
546
559
555
547
550
558
554
546
556
553
549
549
558
555
546
560
555
546
549
558
554
545
553
555
550
545
558
554
546
555
553
542
555
553
553
545
561
557
547
561
557
561
549
568
559
559
551
564
561
556
569
562
551
565
560
560
552
565
558
553
556
560
551
551
562
558
549
553
557
558
552
561
558
553
556
564
562
556
570
566
566
557
573
565
557
569
566
557
559
563
558
551
570
558
551
551
563
558
552
562
559
552
551
562
559
549
562
559
557
554
569
563
557
569
563
555
567
564
558
568
564
558
557
569
564
555
569
566
565
563
562
566
577
579
575
572
573
574
579
582
583
583
587
591
592
592
597
594
593
588
590
589
585
588
590
587
585
589
590
593
594
598
601
602
596
603
601
598
593
599
604
601
600
606
605
613
620
620
624
628
632
632
635
637
635
637
642
646
644
648
654
656
654
654
660
666
664
666
673
674
671
670
676
674
680
673
677
676
668
672
676
677
675
676
677
679
683
677
678
678
684
674
675
675
670
667
669
677
677
682
684
690
685
688
689
695
689
689
685
677
672
668
662
662
662
667
674
683
692
688
692
696
697
707
701
709
713
708
711
712
709
714
711
713
708
709
707
707
717
713
722
727
721
725
724
717
709
709
706
699
692
696
695
688
692
695
700
698
706
712
719
717
725
728
721
720
724
726
720
717
721
723
716
717
724
726
722
718
712
719
718
710
707
1466
748
718
703
710
704
700
710
717
723
727
731
739
744
754
758
762
757
758
760
765
765
754
759
758
755
750
753
751
745
750
752
752
745
746
748
750
747
755
756
754
750
756
756
760
752
757
757
752
749
753
757
757
754
760
763
756
764
770
772
767
767
766
758
758
760
761
752
758
764
768
760
759
762
767
759
765
768
762
755
751
752
749
745
750
749
750
743
743
743
750
743
749
754
754
749
752
754
759
756
756
763
765
757
759
768
769
760
761
758
758
753
753
738
740
740
746
746
749
754
757
754
750
756
754
745
747
750
750
747
748
752
755
758
756
763
765
768
759
768
768
770
760
747
735
744
748
757
756
758
764
764
757
759
763
762
756
762
760
757
754
758
756
757
751
752
758
763
759
760
761
763
759
763
765
772
766
774
776
778
768
770
774
773
764
766
772
776
770
765
776
779
781
773
778
781
783
775
771
775
778
782
772
773
780
780
769
771
774
782
771
778
784
789
777
777
782
784
772
775
776
783
774
769
774
775
764
764
768
770
758
757
760
762
756
753
759
762
760
755
759
761
762
756
758
761
764
755
757
761
764
752
754
759
764
756
758
769
776
775
772
781
785
787
778
783
788
787
779
783
791
791
780
784
791
787
786
795
798
797
791
798
799
798
786
787
788
782
776
783
787
782
789
791
794
787
790
787
792
795
785
780
790
789
783
778
775
778
776
775
782
787
794
790
795
795
794
787
792
790
778
769
771
768
763
771
777
779
774
781
785
782
779
788
793
790
789
794
793
780
781
786
789
790
786
792
794
795
781
783
776
785
791
800
790
794
805
809
794
795
794
789
786
791
791
791
791
798
800
800
796
804
804
799
795
798
785
791
793

