17-10-2022 - 9:05 - Correr
Ricardo Menendez
Intervalos entre latido y latido
822
827
825
837
841
856
867
871
875
887
893
27
867
869
863
848
850
857
847
847
865
881
875
59
817
807
806
813
802
803
813
818
815
818
824
837
829
838
847
825
823
812
806
815
830
835
831
844
860
861
849
843
845
33
813
24
789
22
767
768
754
768
793
817
853
871
875
26
850
23
828
814
811
811
810
803
797
791
790
783
785
786
793
800
802
801
819
822
818
805
811
824
837
820
802
794
794
894
884
875
855
857
857
850
847
855
853
852
846
848
846
845
840
859
872
878
888
880
878
882
871
853
846
850
855
853
836
846
853
862
859
850
24
827
814
795
784
770
770
781
793
806
799
786
790
790
780
776
793
799
808
815
830
841
833
838
843
845
835
847
855
863
854
853
850
844
833
834
839
833
823
807
791
791
794
795
796
791
785
773
770
765
765
772
781
794
814
830
840
843
847
837
821
811
815
819
811
798
803
812
813
827
830
828
826
833
847
901
910
903
882
36
847
830
828
820
813
815
833
855
852
866
873
865
849
855
848
849
851
846
839
826
832
825
807
796
791
798
790
795
796
799
796
803
813
828
829
831
831
844
844
844
847
842
829
814
806
810
805
807
815
819
817
828
834
831
832
836
838
830
837
857
851
847
848
845
834
837
837
829
836
834
828
842
841
834
827
833
831
23
808
815
856
918
35
883
861
30
832
26
806
800
791
779
785
791
797
812
836
854
875
877
867
875
862
30
833
826
813
807
804
818
814
813
834
830
824
824
821
824
821
822
814
822
822
824
820
814
822
822
822
813
803
811
807
806
796
792
794
798
789
782
767
751
761
766
764
768
766
768
772
775
781
769
762
770
761
765
782
798
819
833
833
855
864
862
888
904
911
912
921
927
48
880
24
857
835
835
828
823
832
838
849
848
860
870
867
867
863
868
849
856
858
863
31
832
810
820
822
815
814
807
803
797
795
804
806
819
816
818
828
834
828
839
823
830
839
834
833
836
842
838
848
841
836
836
869
932
30
903
26
877
26
852
831
821
813
803
805
802
806
819
829
817
31
786
31
755
747
733
721
714
707
698
692
687
681
676
672
669
669
669
669
665
650
638
644
628
635
631
625
634
627
626
624
625
626
618
624
617
616
610
609
606
602
602
599
599
593
593
590
592
589
590
589
587
587
584
584
583
582
581
578
578
577
576
572
573
572
571
568
567
570
568
564
565
567
567
564
564
565
562
563
563
563
562
561
564
565
564
565
568
568
568
569
569
567
564
568
563
565
563
567
564
566
565
567
563
564
566
563
562
563
564
563
560
562
559
561
558
561
555
557
555
557
555
553
552
551
553
550
549
546
549
548
546
544
544
543
542
542
541
541
541
543
539
539
537
540
537
537
538
537
538
536
537
533
537
533
536
529
534
531
531
527
530
528
526
525
528
527
525
525
525
527
523
525
524
525
521
526
525
525
521
527
523
523
520
526
522
520
521
523
523
520
520
521
521
517
523
519
519
515
519
518
517
514
518
515
515
517
518
517
514
519
517
518
515
521
515
519
516
519
515
519
517
517
517
517
514
517
516
515
514
512
517
513
515
512
515
513
514
511
518
517
519
529
561
585
592
578
564
563
565
567
564
558
556
559
556
547
554
553
547
551
550
547
540
543
548
555
565
564
564
561
565
575
576
580
583
583
582
576
575
570
566
567
568
565
578
577
581
587
586
585
580
577
575
578
578
575
600
612
623
618
626
627
620
625
631
629
617
623
622
616
612
617
621
620
629
643
647
649
654
653
646
641
634
627
622
622
619
615
616
622
637
644
656
669
682
681
685
681
669
656
655
651
661
665
670
671
666
667
652
656
645
639
636
625
630
620
615
609
595
601
600
599
598
610
611
615
620
626
628
634
640
641
640
643
661
670
671
676
688
707
708
699
699
709
707
701
706
708
702
698
698
696
690
695
708
715
708
704
706
712
704
693
681
681
692
692
691
691
701
711
708
710
711
716
712
711
710
715
710
710
720
719
715
720
729
724
717
715
716
713
710
708
714
710
703
697
691
683
670
665
665
666
669
671
681
686
693
700
718
719
724
731
739
730
724
725
730
733
725
724
731
731
723
724
726
730
723
719
716
718
716
710
711
717
724
726
727
733
731
727
731
734
733
723
724
731
725
720
721
724
725
724
722
725
732
726
718
719
725
718
718
718
727
732
731
735
743
745
745
745
748
742
737
739
740
737
731
734
737
741
738
739
748
746
750
755
752
749
736
718
709
697
693
679
690
822
833
833
27
806
34
773
23
750
734
723
710
705
709
710
712
714
720
722
724
732
734
723
724
721
714
708
708
709
710
708
710
716
712
710
711
708
703
699
695
690
684
677
672
676
681
692
691
692
685
683
685
674
675
673
669
673
678
680
677
680
680
685
685
687
694
700
700
703
715
716
722
727
722
733
745
752
751
747
737
725
713
702
699
699
707
714
718
710
715
717
724
737
746
753
756
772
773
769
781
780
775
784
790
775
778
778
779
771
779
785
772
772
771
757
754
749
738
735
730
725
722
718
713
712
706
696
696
688
692
696
704
712
713
708
710
714
720
733
749
751
758
756
751
753
750
741
743
735
734
739
738
733
744
752
760
774
790
792
798
804
787
783
780
772
776
778
769
773
763
755
756
779
801
808
803
786
789
784
771
769
769
773
778
788
794
796
804
800
796
799
795
789
792
791
781
789
791
785
791
803
796
782
787
790
795
784
788
793
783
779
778
758
753
744
725
772
766
23
744
733
721
708
700
690
685
680
676
684
693
696
704
712
721
731
744
750
754
753
752
750
750
746
742
740
745
751
759
761
769
775
776
781
780
774
775
769
769
768
756
751
748
747
750
755
742
736
738
726
732
735
737
746
751
750
750
746
745
747
749
751
756
767
772
777
780
774
770
773
764
769
774
774
769
766
764
763
768
766
772
773
771
752
760
820
857
886
34
853
41
812
37
776
33
743
25
718
708
696
692
689
689
693
689
692
693
692
692
694
693
691
690
689
688
689
682
674
678
677
677
684
691
699
701
709
714
718
722
717
720
718
716
719
719
721
721
719
717
719
722
719
721
722
728
733
727
735
742
736
740
739
734
725
723
725
719
724
723
722
730
732
730
742
750
755
744
734
736
731
728
723
711
713
708
708
704
705
704
703
695
696
697
706
705
710
719
727
730
735
744
748
746
739
732
737
733
729
727
728
726
732
738
736
742
745
741
744
744
735
741
740
740
743
736
730
22
708
713
708
706
704
707
711
712
713
711
715
712
723
724
720
725
725
724
720
725
725
733
727
727
712
713
711
714
726
724
719
718
715
712
717
723
727
729
733
736
741
733
732
741
750
761
777
780
771
759
746
752
750
740
741
742
748
744
750
755
749
757
768
768
760
746
749
741
733
734
733
727
737
741
745
754
761
759
762
760
757
756
22
735
737
745
752
764
767
768
769
765
757
749
740
734
729
727
725
719
725
725
731
730
733
741
743
739
742
745
733
741
745
754
756
748
752
753
755
751
748
738
731
726
725
718
726
721
723
714
708
703
692
693
700
704
714
721
727
728
723
713
715
711
713
719
725
735
747
757
756
746
745
748
744
738
741
738
731
732
736
741
740
735
733
726
710
712
708
708
708
708
708
716
719
711
715
722
721
724
723
717
710
704
699
691
684
674
671
672
679
702
726
759
802
821
818
814
798
796
781
784
782
767
748
24
724
719
714
713
711
722
738
757
761
768
767
761
745
738
759
806
805
799
785
772
764
752
749
748
746
739
742
740
729
722
721
719
716
715
712
704
703
702
701
702
703
702
704
703
699
700
695
689
684
685
686
685
678
674
673
672
671
668
671
672
667
663
660
656
649
646
652
658
666
672
677
686
684
687
686
687
686
686
688
683
678
673
667
663
662
669
671
674
674
677
678
677
677
674
675
678
681
683
682
681
685
681
684
679
677
674
675
680
677
663
652
648
640
636
629
629
630
633
636
643
650
656
666
668
681
687
690
685
682
667
660
663
663
664
659
660
664
668
671
676
678
675
671
678
678
678
684
693
695
703
709
711
709
706
734
796
799
804
791
779
26
753
21
733
715
713
713
716
717
721
724
729
731
728
727
725
716
710
708
699
700
699
700
703
708
710
713
711
714
716
716
713
709
708
705
699
702
702
700
707
709
708
709
705
705
705
708
707
707
711
716
702
700
694
691
692
692
697
704
703
712
714
710
709
701
700
693
684
677
672
673
675
680
683
693
701
702
709
719
726
732
737
734
724
710
705
692
677
676
677
681
682
686
693
702
706
711
710
723
727
742
745
739
732
723
714
705
701
697
697
699
704
708
713
718
723
721
723
718
708
701
697
694
692
695
693
689
680
696
696
689
679
673
663
658
654
655
658
664
663
655
640
632
633
632
632
633
638
640
641
642
642
638
641
642
642
644
644
642
647
653
655
657
659
662
665
664
662
684
728
746
747
738
722
708
694
684
680
675
672
672
674
681
679
683
685
681
681
688
690
691
682
669
660
649
640
637
638
643
651
655
667
677
689
701
712
697
690
675
675
670
664
666
669
671
676
683
685
684
680
686
686
683
681
682
684
682
685
689
691
695
707
715
718
709
704
687
686
682
677
677
674
673
677
680
687
693
696
701
704
703
698
698
691
692
691
691
693
700
700
693
700
703
702
703
703
700
692
689
685
686
694
694
698
699
693
696
696
696
699
707
710
715
718
712
712
708
699
700
693
689
675
672
672
680
690
699
708
713
737
743
747
741
733
721
712
708
703
698
698
700
703
708
708
708
732
822
828
24
804
788
26
762
23
739
721
703
695
690
688
692
701
711
723
735
741
752
750
746
751
749
739
727
725
718
718
715
723
727
726
722
719
708
697
689
681
680
676
678
683
711
728
740
746
740
729
713
707
698
693
685
680
677
675
678
678
679
684
692
696
695
695
695
690
683
683
686
687
693
696
694
696
687
690
685
686
685
698
772
905
930
908
38
870
30
841
31
810
32
779
29
750
21
730
719
710
702
687
684
685
696
699
708
708
703
700
701
702
695
690
684
678
670
669
670
677
688
694
702
699
702
701
701
693
689
684
676
676
671
674
680
687
689
686
691
688
689
691
691
690
691
687
683
675
680
682
683
686
685
684
683
677
676
683
687
700
708
720
762
801
827
831
827
806
33
774
763
22
742
727
717
709
698
701
701
711
727
738
738
739
750
745
742
746
746
743
741
735
734
730
729
720
719
722
725
720
727
734
745
750
754
747
737
732
712
710
703
697
694
698
745
967
1015
992
68
925
30
895
33
863
32
831
24
807
791
774
763
748
737
731
733
733
736
729
719
715
704
698
701
707
709
728
738
748
747
759
759
757
768
765
758
760
766
764
768
775
769
758
765
765
754
747
747
736
732
734
743
749
743
746
740
748
745
744
741
746
745
756
760
762
761
762
763
751
750
753
760
770
773
777
780
779
772
768
763
765
765
763
751
755
753
757
762
762
767
771
771
779
770
760
750
756
752
754
751
761
770
779
785
779
772
22
750
747
735
726
723
721
715
723
722
735
744
748
743
738
728
723
715
706
702
702
705
704
714
716
720
717
715
708
704
699
694
689
697
696
696
696
695
696
697
699
698
704
704
704
705
703
701
697
700
700
703
702
701
703
697
689
692
697
704
708
708
715
726
735
733
722
718
720
715
716
713
713
700
694
686
696
705
726
730
735
743
754
767
767
765
760
747
728
709
697
691
683
679
680
680
682
684
694
717
719
710
718
709
700
690
681
671
669
669
673
681
680
670
668
664
660
659
664
670
684
694
706
723
740
750
750
750
754
739
724
724
717
714
708
697
700
690
683
684
685
679
687
704
728
755
774
789
793
783
766
760
748
741
737
733
733
731
732
733
733
741
749
749
750
742
736
735
725
720
714
709
708
715
719
718
720
753
799
792
790
776
762
743
733
720
716
709
711
714
725
731
735
739
731
727
712
705
704
705
704
708
705
704
705
700
703
708
711
717
722
725
723
717
708
701
702
700
706
717
725
730
731
725
721
716
708
704
695
688
684
681
671
668
676
682
698
712
721
733
738
736
738
736
729
714
712
718
718
733
738
23
715
704
699
692
679
679
681
691
702
719
729
725
711
713
710
713
714
721
726
736
742
756
765
774
778
777
770
759
752
22
731
728
722
713
717
717
716
728
737
747
750
766
842
847
832
815
796
23
774
762
750
738
733
732
744
759
775
768
761
760
751
748
736
742
732
713
20
693
681
680
678
679
675
682
681
686
695
707
712
724
740
752
756
753
758
750
754
751
744
731
728
721
714
722
726
736
747
761
770
762
751
754
751
742
740
735
740
737
738
742
752
759
771
777
764
756
753
750
744
740
743
743
744
753
761
771
767
761
757
757
752
749
749
750
746
741
798
836
40
797
35
763
758
747
733
721
713
703
700
702
706
707
711
721
727
723
723
723
722
720
715
716
719
721
724
727
731
725
717
723
726
726
727
731
730
731
735
737
738
733
733
724
720
722
721
721
725
725
725
727
729
723
725
723
722
717
718
718
722
728
722
727
727
725
723
712
705
705
703
702
704
709
709
719
729
732
730
22
708
697
689
671
666
663
667
669
674
680
684
688
694
693
748
886
922
905
888
868
31
838
817
26
792
781
779
770
768
772
773
766
758
756
743
730
719
709
701
701
700
694
691
697
696
703
713
706
708
705
703
708
706
704
708
710
713
720
728
732
722
721
716
717
714
712
717
712
706
710
706
702
702
706
706
715
719
719
726
729
724
726
725
723
721
723
727
727
728
727
730
727
727
715
705
695
687
684
682
682
684
682
686
693
695
699
705
705
709
707
709
708
708
706
708
707
708
709
709
711
714
717
710
708
711
715
716
720
712
708
698
704
708
729
741
751
757
750
737
725
721
719
711
712
710
711
712
716
716
726
728
732
737
746
732
725
708
702
708
709
721
734
750
756
758
754
741
731
730
730
726
727
725
729
723
722
731
737
736
741
741
745
747
745
737
740
738
730
726
720
722
725
727
722
715
21
695
684
676
673
676
685
704
717
727
731
740
738
740
748
749
746
750
749
743
741
743
741
740
743
741
739
746
745
740
741
744
744
739
741
741
739
741
744
745
735
769
906
42
864
850
833
39
794
23
772
24
748
742
731
725
725
726
731
738
748
751
754
756
755
750
749
742
739
736
736
741
741
751
760
759
764
766
761
758
762
756
752
765
783
787
793
782
29
753
742
733
727
715
709
701
702
707
713
727
740
747
749
755
764
764
761
757
754
749
749
750
755
750
759
764
764
759
750
744
737
733
727
717
717
717
729
741
735
727
717
705
20
686
702
706
705
708
704
702
697
697
700
699
703
708
703
697
700
709
709
697
702
695
695
688
684
677
679
678
677
676
678
688
692
692
692
700
703
700
697
701
696
690
690
690
689
690
690
689
693
695
692
698
696
695
693
697
698
698
701
700
700
689
682
683
680
681
677
666
664
662
658
654
649
650
648
651
653
654
650
642
644
643
640
637
636
632
631
629
630
631
634
638
648
662
686
713
736
740
757
763
758
756
748
735
725
709
699
695
699
707
713
723
726
740
743
738
733
730
727
723
722
722
725
722
727
736
737
738
782
809
26
783
768
22
746
24
722
706
696
685
680
674
671
666
662
658
654
656
660
661
664
671
672
670
670
666
663
661
653
645
637
636
655
688
700
704
706
702
692
684
676
670
665
661
662
666
671
676
678
684
684
683
686
684
688
683
681
678
678
681
682
683
687
688
693
698
701
699
705
708
707
708
700
692
684
684
684
686
691
696
696
698
698
711
706
705
701
695
690
688
680
676
676
675
675
677
678
676
666
702
783
819
827
807
793
779
22
757
742
729
722
721
723
723
725
728
735
730
737
740
741
736
731
727
724
717
718
720
714
715
725
721
732
719
705
694
697
701
702
708
718
718
716
729
735
741
747
748
754
765
768
755
757
752
741
739
735
731
735
736
742
743
749
750
755
761
763
759
756
750
746
745
743
741
750
751
745
749
750
752
750
753
753
745
750
743
740
739
744
752
756
755
756
756
752
750
737
724
719
714
715
712
715
722
732
734
736
732
732
728
724
721
721
716
717
723
720
716
716
720
732
736
732
729
723
719
718
708
714
713
721
730
735
739
744
741
738
731
733
737
738
737
729
720
719
717
717
721
733
736
739
752
753
735
737
730
716
710
706
701
697
694
699
700
704
708
715
724
735
740
750
750
750
749
753
750
749
744
741
739
738
737
735
732
733
744
750
754
748
747
750
749
746
746
750
750
755
758
763
758
756
750
746
742
739
737
738
740
749
753
776
787
780
773
758
749
746
740
741
744
746
752
756
766
765
768
764
760
759
759
755
757
759
763
765
763
769
767
773
778
775
770
774
781
770
761
750
737
727
715
707
705
708
718
736
749
763
777
783
792
798
803
798
791
783
784
784
779
772
767
755
752
749
750
761
783
807
808
796
779
772
764
750
740
791
873
890
887
868
24
844
829
818
806
798
796
798
798
801
802
800
798
793
791
790
787
783
791
812
812
814
802
789
773
767
759
763
765
773
775
781
782
789
782
782
781
772
768
759
742
736
727
717
708
704
703
710
720
731
740
748
754
750
749
738
729
729
728
727
730
731
734
734
731
739
743
750
759
773
789
781
792
783
777
768
760
745
734
724
716
714
716
718
726
739
751
764
785
796
807
799
790
789
783
767
749
741
734
724
719
717
726
738
761
774
785
787
791
771
750
25
726
721
716
711
710
714
724
739
760
796
812
825
824
829
827
820
811
804
797
791
788
801
817
830
825
823
828
819
812
804
798
791
779
771
775
777
780
788
801
813
809
810
810
805
800
783
763
748
736
746
764
781
795
800
798
791
794
798
803
798
806
802
814
821
829
832
828
819
817
806
25
782
776
775
776
781
790
791
796
794
784
785
785
789
792
799
797
795
791
794
795
796
796
784
783
781
764
754
752
750
745
744
743
745
750
755
763
770
761
753
752
744
742
750
752
761
767
767
770
770
772
768
774
778
777
778
779
768
758
756
755
744
749
744
747
745
755
757
740
721
709
711
716
723
738
745
747
752
744
738
740
741
733
744
742
743
727
735
754
769
786
792
788
775
777
771
765
757
752
811
870
875
866
850
30
820
820
820
807
804
802
791
784
777
774
773
767
774
776
771
772
764
764
760
757
755
758
763
768
766
779
780
783
779
769
756
750
739
736
736
747
750
750
758
775
798
816
835
837
825
823
806
22
785
775
771
767
763
769
776
786
786
785
791
790
789
780
775
771
766
761
762
753
742
742
742
746
751
752
762
760
763
765
779
788
787
780
770
758
28
731
728
728
729
740
757
772
784
799
805
798
799
782
768
758
754
759
756
759
766
770
775
783
788
791
792
791
791
793
789
791
791
784
777
773
763
764
765
771
777
778
774
759
752
752
750
745
745
750
752
753
760
763
762
770
771
776
764
760
755
757
760
760
765
769
781
790
793
798
803
803
799
792
23
770
758
756
754
755
759
767
774
773
780
777
781
786
787
776
781
785
775
768
762
761
759
762
756
751
751
740
739
743
744
752
757
769
774
770
772
770
768
759
753
753
748
742
742
736
743
746
751
752
753
750
743
730
722
722
728
739
742
746
751
759
763
770
753
753
755
749
743
739
725
722
718
715
728
881
908
887
870
30
841
28
813
28
786
768
763
759
765
773
778
782
790
793
797
788
778
771
770
769
759
754
753
758
757
755
758
760
766
777
791
791
790
787
779
761
753
737
730
722
725
729
738
748
750
753
760
763
762
759
751
755
762
773
774
774
772
761
749
746
738
736
745
743
750
750
749
753
752
746
744
744
745
742
744
740
732
737
738
740
744
749
759
750
758
751
747
744
735
729
723
715
713
711
716
716
731
750
737
724
722
716
705
707
720
732
743
756
766
760
760
775
775
768
763
755
748
748
743
743
741
750
747
736
725
721
708
698
695
687
689
696
719
719
705
704
693
688
687
680
679
682
678
682
680
686
690
689
696
701
700
706
709
711
716
722
731
733
742
733
729
728
725
721
724
716
23
694
704
713
720
732
730
722
726
723
722
741
751
759
750
750
757
750
748
748
746
742
735
737
738
745
745
751
751
756
755
755
760
769
768
773
766
770
776
770
765
765
772
778
788
782
773
768
766
766
761
753
749
749
750
756
766
776
784
788
792
791
793
791
790
790
793
798
800
792
791
783
763
753
758
763
771
774
778
792
794
801
813
807
806
788
781
784
783
780
779
769
768
767
770
769
768
773
786
793
811
817
817
815
804
796
792
783
784
786
799
803
812
823
810
801
28
774
760
751
751
750
746
742
739
741
748
756
755
753
761
772
773
777
765
761
762
759
753
741
731
720
733
743
750
759
776
776
775
765
750
761
763
763
764
762
758
757
759
760
762
771
777
783
784
769
766
756
751
759
761
777
795
807
808
809
1065
1045
98
948
94
854
30
825
33
792
26
767
751
733
725
722
715
718
721
721
725
731
732
737
737
739
730
730
733
741
738
732
733
749
760
769
773
779
779
774
761
757
749
737
724
710
703
696
687
703
717
736
756
754
781
782
775
767
768
757
756
759
759
758
766
786
810
818
820
812
803
803
791
788
784
776
771
776
779
776
796
796
778
765
761
754
755
749
750
754
764
770
779
794
796
797
814
817
814
807
808
805
802
799
790
797
795
794
799
797
799
805
806
23
784
776
773
753
749
754
765
777
777
791
798
798
810
817
809
813
816
811
810
806
808
812
801
808
806
793
798
796
795
792
785
781
764
759
764
762
765
773
783
790
800
811
826
828
835
836
825
828
828
826
832
834
841
847
845
833
834
822
820
818
819
808
819
821
816
798
801
800
795
807
818
821
829
833
830
829
827
815
808
815
813
813
821
833
835
846
847
846
847
826
825
24
801
787
780
780
775
775
789
791
799
805
815
813
812
814
808
817
828
835
829
837
833
832
822
819
825
823
816
813
818
815
820
822
824
815
813
805
799
803
800
800
801
802
809
802
816
824
815
817
816
813
815
824
825
827
828
823
826
822
821
824
812
814
817
815
26
790
34
756
764
758
755
756
756
754
758
758
759
763
763
762
753
757
760
761
773
784
793
804
811
821
831
833
830
823
816
815
810
806
804
805
808
804
801
784
785
771
754
753
752
756
763
774
793
819
821
842
849
852
845
830
818
801
793
783
782
791
797
820
830
833
846
853
852
839
833
822
813
803
802
798
788
792
803
791
833
879
891
890
883
876
857
861
858
841
846
851
848
842
853
843
831
827
806
790
795
793
796
806
815
811
813
810
812
820
824
815
805
804
803
809
810
813
805
795
793
798
801
811
827
852
861
870
885
28
858
37
822
826
812
803
816
812
821
824
840
838
836
830
821
819
831
835
828
817
828
825
823
815
826
823
817
822
819
811
817
817
811
812
815
817
820
825
821
826
829
825
29
796
791
795
805
802
801
811
823
815
814
809
807
818
821
827
835
839
841
843
843
843
841
836
833
832
826
826
822
821
830
822
820
825
829
827
833
828
828
834
830
825
821
814
819
814
817
827
831
835
841
833
836
831
824
821
815
818
816
809
804
808
808
810
809
814
824
812
818
813
799
789
778
782
799
816
813
815
814
808
797
791
777
772
766
761
758
760
762
766
769
767
762
763
751
741
740
735
738
739
747
759
776
787
800
800
809
817
812
802
800
799
811
807
805
811
802
794
787
793
791
784
792
789
787
784
782
783
791
784
775
784
780
777
781
786
768
762
748
738
743
749
757
774
790
811
819
817
813
798
797
785
777
773
769
766
761
772
787
791
792
807
808
812
812
810
810
807
809
815
817
825
823
830
840
832
828
24
804
790
775
762
753
752
752
751
752
757
749
748
753
744
740
726
730
727
723
709
706
701
708
714
726
730
729
740
745
746
750
748
744
744
739
739
745
748
749
760
777
775
783
779
775
787
783
788
791
791
791
787
783
787
784
797
790
820
808
792
788
782
771
766
770
774
772
777
783
785
792
789
787
793
783
781
782
780
773
764
750
759
763
761
765
767
750
762
769
784
799
802
804
793
780
771
758
750
754
753
749
751
752
750
757
767
772
778
782
782
788
788
779
791
791
796
804
815
818
818
809
795
797
793
785
781
782
787
784
776
780
769
763
758
762
765
775
791
802
816
812
823
820
820
815
817
819
817
819
816
814
806
807
808
805
803
797
798
795
801
793
779
771
766
774
781
780
769
761
757
748
757
762
769
768
765
754
34
721
723
714
709
708
703
703
698
693
687
678
673
673
672
674
681
683
691
706
710
725
744
758
774
781
793
798
801
804
800
794
795
790
803
811
806
812
816
824
828
831
833
817
830
833
828
832
829
826
829
814
818
815
801
801
814
817
818
827
834
826
832
833
825
819
816
818
817
819
822
829
825
826
825
810
807
801
786
786
782
788
788
789
793
797
792
799
785
788
773
780
766
750
737
726
714
702
698
695
688
688
683
681
688
700
707
712
724
739
743
745
750
759
757
759
750
744
751
754
751
765
764
766
774
774
770
777
769
766
770
766
814
806
810
806
813
811
814
808
808
808
801
805
798
791
781
775
776
780
781
787
789
787
792
787
783
786
781
776
779
775
770
778
778
789
790
795
797
790
789
788
774
781
781
782
792
798
805
819
816
812
815
816
816
811
804
807
799
803
809
818
808
807
810
803
802
806
805
798
798
801
799
802
800
799
808
811
806
809
801
798
795
782
785
771
761
760
764
759
761
755
764
757
754
757
753
750
750
742
735
734
731
727
735
737
750
759
773
779
791
795
791
787
792
783
774
779
768
768
762
759
764
770
780
791
794
796
812
804
803
794
786
789
782
776
777
778
769
778
782
791
793
811
805
806
808
806
810
797
790
786
774
771
781
778
776
783
784
787
788
779
770
773
757
802
821
809
801
794
780
780
773
774
776
783
789
795
802
798
793
803
801
793
797
787
775
777
771
767
770
771
767
770
778
787
796
788
780
783
776
774
778
774
768
771
767
759
765
757
751
742
747
741
739
745
741
733
737
742
741
748
746
753
751
748
752
752
756
758
760
770
774
774
782
782
779
787
793
803
804
811
803
785
769
792
827
47
780
31
750
739
726
712
708
702
701
704
709
714
720
720
721
719
723
725
737
748
758
774
784
777
783
780
772
774
765
765
768
774
778
783
785
784
788
783
780
782
766
769
771
767
767
774
763
761
767
761
764
771
776
779
786
782
782
788
782
778
778
773
783
775
770
770
775
775
778
779
782
782
773
773
766
771
770
771
780
777
780
781
775
771
763
750
744
754
759
767
774
771
776
773
774
769
767
765
763
763
761
755
755
755
756
757
763
763
767
771
765
750
741
729
743
818
26
792
781
25
757
36
721
713
703
688
672
660
650
641
634
626
619
620
615
608
601
595
600
604
610
612
613
609
607
610
609
607
610
609
606
604
607
605
600
599
599
595
592
594
591
588
585
588
588
587
585
585
586
586
583
583
583
582
578
578
575
576
572
569
568
567
566
561
563
563
560
561
563
563
560
560
563
565
562
560
561
560
562
561
557
559
558
560
560
559
562
559
562
566
563
566
563
565
563
561
563
562
559
557
554
556
554
554
550
551
556
553
550
552
551
554
551
551
554
553
552
549
549
551
552
551
550
547
549
550
545
544
546
548
544
543
544
542
544
544
540
540
539
542
539
537
542
542
543
538
540
540
539
538
538
535
538
538
533
537
537
536
535
534
536
535
534
531
528
531
530
529
527
529
534
551
587
646
646
22
625
30
595
581
568
560
554
549
545
541
538
541
536
535
533
536
535
536
532
536
535
537
534
534
535
534
533
532
531
532
531
527
529
527
529
529
524
526
523
527
528
523
525
523
525
523
521
524
524
525
524
522
523
528
523
526
524
528
529
526
528
524
529
525
523
524
523
523
518
520
522
524
534
542
551
552
554
555
548
548
546
543
547
545
543
542
541
545
547
546
551
557
563
562
564
574
572
578
587
583
577
579
578
581
582
582
592
597
597
594
595
585
588
595
588
588
587
590
587
587
603
613
616
613
617
626
633
622
620
614
607
596
593
595
597
602
611
626
638
635
625
619
636
641
643
642
638
655
22
633
627
620
620
618
619
625
632
636
649
662
665
673
681
680
667
662
656
655
644
637
631
629
630
625
621
625
638
655
667
675
689
692
690
703
708
706
707
703
695
686
684
676
668
658
653
643
645
650
645
642
636
629
631
642
661
682
695
690
695
683
673
658
654
658
661
659
654
651
643
642
643
666
700
691
681
667
683
668
659
651
654
656
660
674
679
689
705
716
734
748
750
761
754
735
727
728
721
717
704
828
1032
49
983
63
921
86
835
52
784
25
760
751
748
756
762
768
773
765
778
777
767
765
773
776
770
772
768
25
744
750
747
750
747
737
737
733
727
722
726
732
738
727
735
738
749
764
777
776
774
764
25
740
744
739
730
716
705
711
719
728
727
739
758
758
762
767
766
751
760
775
780
779
786
791
795
791
781
774
769
760
765
768
768
784
784
784
788
785
782
780
765
769
767
757
758
765
757
758
751
739
744
750
745
750
753
746
751
757
749
749
742
729
719
710
712
703
706
720
723
729
729
731
733
732
727
716
708
707
707
706
713
714
718
730
728
734
733
728
728
727
722
718
717
722
723
721
724
732
729
733
735
733
736
745
747
740
750
750
744
750
759
753
757
750
743
747
743
734
738
732
725
793
921
76
846
54
793
29
765
750
744
741
737
736
748
750
754
755
758
766
766
766
763
756
746
745
735
732
730
21
710
698
689
681
674
675
673
676
677
683
683
694
701
705
715
720
726
734
732
722
725
720
708
709
719
733
742
743
742
743
739
731
729
720
710
706
698
690
695
709
727
745
732
720
715
706
698
702
706
711
722
729
750
742
737
747
761
774
803
806
798
785
786
768
755
744
732
723
720
714
715
718
729
739
737
747
758
768
768
782
793
799
801
801
791
778
22
756
744
741
735
734
741
743
749
748
760
757
747
743
741
744
745
749
751
755
759
759
758
751
743
742
735
725
727
718
711
715
718
723
736
746
751
744
746
741
742
741
745
745
743
750
746
753
763
759
772
776
777
779
766
772
778
773
774
776
769
762
766
761
755
767
749
743
738
740
735
729
721
717
723
727
729
724
722
728
722
718
719
714
710
721
723
720
735
742
746
743
740
745
735
737
736
731
729
726
724
731
729
730
740
744
744
750
753
754
770
765
771
769
765
773
775
766
776
783
781
786
792
781
778
777
765
767
768
762
763
766
763
771
776
769
772
773
772
771
776
784
779
767
769
758
759
767
777
773
758
749
749
743
740
737
734
739
741
740
749
748
739
735
735
738
736
740
742
742
758
909
947
33
915
28
887
25
862
34
829
810
795
788
778
764
772
782
785
788
800
804
813
814
804
804
800
795
794
793
784
787
787
781
786
790
791
780
794
786
778
770
26
744
732
725
711
703
701
701
705
707
457
250
1553
850
704
3999
3999
3999

