14-11-2022 - 10:18 - Correr
JULIO NANCUANTE
Intervalos entre latido y latido
708
712
738
727
27
701
718
751
732
27
706
728
755
45
711
723
730
750
45
705
716
717
739
37
702
709
712
733
719
22
697
741
731
27
704
723
747
727
719
713
709
714
702
714
744
39
705
717
750
40
710
718
726
754
48
707
722
756
738
29
709
758
745
31
714
757
749
742
742
747
744
23
721
741
751
775
757
26
732
751
778
25
754
28
727
775
756
754
25
730
766
758
751
745
746
752
749
740
743
748
744
739
740
748
747
741
744
755
749
746
746
754
757
754
759
760
756
751
760
757
750
749
755
753
749
750
754
750
745
745
751
744
740
745
745
743
740
746
743
735
739
745
743
737
739
747
743
737
744
742
738
25
713
754
744
737
23
714
758
749
743
744
752
753
745
747
753
751
741
743
751
750
742
744
750
747
28
719
760
750
745
745
751
754
750
749
756
754
750
749
754
754
748
751
757
754
747
749
752
748
747
753
754
749
751
756
755
749
752
757
752
750
761
759
753
757
763
765
757
760
765
760
755
755
757
749
750
757
754
747
747
276
472
936
180
757
752
759
754
751
759
761
759
758
765
765
762
757
763
761
751
752
757
752
741
745
749
742
740
745
746
738
738
745
742
738
741
745
742
736
742
747
744
26
718
735
758
740
27
713
752
748
741
21
720
760
750
737
742
750
746
739
741
743
743
734
735
741
739
728
733
736
733
734
739
741
736
742
748
746
27
720
761
750
744
727
768
757
749
754
757
753
749
752
753
747
743
746
748
744
741
747
744
740
740
746
744
737
740
749
747
744
746
752
750
745
747
750
743
745
751
747
745
747
750
746
727
762
757
751
747
754
760
754
28
727
771
761
750
752
760
764
759
756
763
761
754
753
757
750
747
750
755
757
750
750
755
752
744
748
749
744
741
745
748
744
741
747
751
747
743
753
754
750
750
756
755
749
750
756
753
748
750
754
750
747
750
750
739
742
744
735
21
715
751
739
731
740
746
745
743
748
754
755
750
756
765
765
757
768
772
775
769
774
771
761
764
765
758
756
760
764
759
754
756
757
751
750
757
756
751
758
762
764
759
761
772
771
769
768
781
780
773
772
780
775
765
764
768
765
758
757
765
759
750
758
759
752
751
758
759
756
760
766
770
771
767
776
775
766
21
745
772
764
768
764
762
760
766
762
753
758
762
757
757
760
762
759
764
768
762
758
764
758
751
755
752
750
44
707
717
179
538
825
117
708
701
692
695
690
62
628
735
54
681
672
674
677
663
670
672
661
661
662
660
652
659
660
653
656
654
650
650
654
653
647
653
653
646
648
650
646
644
651
649
643
640
648
644
640
644
643
641
644
648
640
640
643
643
645
651
649
640
641
641
632
632
639
630
627
636
629
625
625
625
618
628
625
621
627
621
618
625
622
613
623
618
613
617
623
616
616
624
617
615
620
618
610
617
619
613
618
624
616
621
626
619
621
630
624
620
630
625
619
622
624
616
620
624
619
615
623
617
610
611
112
499
724
112
613
606
604
619
612
610
616
612
609
616
610
606
613
608
603
610
607
601
608
613
610
607
616
614
607
616
611
605
608
609
601
610
605
603
611
611
605
614
609
605
607
614
607
602
615
608
603
616
609
607
617
611
609
621
615
610
625
616
611
619
614
608
619
615
609
614
615
607
616
615
611
613
619
612
609
622
615
610
614
620
610
612
619
614
605
616
613
607
618
615
613
616
617
612
612
621
615
611
620
615
609
615
617
609
610
613
608
606
613
608
606
616
607
603
616
603
604
614
605
601
607
605
597
610
609
601
608
611
602
606
608
605
612
614
610
613
617
610
615
616
610
615
615
610
620
619
613
625
619
615
625
615
615
621
613
616
619
610
612
618
611
609
618
612
609
618
608
612
611
606
610
611
604
606
609
599
612
607
601
609
610
605
610
606
620
614
614
624
614
610
614
612
602
613
610
610
612
620
609
607
611
617
611
607
618
607
603
616
605
602
612
607
600
602
605
597
605
605
596
607
602
596
606
603
600
603
611
602
604
608
603
605
612
603
602
612
603
601
609
603
598
611
603
600
612
607
603
614
610
606
612
615
607
609
615
607
609
612
612
606
614
615
608
605
620
610
607
606
615
606
609
608
604
608
608
604
605
608
601
603
611
602
596
610
601
609
603
602
602
606
612
608
608
615
608
610
611
607
611
614
609
608
619
608
610
609
617
618
613
618
622
616
615
622
617
616
612
618
624
624
625
617
613
614
613
622
614
612
620
613
617
623
614
619
619
611
622
613
608
617
611
606
618
609
609
620
613
610
618
616
613
616
622
613
610
623
609
603
612
609
601
611
608
603
611
614
606
609
613
606
608
610
603
607
611
604
607
612
602
601
608
609
605
598
604
608
608
602
600
603
604
611
608
607
609
604
614
611
609
608
615
604
603
619
607
601
609
606
596
603
607
601
598
605
605
598
599
605
599
596
606
602
597
597
604
597
593
593
597
593
601
594
603
603
596
594
605
595
592
601
599
593
599
603
595
596
603
595
598
605
601
594
598
601
595
599
596
594
604
593
592
602
596
594
605
602
593
601
595
592
601
599
599
602
608
602
603
618
608
607
611
605
605
609
609
611
619
622
636
632
630
630
651
650
642
644
641
648
644
643
644
644
640
634
641
641
639
651
651
651
645
664
661
658
657
664
656
653
657
652
646
644
644
638
667
652
25
627
645
646
643
643
646
644
645
645
656
656
653
653
658
655
652
656
652
647
648
653
648
653
656
657
660
664
665
671
669
669
671
675
675
673
673
680
674
678
676
672
672
675
673
668
675
679
675
672
676
674
672
670
676
671
668
671
671
674
676
675
679
680
678
677
683
682
681
681
689
688
683
688
693
693
688
694
702
697
695
700
698
695
693
722
708
708
30
679
697
700
689
694
692
690
688
699
694
691
700
725
56
670
687
693
690
687
696
715
47
669
670
686
681
673
680
682
683
683
687
684
682
681
685
692
688
687
694
690
685
684
693
686
681
690
689
685
686
693
694
689
696
698
692
699
695
702
707
709
715
715
714
720
723
719
716
724
722
713
711
718
711
708
709
706
701
696
698
697
698
689
696
698
690
689
696
691
684
681
678
689
711
45
667
682
698
722
49
674
696
703
729
48
682
701
707
735
50
685
704
734
715
33
683
707
707
706
705
702
695
712
725
26
700
699
694
692
25
668
692
714
700
700
707
709
25
685
705
705
707
705
706
709
709
705
710
714
708
703
715
706
702
706
701
692
695
695
690
692
691
686
691
690
693
697
700
699
705
714
718
715
725
728
722
725
729
726
721
727
721
715
719
717
710
712
224
489
937
226
712
713
715
712
716
722
723
725
729
732
728
734
734
732
729
736
730
726
725
723
712
708
706
713
717
713
265
449
995
269
726
722
727
726
721
726
731
723
725
732
729
726
731
730
724
732
734
731
730
736
731
726
732
756
44
713
730
755
48
708
241
468
983
232
751
51
701
720
747
44
703
718
750
732
27
705
725
752
743
26
717
737
742
745
736
743
742
733
732
734
727
726
727
726
717
714
721
712
711
743
42
701
710
716
736
40
696
717
738
726
724
728
733
729
21
709
746
36
710
724
722
716
716
720
712
716
739
721
718
24
695
711
716
739
44
695
713
738
40
699
712
723
716
715
723
745
40
705
721
723
726
721
726
731
731
728
736
744
745
739
742
745
743
739
739
767
23
745
28
717
760
748
39
709
726
753
22
732
26
706
748
735
727
730
735
738
733
734
741
740
28
712
732
754
738
26
712
756
743
33
710
724
756
739
28
711
750
740
736
30
706
710
728
719
28
692
703
731
34
697
698
698
700
704
706
711
719
729
738
746
750
759
762
766
764
758
762
25
738
757
752
761
761
753
757
762
752
750
786
48
738
746
753
744
740
744
762
44
718
760
748
746
749
752
27
726
765
748
744
741
740
24
716
753
737
728
735
734
25
709
731
754
39
716
730
760
742
28
714
756
745
735
737
740
739
734
738
740
735
742
743
743
741
721
763
49
715
721
708
719
720
737
720
725
734
741
740
740
748
748
750
751
750
753
754
754
24
731
748
777
765
762
771
32
740
792
775
778
771
32
739
788
772
764
32
733
768
23
745
38
708
726
727
717
742
48
695
741
224
517
890
390
500
3200
1200
2001
1551
451
2062
1781
281
3999
3654
345
13
333
3588
2442
1147
1226
894
333
387
3236

