22-03-2023 - 10:13 - Correr
MARIA NAHUELQUIN
Intervalos entre latido y latido
788
794
908
42
866
27
839
827
825
811
57
755
878
887
883
868
67
801
881
38
844
843
832
840
26
815
861
841
869
856
851
875
41
834
914
47
867
888
31
858
877
59
819
842
43
800
860
857
29
829
834
818
805
808
823
831
847
856
849
867
851
852
858
867
847
828
809
823
869
849
24
826
820
835
837
818
849
909
38
871
858
856
859
922
901
34
868
874
58
816
818
975
43
932
916
105
812
898
977
115
862
930
74
856
71
786
964
74
891
885
873
67
806
1012
126
886
925
59
867
881
861
857
858
29
829
827
1013
1052
191
862
850
1082
116
966
45
921
87
835
1108
204
905
1023
83
940
41
900
28
872
862
868
859
28
831
823
1040
1096
232
865
33
832
1101
124
978
87
891
876
887
871
858
32
826
817
1046
1065
190
875
45
831
1102
120
983
38
945
54
891
70
822
837
931
53
879
861
866
865
863
864
862
856
24
833
820
804
827
31
796
791
832
907
978
61
918
63
855
45
811
836
933
952
36
916
89
828
859
975
1004
96
909
87
822
810
961
948
1043
181
863
28
835
1080
195
885
1006
163
844
829
1072
125
947
977
124
854
838
1022
82
941
988
151
837
23
815
1011
119
892
42
851
51
801
993
82
912
61
851
67
784
998
83
915
899
110
790
963
70
894
45
849
39
811
828
25
804
822
842
837
31
807
51
757
817
884
60
825
820
834
826
74
752
774
914
70
844
847
64
783
27
756
739
800
914
85
829
833
844
867
34
833
33
801
786
776
904
913
973
109
865
39
826
827
33
794
815
985
971
126
846
55
791
1050
194
857
882
56
827
824
813
791
833
1018
1028
131
897
63
834
42
793
791
998
154
844
949
82
867
40
828
31
797
803
791
799
975
982
153
829
35
794
810
1034
160
874
864
63
801
839
1041
160
882
876
75
802
823
1078
179
900
39
861
66
795
801
1104
196
908
903
34
869
890
879
860
845
825
870
1019
994
155
840
824
1076
199
877
882
59
824
804
804
1046
176
871
946
51
895
51
845
39
807
786
771
787
953
94
859
936
25
912
67
845
34
812
819
24
796
783
858
950
38
912
70
842
831
869
875
875
891
57
835
880
951
991
45
946
30
916
83
833
36
797
27
771
789
792
807
790
946
937
41
896
909
82
827
809
855
855
25
831
809
33
776
864
911
897
82
815
44
772
783
994
149
845
946
50
897
881
54
828
815
32
784
775
981
60
922
38
884
106
779
925
84
842
827
28
799
796
793
22
772
774
782
788
797
802
796
818
805
55
750
24
726
728
809
55
754
753
747
761
760
34
726
747
783
863
79
785
766
40
726
712
65
648
701
24
677
50
628
677
20
658
40
618
655
48
607
628
624
623
616
619
620
617
619
610
618
618
613
614
610
649
61
589
617
608
649
63
586
645
61
585
642
59
583
603
648
71
577
642
69
574
646
70
577
650
75
575
650
69
582
656
81
575
654
80
575
658
86
572
654
85
570
659
84
575
658
84
574
659
91
568
654
92
563
648
86
562
648
87
561
644
89
555
643
86
558
638
86
553
588
588
579
581
583
583
633
82
551
639
93
547
587
577
587
583
581
580
578
586
582
578
580
572
576
583
584
572
576
570
566
567
568
577
567
567
569
570
581
621
81
540
569
566
569
575
569
570
568
573
625
86
540
571
569
570
569
565
564
568
570
575
569
559
566
574
571
561
561
555
555
569
557
553
554
558
564
560
550
549
553
560
563
554
558
557
556
563
557
556
555
553
555
555
554
552
545
548
553
555
547
542
541
537
543
545
542
540
541
547
545
543
543
546
546
545
540
539
541
542
542
540
536
538
540
542
539
539
538
541
541
540
541
539
544
544
542
541
542
550
547
546
546
550
551
546
545
547
558
557
554
546
545
546
553
551
544
544
537
535
539
544
553
549
548
546
547
549
548
551
545
542
541
541
548
541
547
541
541
541
546
546
545
540
539
540
540
539
535
539
536
539
532
530
540
539
541
541
540
540
534
536
539
542
541
535
536
536
541
536
535
534
531
540
536
532
529
529
523
522
527
527
528
527
525
529
531
525
525
523
527
519
517
521
523
522
522
519
513
519
520
524
527
523
522
519
525
525
526
525
520
522
524
523
518
520
524
522
521
516
516
515
521
518
515
516
519
519
516
518
518
520
515
511
512
510
515
514
517
518
513
512
516
519
518
516
514
513
517
517
516
513
515
516
515
512
507
509
510
508
505
503
506
510
510
506
507
507
509
510
505
505
506
508
508
505
503
501
498
498
503
502
503
501
503
507
507
507
505
504
503
507
509
506
504
501
505
504
504
502
500
504
505
503
500
504
503
507
502
501
503
509
509
508
511
504
506
507
510
506
506
509
507
511
504
503
502
505
506
503
504
504
505
502
500
500
502
504
503
502
500
505
503
506
500
500
501
507
505
501
503
503
505
501
500
503
500
500
497
498
500
502
500
498
499
500
505
501
501
499
499
500
501
500
500
495
498
497
495
492
490
489
488
492
494
493
492
490
495
491
490
485
493
492
496
494
489
493
492
494
488
488
488
495
499
496
497
492
500
493
493
488
495
497
498
498
491
496
494
494
491
487
490
495
493
495
491
491
488
489
490
487
488
489
493
494
492
490
491
496
488
490
486
492
492
492
495
490
491
489
492
489
489
486
493
493
493
495
487
493
492
492
489
488
491
497
493
493
495
490
496
495
491
493
498
500
497
495
491
495
493
499
496
495
492
496
498
499
500
497
495
499
498
494
493
493
494
497
494
493
491
493
492
492
488
491
492
494
493
491
495
489
491
486
487
495
487
488
486
487
489
491
487
484
491
491
492
488
490
490
492
490
489
489
492
491
491
492
488
490
490
493
489
491
491
489
491
484
489
484
490
485
484
486
490
488
486
488
489
485
480
482
477
481
479
479
479
482
482
487
486
481
488
489
488
486
490
497
497
497
488
497
502
501
505
506
565
79
486
575
91
484
521
513
518
516
523
585
95
491
613
127
486
628
134
495
642
174
468
532
640
148
493
666
170
497
669
179
491
677
173
505
692
192
500
695
182
513
695
187
508
676
151
526
699
187
513
697
176
522
718
189
530
703
182
521
717
187
530
700
177
523
733
188
546
725
193
532
716
191
526
702
174
528
704
181
523
724
76
648
645
644
101
544
705
168
537
728
68
660
656
652
648
653
657
667
657
666
664
654
661
654
663
664
666
659
106
553
709
167
543
738
188
550
731
177
554
743
68
675
674
108
567
751
72
680
117
564
746
179
567
742
177
565
754
75
680
680
685
688
112
577
737
179
558
737
174
563
747
190
557
740
180
560
733
44
689
676
107
570
737
167
570
733
179
554
733
177
556
719
165
554
707
159
548
710
152
559
720
172
549
751
178
574
759
72
688
690
702
696
695
702
700
691
695
694
690
683
687
699
689
102
587
768
177
592
727
170
558
780
65
715
701
702
322
380
951
197
754
741
728
727
717
713
720
723
25
699
760
28
733
738
727
734
727
732
730
741
731
718
729
746
739
752
755
23
733
723
717
706
707
700
704
708
716
718
726
734
740
735
728
723
727
730
728
730
736
736
732
739
738
737
725
715
99
617
760
161
600
775
66
710
97
614
760
164
597
751
160
592
724
145
580
714
154
561
708
130
579
733
44
690
690
696
701
705
700
701
699
705
700
694
692
689
83
606
730
139
592
718
131
587
733
48
686
686
683
681
680
684
693
703
700
701
723
710
725
727
716
733
728
727
726
726
729
729
727
735
741
743
747
748
757
751
757
745
739
733
739
732
727
721
706
707
708
709
699
694
699
691
699
692
696
694
694
697
695
701
702
709
708
708
714
710
704
703
693
693
682
114
569
710
33
678
686
701
712
716
726
727
735
723
708
698
687
694
705
717
721
723
741
732
726
740
736
737
23
715
736
734
734
736
749
759
759
752
778
763
758
761
756
756
746
748
728
726
728
747
743
751
742
739
732
722
722
722
724
730
732
736
739
738
724
745
738
739
735
736
731
730
733
722
763
750
747
758
759
750
754
752
743
742
733
716
717
722
725
734
747
755
752
747
743
748
747
743
731
758
754
750
766
764
43
721
722
774
31
743
742
749
740
736
732
743
730
723
719
727
724
730
727
728
724
724
714
698
693
701
706
719
712
722
729
732
715
740
745
747
761
749
750
750
757
758
759
35
724
789
774
789
794
777
774
31
743
802
34
769
763
24
739
734
919
102
818
37
781
44
738
836
76
761
767
772
775
780
775
23
753
775
758
749
748
754
758
762
750
759
786
773
776
769
773
763
768
751
786
770
772
769
767
775
777
782
804

