28-07-2022 - 15:03 - Correr
MARGARITA SANHUEZA
Intervalos entre latido y latido
835
853
836
893
910
935
26
910
941
965
981
36
946
953
982
1008
31
977
1000
1051
1065
1062
46
1017
1020
1011
1000
29
971
54
918
940
961
983
979
35
944
934
946
943
950
930
29
902
923
938
935
914
955
969
984
37
947
930
950
961
974
966
57
909
914
918
933
914
917
957
992
1005
41
964
959
986
987
984
31
953
943
949
926
913
948
980
977
48
930
976
996
1003
30
974
963
989
1010
1025
1015
1033
1047
1053
1051
1051
1030
29
1001
1019
1024
1021
49
973
984
993
990
45
945
939
957
965
943
964
980
994
968
965
975
982
987
1013
1015
1013
989
1005
984
49
936
941
955
943
68
875
50
826
876
886
882
892
45
847
875
40
836
865
25
840
867
885
897
889
884
909
920
934
944
923
924
924
943
939
924
941
962
977
960
959
978
991
982
978
1000
1004
988
43
945
963
982
991
969
995
997
1003
36
968
978
993
1013
988
974
990
1007
998
976
994
1004
29
976
28
948
969
974
968
43
926
947
961
977
983
27
956
974
974
986
975
968
967
951
58
893
916
930
931
921
47
875
906
928
938
929
915
932
930
916
937
951
953
32
921
904
903
910
914
28
886
895
903
885
874
44
830
813
851
848
838
874
893
902
878
872
897
916
939
924
936
959
975
962
52
911
926
937
944
36
908
900
922
936
942
36
907
934
948
958
30
928
942
957
968
950
954
966
975
957
40
917
939
935
942
35
908
933
959
984
969
956
979
998
1009
993
986
37
949
940
31
909
52
857
38
820
800
861
886
933
958
974
969
953
34
919
44
876
885
889
899
904
882
907
933
950
968
972
970
971
971
975
968
962
967
982
992
1001
1002
29
974
966
974
976
972
37
936
945
952
950
42
908
903
899
912
894
47
848
863
882
897
896
875
920
934
939
36
903
922
937
925
36
890
900
904
895
24
871
899
914
923
29
895
886
31
856
77
779
41
739
774
762
769
775
781
761
775
769
773
786
783
781
777
24
753
767
788
794
816
821
806
45
762
751
752
743
750
779
813
841
882
891
896
881
30
852
853
856
843
830
825
806
822
818
811
69
742
35
708
699
687
29
658
124
535
723
79
644
633
639
649
634
628
624
629
625
620
632
628
18
611
623
631
617
618
641
626
619
630
618
612
609
615
611
603
622
609
599
598
603
588
604
76
529
657
62
595
597
587
594
591
585
587
584
574
583
581
575
570
564
563
557
559
556
560
557
561
559
563
107
456
650
74
577
563
558
565
566
560
558
563
559
555
555
554
551
558
552
554
554
547
546
548
544
541
543
536
534
536
535
534
534
533
531
530
521
531
526
526
531
525
526
521
524
521
522
521
519
520
515
522
518
525
520
518
516
521
515
520
516
517
519
514
510
514
512
508
511
507
507
507
507
509
503
504
505
503
498
500
499
498
499
493
496
492
495
497
492
490
490
491
493
487
489
489
488
486
485
484
486
485
477
481
478
478
477
476
479
479
478
475
476
478
44
435
108
327
655
178
477
467
472
466
464
463
468
462
468
467
463
467
464
34
431
500
62
438
496
105
391
545
70
476
472
470
470
474
469
470
469
466
470
469
463
467
464
467
468
18
450
28
423
508
48
461
459
460
460
458
457
460
452
457
464
460
458
462
464
458
458
461
458
462
457
460
458
465
457
462
460
465
17
449
467
459
462
458
456
462
471
476
474
474
475
484
481
488
485
482
486
494
489
491
493
490
489
487
489
481
496
486
484
485
477
486
488
485
492
492
514
514
519
513
520
522
534
537
532
523
518
516
521
516
512
506
508
510
513
531
531
533
530
526
525
533
537
539
526
531
539
551
564
565
559
556
579
575
573
571
559
549
540
532
534
534
544
534
529
530
538
535
541
537
534
545
549
549
561
571
619
679
681
37
645
631
634
649
674
691
27
665
40
625
613
624
616
602
603
638
652
646
25
622
19
603
614
645
693
698
685
715
777
772
62
711
705
41
664
672
681
24
657
664
725
759
54
706
699
708
714
35
680
28
653
656
691
726
21
705
44
662
21
641
694
747
770
778
60
718
24
695
702
688
699
702
29
674
682
676
26
651
636
788
900
77
823
56
768
765
755
750
41
710
31
679
704
771
824
51
773
34
739
759
784
42
743
23
720
771
822
45
777
42
736
760
842
822
69
754
767
857
46
812
64
748
745
790
802
29
774
790
871
28
844
58
786
825
887
867
92
775
790
868
28
840
71
770
768
853
850
77
774
24
750
780
856
38
818
56
763
778
841
855
67
789
792
863
878
69
810
795
790
27
763
32
732
34
699
711
707
22
685
666
671
692
748
740
39
701
720
796
810
82
728
44
685
30
655
28
627
689
727
30
697
682
776
827
37
790
56
734
747
838
858
90
769
765
833
870
39
831
31
800
838
834
54
781
32
750
787
834
825
56
769
750
838
894
65
830
48
782
824
867
858
67
791
806
854
868
58
810
848
128
720
57
664
33
631
625
612
712
903
976
121
855
853
875
866
66
800
784
819
861
855
834
890
937
53
884
884
886
29
858
65
793
818
860
887
867
872
909
902
63
839
828
865
872
62
811
813
870
894
41
853
32
822
854
875
42
833
73
760
44
717
729
778
891
1036
46
991
41
950
66
884
876
859
29
830
54
776
786
809
814
38
777
771
757
23
735
45
691
708
833
874
41
833
848
847
857
52
806
820
804
38
766
780
808
828
42
786
787
815
811
24
787
790
812
806
788
798
818
815
49
766
764
798
834
815
47
769
781
803
823
30
793
29
765
806
833
830
40
790
789
779
37
742
747
774
832
55
777
762
814
874
865
65
801
29
772
786
789
768
26
742
745
776
757
745
742
797
802
786
28
758
794
812
808
40
769
780
822
833
49
785
775
837
851
54
798
34
765
773
57
717
738
792
787
22
765
798
830
833
825
48
778
781
798
800
67
734
21
713
708
25
683
28
656
708
701
804
890
877
55
823
58
766
769
24
746
739
724
717
708
721
742
738
34
705
689
699
24
675
658
703
717
703
708
795
817
814
793
794
26
769
776
776
764
748
764
769
748
45
703
709
750
747
729
24
706
713
750
27
723
723
21
703
718
41
678
25
653
680
698
703
754
819
809
796
27
769
48
722
34
689
675
686
693
678
686
21
665
680
706
739
722
710
40
671
667
20
647
653
636
648
721
709
700
699
32
667
656
664
668
667
27
641
648
682
699
712
716
742
767
748
36
712
733
740
750
743
33
710
724
887
935
960
960
939
26
914
66
848
50
799
38
761
750
732
34
698
27
672
655
647
653
738
783
814
827
830
822
804
820
808
812
34
778
776
793
818
815
813
26
787
59
728
759
764
789
786
25
761
49
713
718
721
748
750
30
720
24
697
686
680
672
21
652
686
722
747
27
720
742
768
782
782
764
773
764
753
34
719
33
687
717
699
27
673
678
735
751
750
736
26
710
752
788
805
23
782
763
761
770
785
767
32
735
750
750
738
26
712
708
723
776
814
805
37
769
753
750
734
715
21
695
720
752
775
770
27
743
23
721
736
750
756
746
32
715
727
755
761
744
26
719
734
783
804
802
29
773
777
801
814
810
25
786
770
753
736
24
713
710
743
23
720
711
699
744
773
807
801
32
769
24
746
744
733
718
707
721
743
766
35
732
734
766
768
759
744
740
766
761
755
746
27
719
705
691
25
666
669
701
720
709
723
709
698
695
691
673
756
757
45
713
695
696
693
688
720
773
780
781
767
749
740
737
731
32
700
725
753
776
767
755
743
743
752
760
29
731
48
684
23
661
683
25
659
659
685
708
696
686
678
682
681
19
663
656
706
775
782
793
824
829
836
820
25
795
26
770
35
736
733
739
751
756
744
734
761
775
797
780
775
787
794
783
30
753
744
747
756
34
723
706
738
760
765
52
714
708
713
714
707
23
684
24
660
666
722
774
774
757
32
726
707
729
748
771
773
31
743
38
705
699
720
770
776
758
35
724
725
737
761
788
786
42
744
724
741
777
781
774
30
744
739
771
773
764
26
739
730
753
777
797
790
37
753
51
703
22
681
666
723
752
750
756
762
780
804
791
772
776
773
30
744
728
748
770
789
805
793
22
772
35
737
739
757
792
795
779
28
752
757
749
746
747
749
739
746
744
730
729
732
753
762
39
724
721
714
732
760
23
737
30
708
718
764
776
760
751
743
733
729
34
695
692
690
735
776
786
788
771
776
764
788
810
813
828
808
29
780
45
735
719
727
735
28
708
31
678
685
747
754
758
747
747
740
32
708
21
688
694
717
743
755
747
35
712
728
742
764
775
768
787
23
764
44
721
708
732
744
744
735
730
719
709
720
746
738
24
714
707
694
700
698
709
743
748
31
717
718
745
788
776
771
43
728
720
741
734
725
47
679
669
677
701
699
710
732
731
24
707
690
674
693
709
25
685
735
737
28
709
715
709
720
722
707
720
718
22
696
706
724
750
752
741
24
718
731
747
761
746
21
725
727
747
781
817
801
822
815
25
791
810
817
27
791
32
759
764
772
754
743
740
35
705
24
681
31
651
644
633
620
618
619
612
619
624
628
632
633
643
645
644
634
626
618
614
620
610
618
609
611
609
603
599
596
596
601
606
600
597
598
599
593
586
584
589
583
582
580
580
578
578
589
588
581
583
610
605
604
601
604
598
595
612
604
596
597
605
661
668
20
649
641
644
649
21
628
622
631
641
652
639
669
662
644
30
614
620
20
600
587
586
592
598
602
594
601
608
615
625
629
619
607
610
619
634
636
654
652
647
19
628
632
650
654
638
628
652
660
660
642
652
653
655
657
670
678
682
671
660
648
20
628
620
611
600
593
593
595
589
584
584
584
591
604
615
612
624
633
619
612
615
610
598
585
578
578
590
597
593
585
589
583
583
591
594
596
591
604
634
651
660
666
669
22
648
25
623
607
611
634
646
653
651
651
638
630
666
712
712
696
721
740
29
712
699
716
31
686
682
667
25
643
646
629
637
647
642
633
623
19
604
601
593
593
604
654
658
643
662
677
679
667
673
686
20
666
19
647
659
691
693
26
668
688
708
721
711
700
723
751
753
44
710
25
686
720
723
34
690
43
647
647
651
657
662
705
711
714
709
21
689
686
686
690
672
656
676
708
744
28
716
44
673
665
696
706
709
27
683
671
710
725
738
28
710
701
724
728
26
702
695
716
734
722
25
698
695
41
654
32
622
619
18
602
596
589
582
580
586
584
592
589
593
593
585
599
604
606
596
611
594
594
622
626
632
636
663
676
688
683
687
674
662
22
640
671
677
689
694
25
670
682
725
755
761
755
739
38
701
26
676
20
656
22
635
23
612
634
643
674
678
662
23
639
660
670
673
21
653
23
630
628
628
622
615
630
636
640
650
648
680
740
757
27
731
25
707
704
721
718
707
696
698
22
676
716
709
710
702
36
666
671
689
690
709
747
750
23
728
730
724
755
750
32
719
704
716
732
723
724
756
35
722
703
21
682
748
757
770
770
36
735
21
714
728
753
764
29
735
734
772
780
27
754
761
785
40
745
738
757
745
62
683
36
647
631
647
667
661
662
667
703
710
719
754
784
28
756
750
758
745
29
716
43
674
731
21
711
764
791
806
796
785
772
756
736
36
701
736
771
774
768
766
750
737
776
785
775
757
740
754
767
766
765
758
23
736
719
753
753
755
750
753
740
744
762
767
768
25
744
21
723
728
745
748
21
727
728
755
752
759
33
727
723
746
761
764
753
38
715
23
693
717
751
768
790
26
764
22
743
740
752
750
22
729
737
718
43
675
666
31
636
679
676
665
672
662
684
673
31
643
640
646
633
619
610
611
20
591
590
580
572
574
568
584
652
650
649
701
760
22
739
730
54
676
402
275
372
626
614
623
624
623
640
651
681
670
688
706
26
680
22
659
23
636
623
624
620
625
632
635
625
616
608
605
601
604
602
601
625
654
660
21
639
630
636
626
21
606
600
594
600
595
594
583
590
596
614
616
613
604
601
595
594
591
598
584
582
584
580
576
572
569
569
565
565
563
561
560
568
564
562
559
560
563
566
566
564
566
563
567
564
566
575
574
578
576
579
576
590
595
584
584
579
578
575
582
581
582
590
596
588
586
606
618
623
641
658
670
666
662
20
642
640
661
668
674
705
727
747
753
736
26
711
719
723
22
702
687
698
741
763
770
22
748
76
672
809
94
716
27
689
693
703
719
22
698
686
698
716
706
692
718
740
720
703
708
731
740
40
700
695
709
762
783
33
750
43
708
711
752
764
755
45
711
699
28
672
667
657
653
637
637
669
699
723
735
780
783
34
749
45
704
714
715
728
23
705
705
719
709
43
667
669
20
650
648
21
627
665
730
752
28
725
747
766
801
28
773
753
764
780
46
735
45
690
690
721
743
22
722
731
749
740
737
773
806
786
772
788
22
766
37
730
721
752
763
744
753
792
782
27
756
768
788
830
812
817
798
66
733
38
695
735
41
694
676
679
711
727
724
719
748
735
27
708
727
727
716
698
698
702
708
690
709
708
34
675
694
790
822
38
784
775
773
778
800
787
508
279
486
746
728
34
695
679
19
661
26
635
620
645
737
735
761
785
776
765
23
743
31
712
706
33
673
676
721
768
41
728
711
718
704
713
736
762
749
751
759
768
25
743
749
760
750
777
792
775
787
770
756
750
777
770
38
732
25
707
719
741
758
766
777
791
25
767
41
727
725
736
739
722
719
735
741
756
759
744
740
731
762
28
735
23
712
717
726
744
745
34
711
712
707
371
336
368
678
666
737
25
712
29
684
688
694
689
29
660
665
696
698
409
289
395
693
706
730
736
722
712
708
715
737
753
26
728
717
712
717
717
715
734
739
744
739
727
719
711
732
719
714
700
702
710
694
28
666
659
668
716
723
735
746
742
743
769
766
748
742
737
742
726
734
765
21
744
771
790
26
764
37
728
729
737
733
24
709
714
723
22
702
698
703
707
25
682
698
716
738
26
712
705
713
747
735
22
713
713
727
754
47
708
43
666
653
648
674
683
26
658
661
680
738
734
725
744
759
807
800
973
177
797
24
774
61
713
36
678
29
650
31
619
621
633
645
700
706
735
718
35
684
666
652
634
623
20
603
597
119
479
715
130
586
598
611
610
628
621
621
623
648
34
614
620
629
666
668
663
662
656
657
27
630
614
652
641
640
624
34
590
617
641
670
213
458
814
188
627
636
637
638
640
661
658
667
661
682
697
703
699
21
678
667
657
670
657
649
644
666
683
707
720
733
25
709
704
700
707
710
708
35
674
701
714
702
20
682
673
659
31
628
613
604
604
601
605
642
649
670
672
666
678
679
677
310
368
97
271
633
652
671
690
705
713
723
731
722
724
711
696
708
708
698
683
679
677
696
698
690
704
693
36
658
670
669
704
742
750
759
762
766
752
45
708
691
715
728
725
23
702
726
743
790
818
798
802
795
43
753
757
28
730
757
747
23
724
739
24
715
741
783
781
789
793
800
792
788
24
764
746
737
730
749
739
730
28
703
692
677
670
661
648
19
629
618
609
602
596
597
602
601
621
605
612
620
635
637
692
716
762
789
807
808
806
794
30
765
29
736
731
728
728
735
738
719
27
693
693
713
732
740
727
716
713
699
698
751
786
784
781
774
24
750
33
718
715
724
729
733
723
737
42
695
705
708
704
710
707
701
699
698
693
686
685
724
750
752
762
775
788
796
783
787
49
738
23
715
712
707
720
743
741
748
744
750
754
755
754
749
764
772
800
802
812
805
788
777
760
759
764
768
762
754
33
722
718
24
695
681
702
708
728
714
708
24
685
676
699
705
719
707
696
701
30
671
655
687
694
26
668
668
693
686
705
692
690
24
667
652
653
656
21
636
641
657
670
680
24
657
670
687
704
708
703
702
22
680
678
661
659
678
695
695
709
760
773
35
739
726
21
706
701
721
736
730
741
748
746
751
742
24
718
702
689
674
666
659
676
704
713
737
739
731
728
737
734
718
727
735
742
750
26
725
25
700
684
678
24
655
650
647
27
620
633
626
624
276
348
86
263
610
633
627
629
662
26
636
625
618
616
655
684
688
707
733
750
757
744
772
814
827
816
806
824
829
830
816
24
792
795
810
804
791
787
780
779
783
778
768
762
766
791
23
768
785
812
818
806
794
810
836
836
839
853
861
858
851
852
863
880
878
893
879
889
910
910
28
882
25
858
218
641
1117
227
890
907
909
34
875
896
915
898
875
885
886
25
862
867
887
876
858
875
879
874
37
837
836
885
869
36
833
868
896
896
28
869
884
901
26
875
34
841
864
858
863
36
827
854
901
897
26
871
891
905
34
871
890
880
867
868
853
840
854
871
875
27
849
836
866
874
867
35
832
856
851
837
816
825
860
858
846
846
874
30
844
851
852
872
849
877
883
876
879
876
37
840
847
867
874
32
842
846
849
834
840
828
51
778
774
22
752
54
699
22
677
665
653
668
714
706
49
657
659
716
750
807
822
834
840
833
813
31
783
784
776
758
30
729
25
705
707
724
742
774
776
760
765
775
771
780
774
774
771
754
782
810
817
830
841
25
817
30
788
808
806
815
803
784
25
759
780
802
806
25
782
775
792
803
808
26
782
792
780
768
763
762
789
781
26
755
772
782
798
791
794
817
820
811
823
851
849
38
811
29
783
785
790
798
34
765
779
798
812
791
27
764
750
742
739
761
773
781
766
796
815
834
820
826
846
855
834
865
864
872
40
832
823
808
792
23
769
788
806
840
839
821
863
854
27
827
840
844
841
26
816
837
839
836
27
810
44
767
30
737
37
700
684
665
666
677
678
671
685
694
712
708
21
687
688
736
756
789
798
804
38
767
769
791
826
807
814
831
887
871
868
865
847
849
852
863
852
864
860
35
825
823
816
822
808
812
802
805
815
833
822
825
32
793
791
792
794
848
834
26
809
791
44
747
738
748
773
786
802
791
772
811
831
843
839
34
806
825
819
798
25
774
776
798
801
39
763
772
771
757
766
787
794
801
787
802
819
827
829
824
812
803
808
803
783
790
769
34
736
730
756
754
752
779
802
805
800
24
777
788
772
790
804
812
36
777
784
805
797
39
759
754
759
792
795
801
831
825
816
832
842
828
825
824
820
29
791
30
762
791
811
830
864
874
27
847
54
794
816
807
800
25
776
777
780
26
754
790
816
843
849
842
867
858
853
42
812
827
830
831
810
813
824
830
839
37
803
822
836
42
795
821
826
821
828
37
791
25
766
779
807
794
782
29
753
742
741
757
750
768
787
811
795
798
787
804
797
792
787
817
834
24
811
846
878
894
890
884
24
861
33
829
23
806
797
32
766
499
268
459
757
788
802
831
873
894
35
859
871
860
837
816
94
723
732
29
704
693
736
788
792
817
835
845
845
844
843
833
833
825
829
838
865
872
871
873
882
885
894
885
884
887
52
836
27
810
33
777
29
748
40
708
22
686
20
667
655
655
696
719
749
761
773
764
787
796
816
819
820
41
779
785
787
793
811
816
800
827
830
818
811
839
74
766
787
811
814
831
24
807
802
820
36
784
787
774
35
740
745
768
771
781
787
767
757
742
736
739
762
778
780
783
40
743
756
762
776
792
823
830
842
856
859
38
821
49
772
38
735
721
737
737
747
141
606
875
90
786
828
815
856
860
54
806
815
813
810
820
818
813
804
786
33
753
757
779
791
780
811
813
39
775
123
652
858
89
770
770
758
23
736
716
724
796
37
760
759
826
833
853
876
890
905
896
899
889
890
890
24
867
868
886
871
870
847
33
815
827
853
865
893
43
851
873
869
877
863
64
799
803
800
805
807
804
819
811
803
805
798
811
814
813
52
762
750
758
768
790
797
796
782
827
835
823
28
795
821
833
839
839
843
38
806
828
821
829
830
838
832
45
787
26
761
744
25
719
711
709
734
762
786
791
787
812
815
831
833
51
783
774
769
774
786
799
833
851
852
29
823
841
842
44
799
41
759
49
711
707
708
707
704
706
705
704
705
709
712
731
731
744
745
763
778
799
817
838
852
854
838
840
875
865
875
866
874
27
847
836
51
786
775
757
763
774
754
771
787
799
796
806
795
794
789
785
27
758
769
771
791
808
814
826
816
817
25
793
23
771
27
744
741
725
748
754
763
753
772
760
791
789
803
830
846
845
837
825
805
32
774
32
742
21
722
730
777
785
822
842
833
854
849
851
850
861
857
853
26
828
812
803
784
23
761
27
735
24
711
709
712
712
706
723
708
691
21
670
25
646
644
641
646
661
685
740
761
768
756
775
788
794
779
771
756
31
726
31
696
678
663
655
666
706
745
756
781
794
828
870
852
30
823
816
829
845
831
818
804
785
774
772
755
756
782
807
892
896
893
891
34
857
35
823
37
786
34
752
745
747
755
763
32
732
741
751
755
742
21
721
725
708
711
737
736
732
733
723
741
734
746
758
756
743
759
764
766
756
752
762
750
748
731
729
717
707
719
726
709
713
736
753
772
22
750
733
734
716
20
697
25
672
21
652
640
631
622
632
658
671
661
19
642
648
677
694
710
755
779
795
816
810
815
63
752
758
750
738
733
722
704
698
699
708
724
717
741
726
21
706
25
681
705
753
757
778
779
787
781
768
765
755
750
34
716
721
724
760
784
800
817
809
804
804
34
771
778
768
764
772
778
791
787
795
789
768
775
791
812
797
787
33
754
33
722
721
731
750
756
749
737
746
762
768
37
731
736
749
761
798
439
359
388
752
747
759
780
812
821
805
803
798
792
774
756
759
751
752
745
25
720
733
749
767
771
776
783
777
453
325
439
766
756
745
749
738
737
737
732
735
771
769
775
770
757
28
730
735
761
764
759
757
765
762
766
758
741
756
767
797
789
779
774
781
781
808
823
826
856
860
872
867
859
45
815
810
809
802
793
787
798
811
27
785
38
747
738
722
706
699
736
741
724
767
788
810
820
37
784
782
798
810
804
31
774
806
824
830
26
804
836
871
899
43
857
872
855
59
797
797
806
786
776
762
36
727
747
779
785
813
808
804
817
822
807
788
799
822
823
812
827
842
864
842
848
859
854
26
829
47
782
787
782
788
22
766
753
769
786
794
30
765
784
794
796
779
24
755
777
35
742
763
783
794
798
51
748
766
787
798
810
822
815
37
778
780
801
823
24
800
828
839
819
33
787
811
819
842
858
864
847
832
842
842
851
855
848
39
810
60
751
753
22
731
756
791
812
833
825
867
890
896
900
892
874
32
842
841
862
878
873
860
32
828
831
829
843
876
876
857
858
858
873
881
36
846
848
844
844
841
860
25
835
848
29
819
843
830
831
850
873
45
828
38
790
46
745
199
546
837
140
698
20
679
666
20
647
638
21
617
615
605
594
591
584
583
583
581
585
592
634
657
659
658
666
663
648
637
663
679
709
769
759
32
728
730
735
740
23
717
24
694
32
662
649
23
626
635
621
632
659
737
781
31
751
25
727
22
705
694
696
693
718
720
720
708
701
713
759
791
842
831
863
902
894
34
860
865
48
817
812
811
830
858
884
290
594
343
252
462
124
339
773
760
48
713
23
691
673
25
649
377
273
358
622
613
611
603
599
599
586
584
592
587
589
586
589
585
583
584
579
578
570
574
569
570
573
568
575
569
572
572
573
579
576
580
579
576
581
579
579
583
578
579
577
585
588
596
592
591
600
598
600
607
602
600
598
591
589
589
585
587
587
584
619
604
606
603
600
601
598
603
608
612
630
636
667
683
716
750
22
728
24
705
709
700
709
752
41
712
758
746
746
746
33
713
696
26
670
253
418
884
249
636
649
689
733
717
736
769
791
816
804
26
778
797
819
826
811
32
779
27
753
756
763
756
26
731
723
726
720
734
723
717
737
764
817
821
821
26
795
788
22
766
767
751
754
759
755
747
751
738
723
712
699
694
26
668
670
655
842
378
465
651
667
671
678
700
732
793
774
754
764
422
343
387
749
773
783
820
801
42
759
764
758
743
732
732
741
762
22
740
25
716
709
691
675
694
714
747
754
789
770
812
830
40
790
28
762
775
805
39
767
794
829
839
846
848
843
48
796
811
825
813
826
840
24
817
835
35
801
782
807
825
870
901
37
865
873
888
32
857
27
830
818
39
780
797
800
821
44
777
36
741
721
33
689
28
662
654
636
657
672
721
707
705
761
830
917
905
922
66
856
868
67
801
33
769
27
742
739
24
715
711
706
712
723
768
783
805
807
798
810
23
788
822
846
900
959
84
876
38
839
852
23
829
833
839
842
821
833
835
23
813
28
786
148
638
886
144
743
741
728
737
790
781
790
817
808
804
27
777
36
742
745
743
767
760
37
724
723
721
725
744
762
782
773
33
741
753
773
781
780
769
776
38
738
738
734
736
762
757
759
768
774
759
762
769
769
24
746
764
785
822
856
845
28
818
832
832
826
821
23
799
791
786
768
769
753
54
700
696
753
22
732
23
709
695
687
712
736
770
781
24
757
767
784
774
761
28
734
30
704
693
675
680
710
725
737
721
726
749
787
794
29
766
786
791
793
790
779
39
740
745
755
750
751
748
37
711
713
767
792
809
821
812
803
61
743
736
740
748
760
766
774
766
760
760
747
35
712
712
745
728
730
723
704
707
751
794
817
829
832
830
39
791
35
757
751
774
769
779
805
808
790
800
793
815
834
28
807
793
809
822
34
789
803
822
832
815
817
817
834
838
817
817
824
819
814
809
823
837
819
34
786
800
828
825
29
796
779
791
801
25
777
793
813
812
850
26
825
37
788
810
838
836
818
32
786
805
823
824
810
61
749
747
760
786
796
41
756
762
781
806
819
837
816
816
59
758
760
771
793
797
789
797
796
788
22
766
22
745
778
784
786
459
328
437
727
741
788
822
848
25
824
32
792
45
748
28
720
703
719
750
735
727
791
810
857
874
858
845
844
831
827
823
37
786
787
795
834
844
875
881
869
846
842
827
827
829
827
818
810
27
784
778
793
786
29
757
788
836
871
875
871
25
846
38
809
789
801
807
35
773
28
745
762
775
794
804
805
29
777
792
823
818
832
828
823
826
833
812
845
856
882
899
896
27
870
25
845
45
800
780
779
766
759
786
808
815
816
822
818
60
758
755
760
772
771
764
765
764
24
741
749
790
791
25
766
778
26
752
773
788
778
791
802
816
798
790
770
772
777
783
786
784
775
768
771
796
788
799
780
32
748
753
754
774
795
799
785
240
545
665
322
343
731
713
707
712
716
746
782
29
753
26
728
734
742
744
741
731
26
706
690
723
755
772
808
818
820
806
792
774
767
750
748
23
725
739
750
751
759
752
741
761
785
805
825
820
827
54
773
765
767
771
770
27
744
754
797
808
815
23
793
824
866
853
842
825
815
799
26
774
761
757
771
771
23
749
768
769
770
755
28
728
726
739
729
740
750
736
25
711
744
736
718
758
761
763
21
743
760
832
842
862
876
886
863
886
891
885
43
843
855
850
38
813
830
25
805
793
34
760
39
722
710
709
723
748
734
27
707
733
792
831
824
836
844
840
855
851
831
26
805
815
834
833
60
774
791
816
857
871
883
68
816
808
818
540
278
23
255
253
736
717
23
695
676
286
391
130
262
652
397
256
395
641
662
675
741
792
846
868
882
889
879
859
858
50
809
809
820
831
841
51
791
775
760
820
861
894
911
916
921
916
69
848
850
843
836
843
841
833
833
819
809
28
782
802
822
834
851
868
883
889
892
890
886
878
869
859
307
552
262
291
833
834
35
800
803
827
865
877
888
890
867
844
833
840
827
836
824
822
849
851
834
857
844
824
831
845
52
794
783
799
827
828
32
796
833
837
818
841
854
877
28
850
40
811
816
799
814
803
824
831
822
811
809
41
768
277
492
216
276
754
736
732
733
734
746
775
774
776
755
792
821
819
804
809
49
761
769
805
838
47
792
807
820
839
855
873
25
848
863
880
878
874
907
913
28
885
884
864
56
808
810
800
25
776
786
784
769
763
770
778
768
772
791
802
814
832
833
834
34
801
799
39
761
749
765
827
861
856
858
839
852
856
884
878
45
834
819
869
894
916
899
912
932
920
922
934
944
933
930
43
887
24
864
870
873
29
844
863
882
880
70
811
796
803
807
45
763
797
813
53
761
807
850
833
819
837
826
33
793
809
828
37
791
792
800
786
793
817
833
826
24
802
802
815
816
836
826
806
826
827
827
831
824
854
887
42
846
38
809
805
816
805
809
831
63
768
32
736
27
710
22
689
25
664
695
742
737
763
773
797
816
851
31
821
820
817
820
798
811
829
832
837
867
28
839
26
814
29
785
39
746
777
789
27
762
788
812
840
826
830
846
859
25
834
837
830
810
801
804
788
819
841
848
57
792
296
497
247
250
716
26
691
676
365
312
355
662
651
652
658
685
738
747
775
794
798
39
760
762
772
764
404
360
361
713
23
691
696
712
750
783
798
49
750
768
22
746
31
715
27
689
22
667
25
643
639
625
639
625
616
633
670
710
754
769
759
131
628
871
77
794
834
881
906
921
934
928
32
896
904
894
902
44
858
840
836
867
875
879
907
898
33
865
851
830
41
789
57
732
771
761
23
739
25
714
714
744
769
786
799
809
796
44
753
761
777
790
800
816
825
833
40
794
805
824
836
837
871
898
904
59
845
841
854
874
41
833
855
37
819
47
772
753
750
755
780
804
819
43
777
774
770
765
25
741
749
749
735
734
758
792
855
858
861
875
859
882
893
886
895
891
886
48
839
827
811
801
30
772
762
788
775
774
767
759
763
784
812
48
765
794
784
37
748
748
753
750
751
770
776
757
770
789
811
801
785
791
773
43
731
730
756
777
451
327
441
742
723
28
696
689
673
660
652
646
640
662
732
750
786
808
45
763
27
737
25
712
711
757
803
815
814
37
778
796
818
854
879
898
908
64
844
24
821
811
827
835
848
864
859
856
861
76
785
777
803
808
788
814
869
908
920
911
39
873
48
825
28
797
22
776
761
779
775
26
749
734
771
765
753
781
779
792
793
783
766
26
740
720
715
697
704
758
810
857
893
877
886
869
870
855
50
805
809
807
33
775
785
793
34
760
801
826
847
39
809
823
863
841
856
27
829
820
823
820
810
822
834
45
790
796
39
758
743
724
708
716
723
709
718
757
762
834
887
891
50
841
841
821
37
784
779
779
774
767
753
767
785
25
760
750
768
763
808
833
821
831
863
29
835
852
856
34
823
820
809
793
796
783
23
761
789
812
791
803
805
791
772
780
776
812
826
39
787
827
859
888
872
47
825
819
807
793
27
767
765
752
736
740
756
794
805
35
771
787
776
775
784
794
785
28
757
750
454
297
409
748
769
801
816
847
836
824
822
827
810
828
830
819
838
835
820
822
841
856
870
862
27
835
827
832
849
34
816
798
799
802
791
25
767
773
780
775
768
26
743
742
746
737
747
749
782
795
811
796
810
831
817
36
781
773
773
23
750
743
728
742
761
756
24
733
716
152
565
895
195
701
701
725
735
746
810
804
50
755
746
761
785
774
766
775
796
25
772
796
819
819
38
782
803
806
803
803
785
799
792
775
791
794
783
809
832
846
824
836
849
834
833
821
827
810
821
835
32
804
819
34
785
36
749
758
772
791
25
766
767
21
747
738
730
754
764
23
741
750
757
770
766
801
819
805
830
836
842
38
805
809
815
811
40
771
785
794
796
791
791
804
29
775
795
836
43
793
842
860
865
845
58
787
23
765
817
796
789
792
797
785
789
792
809
822
802
782
816
829
825
851
870
856
30
826
835
827
807
47
761
27
735
715
704
690
711
700
728
758
802
833
813
847
859
26
833
842
29
814
28
786
37
749
731
744
773
820
830
874
881
893
32
861
886
900
897
875
862
854
39
815
844
856
852
39
813
820
819
28
791
22
769
801
803
784
31
753
28
726
28
699
32
667
653
649
665
727
771
798
849
829
876
883
36
848
867
24
843
33
811
801
26
776
766
783
786
771
791
791
816
826
35
791
792
794
22
773
32
742
735
742
741
29
713
734
748
40
708
30
679
23
657
19
638
632
636
667
702
731
793
792
815
32
783
785
22
763
797
823
805
825
821
799
779
804
795
833
870
852
875
859
839
46
794
795
852
895
895
898
30
869
848
850
860
861
916
899
69
830
59
771
755
804
855
919
958
973
977
968
527
442
495
914
32
882
43
840
25
816
825
813
809
40
769
780
798
807
807
22
785
779
764
781
817
846
853
866
32
834
814
25
790
23
767
428
339
418
745
21
724
23
702
692
677
676
666
653
641
649
681
688
694
715
756
784
820
835
31
805
41
764
804
804
46
758
42
717
712
712
723
738
755
782
783
827
847
853
868
874
40
834
837
846
858
25
833
31
802
795
838
854
874
872
869
888
901
52
850
853
845
829
833
28
805
47
758
773
795
22
773
769
811
860
842
51
792
814
884
875
906
927
936
934
926
47
880
881
887
894
891
39
853
870
878
889
869
857
878
886
886
896
894
898
904
29
875
35
840
858
874
877
869
59
810
49
761
763
778
799
811
832
843
850
874
893
898
917
922
36
887
44
843
495
349
447
886
895
930
907
52
855
27
828
843
52
791
806
841
849
856
849
43
806
842
866
849
38
812
853
872
879
895
900
904
905
906
899
901
910
902
31
872
897
914
912
914
909
49
861
887
903
896
897
48
850
869
876
881
895
884
34
851
861
857
844
46
799
824
850
869
878
864
849
869
870
861
35
827
820
833
857
882
881
891
910
898
29
870
872
868
859
25
834
51
784
802
822
834
855
24
832
818
847
840
830
44
786
798
833
851
861
849
41
808
833
837
823
810
47
764
779
780
770
781
772
789
808
798
826
849
877
887
883
44
840
867
884
885
30
856
28
829
843
865
891
917
906
884
914
931
932
923
926
903
46
857
835
834
838
858
860
839
45
795
31
765
782
809
817
796
794
826
840
849
854
875
864
44
820
832
851
867
879
892
887
884
895
900
883
49
835
852
867
889
28
862
42
820
859
865
872
885
883
29
855
876
890
900
32
868
42
827
858
884
899
896
878
856
883
907
916
931
945
55
890
880
904
911
907
54
853
870
880
875
870
879
865
36
829
845
861
865
852
831
878
875
879
870
849
867
886
904
922
920
25
896
889
890
896
899
897
42
855
849
857
854
865
854
848
871
880
880
865
31
834
843
853
859
874
873
28
846
864
868
870
863
34
829
844
852
856
844
49
796
41
755
749
781
27
755
776
766
23
743
745
771
793
796
804
811
818
810
815
838
829
824
825
829
828
829
830
821
818
813
27
786
772
800
833
838
851
838
23
816
835
846
852
33
820
819
828
833
816
34
783
808
828
830
809
831
856
854
862
41
822
858
863
34
830
812
795
62
734
732
25
707
713
720
720
725
732
740
754
771
777
777
774
754
757
765
751
740
745
24
722
707
716
717
720
723
730
733
21
712
721
732
749
764
775
786
793
789
786
52
734
31
704
693
20
673
21
653
635
637
631
622
629
642
659
667
656
655
650
649
644
637
629
617
608
606
611
615
615
608
599
596
589
588
581
583
580
583
583
590
581
578
577
572
565
565
568
573
569
567
567
562
561
554
551
549
549
551
550
549
545
545
549
545
551
18
534
576
20
556
555
552
553
551
554
552
547
545
544
541
541
542
539
540
534
537
538
533
530
527
526
525
530
527
532
527
531
529
530
534
533
535
532
529
527
526
529
527
528
526
521
520
522
517
515
517
514
515
509
511
508
498
58
440
564
60
505
505
500
498
497
495
495
496
493
491
496
492
487
486
490
490
490
485
483
483
216
268
695
211
485
482
481
479
478
478
474
472
474
474
470
469
470
474
472
473
468
469
469
471
471
469
466
467
467
464
466
463
465
461
466
463
464
463
462
461
460
462
459
460
462
462
461
460
459
462
461
458
460
461
460
460
464
462
460
459
461
461
459
463
463
464
463
474
467
473
465
467
469
472
469
47
422
510
49
462
471
464
467
464
463
460
461
464
461
463
459
459
463
461
461
458
462
463
461
473
475
472
476
476
487
493
487
480
477
476
475
479
481
470
486
483
495
497
499
500
16
485
511
510
502
494
500
500
500
493
491
500
507
502
512
508
504
501
494
495
497
499
496
497
493
497
494
499
509
528
517
523
544
541
541
547
542
528
527
529
528
526
517
512
515
517
515
523
525
525
526
515
516
518
536
538
543
554
553
544
554
16
538
533
536
549
556
552
547
548
572
576
570
18
553
569
583
600
584
570
558
576
601
592
580
316
265
290
563
564
575
581
19
562
558
551
576
569
564
575
616
631
625
31
595
29
567
586
594
587
602
23
580
593
20
573
587
646
26
620
33
587
589
599
587
23
564
645
644
20
625
25
601
602
641
688
715
698
33
665
657
673
73
601
650
27
623
638
656
667
33
635
634
663
668
32
637
625
610
597
602
592
17
576
572
558
572
618
645
648
646
23
624
19
605
631
656
672
661
34
627
615
640
681
731
714
22
693
712
788
28
760
34
727
41
686
669
662
19
643
649
679
733
25
708
689
717
736
26
711
51
661
666
703
696
31
665
27
638
648
698
718
33
686
24
663
680
733
734
52
682
23
660
675
736
731
40
692
679
713
755
49
706
27
679
683
701
711
697
40
657
663
713
760
33
728
42
687
678
707
708
26
682
29
653
640
653
679
667
27
641
629
653
698
707
27
680
34
647
639
691
717
703
31
672
657
749
827
67
760
48
712
39
674
37
638
679
705
692
24
668
666
705
789
778
32
746
38
708
708
801
809
791
34
757
28
730
39
691
25
666
19
648
636
656
677
687
672
20
653
663
694
693
727
815
798
50
749
76
673
48
626
23
604
590
579
570
612
676
775
817
848
864
854
855
55
800
81
720
46
675
685
710
757
782
798
799
29
770
780
794
792
22
771
756
779
798
797
46
751
732
772
813
826
65
761
781
790
781
50
731
747
750
785
36
749
40
709
708
754
764
31
733
40
694
689
760
807
805
44
762
747
779
812
826
45
781
761
770
777
27
750
730
739
801
847
839
65
775
770
781
791
780
51
730
753
789
827
30
797
788
804
841
37
805
36
769
784
810
796
48
749
776
803
816
36
781
26
755
753
788
804
55
750
746
761
772
37
736
51
685
687
695
704
711
28
684
666
691
713
725
40
686
686
701
713
727
31
697
717
744
787
29
758
30
729
752
770
825
804
798
834
866
853
65
788
30
758
773
776
757
22
736
23
713
745
769
771
756
747
735
732
742
36
706
732
796
836
861
856
31
826
809
816
813
33
780
769
806
840
872
41
831
821
820
829
823
37
786
46
740
157
583
836
55
782
782
801
812
842
834
818
63
756
748
750
766
773
31
743
732
754
795
811
810
806
29
778
775
799
827
831
816
810
819
830
839
839
844
39
805
806
806
814
810
822
827
823
820
833
830
833
30
803
794
787
788
774
24
751
774
765
749
745
741
760
50
711
704
712
780
776
30
746
30
716
738
739
736
399
337
328
788
85
703
33
670
25
646
647
666
706
720
743
776
774
784
776
787
33
754
28
727
711
710
719
756
749
733
725
154
571
874
169
705
711
697
683
682
714
743
759
30
730
750
790
812
821
33
788
775
762
750
733
719
23
696
706
726
722
728
737
740
744
746
29
717
715
718
725
718
745
741
24
717
716
756
749
31
718
740
778
806
793
791
812
834
857
856
862
849
27
823
817
823
830
835
844
835
30
806
793
786
783
801
792
48
745
744
768
792
799
46
754
465
290
447
738
772
796
775
809
805
22
784
44
740
748
766
780
788
22
766
25
742
754
787
771
49
723
707
31
676
672
680
685
670
682
718
766
783
791
32
759
21
739
750
744
35
709
712
739
738
719
40
680
678
695
695
720
29
691
719
748
772
805
799
28
771
770
40
730
749
801
832
843
831
857
880
904
903
49
854
860
859
876
906
920
905
907
42
865
876
887
896
26
871
851
879
876
875
57
818
832
849
846
856
37
819
830
844
855
873
29
844
838
839
839
842
41
802
821
826
846
839
38
802
806
829
848
34
815
815
838
845
27
819
69
750
736
744
757
759
24
736
749
778
783
23
760
39
722
725
715
709
714
23
692
683
679
22
658
644
648
640
642
643
659
659
642
644
20
624
613
610
611
609
607
611
607
605
602
594
602
599
589
602
245
358
86
272
303
677
426
252
277
1164
794
371
98
273
305
2773
2410
363
3999
3999
3999

