09-11-2022 - 9:53 - Correr
Rosa Maldonado
Intervalos entre latido y latido
1054
65
989
1007
50
958
965
77
889
1030
56
974
975
983
1000
1004
1026
1038
1043
1055
1043
1060
1045
1037
1032
1017
1025
1002
1010
1030
1015
1011
1036
1030
1022
1020
1029
1009
1013
1003
993
1003
999
998
993
996
1003
980
998
986
980
971
975
989
974
1001
995
985
1003
997
1013
993
996
992
978
989
982
989
979
976
988
978
997
979
977
983
970
987
972
983
986
976
983
961
973
957
955
956
932
937
941
916
931
922
934
937
935
954
949
962
967
961
974
966
985
983
979
987
978
999
980
990
999
991
993
983
984
978
968
968
968
984
974
988
993
981
997
988
989
985
980
990
980
989
985
987
986
968
969
962
961
968
953
967
956
962
960
940
952
941
955
956
943
961
958
965
971
958
972
952
965
957
954
949
940
950
943
961
954
943
960
954
968
958
957
974
967
975
985
975
986
974
986
989
973
987
972
980
979
971
985
985
987
991
990
995
988
983
978
980
976
965
972
965
958
966
953
949
928
931
941
933
931
946
939
960
946
958
968
963
981
973
978
978
970
972
960
973
26
948
940
953
947
932
955
932
933
935
934
924
953
943
958
980
975
993
1006
999
1016
1017
1023
1016
1002
1009
1001
995
998
986
985
976
966
978
964
961
965
944
958
953
947
958
954
956
967
965
960
967
966
970
977
969
972
969
972
963
966
965
954
962
946
953
946
937
945
930
937
937
948
949
942
949
940
950
938
207
731
1097
157
940
33
908
898
899
917
930
947
964
985
1007
1016
1012
1013
1019
1016
27
990
1001
994
984
992
978
965
966
955
948
951
945
942
945
935
955
946
948
960
953
972
968
975
981
982
989
985
985
983
987
991
989
991
972
984
975
975
970
957
975
960
971
957
967
961
961
971
965
966
978
961
978
962
964
981
977
981
992
31
961
162
800
1011
106
906
35
871
944
41
903
141
763
964
176
789
935
201
735
905
60
845
828
818
113
706
885
74
811
127
685
861
171
691
845
59
787
769
768
776
761
96
666
852
76
777
95
682
850
187
663
833
176
658
821
150
671
815
149
666
828
162
666
827
175
652
826
58
768
106
662
839
151
688
834
162
673
834
156
679
710
832
140
692
816
31
785
106
679
826
143
683
825
147
678
813
122
691
812
23
790
106
684
833
148
686
819
126
693
818
125
693
810
120
690
804
123
681
813
147
666
811
149
663
802
124
679
789
121
668
788
123
665
795
137
659
802
144
658
802
152
651
782
120
662
789
139
650
789
136
653
774
111
663
769
117
653
783
133
650
781
133
648
787
125
662
768
102
666
773
97
677
696
782
126
656
791
129
663
791
130
662
790
128
662
792
129
664
796
137
660
690
698
789
38
751
94
658
781
115
667
791
130
661
797
137
661
698
787
137
650
786
128
659
693
781
141
640
774
141
633
697
681
667
765
141
625
760
123
637
676
762
137
626
766
138
628
766
132
635
682
762
132
631
685
751
126
626
764
140
625
756
122
634
666
755
137
619
661
749
135
614
662
749
138
611
751
143
609
681
747
140
607
672
750
137
614
672
22
651
666
658
657
665
655
652
742
136
606
652
737
133
604
658
743
138
605
664
741
133
608
668
170
499
880
247
634
679
663
674
672
665
668
672
663
744
125
619
667
672
658
745
131
614
662
668
654
656
656
647
652
656
646
654
656
644
654
655
643
657
650
635
643
654
650
647
663
654
663
673
19
655
679
666
657
670
665
662
673
658
657
666
661
655
668
654
655
667
652
659
657
657
672
24
649
668
658
655
668
652
673
662
658
674
661
660
676
20
657
661
676
21
655
668
663
651
669
21
649
657
663
647
637
640
664
651
660
660
666
664
672
663
675
669
663
677
673
661
675
661
658
669
657
654
664
654
652
662
649
648
664
666
654
665
656
657
645
661
650
651
663
20
643
647
659
21
638
638
648
648
640
653
644
649
666
650
667
663
659
671
656
666
657
649
656
666
652
654
667
656
652
661
666
654
667
666
653
661
666
654
656
666
651
660
662
652
663
651
650
661
647
655
659
647
661
656
650
666
656
648
667
23
645
652
666
666
662
658
666
661
306
355
33
322
655
654
665
665
653
664
663
648
655
660
646
659
645
652
659
645
643
660
657
647
104
543
770
124
647
654
665
22
643
660
317
343
28
316
642
656
657
640
656
657
644
660
651
638
624
652
648
640
657
20
637
645
653
20
633
654
641
642
655
644
642
655
661
646
660
661
652
668
661
655
666
654
653
659
648
646
662
21
641
650
654
639
648
650
633
652
648
638
659
641
649
648
633
652
654
643
646
652
648
644
657
19
638
644
652
638
645
649
637
643
652
643
649
656
648
655
655
647
650
661
644
650
660
22
638
648
652
635
647
633
636
645
646
19
628
639
649
22
628
644
642
635
649
638
647
739
134
605
655
662
656
670
666
678
671
678
39
639
659
687
684
677
709
710
708
803
127
677
716
730
730
724
740
766
767
781
769
764
780
798
795
783
805
806
27
780
790
776
773
757
760
764
761
751
761
855
147
708
759
865
132
733
770
774
884
154
730
772
793
872
150
722
775
860
149
712
749
762
860
151
710
870
131
739
788
905
146
759
802
918
157
762
917
175
743
922
156
766
913
188
725
925
184
742
793
912
167
745
803
921
157
764
922
153
770
962
195
768
952
161
791
832
949
164
785
947
152
796
974
174
800
987
189
798
965
157
809
950
156
794
962
173
790
823
24
799
916
154
762
799
914
157
757
908
52
856
840
856
850
856
877
33
845
909
887
25
862
849
922
79
844
852
917
97
821
902
30
872
42
830
910
30
880
54
827
926
50
877
863
876
879
871
884
868
909
901
60
842
937
39
898
63
835
950
58
893
81
812
961
66
896
901
914
913
917
926
919
926
922
97
826
946
199
747
782
910
181
729
779
784
22
762
772
943
95
848
962
42
921
930
974
965
984
994
981
975
966
966
956
953
965
953
959
966
958
958
960
949
955
953
948
958
966
952
963
961
942
954
27
928
944
941
926
929
929
909
922
913
916
925
902
919
916
896
906
891
899
897
876
890
873
890
888
879
891
881
901
889
888
892
872
884
873
864
864
849
844
29
816
799
791
784
799
813
815
842
870
871
893
910
901
913
895
884
895
28
868
861
851
875
869
876
906
918
918
949
935
946
955
946
955
947
950
954
947
949
947
937
946
940
928
929
932
916
930
923
930
930
921
919
919
915
922
914
925
916
916
926
917
932
940
919
931
913
924
916
905
914
899
914
915
908
933
916
922
934
26
909
932
25
907
921
912
910
925
902
921
907
913
921
26
896
904
891
900
905
881
909
899
915
927
915
930
929
935
937
916
925
25
901
911
908
899
910
890
910
888
896
896
875
894
25
870
893
886
889
905
890
913
898
914
903
918
924
919
930
908
927
919
923
929
911
930
935
918
925
908
913
902
891
902
882
904
897
899
907
901
906
907
901
919
899
918
912
909
918
902
921
918
918
933
29
905
919
922
25
898
900
906
893
896
883
894
896
889
903
887
899
898
892
898
877
894
895
886
900
886
899
899
883
893
880
880
885
874
881
867
867
868
857
864
853
856
858
844
853
853
840
851
840
845
850
833
838
824
812
798
797
798
805
809
820
829
833
850
857
848
859
852
858
851
852
850
839
852
846
849
851
846
855
853
853
866
867
874
868
866
50
816
154
662
646
776
36
740
755
752
750
756
754
768
767
763
776
778
98
680

