17-11-2022 - 11:15 - Correr
OLIVIA OJEDA
Intervalos entre latido y latido
1091
1064
1076
1091
1071
1076
1080
60
1020
1032
58
975
972
983
966
985
1029
1007
1019
1066
1043
1036
1067
1100
1080
1063
1110
1102
1099
1133
36
1097
1104
1084
1063
1111
1101
33
1069
1070
1075
1082
1083
1074
1102
1099
1082
1117
1111
31
1081
1088
1072
1069
1053
46
1008
1023
1006
1032
1044
1069
1068
1059
1032
1023
1032
28
1004
1020
1027
1038
1064
1069
1054
1029
1010
1021
27
994
998
1041
1069
1096
1110
1124
1102
35
1067
29
1039
39
1000
985
991
1036
1023
1041
1085
1099
1096
38
1059
1052
1068
1070
1067
1087
1102
1079
1107
1107
1095
36
1059
1052
1061
1068
1073
1092
29
1064
32
1032
54
978
991
1016
1012
1044
1041
1041
1048
1043
1041
1020
1016
1014
1023
1030
1026
1011
1033
1047
1062
1067
1083
1081
1072
1069
36
1033
1036
1045
1042
1058
1035
1031
1041
1049
1043
1037
32
1005
1003
1005
996
1014
1035
1039
1057
1065
1054
1035
1025
1029
1036
1027
1038
1013
1008
1037
1033
1052
1065
1065
1073
1088
1077
1076
1062
1041
1055
1040
1020
1053
1039
1050
1054
1079
1088
1094
1067
1063
1041
32
1009
987
1000
1006
1034
1054
1061
1065
1050
1028
1016
1016
1002
1011
1033
1030
1061
1058
1061
1079
1081
1078
1067
1072
1062
1072
1071
1062
44
1019
999
1017
998
1000
992
975
982
987
986
971
967
980
989
994
1016
1006
1015
1035
1016
1031
1031
1015
1013
1004
1004
1002
1000
988
966
966
31
936
916
903
935
970
995
1017
1043
1051
1067
1081
1074
1058
1071
1071
1063
1060
32
1028
1039
1032
1018
1028
1019
1034
1045
1041
1033
1031
1034
1047
1059
1054
1036
1052
1042
1039
1047
1034
1012
1055
1064
1057
1060
1073
1073
1083
1083
1066
1051
1041
1038
1027
1026
1036
1041
1062
1059
1034
1007
1025
1014
1013
1005
994
985
1004
1008
1026
1043
1055
1049
1043
1041
1033
1035
35
1001
995
973
973
980
995
1026
1037
1045
1053
1073
1078
1077
1080
1061
1048
1039
1038
1036
1026
1008
1000
989
978
992
999
1003
1021
1022
1019
1003
1010
994
992
1000
998
979
976
976
955
931
922
936
948
967
976
1002
1016
1017
1000
1000
999
976
988
1006
1029
1041
1033
1029
1012
1014
1010
1012
1010
1028
1048
1043
1048
1033
1043
1049
1041
1034
1030
1020
996
998
992
987
969
990
1014
1009
1017
1024
1020
1014
1006
984
1000
1002
998
1000
1007
1009
996
410
587
178
409
993
974
975
961
966
986
1016
1043
1057
1073
1071
1063
1054
1041
51
991
983
998
1007
1007
1021
1022
1036
1015
1025
1029
1032
1019
1018
1037
1045
1067
1077
1063
1069
1064
1045
1036
1030
1014
1003
1002
1010
1009
1015
1002
1005
1011
1012
1007
1008
1008
1003
991
61
930
949
945
34
911
916
916
918
921
922
916
916
908
901
908
895
888
900
901
911
916
931
931
945
939
944
954
935
936
922
940
943
931
942
935
931
941
932
922
925
925
913
928
937
949
952
939
935
29
907
920
923
926
925
905
934
937
942
959
955
972
983
986
978
963
973
969
955
930
61
870
62
808
62
746
733
739
739
723
722
718
713
708
702
697
681
679
672
671
670
662
662
657
653
652
650
648
647
641
640
638
636
638
633
631
631
630
628
625
622
620
616
611
609
605
604
606
599
597
589
590
594
585
584
578
582
581
577
576
573
574
573
574
576
571
573
566
568
574
569
563
557
562
559
557
554
551
557
552
552
552
542
544
549
541
542
542
544
539
540
539
543
535
534
537
538
537
536
534
537
532
532
528
529
531
527
523
524
529
533
529
524
524
520
524
521
519
524
513
516
513
517
515
511
507
513
513
513
503
506
508
509
508
503
506
507
499
502
506
508
500
506
506
506
503
500
504
503
501
507
501
500
499
502
502
498
498
500
499
500
498
500
496
497
498
498
498
488
490
495
493
490
492
496
490
487
492
491
490
487
494
490
492
490
492
487
490
487
484
490
492
490
481
483
489
486
487
482
483
482
484
483
480
484
484
483
478
476
482
478
481
478
478
483
481
475
472
478
478
479
475
476
477
481
474
476
481
479
479
477
470
475
476
475
474
475
473
476
475
472
473
471
470
471
476
472
475
474
469
474
470
472
471
466
473
474
476
477
472
476
477
476
473
476
479
483
481
479
483
485
485
485
484
491
485
488
486
492
495
497
497
490
499
500
500
503
502
506
499
493
493
496
494
493
490
478
489
486
484
480
481
483
484
481
474
479
475
475
473
473
473
474
470
468
470
473
472
472
470
469
472
466
467
465
464
464
465
467
465
465
462
464
467
468
464
467
458
464
465
466
467
465
465
470
469
470
464
468
470
467
466
462
467
467
466
463
466
463
467
468
467
469
466
463
468
467
468
468
461
467
465
467
466
462
464
467
468
463
465
467
470
465
464
461
463
461
464
461
461
469
465
465
463
468
469
468
461
464
465
466
465
462
463
468
469
467
471
467
466
470
473
470
470
464
467
471
469
472
468
468
471
475
467
465
468
467
467
466
469
472
471
469
471
466
471
464
464
463
467
468
466
464
466
468
467
463
463
468
467
466
461
468
466
469
464
465
463
467
468
467
468
468
467
462
468
462
466
459
461
463
465
465
461
461
467
466
465
461
468
468
466
465
458
465
462
464
460
463
467
465
462
461
467
466
466
462
465
468
470
464
468
468
469
462
460
463
464
466
462
462
465
465
466
462
463
463
461
463
457
459
459
464
465
464
57
408
514
45
470
463
466
459
458
458
459
461
457
460
71
390
533
73
461
458
462
466
464
461
67
395
530
61
469
461
463
466
463
464
458
462
462
465
461
463
467
466
467
463
466
466
468
460
458
461
462
463
460
459
463
466
462
462
465
466
466
463
466
467
465
462
464
466
469
467
464
466
469
469
468
470
466
466
471
467
466
461
468
468
467
464
467
468
468
465
463
468
462
466
458
463
466
463
460
461
467
466
461
463
467
465
463
458
461
461
461
461
462
460
461
458
461
464
461
460
461
463
462
461
459
461
458
458
456
458
460
458
460
458
458
460
461
461
458
461
463
460
456
454
459
457
458
456
456
461
459
462
458
460
461
462
459
458
460
461
460
458
460
464
461
465
459
458
458
462
461
460
460
460
466
461
461
461
464
462
460
458
462
455
455
456
459
458
458
455
457
459
458
459
457
455
458
458
456
460
460
459
457
459
459
460
460
462
462
465
459
458
458
462
456
457
463
463
461
460
465
468
466
467
466
468
471
474
469
473
473
478
482
481
483
482
479
489
486
485
485
488
486
488
491
493
496
494
497
498
501
501
500
500
496
504
504
504
507
506
506
510
510
510
509
509
510
512
515
515
516
520
522
526
526
528
530
535
537
537
536
537
541
538
538
540
547
552
549
553
562
563
555
560
557
558
555
561
565
568
567
566
564
559
557
563
567
571
577
583
590
590
594
601
598
598
604
601
598
607
613
623
633
630
633
646
647
645
655
659
651
659
659
650
654
651
654
660
655
654
656
657
665
669
675
664
661
664
666
660
652
656
666
661
660
665
659
658
664
668
675
675
666
676
671
674
686
694
681
673
661
656
665
671
677
693
695
695
691
694
706
713
718
720
708
703
709
720
714
717
734
741
741
733
731
729
719
702
708
698
695
696
713
725
734
730
722
723
735
750
751
747
752
769
780
781
769
776
785
778
782
786
793
793
781
773
772
764
754
741
737
744
742
745
753
763
773
778
777
773
773
789
800
798
786
787
796
795
794
805
812
802
804
808
817
805
808
810
814
807
803
795
795
775
758
750
744
739
721
723
723
719
735
741
750
761
766
769
774
772
763
772
776
772
777
771
759
764
765
772
782
776
779
793
797
789
790
795
800
814
839
856
853
850
833
850
847
840
829
820
798
784
777
786
784
777
783
782
770
762
775
787
780
783
794
791
793
799
808
810
820
807
812
821
830
811
812
820
813
804
802
806
801
787
791
795
791
783
790
784
791
797
803
817
821
822
827
817
815
811
797
791
783
778
769
781
783
796
816
825
814
819
818
818
808
821
836
852
857
852
862
866
868
872
860
872
895
905
924
33
892
902
896
893
31
862
854
848
849
852
838
843
841
831
51
780
866
48
819
821
808
795
792
795
805
812
815
833
847
854
849
838
831
837
840
842
848
850
844
827
827
830
818
802
788
782
778
789
813
829
842
837
837
843
851
861
860
857
869
871
879
875
875
872
865
859
846
845
853
868
887
888
884
887
878
875
863
870
858
847
843
843
832
838
838
822
820
816
816
817
812
820
832
822
813
829
823
811
810
828
834
837
842
848
840
842
846
832
833
828
815
832
825
834
833
834
834
843
851
857
864
852
857
858
859
844
851
858
855
858
839
854
880
871
881
875
932
909
890
889
868
35
833
816
814
803
816
826
821
826
832
839
823
820
821
820
825
827
819
821
819
823
827
826
828
837
838
850
855
850
855
853
856
857
848
849
847
842
823
819
827
835
839
842
836
825
818
810
815
826
839
859
875
894
896
900
904
907
919
904
910
922
917
926
923
914
912
913
900
884
41
844
858
27
831
828
823
816
816
810
811
792
791
775
765
777
778
508
270
832
541
291
40
252
305
344
3999
1278
2721

