24-11-2022 - 11:04 - Correr
MARIA CRISTINA MUÑOZ
Intervalos entre latido y latido
740
745
738
736
759
750
738
749
750
746
746
756
755
750
752
753
772
764
37
728
773
23
750
758
755
757
772
767
758
765
779
761
770
771
767
782
767
781
797
782
787
797
792
795
799
798
792
815
803
797
812
803
801
812
816
809
817
819
810
816
820
801
814
819
798
820
816
798
814
811
797
812
806
801
807
809
799
806
810
798
798
818
806
794
829
810
810
837
849
839
838
854
26
829
846
844
829
842
841
24
818
836
839
29
811
826
855
38
817
820
842
823
826
836
827
812
830
818
814
833
827
813
837
829
821
835
838
837
821
842
838
830
851
833
825
822
810
799
804
817
800
823
833
816
812
844
828
816
832
838
822
823
826
819
814
836
833
816
840
832
24
808
834
840
830
823
833
843
28
816
845
841
824
823
832
823
827
844
833
826
848
845
26
820
854
852
831
837
835
819
827
850
833
819
839
826
818
846
836
833
834
825
819
814
834
828
806
820
810
791
804
785
776
775
760
745
738
746
734
734
736
742
746
748
756
757
761
757
758
751
769
766
764
760
743
749
753
775
28
747
756
751
759
766
775
781
762
769
769
775
773
772
763
760
762
760
753
754
750
749
742
725
722
718
716
709
702
708
707
715
723
741
755
741
772
764
759
758
756
757
750
738
739
724
730
758
753
761
768
764
778
777
772
782
791
782
789
802
790
792
806
800
792
795
804
791
797
810
798
802
813
800
802
809
794
803
808
795
810
804
804
802
809
812
808
795
804
815
802
810
828
30
798
823
820
806
836
833
817
838
825
812
824
813
814
835
819
819
832
833
817
831
822
810
812
821
832
829
818
811
815
818
803
805
818
27
791
796
795
804
789
806
793
786
776
783
781
775
770
44
726
809
789
805
793
799
792
806
807
811
805
818
820
811
811
807
798
795
795
795
807
811
806
802
814
813
811
806
792
809
801
791
799
803
806
801
791
815
803
804
799
806
829
25
804
812
818
811
809
811
808
831
820
822
829
836
831
816
815
824
823
820
813
793
814
810
796
798
800
798
811
825
809
812
831
823
817
840
846
839
853
844
841
867
854
841
864
846
841
847
860
841
845
848
835
848
858
24
834
841
859
28
831
828
843
28
816
833
842
23
819
833
841
26
815
817
836
815
817
832
60
772
890
71
820
843
24
820
832
823
821
834
29
806
806
799
829
39
790
785
25
760
29
732
740
31
709
717
698
689
699
686
681
686
683
676
668
243
426
754
90
665
669
663
653
665
657
652
670
660
659
666
666
664
671
666
657
652
651
666
663
655
659
665
655
655
671
662
655
662
665
650
650
659
653
646
656
653
645
638
644
642
639
640
635
626
629
621
620
86
534
703
95
608
610
603
599
602
594
586
593
592
584
585
588
589
586
594
587
583
589
586
581
584
589
583
585
593
579
589
594
582
586
594
590
590
595
595
590
590
593
599
587
594
594
590
593
597
584
592
597
584
588
594
590
586
593
594
588
592
595
584
588
595
584
590
592
591
590
592
593
582
586
586
575
578
583
572
573
577
579
565
571
577
564
569
573
574
560
563
573
560
562
566
566
558
560
564
549
552
560
555
554
556
559
546
549
554
540
568
19
550
559
17
543
547
555
549
545
547
553
16
538
542
548
547
543
541
549
536
538
540
547
545
539
545
546
539
535
545
545
538
538
540
548
538
537
539
542
532
537
545
540
537
538
545
533
533
541
39
502
573
36
537
546
534
533
534
541
526
531
543
534
531
534
541
20
521
528
536
539
524
531
541
530
528
530
537
21
517
524
531
533
521
527
539
527
521
525
534
524
522
523
530
515
520
526
529
520
520
533
527
521
523
530
516
521
526
530
516
521
531
528
520
523
530
522
517
519
527
16
511
516
518
523
509
513
521
519
513
513
522
519
514
506
515
519
516
509
517
524
519
511
516
523
517
509
517
518
514
509
516
517
511
509
515
520
505
508
516
522
18
505
509
515
521
515
511
511
513
518
519
510
508
510
518
506
507
512
515
502
507
511
514
500
506
514
511
504
505
516
515
507
500
505
504
504
521
517
509
503
519
515
510
508
496
504
507
507
501
492
491
505
500
489
492
501
501
488
493
502
505
15
491
495
499
505
495
495
497
503
498
493
499
501
494
491
496
500
15
486
37
449
533
32
501
18
484
491
493
499
489
489
491
499
500
490
486
494
500
498
486
495
499
500
489
496
502
495
490
499
500
491
95
396
588
81
508
24
485
488
497
497
490
486
492
497
493
486
496
497
491
486
496
496
490
485
495
498
486
486
496
496
482
486
496
497
16
482
486
496
496
15
481
486
497
499
486
490
501
500
489
492
504
497
494
498
501
497
495
498
500
497
494
497
501
493
492
495
500
489
492
494
500
490
492
497
498
500
489
495
497
497
489
496
496
501
495
488
494
500
491
489
482
488
491
490
483
490
494
490
485
495
497
485
486
492
498
491
485
493
498
493
487
493
495
493
486
489
494
487
481
487
491
485
482
486
491
484
481
484
492
492
17
475
479
483
489
488
15
474
477
486
489
17
472
476
484
485
473
475
487
486
472
476
484
484
471
479
489
489
19
471
478
489
487
474
478
488
485
478
481
489
484
476
480
490
481
478
479
488
482
475
477
489
483
475
477
487
481
474
475
486
483
471
477
483
482
471
476
481
485
16
469
475
482
483
469
475
482
484
470
477
481
484
470
476
480
484
481
475
478
483
485
17
469
476
481
485
481
479
481
490
482
474
479
487
484
474
480
483
487
16
471
479
481
487
488
478
479
486
488
487
473
477
483
486
472
477
480
487
484
476
477
483
486
478
475
484
486
476
475
482
484
476
172
305
820
320
501
23
479
482
491
488
477
473
483
485
15
470
476
482
484
474
477
480
485
476
477
483
484
481
479
484
485
483
480
481
491
485
481
481
491
487
478
482
481
490
497
487
490
493
490
490
478
65
413
401
407
604
104
500
86
415
573
97
477
507
18
490
27
463
38
426
420
456
458
468
626
106
521
513
510
32
478
59
420
429
23
407
435
625
103
523
515
510
509
510
501
506
502
504
500
502
502
508
506
501
504
507
510
512
503
512
511
513
513
510
515
518
517
513
518
520
522
524
517
521
524
526
522
522
526
528
528
527
525
529
534
537
533
539
541
546
549
546
550
556
558
548
553
555
558
546
551
554
557
549
555
559
561
551
558
561
560
554
558
560
559
557
561
560
565
567
568
570
571
574
575
572
576
583
581
584
586
584
588
589
585
587
592
596
595
597
599
594
588
593
602
600
598
603
608
620
626
625
629
639
634
633
630
639
648
637
628
635
647
652
641
643
647
634
635
639
648
632
639
666
674
679
683
682
678
682
678
687
675
676
681
684
671
678
669
673
668
659
661
643
650
656
656
639
646
647
654
645
649
656
662
20
642
645
652
660
658
651
660
676
666
653
658
660
657
646
648
664
660
646
663
668
672
659
660
688
691
27
665
666
670
684
668
666
692
705
687
695
716
721
34
688
701
733
717
20
698
697
698
711
39
673
685
695
33
662
688
20
669
680
711
707
692
692
726
721
35
687
697
734
735
717
712
718
723
729
722
724
736
725
718
716
735
721
720
731
743
734
735
740
748
738
735
740
752
735
739
743
767
24
743
742
748
751
738
734
742
751
732
742
741
748
730
728
725
719
735
720
716
717
723
129
595
804
85
719
708
703
705
711
699
701
713
712
710
712
724
722
721
714
728
727
725
723
733
724
724
723
729
726
725
733
742
727
728
741
734
728
731
739
732
728
729
738
746
730
730
738
725
724
727
734
726
727
725
733
733
723
728
732
724
720
734
731
717
724
722
722
709
721
726
720
719
728
729
718
715
731
723
718
723
733
724
726
731
731
725
725
738
739
734
735
743
740
733
732
747
744
739
735
745
738
741
744
749
740
739
744
753
21
732
737
750
741
734
738
746
733
737
738
745
740
736
750
741
734
733
742
741
737
740
747
742
738
745
752
744
741
737
742
750
741
743
752
757
746
752
760
753
749
750
760
747
742
753
763
753
758
755
760
756
749
754
764
755
753
755
753
750
750
748
735
733
734
729
734
726
727
716
713
713
703
711
697
701
718
707
719
742
723
718
727
733
723
726
735
729
726
734
739
730
732
733
741
738
740
737
748
755
744
748
746
755
744
743
749
752
747
748
753
756
744
750
750
740
747
750
749
742
754
759
750
753
760
758
750
769
768
768
772
764
753
755
756
746
750
758
754
742
744
750
744
737
747
743
738
744
753
739
746
742
751
742
746
738
744
750
741
743
747
737
739
746
745
732
740
740
736
744
739
737
739
745
735
730
727
713
717
718
713
22
692
694
700
715
737
723
734
736
747
750
740
759
756
747
757
755
749
755
756
746
755

