938
952
1862
1852
898
937
890
914
926
896
882
913
900
914
931
907
916
939
1000
999
1006
1007
999
988
979
957
921
949
978
962
943
962
966
930
952
969
941
950
971
966
956
938
982
994
981
1002
1012
981
1021
1063
1024
1015
997
1013
1014
1012
958
1002
1021
1001
1003
982
994
985
995
1019
999
975
948
925
945
944
924
940
923
936
919
929
937
921
938
954
957
959
914
990
1011
942
983
1003
988
984
986
962
965
964
952
926
962
955
957
979
942
1000
1020
982
1015
1030
985
975
974
1007
1012
490
1447
1082
979
981
949
934
947
952
916
913
922
958
932
938
952
914
975
979
981
950
989
979
969
979
961
951
974
980
964
993
1010
1006
968
998
1027
1004
999
996
966
886
922
895
898
982
859
951
953
960
893
913
838
917
813
900
857
879
743
618
774
916
883
892
899
922
881
935
854
942
943
931
938
907
927
899
942
854
948
963
962
953
953
911
957
929
962
938
955
948
947
953
937
941
943
946
931
933
935
938
921
934
924
918
919
920
909
901
906
902
898
884
886
812
875
841
903
884
880
907
860
911
862
905
792
658
832
946
969
939
937
952
942
943
924
951
892
946
884
499
1438
877
928
919
923
924
917
929
917
943
910
934
919
948
907
932
926
937
928
935
938
946
925
945
904
950
884
950
895
942
892
945
925
940
934
947
941
942
922
941
922
932
911
902
873
925
930
933
858
932
941
945
928
892
880
914
841
900
857
906
856
900
854
905
870
912
889
942
946
892
918
888
930
878
939
864
964
867
963
853
964
847
967
838
955
843
964
841
934
876
913
917
927
911
923
920
923
911
914
918
908
915
900
892
892
891
896
862
896
858
905
891
898
869
925
920
858
889
908
818
854
876
875
850
847
861
829
787
796
794
776
744
761
726
720
730
703
635
607
582
568
581
705
684
613
598
611
619
665
651
659
664
635
624
642
660
648
651
638
650
673
663
636
624
747
642
625
645
649
654
663
640
685
663
633
644
659
641
646
649
676
649
643
650
647
646
673
657
637
615
686
651
627
644
639
623
654
664
629
640
638
634
627
645
605
647
681
645
626
641
638
621
639
640
632
627
645
636
615
647
656
632
638
624
590
691
638
623
618
615
631
614
640
658
622
605
630
612
622
653
427
791
621
591
614
597
610
643
615
611
607
577
644
618
611
601
601
601
592
627
639
625
615
584
634
503
756
609
609
618
614
610
613
622
487
698
641
637
617
614
609
611
650
602
593
615
604
604
608
630
627
598
609
604
600
612
607
602
605
588
630
611
613
591
600
645
598
616
600
597
601
611
601
596
605
597
584
599
610
564
568
563
586
609
600
521
645
600
627
641
652
649
670
677
679
660
690
696
696
705
703
718
714
724
729
712
751
744
740
758
745
728
744
752
762
751
741
775
771
777
788
761
773
793
784
777
804
779
781
808
799
777
819
796
804
802
796
808
800
782
810
791
783
812
797
799
748
819
816
785
813
807
800
814
805
824
817
805
831
820
804
816
814
821
812
810
810
817
808
811
810
812
813
814
825
826
817
830
838
834
829
836
837
824
833
473
1226
762
828
834
826
801
808
839
849
838
832
839
833
866
861
857
829
471
1276
834
833
797
806
853
835
839
845
866
852
866
876
885
880
885
899
884
896
870
920
914
884
896
914
920
891
920
923
924
901
920
925
925
894
929
929
928
929
917
939
928
890
939
902
938
908
932
894
876
924
896
916
855
911
858
921
888
948
972
936
894
911
939
948
874
947
966
911
918
900
930
940
874
949
946
901
938
940
912
943
950
915
909
935
948
904
906
930
948
921
885
945
868
926
1666
890
934
908
902
909
894
910
886
906
909
918
893
889
916
883
946
908
931
904
928
882
922
906
950
946
888
943
919
902
913
903
928
934
873
947
951
934
888
897
941
946
937
490
1310
903
970
898
868
871
912
940
918
924
898
931
942
483
1445
953
896
884
905
927
946
948
929
916
964
952
904
893
907
938
902
906
897
955
905
914
931
872
983
971
910
924
919
914
910
938
896
890
858
935
835
914
874
900
889
887
879
876
867
873
869
873
857
865
855
872
870
872
894
862
895
872
906
899
869
888
895
890
892
882
891
873
891
890
871
874
871
890
865
891
869
878
880
895
871
890
883
880
891
895
888
888
871
876
902
904
875
876
485
1316
822
897
885
874
854
881
900
869
887
879
932
895
920
907
897
942
907
942
896
924
923
891
963
922
944
904
956
982
956
886
887
896
921
895
883