892
872
848
889
882
862
839
872
827
850
848
868
835
874
873
861
847
865
879
865
864
882
858
870
883
877
842
875
850
865
887
895
875
867
896
875
881
896
894
871
860
895
890
881
908
916
892
892
898
900
875
899
863
882
827
888
894
887
876
900
863
893
884
895
899
903
882
861
874
871
878
852
890
882
885
884
876
860
883
850
859
857
866
856
862
861
881
864
869
865
874
854
885
874
847
864
881
870
870
870
887
869
881
875
893
829
891
903
877
877
888
888
874
897
853
879
821
881
828
855
861
886
869
875
864
862
857
884
878
852
874
876
856
881
850
887
877
887
874
876
867
886
871
872
871
895
874
879
891
889
852
900
901
869
872
896
859
889
898
878
869
878
884
893
855
899
898
869
844
878
866
877
884
879
877
876
883
895
848
891
894
876
868
886
875
892
896
894
880
879
894
894
876
896
889
896
879
875
902
849
901
902
875
872
888
887
887
889
886
893
872
906
907
880
889
900
857
896
879
892
877
903
848
893
837
897
871
895
899
910
878
911
910
904
891
915
881
914
861
919
917
889
897
907
871
904
901
865
891
852
901
895
879
873
895
872
896
903
891
876
900
868
896
839
901
898
877
872
887
868
878
859
891
875
887
884
886
844
895
894
868
881
896
871
902
904
889
874
894
879
894
848
898
889
862
877
905
894
884
890
899
864
912
904
862
858
891
880
851
824
848
832
841
845
829
850
841
872
857
863
866
850
880
854
882
888
875
884
897
918
871
907
910
903
901
914
899
938
871
916
911
912
885
932
929
905
893
912
887
911
853
914
915
894
900
911
904
914
884
931
892
909
900
894
894
914
880
892
865
910
877
887
883
855
873
897
827
860
858
896
896
900
901
882
923
914
891
925
925
922
920
922
928
908
918
892
916
910
893
904
908
901
891
861
916
914
887
919
906
931
836
819
832
872
859
823
842
834
851
823
832
826
811
788
800
796
774
793
768
775
778
757
763
759
753
771
757
747
758
747
751
748
739
746
738
732
727
714
723
718
714
719
715
713
712
705
711
709
705
706
727
706
721
716
699
708
693
699
695
694
698
700
686
705
696
682
688
677
674
677
662
673
675
657
671
668
655
661
665
651
668
662
658
660
663
652
659
650
651
661
646
653
650
642
644
650
632
649
645
637
641
645
636
640
629
633
634
623
629
632
618
627
626
621
621
617
623
611
623
625
613
620
623
609
622
623
618
623
623
624
631
615
628
627
616
623
624
614
621
617
612
618
607
607
613
604
605
608
598
603
605
597
602
606
595
602
601
594
595
601
594
605
601
594
599
600
598
600
589
596
596
586
592
598
591
594
592
589
594
597
595
591
596
592
591
597
591
595
604
599
596
611
621
623
629
637
634
631
646
653
642
643
654
707
715
703
703
696
700
699
695
683
694
696
683
699
700
693
681
705
704
690
693
701
704
688
691
709
697
684
697
704
692
688
676
669
683
695
678
674
688
698
678
688
688
670
684
686
676
696
705
690
700
722
694
715
709
694
689
696
689
678
691
691
684
698
717
703
732
743
725
740
777
747
726
752
730
728
760
737
747
739
747
723
760
752
744
763
750
746
755
755
736
763
766
731
771
768
745
745
760
733
747
771
784
756
757
760
725
732
711
738
721
731
765
778
742
764
794
772
734
758
758
777
779
738
740
751
735
770
735
740
745
725
773
760
745
760
789
759
791
795
750
793
810
781
813
815
793
783
803
787
812
824
785
797
782
800
830
802
812
840
806
753
774
774
748
772
753
751
738
763
774
759
780
813
788
760
739
734
729
716
727
717
728
720
717
703
705
697
690
684
692
678
718
777
763
762
771
766
783
767
771
774
724
763
771
762
763
742
765
791
768
800
812
801
800
793
768
764
782
781
771
774
775
786
783
786
783
800
793
787
764
761
762
757
757
727
739
745
750
767
756
802
812
811
810
822
808
825
807
807
751
757
746
757
770
774
787
755
766
781
732
758
755
757
752
737
740
734
749
767
757
756
731
747
762
744
759
757
771
743
754
771
763
767
787
789
799
783
818
824
773
795
809
802
814
797
771
773
769
753
736
766
781
797
796
815
804
773
771
785
815
819
843
844
846
835
838
823
840
815
794
769
812
795
801
793
813
779
817
818
804
813
800
815
813
805
777
816
809
798
835
815
846
830
822
789
827
814
796
775
788
802
814
817
838
832
820
802
813
756
798
790
802
811
799
819
776
797
811
796
765
788
767
743
782
786
793
793
810
798
793
783
796
822
806
764
795
796
781
802
783
796
795
788
779
794
772
785
800
798
783
797
817
790
801
815
825
822
804
786
809
813
800
784
795
793
766
790
775
775
783
786
778
778
775
773
743
779
773
790
766
768
792
781
799
798
766
778
782
797
789
812
809
782
790
831
816
812
801
797
773
798
786