848
848
836
833
842
857
854
851
853
852
849
880
891
884
884
887
943
834
881
886
880
871
877
895
898
869
874
868
867
872
865
857
843
836
832
836
844
847
863
853
843
844
860
883
860
867
858
854
857
863
862
871
860
846
855
869
891
876
876
882
865
875
886
889
885
868
867
881
906
888
896
896
888
896
904
911
886
883
892
911
907
904
905
893
907
907
913
896
886
877
883
907
890
875
866
865
863
873
859
873
859
849
841
855
873
865
846
864
847
851
853
874
863
858
838
841
839
843
851
853
844
835
835
860
856
870
875
883
866
875
899
903
900
888
889
906
918
888
895
885
891
888
885
893
879
857
857
870
871
860
854
869
866
848
855
858
866
854
862
868
868
869
873
877
880
865
870
882
883
865
868
867
848
857
873
861
854
843
852
843
836
857
851
848
839
827
853
856
859
861
874
871
857
867
896
895
880
896
879
881
890
911
901
890
883
892
910
898
890
894
881
877
891
902
897
881
876
888
887
871
870
882
881
871
883
883
895
876
880
893
898
882
879
894
897
886
881
904
897
897
879
895
897
908
895
905
894
870
877
896
889
875
875
877
880
883
896
897
899
880
884
909
913
895
899
890
886
879
896
890
874
866
873
863
873
858
861
866
857
850
868
868
861
857
875
883
871
866
879
885
874
867
876
881
870
913
899
887
908
908
888
887
896
889
870
873
883
880
869
878
883
893
879
894
901
901
884
885
894
899
884
881
887
885
873
884
887
870
865
874
870
850
868
869
874
861
881
885
876
889
896
890
877
885
892
882
876
892
891
872
873
875
874
859
860
877
873
860
870
886
889
873
891
897
898
891
910
918
906
917
924
918
901
912
913
910
893
891
895
901
887
889
898
905
886
889
898
900
888
884
899
902
890
883
900
909
897
887
906
911
894
880
895
896
889
879
888
897
897
887
894
906
875
823
837
833
822
822
806
813
800
798
797
796
777
781
786
783
768
771
767
751
764
767
741
757
764
742
747
761
747
741
759
735
745
734
740
739
724
731
733
723
715
722
726
709
709
711
712
703
699
703
702
697
696
699
699
694
693
701
701
698
703
705
702
701
704
713
701
700
698
698
692
693
691
694
686
683
688
692
683
681
678
680
673
676
677
676
672
673
676
668
666
671
675
666
665
667
664
665
668
669
661
663
667
670
666
666
668
670
667
671
672
675
668
666
660
664
666
665
665
662
664
669
662
657
662
663
660
657
662
662
666
657
659
662
655
654
654
656
650
654
656
659
651
645
648
651
649
647
649
647
647
645
646
649
650
641
642
647
647
645
641
635
632
629
639
636
646
641
646
645
647
650
645
666
659
659
643
655
651
672
649
664
660
687
684
681
660
670
687
661
674
684
679
671
659
684
659
683
681
679
683
689
696
689
690
702
711
712
706
714
721
718
705
694
714
717
721
729
728
724
725
735
751
757
742
741
760
771
763
754
759
767
772
761
754
771
773
774
760
776
786
795
780
783
800
809
792
782
809
813
806
793
796
808
810
799
819
842
824
814
840
853
831
820
843
849
848
835
863
876
860
845
870
879
861
848
864
874
856
838
859
858
851
839
863
871
855
838
860
869
863
848
868
875
866
848
870
874
868
848
859
865
868
844
868
880
871
857
869
885
875
873
889
894
863
860
879
884
872
867
884
886
864
883
902
914
882
895
912
921
892
901
903
871
864
885
889
881
853
871
883
864
858
881
886
883
876
897
914
908
901
924
924
890
885
899
900
876
878
891
886
874
893
892
869
865
885
885
867
859
860
854
841
864
868
874
860
877
887
871
871
882
887
860
871
881
882
867
874
887
878
867
889
896
895
878
896
896
880
888
897
900
866
868
878
871
851
852
869
879
862
871
895
888
872
888
893
872
865
875
881
872
861
873
889
872
874
891
891
880
896
906
898
868
859
852
849
864
874
859
856
877
880
863
863
876
878
859
859
871
876
868
878
894
894
872
886
896
889
875
887
900
881
874
887
899
880
876
885
886
868
873
883
881
869
873
879
864
860
864
867
859
881
897
890
898
914
916
899
923
931
917
900
910
905
886
886
887
883
868
869
876
876
869
878
881
875
863
870
878
857
867
861
848
844
852
858
849
853
855
852
842
852
864
855
856
866
869
859
866
872
871
859
881
890
886
880
902
915
921
902
914
923
920
899
916
910
889
893
894
896
886
884
896
895
884
884
891
879
873
885
889
868
860
871
881
876
870
890
900
895
881
896
900
887
887
894
896
880
886
884
887
868
877
884
885
869
874
882
887
873
869
888
893
878
872