923
886
891
922
930
899
936
954
936
945
918
881
864
862
880
905
936
926
953
977
984
955
980
994
987
970
995
992
961
969
980
985
958
983
979
975
949
970
987
972
952
972
976
963
957
992
989
963
991
988
967
966
978
988
970
982
989
977
960
994
979
994
1013
1021
992
996
1000
969
940
958
944
962
967
934
957
956
936
948
973
977
957
961
979
982
933
958
975
979
967
984
1003
969
989
1001
1001
976
979
998
997
965
987
998
999
977
980
976
968
945
970
958
966
982
970
912
894
885
894
900
890
905
927
934
912
928
938
944
917
909
928
925
930
908
898
910
925
936
925
950
965
951
960
976
963
981
983
943
971
978
979
950
963
972
968
963
937
957
959
970
947
948
961
972
965
949
975
973
963
938
960
975
967
945
961
960
948
932
949
951
934
930
950
948
936
940
961
968
947
928
960
965
963
942
952
915
881
888
873
896
912
912
927
944
948
915
945
936
948
958
953
929
950
958
962
942
967
966
969
949
970
975
973
952
976
972
985
995
968
993
993
968
993
978
991
987
975
987
977
942
938
918
880
876
890
884
904
923
938
951
941
954
958
954
932
947
949
954
929
946
945
944
925
945
954
947
945
972
970
961
937
947
952
954
917
919
928
929
909
914
935
938
931
938
958
933
912
915
914
887
909
921
930
911
941
944
948
934
943
947
960
948
930
947
953
943
910
860
881
879
893
883
894
918
928
923
920
938
943
929
909
928
933
934
901
931
924
938
952
965
948
956
966
966
938
952
951
938
951
950
934
954
962
956
931
948
938
918
933
932
916
938
946
945
924
927
947
957
938
933
944
932
908
898
912
899
909
876
876
898
917
890
925
936
938
918
944
945
945
918
940
946
954
882
833
840
824
817
797
808
794
806
799
792
783
771
781
785
783
785
776
767
768
751
745
727
735
742
738
723
722
723
708
702
699
716
715
696
704
703
699
682
692
690
688
692
700
692
687
700
688
684
681
685
683
678
691
679
678
684
682
662
671
668
662
662
670
670
659
677
665
657
654
658
660
654
667
670
666
1330
660
648
642
649
642
634
648
644
636
623
637
642
638
646
656
654
638
650
644
623
633
639
635
628
635
619
624
631
630
629
631
632
613
616
1241
617
621
618
618
613
1243
624
636
638
623
633
637
630
616
1884
612
629
621
623
635
622
615
618
621
606
608
622
616
613
610
615
604
591
600
607
604
600
609
610
603
596
604
605
600
605
609
605
591
594
598
597
592
601
602
590
587
1186
586
592
592
586
583
589
587
578
585
596
1175
587
590
585
585
581
583
600
598
340
891
638
631
631
635
659
664
663
664
688
697
700
700
718
738
698
703
680
694
697
782
739
1468
711
722
726
709
807
757
702
796
780
724
751
778
760
765
741
779
784
782
781
804
800
787
816
817
808
812
821
813
848
850
820
843
855
873
876
846
851
856
849
833
854
870
849
858
869
873
851
823
784
771
792
800
798
839
876
826
841
835
818
849
843
841
868
873
867
904
904
908
931
904
922
926
910
936
916
910
935
928
895
905
910
885
889
889
868
858
881
891
868
894
908
894
917
928
910
936
931
921
938
922
921
931
913
938
945
919
938
931
919
939
938
917
915
926
924
900
919
929
915
912
934
936
902
911
885
824
848
832
809
797
808
829
831
854
886
906
892
912
922
911
896
901
900
896
880
902
916
899
904
925
912
928
947
945
924
921
914
890
876
902
912
908
918
937
936
921
940
937
902
921
923
895
914
911
909
883
904
913
896
901
919
926
906
923
931
910
879
880
877
846
828
844
821
837
862
868
912
939
927
937
961
964
937
949
947
931
913
928
924
894
914
925
920
907
927
920
907
927
920
905
912
927
932
909
929
936
942
923
939
920
867
859
874
856
831
831
849
867
870
895
910
920
912
939
932
942
933
903
920
915
905
884
904
904
912
898
924
930
916
938
930
939
948
934
955
942
953
952
947
925
924
929
933
906
929
933
939
926
939
943
944
920
932
937
919
907
873
888
884
870
896
906
894
901
915
910
898
917
903
926
930
932
911
921
920
916
899
910
909
907
892
903
906
888
896
904
898
887
896
889
879
868
879
880
843
827
822
816
818
799
823
835
842
837
859
865
869
859
865
861
850
835
841
835
825
826
842
846
848
851
866
871
863
876
883
895
878
897
901
913
896
898
882
857
835
844
846
825
846
854
846
843
864
874
858
858
868
873
850
863