924
920
945
911
934
949
983
983
1035
1030
1035
977
1021
1030
1037
1028
1024
1060
1078
1113
1098
1126
1089
1094
1103
1084
1068
1070
1027
1021
1143
1118
1091
1111
1117
1153
1100
1146
1072
1132
1134
1138
1141
1156
1130
1146
1136
1138
1143
1125
1074
1164
1117
1142
1109
1102
1100
1104
1077
1084
1094
1116
1030
967
993
962
936
943
990
1013
974
1025
1072
1138
1108
1106
1125
1069
1040
1119
1092
1189
1127
1081
1099
1085
1084
1078
1100
1097
1087
1061
1079
1086
1053
1071
1074
1080
1047
1062
1077
1056
1049
1074
1082
1058
1070
1042
1043
1030
1046
1028
1056
1062
1049
1027
1008
1062
1063
1009
1033
1050
1048
1000
979
1020
1031
1007
1016
1072
1081
1058
1089
1082
1076
1072
1099
1096
1104
1104
1100
1090
1091
1098
1102
1104
1095
1080
1073
1105
1090
1057
1101
1104
1066
1090
1082
1044
1027
1038
1048
1036
1044
1081
1066
1045
1084
1070
1068
1070
1097
1085
1077
1037
1075
1069
1035
1047
1056
1069
1023
1055
1076
1025
1045
1069
1063
1023
1050
1056
1006
1011
1049
1019
995
1018
1050
1055
1033
1055
1079
1059
1063
1083
1035
1035
1057
1069
1066
1054
1059
1077
1078
1054
1078
1078
1090
1117
1109
1073
1097
1112
1078
1052
1045
1063
1053
1012
1025
1027
1004
981
1022
1045
990
1001
1032
1027
1006
1052
1077
1067
1072
1114
1116
1094
1096
1104
1104
1101
1093
1084
1051
1081
1098
1103
1074
1149
1136
1104
1104
1096
1110
1131
1137
1037
1117
1106
1056
1018
1067
1060
1027
1006
956
930
930
1000
1005
979
1070
1144
1127
1121
1127
1125
1089
1067
1071
1034
1018
1010
1000
942
928
923
930
962
944
922
961
978
954
938
974
974
954
998
1014
1019
1003
1126
1108
1095
1059
1068
962
870
917
913
921
885
899
921
924
928
912
869
867
862
858
895
850
836
901
892
842
850
862
865
832
858
842
863
922
885
814
768
753
748
742
741
739
729
729
749
738
732
726
725
729
716
714
715
706
694
692
689
684
680
682
679
674
668
665
666
665
660
658
634
630
629
629
632
634
635
639
642
642
643
643
639
639
638
636
631
625
618
616
615
609
608
608
603
600
598
597
595
595
590
590
589
593
590
591
589
585
589
591
591
590
586
587
585
588
582
582
581
579
580
579
574
574
572
572
571
569
569
568
569
564
564
562
563
561
560
560
557
557
557
559
556
554
555
554
554
552
549
552
549
551
548
549
548
548
546
546
545
543
539
538
536
541
539
537
536
535
538
532
534
533
535
537
532
531
531
536
534
533
533
535
534
533
532
532
536
533
532
533
533
533
531
533
534
536
533
532
531
532
533
530
530
527
528
528
526
525
525
522
526
523
523
525
523
524
521
522
523
522
521
521
522
520
521
521
520
521
521
523
521
521
516
520
516
516
516
515
518
516
515
516
514
516
521
524
527
526
523
523
426
614
538
525
530
540
548
548
557
570
566
569
576
592
610
612
613
635
667
663
675
704
706
702
726
798
775
712
753
859
884
854
884
818
778
827
909
747
731
809
770
714
734
689
671
694
705
729
820
868
830
734
734
960
908
896
880
854
865
857
877
878
878
859
879
930
908
909
919
931
912
917
905
877
921
915
948
960
961
932
948
935
920
994
1002
966
967
933
899
954
996
890
849
870
881
845
843
875
898
868
870
897
918
899
968
1055
959
990
994
973
883
956
973
884
939
966
892
1026
1002
997
941
1003
1014
980
986
1007
1011
970
961
1015
1015
979
981
985
992
956
1037
1023
1018
1028
1010
991
985
1090
1015
1021
999
1058
1019
1015
1042
1028
1004
1004
1023
999
1021
1002
900
977
981
954
986
999
971
927
1062
1040
1017
997
1046
1008
993
1016
974
951
1000
985
938
876
921
908
866
937
930
929
991
966
976
979
984
981
1036
1060
1040
999
993
1043
1028
945
1077
1063
1046
956
996
1003
963
968
989
989
924
1023
1025
1015
1023
1021
1063
1037
1036
1063
1032
1011
1038
1067
1044
1021
1015
1013
1017
933
892
1043
1008
936
1000
1006
998
1001
997
1032
1008
1039
1049
1008
1047
963
929
909
833
837
938
982
1041
1072
1069
1066
1108
1084
1092
1109
1088
1116
1086
1078
1061
1116
1069
1092
1043
1055
1005
1012
1029
987
1021
1042
1026
993
1009
1038
1039
1061
1079
1051
1064
1096
1073
1101
1071
1091
1076
1105
1078
1051
1055
1048
1049
982
1031
1022
1012
996
1002
1047
1007
1041
1030
1012
1056
1069
1065
1066
1070
1087
997
1054
1084
1095
1074
1054
1081
1070
1043
1014
1029
1008
946
1009
1018
984
1011
992
1040
1002
1040
1061
1038
1043
1081
1087
1088
1090
1092
1093
1123
1098
1084
1051
1098
1073
1029
1063
1034
1021
1007
1042
980
950
1005
982
979
1025
1008
985
1024
1007
1012
1001
1036
1040
1061
1046
1036
1051