835
836
833
845
863
863
844
856
854
860
869
877
869
902
915
896
921
934
922
916
927
933
906
918
934
938
953
943
957
955
962
958
947
989
970
951
972
982
955
946
954
973
952
973
951
967
941
942
989
948
955
953
980
963
954
957
968
947
944
943
921
914
912
918
941
953
947
950
965
974
954
959
967
979
968
963
979
990
979
991
990
1001
981
991
992
986
975
995
996
987
981
984
994
968
719
269
984
989
981
1002
1004
994
999
1019
1018
990
1010
1005
981
981
967
950
942
944
966
965
942
965
981
978
965
975
996
992
972
979
987
979
956
964
976
964
945
960
971
966
955
980
989
991
977
996
1001
994
990
1006
1011
988
994
1008
1005
983
994
1002
1001
992
1015
1014
995
994
1001
1001
976
984
992
990
975
991
998
998
990
963
948
949
938
953
958
964
950
974
975
981
957
982
990
971
967
984
984
976
971
983
985
973
974
983
988
972
967
978
979
950
959
967
963
945
1914
965
630
1291
983
978
971
992
990
967
988
991
989
971
996
993
971
981
992
994
969
991
990
979
970
993
985
984
983
497
509
999
971
998
999
984
979
1001
991
961
979
993
984
960
987
987
973
981
1000
995
966
980
976
953
958
940
954
964
963
941
964
974
969
950
977
980
963
957
979
977
957
949
973
967
951
951
496
475
962
943
952
966
963
945
968
983
985
968
998
995
979
979
992
990
1002
999
994
962
946
967
949
966
970
953
940
963
958
938
943
933
934
948
946
960
974
975
967
977
989
979
965
1647
315
987
670
295
974
994
994
967
983
998
987
967
986
983
979
967
979
987
981
967
987
988
978
973
1002
1005
984
994
1012
1009
985
1015
1008
983
979
997
1001
974
989
1008
999
983
1006
988
960
966
949
931
931
916
937
431
494
915
480
437
910
902
353
542
905
900
891
879
877
869
860
838
849
814
825
830
812
836
832
814
829
820
832
822
829
824
830
842
844
845
843
845
847
847
844
838
835
833
832
828
834
835
832
837
833
831
819
818
811
826
804
817
805
812
800
817
797
820
801
821
792
804
817
794
792
785
799
793
789
784
789
775
787
782
776
790
785
772
787
784
778
786
785
778
786
773
787
767
774
775
771
791
767
795
766
797
762
770
769
769
762
770
764
781
749
784
752
764
762
775
746
778
746
782
750
759
753
758
751
741
745
767
731
740
739
734
732
728
727
721
717
717
713
710
721
712
711
717
715
716
714
722
720
719
725
724
719
724
724
725
725
731
724
722
726
725
720
727
726
720
718
725
723
719
728
723
718
725
725
725
722
727
727
725
729
721
719
722
720
723
722
729
723
721
723
720
717
726
719
717
723
722
717
720
721
719
714
721
713
707
715
705
701
704
698
694
692
703
704
707
711
709
717
720
714
718
716
710
719
719
712
745
709
744
714
723
723
716
717
713
723
728
736
726
740
751
776
754
774
776
774
771
774
771
765
770
771
766
762
773
787
759
773
775
771
813
792
806
806
838
824
830
831
850
837
840
843
861
844
838
827
846
817
817
826
814
818
816
855
841
846
856
889
865
872
885
877
871
874
909
883
883
904
884
869
880
874
860
866
870
852
871
854
866
843
835
871
864
851
855
852
856
836
859
837
849
835
845
841
833
830
849
840
829
832
833
828
841
868
850
865
874
859
882
906
895
917
917
939
920
922
933
945
918
938
949
942
947
938
971
953
963
956
986
976
972
986
984
976
966
990
968
977
988
978
1000
974
1001
970
989
982
968
969
975
936
952
930
953
956
956
944
976
978
968
970
976
986
972
985
987
967
986
995
1002
985
999
993
991
972
1001
989
973
970
974
979
949
975
975
965
950
979
977
957
959
970
967
944
960
972
967
967
949
967
969
962
961
970
970
954
963
977
980
975
982
979
967
987
979
970
964
934
946
923
939
971
959
950
952
971
974
954
963
969
970
951
961
965
966
976
972
989
977
982
980
986
970
974
979
987
973
979
985
987
960
971
966
928
940
943
939
926
919
925
928
938
950
960
938
952
953
948
943
957
956
947
961
964
954
950
966
969
948
962
977
960
970
980
996
986
1005
1009
988
956
979
979
983
977
968
976
1001
976
980
997
991
990
997
952
959
997
973
965
938
935
955
959
959
954
967
988
982
979
991
984
956
954
949
982
954
966
970
960
951
980
981
955
1008
1006
987
996
1002
993
952
952
983
995
963
972
971
964
944
929
947
971
938
941
936
932
950
937
918
921
925
911
926
928
923
943
954