852
845
849
837
818
820
817
894
732
865
842
837
822
795
808
827
737
849
797
826
819
801
795
801
776
902
807
830
839
832
785
804
813
812
793
780
791
791
785
751
748
731
707
730
729
735
750
758
772
738
735
873
860
856
786
798
833
841
796
784
772
781
797
869
724
879
847
799
773
775
806
813
800
785
792
792
854
729
911
865
823
823
834
831
787
779
778
787
828
717
869
832
814
829
842
815
813
813
765
886
813
829
821
775
773
775
766
768
756
763
782
790
788
766
766
768
760
710
850
819
767
750
769
773
780
752
751
755
759
757
770
781
770
770
774
778
767
754
775
797
782
769
768
754
735
727
738
741
730
730
731
729
734
747
747
741
755
754
738
749
740
744
767
772
773
719
803
752
739
729
725
747
769
742
817
824
826
822
820
794
799
781
776
768
756
766
764
842
716
859
828
824
802
794
818
809
770
739
733
741
721
703
691
701
711
721
722
756
784
803
796
778
786
805
893
759
939
928
909
837
855
849
768
862
796
824
782
742
773
803
809
725
881
808
831
853
882
845
839
871
778
948
922
889
869
871
754
861
866
841
799
799
808
823
727
878
836
844
839
801
810
801
779
917
869
837
837
822
814
707
850
815
814
810
786
748
760
772
785
715
869
828
833
818
771
743
767
761
766
771
802
827
828
806
776
764
755
769
777
814
831
824
745
903
827
788
785
755
818
716
923
901
858
851
844
750
932
895
860
854
848
742
896
870
853
847
827
807
775
762
771
769
781
787
772
775
792
760
903
864
801
777
778
772
762
747
746
760
765
861
750
910
888
881
860
833
788
759
753
743
736
742
756
767
771
787
783
798
785
795
794
805
844
831
827
754
889
875
841
832
817
810
797
780
782
892
768
961
932
906
881
838
804
768
755
759
720
895
813
793
800
841
824
809
805
824
838
840
840
756
854
835
813
785
775
777
790
759
755
732
733
732
718
732
727
721
701
713
735
724
739
758
771
739
753
767
757
781
805
725
896
822
787
815
845
862
771
962
941
909
888
875
777
932
892
863
848
821
795
730
861
839
834
817
810
751
854
866
842
825
792
773
764
762
771
751
722
824
751
767
737
754
773
767
788
801
793
796
804
789
763
729
718
711
700
707
697
708
723
729
860
834
812
795
792
764
764
779
787
775
766
741
757
753
669
760
724
764
735
682
717
702
686
676
662
655
649
650
641
632
630
637
646
661
662
667
659
670
676
677
675
671
660
658
654
646
654
662
678
685
658
657
639
632
638
663
624
618
606
600
595
594
586
521
640
575
577
569
570
567
567
563
568
566
568
571
564
566
561
558
550
549
546
544
539
536
537
538
534
528
529
527
527
526
524
529
521
521
522
526
531
522
528
522
523
525
525
527
520
523
524
526
529
522
525
521
521
522
522
520
513
516
514
512
513
505
507
504
502
507
501
502
499
498
503
500
501
500
502
505
501
503
501
498
500
499
497
493
494
496
490
488
490
487
485
483
483
484
479
479
480
475
475
475
473
472
470
471
468
466
468
466
463
463
462
460
466
467
462
459
459
461
461
459
461
462
461
460
460
462
460
459
461
458
457
460
456
459
458
458
459
458
454
460
457
455
455
454
457
455
452
454
455
453
453
454
453
453
453
456
456
452
455
457
452
454
456
452
452
452
452
452
451
452
453
451
451
454
451
452
450
450
451
448
448
450
445
447
450
446
445
450
447
447
448
449
450
449
451
453
454
453
455
455
455
456
458
453
458
456
454
454
453
453
455
451
454
454
456
457
456
460
460
458
456
459
457
457
457
458
459
458
460
458
462
458
460
461
458
460
341
575
466
462
465
466
468
474
478
488
490
494
498
496
490
487
486
484
487
489
492
494
509
523
525
527
541
552
560
559
559
563
562
556
540
542
540
551
562
555
553
567
579
567
561
565
563
549
541
536
555
577
580
592
611
600
599
607
592
574
559
545
536
545
567
566
576
582
580
563
554
543
531
521
513
503
500
501
503
511
520
529
551
569
583
580
564
561
564
552
548
547
547
547
549
542
543
556
566
575
563
563
559
557
548
545
544
545
538
540
539
545
548
551
547
538
536
533
527
537
542
552
560
576
591
604
606
597
594
589
583
575
563
556
548
543
536
522
517
521
537
552
563
566
571
599
620
649
652
633
630
617
590
560
549
539
531
533
537
528
525
521
519
518
520
521
521
521
516
516
521
549
579
601
616
622
642
659
653
655
670
656
644
611
591
573
559
550
540
534
539
562
572
561
558
548
540
531
525
522
536
569
600
595
581
571
562
556
559
575
563
561
558
548
541
534
526
524
539
558
623
665
687
701
693
678
670
667
675
684
682
688
671
660
652
649
646
639
633
620
619
572
562
569
601
639
645
666
665
677
683
656
645
638
648
641
629
621
612
626
679
719
710
699
706
701
694
692
689
699
711
732
741
745
733
727
717
703
695
683
666
626
646
647
662
684
715
703
705
702
701
713
708
693
688
680
677
660
647
623
627
633
641
632
622
623
639
646
660
657
674
690
678
673
670
671
673
665
662
665
675
691
712
714
694
684
664
664
664
660
655
635
631
634
637
646
652
639
634
622
619
615
620
619
629
658
670
682
672
653
645
626
607
597
597
590
585
577
573
581
588
601
628
618
604
610
625
623
644
666
681
700
691
679
665
650
637
632
641
631
631
639
662
706
738
687
807
775
744
708
679
639
610
596
593
604
617
631
628
622
618
606
607
620
642
654
650
656
648
665
659
660
645
634
630
629
623
616
611
608
599
594
591
586
583
581
575
563
557
563
563
600
633
660
681
686
680
681
675
665
657
639
622
604
588
576
568
579
599
620
632
637
637
639
631
623
610
593
580
570
564
572
609
649
691
723
744
726
728
729
720
718
718
710
693
685
676
673
655
662
688
701
684
686
681
672
664
664
635
634
637
634
646
646
644
645
645
647
635
635
640
651
665
661
656
655
646
629
623
609
600
599
592
588
596
619
646
679
695
725
730
706
688
689
685
679
677
680
678
688
696
685
687
684
680
676
683
677
656
675
718