789
798
803
801
809
812
813
817
818
816
824
823
819
819
825
827
821
832
832
824
832
844
843
840
850
845
837
846
835
823
825
825
819
821
821
820
814
830
830
819
836
837
828
835
847
844
837
848
850
831
837
843
840
831
844
847
843
851
851
853
843
848
843
832
840
840
833
830
835
834
829
845
842
840
845
842
843
850
850
850
848
855
853
853
854
854
847
849
848
837
839
839
833
840
841
840
850
849
845
852
854
855
853
856
861
859
857
855
851
853
852
844
853
852
848
851
851
848
840
849
848
839
850
848
835
843
842
836
844
842
837
844
843
836
846
841
841
842
807
818
850
852
820
869
833
845
838
826
830
834
831
827
839
837
830
834
808
862
834
845
843
834
834
842
840
840
847
851
842
845
848
846
835
841
838
823
834
803
852
813
833
801
850
822
806
854
827
840
802
849
822
799
846
806
816
816
770
819
813
808
797
793
802
807
804
817
821
825
823
806
824
848
832
805
860
826
842
835
837
837
811
862
831
843
841
842
843
817
863
836
839
844
838
827
836
831
823
832
828
822
822
835
799
844
820
797
817
842
833
837
834
823
836
833
831
826
836
835
842
835
843
843
835
844
852
845
836
849
812
856
834
848
814
865
841
817
858
827
832
826
819
818
819
813
806
820
819
807
813
823
820
810
812
820
819
807
818
822
822
811
833
827
826
824
835
836
825
829
834
830
820
830
844
839
836
843
840
844
841
852
853
842
847
840
840
829
838
841
841
834
844
841
835
833
832
823
818
813
812
796
807
812
807
803
806
808
806
806
767
783
792
770
777
756
764
771
792
795
792
809
819
825
825
833
841
844
847
852
857
857
862
865
863
864
866
867
865
867
873
865
862
871
873
869
858
875
862
858
851
858
858
854
846
854
857
848
838
852
845
843
837
850
847
830
849
849
848
847
861
860
862
864
869
863
863
868
866
856
864
872
869
867
873
865
859
866
867
866
873
825
879
856
849
852
797
845
813
804
800
791
781
774
740
1256
971
501
487
452
725
700
1690
370
693
674
297
943
625
1285
770
532
288
373
749
1082
539
274
271
350
1872
1167
700
640
604
343
552
2160
2136
1724
299
2329
581
536
1124
396
704
522
626
2571
462
1009
454
825
537
536
530
529
1066
471
388
735
534
486
571
534
531
532
529
526
529
528
518
319
369
367
521
522
1558
526
1034
2064
319
654
584
1028
512
326
698
268
736
523
511
506
504
508
505
285
519
390
565
264
507
499
499
501
496
498
992
492
494
493
491
979
488
270
343
367
490
487
484
489
486
490
483
486
485
487
487
484
298
674
265
487
703
482
483
485
397
453
598
482
382
572
492
479
484
481
481
479
481
481
479
482
475
487
479
479
479
477
477
480
482
482
479
960
956
480
473
482
479
477
479
478
477
482
476
478
479
474
479
479
480
482
479
479
482
483
482
428
532
488
482
482
480
483
485
480
485
481
490
485
484
490
487
494
493
493
496
499
500
500
502
504
507
507
510
512
515
418
603
526
523
521
521
521
522
527
528
533
527
524
527
530
534
540
543
543
529
548
540
545
543
552
547
541
546
549
552
544
556
552
545
550
550
550
546
548
552
542
561
551
550
553
553
556
557
560
557
543
568
562
568
564
568
566
554
570
568
561
583
575
570
571
575
581
585
584
581
574
582
581
582
599
453
709
385
789
600
594
586
592
589
1128
575
577
581
589
595
1218
607
588
598
596
595
599
590
591
597
595
593
581
569
580
585
580
575
577
574
579
583
578
626
607
594
610
611
606
608
602
612
613
602
597
598
616
622
620
649
695
688
419
893
671
660
653
653
446
859
658
644
639
642
642
647
658
664
662
650
653
653
444
860
669
656
471
817
652
654
655
652
648
646
664
665
661
658
661
671
667
658
655
659
668
667
663
662
666
678
683
676
675
675
684
679
670
668
668
677
676
673
452
872
670
665
670
671
669
669
442
881
671
660
654
644
643
648
646
639
636
635
638
648
646
649
656
664
661
664
663
669
670
664
694
642
671
674
672
677
685
681
679
710
658
679
679
713
662
687
573
801
699
684
694
690
691
695
664
694
686
678
501
853
697
702
450
545
714
829
418
975
748
579
807
673
663
675
702
647
459
857
674
660
684
664
634
660
660
660
695
650
677
673
674
675
675
672
698
642
665
668
692
671
646
672
668
441
884
680
406
907
710
647
669
699
674
645
676
676
425
924
705
690
713
695
473
871
717
696
647
743
693
697
479
887
729
697
707
677
726
698
688
697
697
683
674
673
681
702
703
691
689
707
717
712
699
699
719
689
735
707
712
725
725
715
710
725
732
725
716
726
742
744
729
724
735
745
736
725
731
742
743
734
726
736
479
958
770
734
506
927
768
729
730
699
719
517
918
438
1013
763
722
729
729
720
714
724
703
751
728
726
733
740
735
728
730
748
484
969
778
758
755
744
729
728
738
741
734
729
738
744
742
500
924
785
760
476
948
776
752
743
729
726
740
747
744
740
748
751
746
737
740
747
742
734
730
736
741
738
730
735
742
730
729
734
743
737
729
735
743
738
731
737
745
746
737
734
742
746
741
736
743
750
744
739
736
735
731
728
698
717
721
722
727
728
758
734
737
748
746
738
748
752
744
741
745
753
749
745
742
753
755
751
748
759
768
764
755
753
760
761
752
749
754