1106
1094
1065
1110
1104
1079
1132
1151
1088
1135
1159
1149
1182
1218
1154
1195
1222
1190
1182
1229
1212
1167
1204
1237
1198
1177
1175
1253
1200
1191
1213
1190
1176
1211
1228
1171
1161
1135
1106
1105
1120
1172
1148
1182
1187
1153
1212
1222
1211
1201
1237
1223
1154
1211
1208
1168
1173
1201
1229
1204
1241
1262
1167
1170
1229
1235
1202
1188
1251
1242
1204
1224
1236
1240
1206
1257
1265
1231
1203
1238
1258
1257
1208
1259
1257
1211
1254
1239
1251
1186
1192
1199
1176
1176
1202
1199
1151
1189
1200
1153
1179
1193
1178
1124
1192
1196
1163
1176
1201
1187
1159
1196
1216
1198
1163
1219
1207
1192
1195
1218
1188
1185
1221
1206
1169
1206
1197
1178
1209
1225
1158
1218
1246
1199
1192
1229
1217
1173
1201
1210
1196
1147
1187
1215
1190
1177
1152
1187
1189
1151
1176
1217
1225
1187
1208
1236
1252
1199
1240
1270
1258
1269
1176
1205
1213
1229
1186
1215
1253
1251
1221
1175
1226
1263
1282
1296
1285
1301
1296
1260
1269
1280
1286
1260
1235
1217
1254
1224
1212
1181
1230
1224
1161
1205
1226
1234
1232
1245
1207
1225
1228
1197
1148
1224
1210
1164
1184
1229
1229
1194
1235
1224
1219
1250
1241
1190
1231
1286
1271
1268
1273
1235
1316
1219
1246
1226
1223
1209
1160
1146
1154
1176
1210
1175
1157
1233
1202
1160
1207
1234
1254
1226
1175
1264
1254
1207
1188
1217
1183
1157
1196
1203
1188
1187
1219
1252
1230
1205
1253
1256
1210
1237
1247
1243
1205
1236
1250
1219
1221
1233
1194
1197
1232
1188
1175
1237
1216
1231
1175
1234
1203
1198
1158
1147
1197
1181
1127
1105
1136
1141
1156
1118
1104
1101
1130
1151
1132
1171
1186
1190
1208
1262
1117
1114
1128
1125
1140
1129
1135
1097
1073
1067
1067
1010
1027
999
987
995
966
974
969
947
971
961
963
950
947
948
950
910
879
899
908
914
888
901
924
907
943
940
920
925
932
906
928
901
878
882
898
880
899
897
893
919
943
938
934
910
908
894
860
884
871
877
884
897
938
919
908
902
913
918
860
865
871
867
870
876
870
884
880
920
922
914
894
889
901
877
873
877
871
861
868
885
877
875
880
890
909
884
902
899
878
884
896
875
880
868
868
850
858
866
863
860
882
900
882
875
887
883
876
875
865
853
851
856
854
861
850
865
874
887
877
896
889
885
858
854
873
798
728
981
847
1718
859
888
902
840
860
882
886
866
864
860
860
855
851
861
886
867
870
888
895
914
941
962
938
952
960
933
942
961
952
932
940
939
989
963
954
962
970
927
901
902
910
919
899
913
928
939
958
974
946
934
941
961
966
942
950
965
917
922
937
970
964
1062
1025
988
1008
983
966
975
949
937
954
933
928
950
957
937
1003
1019
1003
1004
983
985
1003
994
978
997
1006
979
979
1010
986
977
984
972
968
985
963
957
975
1033
1001
1020
1029
1009
1014
1035
1028
1012
994
999
962
943
933
931
912
938
984
972
951
979
989
977
989
1036
1021
1001
1024
1053
1005
1015
1021
1005
993
984
986
1003
1001
1001
1020
992
1009
1044
1036
1023
1053
1045
1020
1028
1044
1028
1051
1090
1051
1050
1096
1069
1072
1125
1088
1071
1105
1105
1080
1105
1105
1081
1099
1119
1099
1063
1114
1084
1053
1093
1095
1109
1079
1104
1123
1073
1065
1101
1085
1067
1098
1081
1067
1086
1104
1087
1080
1139
1144
1112
1087
1133
1149
1095
1100
1137
1147
1098
1099
1099
1104
1089
1142
1146
1089
1113
1139
1139
1104
1155
1131
1078
1061
1060
1093
1068
1083
1146
1159
1102
1107
1153
1167
1112
1132
710
549
1077
1104
1154
1130
1130
1099
1077
1125
1118
1073
1081
1110
1110
1081
1113
1129
1141
1113
1148
1168
1139
1114
1169
1164
1146
1111
1154
1156
1148
1111
1160
1171
1173
1124
1146
1199
1212
1150
1171
1194
1151
1160
1205
1193
1137
1155
1192
1193
1152
1198
1208
1148
1125
1188
1202
1116
1147
1157
1185
1136
1134
1215
1221
1198
1240
1242
1200
1184
1227
1239
1169
1161
1207
1208
1157
1143
1177
1183
1146
1140
1165
1170
1116
1082
1121
1159
1179
1183
1193
1139
1184
1222
1188
1150
1194
1192
1166
1178
1190
1203
1159
1167
1197
1188
1136
1132
1155
1144
1115
1105
1130
1118