802
819
841
846
843
862
877
864
835
855
867
852
828
814
843
856
830
831
889
895
891
863
898
911
899
885
897
909
891
910
934
942
940
916
952
971
965
935
924
944
923
913
904
930
951
961
931
929
951
967
962
934
934
939
933
910
917
936
941
914
952
963
954
931
951
972
965
961
978
975
957
936
957
959
954
935
961
983
975
943
932
964
941
912
933
940
944
913
925
938
925
910
931
941
942
907
928
937
927
907
930
948
924
915
927
920
935
901
925
936
951
927
925
956
967
979
963
967
983
985
983
950
967
970
962
939
949
956
960
947
933
967
963
949
952
968
977
951
935
952
968
965
948
953
964
959
949
940
961
953
941
962
962
961
933
956
968
940
928
933
932
909
917
935
936
928
942
946
902
937
934
942
907
939
946
934
951
959
951
928
941
942
943
941
917
933
937
955
937
947
968
968
965
957
963
955
953
929
929
940
940
921
915
938
931
923
937
947
935
922
937
929
913
901
932
943
961
945
940
894
892
937
896
902
923
932
906
888
922
928
938
916
937
969
975
961
972
938
951
963
930
905
933
957
965
945
956
978
998
976
979
990
968
971
967
976
968
968
958
938
950
959
945
937
961
949
935
942
957
944
938
957
941
910
923
943
939
915
940
940
940
919
942
945
938
917
937
958
932
911
938
935
898
925
925
921
882
916
913
902
893
930
933
897
931
932
910
914
946
958
954
928
972
981
991
968
966
948
951
916
932
952
959
944
969
982
959
976
969
934
938
963
967
947
896
874
933
916
928
952
913
925
948
947
946
940
947
936
948
952
950
978
972
968
979
976
945
933
957
971
961
943
962
959
941
916
940
941
951
923
924
972
967
961
938
947
955
957
916
900
862
845
807
812
815
802
820
791
815
808
792
796
808
804
809
790
790
794
805
790
793
809
839
790
779
783
769
738
737
731
721
727
732
727
716
713
718
701
729
719
710
714
697
695
687
685
690
672
663
669
669
672
649
653
660
652
663
652
649
649
649
697
655
653
663
648
658
658
655
640
641
642
640
637
631
653
640
646
633
633
636
630
635
635
624
630
624
636
620
616
624
618
617
607
610
648
627
629
624
620
628
622
625
616
625
628
626
652
624
620
625
609
625
622
611
604
401
811
599
601
589
611
597
602
588
585
587
585
586
581
584
576
572
579
571
570
561
569
588
583
575
577
580
583
581
569
568
577
571
572
608
586
585
582
582
582
587
577
584
589
579
577
573
599
576
573
585
578
575
572
567
576
581
569
575
573
574
566
564
572
563
558
563
558
561
549
553
557
549
545
550
545
550
537
543
543
537
542
541
534
560
555
553
559
557
551
558
561
558
554
565
557
558
552
546
553
542
539
542
543
545
538
532
539
546
550
557
561
566
564
568
565
564
558
560
558
553
555
554
546
549
558
557
559
563
569
570
577
594
580
586
587
601
592
594
585
598
598
604
605
601
612
616
629
635
623
619
619
622
644
626
627
627
624
619
625
625
644
629
635
648
643
640
635
642
660
662
651
647
649
664
655
658
659
671
694
679
672
683
692
687
675
682
689
680
684
688
706
717
706
689
705
723
745
716
720
745
752
711
724
741
749
749
740
727
754
756
777
728
757
817
805
799
783
828
824
786
779
770
783
765
752
771
783
805
766
731
740
755
762
758
754
747
755
771
811
806
783
782
762
751
746
761
778
762
749
786
816
814
838
815
809
804
811
759
772
797
788
776
811
827
835
817
817
814
798
767
794
805
785
800
826
801
800
808
826
824
823
800
772
801
800
808
820
785
789
815
828
815
795
830
853
813
827
841
845
837
787
809
823
829
839
835
828
826
805
777
800
828
837
849
818
846
879
875
857
817
836
840
857
817
801
803
822
839
860
824
814
859
880
875
861
847
889
890
860
838
859
829
813
854
880
848
845
856
862
839
810
827
835
810
802
797
842
825
791
826
813
844
798
829
824
803
815
831
818
804
813
848
868
857
838
853
866
881
847
855
858
837
853
878
876
854
873
903
896
886
853
856
870
866
854
827
848
868
878
857
872
875
830
867
874
902
890
865
904
909
893
840
839
847
848
827
868
899
902
894
872
890
887
872
867
895
912
885
882
910
910
901
885
914
925
926
890
888
881
870
864
905
889
888
896
879
844
854
892
912
898
875
917
914
896
880
899
915
865
866
893
864
873
840
841
854
838
837
881
892
896
874
837
812
844
866
867
878
888
897
900
858
868
893
898
880
889
859
864
874
883
864
878
892
915
926
909
881
884
912
899
901
871
886
910
909
906
891
903
921
933
927
912
932
931
901
892
899
904
930
901
876
906
904
908
905
880
874
899
897
899
892
880
884
891
908
893
872
896
904