836
837
832
852
856
858
872
884
887
876
884
887
886
873
873
867
854
856
867
868
867
855
865
863
858
854
860
856
831
835
843
848
844
842
849
851
846
835
853
863
872
872
865
867
875
886
895
882
886
889
891
893
887
885
884
884
883
863
862
867
861
868
852
858
865
868
877
866
877
877
881
867
872
875
859
869
868
849
856
862
845
862
860
859
858
862
866
853
847
850
847
840
858
853
841
857
864
865
867
858
860
863
853
850
858
864
869
863
869
876
876
871
879
887
886
879
866
876
876
864
853
866
861
863
875
877
865
857
864
862
868
861
850
847
848
857
867
790
917
816
813
824
832
840
832
842
850
838
842
854
856
863
860
851
864
872
871
864
870
865
879
885
876
878
863
824
817
827
836
835
848
857
866
860
868
876
881
883
866
852
864
865
860
873
877
880
869
876
881
881
884
861
877
877
872
867
878
881
881
869
879
884
883
868
871
872
868
875
880
874
851
859
868
867
877
874
863
855
862
853
836
848
852
863
869
871
850
826
837
852
862
868
862
873
885
884
888
876
877
893
899
900
889
893
894
893
876
875
879
880
888
896
904
883
889
894
895
889
874
872
878
884
870
885
893
896
878
856
872
865
869
875
880
883
872
885
894
890
879
889
896
883
884
896
900
889
893
898
896
891
896
896
898
886
896
904
905
892
888
900
902
893
894
905
904
896
908
898
896
913
924
925
923
909
907
914
898
899
900
889
883
890
894
895
895
892
899
877
882
882
882
875
885
897
880
850
853
870
863
873
879
885
874
876
864
875
877
882
886
890
883
896
899
906
907
905
902
884
897
904
897
887
862
854
882
882
892
897
889
884
897
896
896
878
876
885
892
879
882
886
894
882
890
899
882
834
790
780
783
786
776
781
769
765
765
765
770
771
772
779
779
786
783
770
758
745
738
738
738
741
741
742
737
736
739
741
745
754
757
759
754
716
696
673
668
660
657
649
642
637
633
629
626
621
615
611
602
605
602
601
593
591
590
582
582
578
577
572
569
571
563
562
561
560
561
552
553
548
552
550
545
545
543
539
539
537
533
539
531
534
529
529
527
526
525
525
520
524
521
517
520
519
515
513
516
513
516
510
513
510
508
504
505
505
504
502
505
503
501
503
500
499
500
500
499
495
495
496
497
495
493
497
493
490
491
493
494
494
487
493
492
489
487
488
490
487
485
488
489
485
482
487
485
486
480
485
482
484
478
483
481
481
480
479
479
479
481
478
479
478
481
477
476
477
477
473
476
475
478
474
476
472
477
473
472
474
473
473
473
469
470
474
466
469
472
470
467
469
472
466
468
466
468
469
465
465
467
468
463
464
463
465
465
462
461
464
464
461
462
461
465
458
463
460
466
459
463
460
464
463
459
459
465
458
462
459
466
458
461
461
466
458
464
458
464
460
460
457
464
460
461
459
460
462
458
459
458
460
459
460
461
462
461
462
466
470
469
310
619
474
466
468
470
474
475
475
479
484
480
484
495
501
507
505
501
505
507
507
503
508
511
507
508
514
522
520
520
524
532
527
525
529
540
536
536
532
553
536
544
540
556
541
547
545
538
535
543
537
530
529
386
676
563
545
533
537
532
538
546
546
546
547
560
563
579
554
560
567
566
563
556
556
566
551
550
555
558
550
547
561
564
557
551
541
538
547
541
545
553
560
553
551
557
551
557
564
571
572
573
589
589
585
595
595
584
584
592
589
586
594
604
596
597
615
608
604
607
617
614
609
601
609
601
601
598
604
601
605
617
604
608
611
618
610
610
617
608
610
622
633
627
624
637
624
625
637
638
631
629
633
622
616
602
610
614
607
620
629
622
626
631
645
634
642
650
651
641
648
662
629
626
634
647
660
647
643
658
652
656
650
630
636
640
640
648
624
629
630
636
646
637
635
645
651
659
674
673
661
641
636
638
641
650
647
640
649
655
663
671
650
649
654
663
680
697
714
711
683
665
666
670
673
675
669
668
674
681
680
680
687
702
700
699
698
701
708
693
693
691
688
693
691
695
715
716
726
711
697
689
678
683
675
678
677
676
681
681
678
678
675
667
664
670
673
674
688
694
689
698
696
692
702
705
702
713
711
701
705
705
706
703
698
705
696
692
698
702
710
725
730
729
718
719
725
729
720
720
715
715
712
712
704
700
694
690
692
693
696
699
713
713
715
710
718
723
714
727
736
736
744
738
731
742
741
740
742
746
743
747
754
757
753
747
748
757
752
748
752
754
750
747
751
758
754
744
750
757
749
745
745
746
740
732
728
730
729
719
725
723
720
715
705
702
698
700
706
706
720
729
729
743
741
736
736
736
738
747
753
750
747
733
736
734
730
734
730
740
744
733
739
738
733
723
726
729
722
723
730
734
739
737
736
729
737
749
754
753
768
780
773
779
788
774
782
787
798
790
795
794
774
776
784
778
780
784
777
781
781
783
771
763
764
754
753
753
744
745
750
753
746
747
751
737
738
748
750
751
759
771
775
782
789
781
786
782
780
788
792
791
797
797
786
785
791
790
785
775
777
778
783
792
789
767
776
774
771
771
772
778
780
773
770
779
769
757
760
760
759
760
746
752
755
749
749
755
758
768
761
760
750
758
756
762
769
776
780
784
773
779
773
773
760
757
743
740
733
738
743
753
761
764
772
775
783
786
787
802
794
799
796
785
794
789
782
789
784
779
767
759
762
761
771
775
776
789
798
807
811
812
810
813
793
782
782
782
794
791
795
794
804
804
801
795