960
957
962
955
963
955
961
943
899
857
859
864
894
923
940
941
959
946
966
973
945
951
967
949
969
979
994
1007
1016
1012
1002
985
992
972
967
962
911
917
914
915
926
904
888
899
914
920
923
925
887
845
834
886
928
944
963
980
979
974
982
985
978
982
986
978
958
975
974
943
972
971
979
952
947
972
973
957
970
963
956
941
938
927
906
921
919
918
913
920
921
930
919
920
925
893
883
859
863
881
896
901
917
931
928
935
934
930
939
937
951
949
949
949
953
943
914
924
915
931
934
923
938
948
962
945
953
948
920
931
924
880
853
899
926
938
944
937
960
960
952
905
921
922
933
931
931
919
902
895
883
887
895
895
894
904
908
926
942
921
918
932
919
914
926
925
927
932
925
934
943
933
918
927
930
930
926
923
927
915
911
911
907
915
925
924
927
932
917
894
881
880
877
881
896
893
904
892
904
908
889
902
894
872
875
877
877
877
886
888
887
849
830
841
870
894
908
920
926
938
938
938
941
919
875
890
916
934
953
971
968
961
927
923
914
924
918
891
908
906
902
918
921
928
946
927
915
902
870
836
833
844
859
865
903
931
948
938
960
963
958
949
957
947
955
942
945
934
936
923
905
934
939
921
940
949
953
952
926
938
944
953
948
946
931
940
915
927
933
917
914
931
931
908
936
940
915
925
933
912
927
946
931
921
935
930
934
943
929
926
936
919
923
941
934
927
943
929
922
938
930
920
939
933
926
946
922
947
968
930
892
908
918
911
911
897
860
807
836
824
817
778
776
765
752
750
780
837
897
931
927
958
967
972
966
983
986
979
986
980
969
989
990
973
982
985
993
1000
1014
1003
993
976
907
878
850
837
837
832
832
823
820
810
808
815
842
850
854
869
873
887
889
855
841
850
860
863
836
848
866
884
835
816
786
763
741
739
717
720
701
700
688
691
691
694
688
691
690
680
677
674
685
686
686
687
696
676
676
677
662
665
668
659
662
679
653
656
662
656
655
659
653
661
650
653
649
651
654
644
646
648
639
644
645
640
638
635
642
632
632
634
624
624
622
621
621
622
624
617
616
617
604
609
606
604
600
599
595
598
599
602
596
602
604
601
601
606
604
604
603
609
604
606
604
599
601
605
607
605
616
603
604
615
601
605
608
600
602
606
596
601
604
604
598
600
598
603
593
594
593
596
592
593
594
588
594
590
594
589
594
589
595
588
592
589
589
592
591
592
592
589
593
587
592
587
591
587
589
585
586
591
587
590
586
592
584
590
591
588
587
587
584
584
581
584
581
586
589
588
587
590
585
593
587
589
584
593
587
597
589
604
596
597
597
598
597
600
602
599
600
596
595
591
591
593
589
607
612
613
620
630
643
630
627
632
630
648
631
642
641
651
641
642
651
657
657
666
721
709
708
700
663
670
663
643
640
645
664
704
721
713
737
778
759
703
718
717
726
747
735
738
724
730
723
681
681
709
726
746
756
772
767
775
786
743
730
734
712
695
707
723
772
763
755
747
744
734
741
779
731
729
775
766
751
796
756
729
719
693
698
729
734
767
779
769
792
826
815
821
852
850
824
857
871
844
863
880
850
860
876
850
858
877
848
829
845
838
820
807
804
788
762
761
756
743
780
794
806
835
860
844
840
839
889
863
870
855
881
876
890
854
860
906
878
845
891
946
952
945
979
959
946
981
966
970
999
970
979
984
937
950
963
940
971
951
947
979
943
952
968
935
962
953
911
934
961
944
949
991
961
974
1002
975
988
961
956
984
958
930
943
925
894
871
820
777
791
840
826
826
823
774
769
750
736
739
756
821
775
811
812
804
820
830
853
844
896
890
875
831
846
823
869
831
834
867
827
844
926
983
992
966
1024
1020
973
946
960
938
966
970
950
986
974
968
986
949
968
941
901
917
909
938
876
892
919
896
898
894
825
828
879
943
947
932
951
926
923
930
922
936
925
890
921
937
923
950
949
950
968
944
966
964
968
990
966
979
983
957
960
961
928
945
965
950
973
968
968
964
931
931
940
915
930
941
929
930
899
884
891
894
887
920
907
898
873
917
900
885
862
816
778
782
779
751
747
744
760
804
770
853
875
847
871
892
865
795
780
814
891
940
960
960
959
927
917
863
840
856
844
812
870
890
855
886
903
852
819
843
852
857
882
870
892
906
921
907
920
945
953
934
965
989
985
935
911
873
851
876
907
912
904
900
888
868
841
806
779
764
747
762
824
809
778
828
873
913
948
953
955
965
956
938
953
977
972
969
955
968
972
944
924
949
942
918
901
865
864
886
907
920
929
944
941
939
944
934