743
742
743
748
747
749
747
744
738
743
749
754
759
765
769
772
774
773
769
767
767
771
768
770
766
763
766
778
772
773
772
778
774
764
759
765
779
782
806
804
799
804
802
800
792
796
792
790
790
790
790
790
790
788
789
795
790
790
787
788
788
787
779
771
765
762
760
759
765
770
764
768
775
773
775
775
779
781
781
783
783
785
780
777
779
785
780
777
783
786
788
778
781
777
772
769
763
760
758
765
762
761
766
768
770
769
769
771
769
767
766
769
762
763
765
756
754
754
754
750
749
745
749
745
750
753
758
768
770
766
763
769
766
763
759
756
762
763
763
763
769
768
773
779
778
776
776
775
773
776
775
778
777
774
775
770
768
764
762
766
767
761
762
761
761
764
765
761
762
762
764
768
763
762
759
763
762
759
756
753
763
756
754
749
750
755
749
749
746
747
750
747
745
745
749
749
746
747
748
757
756
762
764
770
774
776
777
774
774
773
775
773
775
777
779
778
779
781
779
780
780
777
777
776
773
767
765
765
765
761
759
757
761
762
760
758
758
761
761
760
757
756
759
755
754
754
758
756
754
749
748
741
737
745
759
774
786
800
799
804
803
798
811
802
800
799
795
792
775
780
788
777
771
764
778
778
774
777
776
778
775
778
780
782
776
778
777
778
773
770
767
771
766
766
769
771
771
772
771
773
772
766
771
769
765
765
766
771
765
757
771
765
762
758
758
763
760
757
753
756
759
755
753
753
759
755
755
751
755
759
757
755
755
758
754
749
753
754
755
754
751
754
755
751
749
750
754
753
752
752
757
766
762
765
766
768
767
762
764
766
767
763
764
765
767
763
762
765
768
766
765
766
767
766
767
769
773
770
765
767
770
768
765
766
771
772
770
767
770
773
770
769
771
772
772
767
768
772
771
768
771
775
772
769
771
776
775
771
771
771
771
768
766
771
769
763
766
768
767
763
766
768
767
763
766
770
768
764
763
766
767
762
763
761
764
762
760
762
764
761
763
763
768
766
765
768
769
765
766
769
771
771
772
775
778
778
776
781
781
780
777
779
779
776
770
772
770
772
770
762
756
747
743
740
746
767
777
780
774
754
759
755
766
752
743
715
744
729
718
684
701
689
687
680
676
666
658
654
656
652
652
647
646
647
645
645
639
638
638
633
636
634
634
633
627
624
622
626
631
624
620
616
613
608
600
598
595
593
583
586
580
577
574
571
578
567
571
568
565
563
563
566
558
557
560
1106
552
554
550
547
548
545
545
546
1084
535
535
545
537
535
530
529
533
527
525
524
528
529
521
519
524
521
518
514
521
521
514
513
518
514
507
509
512
508
503
506
506
503
497
497
494
500
492
490
500
495
492
487
498
493
485
487
491
486
485
489
488
486
496
488
483
482
484
488
479
478
478
479
484
481
478
475
481
482
478
476
477
483
480
475
473
472
477
478
470
472
473
474
478
477
470
473
473
469
470
471
471
472
479
473
470
467
479
474
465
463
469
473
470
464
465
465
469
470
466
466
466
474
463
468
467
473
474
466
466
466
470
464
463
464
469
468
465
463
461
469
468
462
465
463
471
472
460
464
461
472
467
464
462
464
469
464
464
463
469
468
467
464
463
470
473
466
465
464
471
468
465
464
471
470
466
463
464
466
467
468
463
464
461
465
473
472
468
470
481
477
471
469
472
477
475
474
472
474
479
480
487
481
480
479
486
484
486
482
485
486
492
490
490
489
488
492
497
493
493
496
497
504
502
504
506
513
518
516
520
521
523
527
527
528
528
535
535
533
533
534
537
542
542
544
545
549
554
553
553
553
559
560
563
565
570
573
572
572
568
569
564
564
564
563
570
570
573
576
580
586
591
597
594
600
593
608
606
594
606
604
617
612
599
617
600
609
622
616
609
596
607
611
619
631
632
638
642
643
639
638
635
632
631
628
623
627
631
631
630
634
639
643
640
629
636
635
646
654
636
676
669
669
662
661
660
657
654
648
648
646
646
646
646
647
647
647
645
647
648
650
649
650
651
653
650
648
646
653
653
655
652
647
650
654
677
662
649
655
658
672
661
654
655
655
664
649
661
655
657
654
655
657
657
658
657
655
654
653
651
653
651
650
648
648
647
648
649
648
651
652
655
658
659
657
658
658
660
659
659
659
658
658
660
660
660
663
664
664
666
666
667
667
666
666
668
664
666
665
667
672
674
675
676
675
674
672
671
672
670
669
668
668
664
665
664
666
667
669
669
673
674
673
675
675
677
675
675
675
674
673
670
669
669
668
669
670
671
673
672
675
674
678
678
677
680
680
680
680
680
679
681
679
679
680
681
679
680
680
681
681
681
680
682
685
682
685
681
680
681
679
681
681
681
681
681
681
677
676
674
668
665
661
659
654
656
655
656
659
662
664
667
668
668
666
666
663
665
661
661
659
658
661
664
665
667
669
671
672
674
680
669
673
673
671
672
671
670
671
677
665
669
669
675
669
677
671
669
672
666
650
659
661
680
688
696
698
700
703
707
707
704
703
699
696
691
691
692
690
691
691
692
693
695
692
691
692
690
692
692
693
692
694
693
693
694
693
696
696
698
697
701
698
701
701
703
704
704
703
703
700
699
698
698
698
697
696
696
698
696
697
694
698
694
697
698
700
697
698
698
698
701
698
698
697
698
694
695
693
696
694
696
696
697
696
697
696
697
695
694
695
696
699
697
696
697
698
695
695
696
698
695
693
689
691
690
692
690
690
691
692
692
692
689
693
693
693
693
696
694
697
700
698
702
698
697
698
698
697
695
695
693
696
695
694
690
689
691
691
689
689
689
690
690
690
692
692
692
691
691
689
691
688
689
688
689
692
694
680
686
686
689
689
688
688
691
694
692
690
690
691
692
690
690
690
692
691
690
693
695
695
697
703