905
915
920
911
903
909
896
896
914
901
884
907
906
886
907
907
883
893
896
882
869
893
887
873
898
900
873
883
893
872
857
872
860
839
844
867
865
854
880
896
904
896
895
901
896
880
896
907
912
896
895
906
905
893
902
912
913
902
906
922
924
900
906
907
902
889
912
904
879
886
878
870
854
875
882
880
867
886
890
869
873
874
862
846
858
863
854
861
876
876
861
875
891
873
877
887
877
854
887
884
873
895
902
899
895
900
891
867
880
874
862
861
876
881
865
873
873
866
857
879
882
882
871
879
880
884
873
880
895
895
886
894
897
895
884
887
883
846
840
848
825
827
841
844
835
856
859
849
850
619
1063
834
834
809
813
843
849
855
839
847
861
872
882
894
887
892
899
901
891
896
903
898
887
905
902
896
871
872
866
854
868
880
888
859
878
877
862
850
859
860
840
840
845
846
832
856
856
857
856
875
877
867
872
887
882
857
867
873
866
845
862
870
877
858
866
880
879
870
868
878
866
869
863
864
860
849
855
861
852
831
837
841
824
835
847
842
847
857
863
854
862
864
854
864
861
847
857
854
854
843
846
842
825
841
869
865
851
831
829
803
799
797
798
791
812
830
819
838
840
839
874
882
867
876
887
862
853
855
858
852
856
851
847
832
848
848
840
859
864
861
875
859
859
861
860
821
825
829
824
822
844
857
844
844
865
865
852
853
869
870
858
853
865
867
857
859
876
879
880
859
867
874
877
865
876
882
882
871
887
897
902
880
886
888
876
865
859
877
880
904
910
909
909
926
915
896
904
903
901
883
898
899
893
898
905
906
896
915
903
906
922
925
919
917
902
915
912
904
899
909
911
888
890
887
875
867
884
879
860
855
872
869
856
854
855
855
847
854
854
844
834
839
842
824
831
840
842
841
832
826
831
815
817
813
798
806
816
824
816
836
849
848
820
769
791
759
747
752
752
729
734
724
718
703
690
710
709
699
702
704
698
697
703
699
697
699
694
698
697
698
698
694
700
705
701
700
694
689
688
690
689
683
680
678
678
670
669
668
657
655
659
653
649
653
658
656
656
660
659
662
666
654
660
655
661
654
659
659
656
651
651
645
646
646
644
643
639
640
642
636
638
635
644
640
636
640
636
633
640
642
645
641
643
643
639
636
637
641
636
642
641
643
638
642
641
638
637
635
637
634
636
639
636
636
632
631
627
624
631
633
623
624
626
628
624
626
626
626
621
631
628
628
623
626
621
616
621
613
617
615
617
616
609
609
613
616
611
621
618
621
617
618
617
614
619
619
621
615
620
617
616
617
617
622
624
622
624
625
625
627
634
633
617
611
606
609
609
613
609
615
609
609
608
610
613
609
604
608
608
612
610
615
614
613
607
614
618
624
620
627
641
643
641
635
636
671
726
737
750
747
764
776
771
764
780
798
790
792
805
804
792
814
815
805
812
816
797
809
813
818
811
843
832
839
814
793
782
803
791
792
809
791
813
818
809
802
831
809
818
837
807
829
829
809
817
835
835
846
854
837
825
806
810
784
798
811
813
815
838
825
834
856
844
847
863
834
841
838
822
818
813
813
819
816
803
787
808
815
816
840
843
840
857
862
836
846
865
846
855
880
861
852
869
858
849
856
846
846
877
874
858
877
867
882
868
885
864
860
849
828
848
848
836
869
877
871
900
888
875
844
814
801
811
792
768
758
741
730
741
773
774
793
812
819
811
836
873
900
900
857
846
842
820
797
790
789
795
806
795
789
778
753
739
734
729
726
721
723
732
731
737
738
746
748
746
757
768
775
767
768
762
757
751
758
747
729
736
730
733
730
742
740
731
730
732
733
729
731
729
727
715
714
711
711
713
722
724
717
714
714
711
707
713
716
721
714
719
723
724
724
728
729
731
721
719
716
723
728
742
770
780
776
766
750
738
723
732
741
756
780
803
805
813
810
811
809
797
784
766
766
768
761
779
804
821
819
837
835
831
844
847
821
820
817
804
813
825
831
816
825
830
820
829
836
826
816
827
830
823
831
840
828
837
831
825
814
820
816
799
799
802
781
784
786
790
790
791
778
765
766
772
767
771
794
792
785
806
807
794
782
798
800
790
804
823
828
820
839
849
839
854
852
839
850
852
839
834
851
854
834
844
853
851
850
880
888
872
899
908
911
894
903
908
894
879
886
880
859
866
872
865
878
896
905
882
892
901
882
862
868
870
858
868
877
893
878
889
906
915
922
926
912
922
930
932
936
922
908
912
922
934
938
935
915
915
911
897
893
904
890
894
896
880
878
877
864
862
870
867
854
862
871
860
862
878
862
858
870
873
855
863
872
867
863
876
880
872
886
881
863
873
873
864
869
876
862
864
878
866
858
877
872
851
853
866
872
889
880
846
826
813
780
758
761
776
791
809
823
813
813
806
803
805
809
810
812
828
842
851
852
855
838
844
845
843
824
817
819
814
807
795
805
792
771
775
777
773
763
782
790
784
784
797