700
717
747
747
740
801
796
790
854
991
995
992
959
881
906
889
820
790
778
857
911
876
842
799
817
883
925
912
920
933
922
904
923
954
906
929
970
971
927
924
929
919
885
907
868
854
913
955
956
891
898
914
912
905
893
865
871
902
947
893
924
930
885
899
928
938
882
851
886
913
874
842
853
862
817
820
835
885
871
868
881
921
934
888
873
906
965
979
938
912
939
948
904
884
909
920
893
929
948
881
887
915
887
888
941
927
884
903
916
884
864
888
897
861
868
912
925
909
913
946
911
871
903
899
878
886
931
898
884
920
914
859
864
893
876
848
883
879
850
863
862
809
813
819
792
783
796
826
852
834
849
883
827
802
796
816
864
895
901
883
910
933
930
901
937
954
528
405
899
940
953
902
932
947
922
915
897
871
850
912
930
874
891
938
896
856
875
882
869
871
893
889
870
890
896
881
886
905
926
901
931
928
893
899
931
876
889
915
889
890
912
882
853
890
887
868
874
880
856
891
902
866
866
881
871
854
891
894
866
908
925
877
881
907
887
861
883
882
864
887
927
896
925
937
894
878
863
829
846
857
828
840
839
814
831
855
844
850
875
870
847
883
894
888
882
856
854
883
909
875
900
917
872
911
1810
895
850
869
890
863
901
898
861
873
892
888
855
894
908
871
868
878
858
840
850
896
897
871
904
894
855
870
887
857
872
897
867
850
874
875
839
869
892
854
853
875
854
838
864
864
848
896
892
854
864
896
902
893
933
880
889
922
882
907
941
907
920
899
896
930
922
930
974
922
930
926
889
907
912
889
916
902
902
919
873
900
885
884
854
881
892
870
876
891
875
826
846
856
874
883
865
886
880
854
887
894
879
900
903
867
896
917
880
909
938
880
896
912
884
904
925
891
888
896
858
880
889
859
861
862
845
816
808
872
1003
942
956
967
938
899
912
931
894
825
813
811
805
813
797
793
797
788
772
757
737
729
723
720
718
711
709
699
698
680
685
687
684
690
690
688
698
704
700
703
701
691
692
690
674
671
668
647
648
653
656
648
660
657
642
657
648
646
651
648
639
644
640
629
631
633
621
621
627
621
621
621
619
614
619
620
612
614
611
599
597
604
597
599
598
590
583
581
590
584
586
587
589
576
579
585
577
585
584
585
574
580
577
574
576
580
582
573
572
570
573
575
571
579
573
572
565
570
573
568
571
565
563
566
567
568
561
552
562
560
563
551
553
558
552
552
547
549
545
545
544
541
541
540
545
531
532
535
537
534
532
533
535
537
531
531
535
529
529
529
530
530
523
526
530
525
528
523
527
527
521
524
525
521
524
522
524
524
521
525
521
521
523
522
523
527
534
532
536
541
527
540
535
529
528
526
534
525
523
521
524
526
520
519
520
521
521
517
516
521
519
519
511
514
519
513
508
517
512
514
509
508
517
510
512
512
512
514
508
510
514
512
513
520
513
517
516
517
518
511
516
520
518
512
520
530
546
542
550
589
600
609
594
592
577
577
582
578
571
585
588
596
597
591
589
589
583
602
618
650
641
637
685
705
737
706
711
720
739
730
677
647
660
646
633
618
609
604
644
682
716
720
693
733
749
742
717
750
773
749
728
757
785
773
755
752
724
725
751
741
710
715
753
796
784
744
758
775
747
769
797
777
755
778
814
785
764
785
820
777
775
806
818
776
790
831
807
804
839
822
787
802
836
793
844
856
808
807
854
842
803
829
837
795
808
846
845
798
824
887
870
821
854
920
862
901
901
849
865
903
854
840
885
876
836
845
899
869
860
926
877
832
850
844
817
839
867
820
857
890
856
826
839
821
824
781
797
822
784
774
1129
1063
1026
987
960
912
929
940
891
929
952
891
901
922
926
899
938
910
883
921
876
831
864
911
878
922
920
874
892
938
855
799
767
749
728
713
727
771
794
765
776
1488
717
724
756
800
841
831
872
854
820
814
850
874
849
863
871
838
854
865
869
841
862
864
840
843
844
824
821
845
864
827
845
878
852
821
827
833
813
829
838
812
816
835
855
836
854
863
825
831
809
799
816
827
859
821
856
867
850
873
874
845
870
865
859
893
896
850
837
834
808
784
789
771
778
775
786
779
795
803
813
801
1605
772
774
785
777
792
806
812
793
802
787
811
807
821
804
803
771
775
771
790
796
797
805
835
833
854
862
838
792
762
738
719
723
731
757
773
777
797
827
811
801
826
831
805
824
836
818
839
841
826
835
856
826
839
857
839
869
876
839
855
892
865
854
861
832
824
847
865
830
861
880
827
835
853
829
832
860
859
828
839
889
852
848
872
842
867
885
869
882
899
872
893
896
871
895
877
839
861
852
821
834
842
817
831
852
815
820
820
813
803
822
840
808
815
826
839
827
855
859
839
855
864
834
848
863
831
852
860
822
822
803
790
806
828
820
848
850
798
797
781
771
759
753
738
737
741
757
763
772
811
845