978
899
1006
1040
1031
1021
1012
1045
1067
1086
1081
1046
1061
1057
1072
1053
1050
1059
1087
1081
1066
1044
1054
1035
1049
1062
1047
1050
1046
1048
1055
1020
1017
1040
1051
1059
1040
1048
1046
1052
1057
1049
1061
1071
1070
1042
1036
1040
1066
1045
1054
1083
1085
1083
1081
1045
1058
1054
1072
1043
1032
1019
1041
1041
1082
1093
1074
1037
1047
1044
1063
1066
1047
1068
1091
1103
1077
1072
1084
1088
1094
1067
1063
1069
1068
1071
1062
1078
1078
1072
1089
1060
1052
1055
1061
1072
1086
1040
1048
1034
1041
1049
1001
1025
1040
1085
1062
1015
1039
1075
1070
1024
1055
1089
1077
1092
1043
1047
1038
1045
1036
1034
1024
1034
1060
1044
1045
1036
1049
1051
1045
1024
1043
1050
1055
1037
1051
1050
1036
1001
1007
1017
1028
1031
1045
1056
1046
1035
1057
1080
1088
1009
1048
1053
1068
1108
1043
1055
1046
1065
1078
1041
1051
1057
1051
1063
1033
1040
1047
1066
1071
1049
1023
1032
1057
1042
1043
1037
1042
1055
1049
1046
1061
1059
1065
1067
1045
1039
1044
1061
1063
1035
1041
1050
1070
1082
1059
1012
1046
1078
1077
1076
1039
1062
1063
1063
1067
1031
1036
1051
1061
1072
1046
1058
1066
1072
1048
1058
1077
1094
1103
1067
1080
1091
1085
1089
1051
1068
1054
1063
1081
1031
1070
1078
1091
1040
1044
1051
1055
1042
1061
1082
1081
1063
1042
1052
1041
1037
1001
1025
1021
1017
996
1004
1019
1013
990
1019
1026
1036
996
1017
1013
1017
1015
1013
1018
1015
1029
982
1001
1004
1013
1021
1005
1010
1020
1033
1042
1020
1053
1040
1057
1080
1065
1076
1075
1070
1064
1084
1048
1071
1067
1063
1058
1050
1051
1054
1020
1035
1038
1049
1038
1045
1031
1030
1049
1049
1072
1059
1051
1076
1041
1049
1059
1035
1044
1054
1014
1028
1020
1024
1017
1025
1027
1035
1011
1034
999
1019
1019
1028
1016
1038
1038
1048
1024
1016
887
913
888
864
865
876
857
879
901
712
977
897
883
873
849
847
822
819
664
876
797
783
771
647
767
735
629
760
711
611
753
713
623
729
697
616
753
711
604
732
694
604
726
686
606
712
679
621
696
677
638
707
672
624
719
671
610
722
675
626
724
691
625
720
677
615
707
683
628
686
663
633
677
646
617
668
640
619
655
635
628
629
626
632
621
588
646
625
614
613
616
610
610
609
604
609
583
612
606
598
603
597
596
595
602
599
599
596
601
602
594
594
595
597
590
573
604
602
588
590
589
589
594
567
598
589
581
580
577
579
584
582
581
589
582
577
579
585
576
571
572
582
571
571
575
574
572
569
567
567
563
567
563
563
565
559
559
556
556
555
563
556
556
559
564
563
559
557
559
572
558
560
555
566
558
558
553
553
559
551
553
551
548
554
548
557
546
546
555
544
549
546
548
561
551
547
547
544
553
545
543
545
541
547
549
547
543
547
560
550
556
562
575
579
572
559
591
610
648
645
646
623
631
652
622
682
643
632
675
646
610
714
688
669
796
935
743
704
705
639
722
667
627
796
896
829
848
786
788
805
800
784
790
806
799
785
775
764
771
781
794
793
797
802
814
827
811
817
841
835
819
798
832
846
821
812
820
920
909
897
914
881
854
850
866
864
840
854
875
863
850
853
862
913
848
839
838
833
854
866
870
864
869
964
894
849
858
870
979
967
951
936
965
938
939
941
954
950
946
972
976
965
952
975
974
953
978
979
975
970
988
992
986
971
984
982
961
959
965
974
961
979
982
970
988
985
987
967
968
984
975
975
970
952
944
949
954
939
946
946
945
940
950
957
945
949
960
968
967
865
977
954
948
937
962
970
968
962
989
988
970
969
983
995
997
989
993
994
979
990
989
1003
986
981
1000
995
1002
1000
1013
1012
1008
991
1003
1006
998
995
998
1020
1009
1003
1012
1012
1005
1019
1012
1008
1002
1008
1024
994
995
1004
1000
1005
987
996
1008
1016
1020
1034
1015
1002
1021
1004
994
1005
1024
1023
1002
1007
1012
1010
995
1016
1003
1003
987
1016
1000
1025
1014
1009
1018
995
971
964
1004
1042
1000
1014
1015
1002
988
992
1008
1010
985
987
1008
1001
996
996
1010
1006
1000
999
1013
1003
1003
994
1019
1013
1011
988
994
991
1012
1035
1042
1016
1026
1034
1027
1024
1032
1025
1028
1038
1046
1037
1031
1043
1042
1039
1026
1048
1049
1023
1022
1032
1026
1013
1034
1023
1005
1019
1017
1028
1003
1005
996
999
969
998
1003
1000
991
1006
1010
1016
1010
1009
1033
1024
1022
1014
1017
1007
996
991
1002
1001
1002
996
1031
1016
1005
999
1008
1017
989
1005
1004
1002
986
995
996
996
993
1001
990
975
1003
1008
1004
983
987
1002
985
975
968
981
988
988
969
998
989
988
992
1017
1010
1000
998
996
1009
958
978