854
903
894
872
892
911
874
878
899
887
879
921
909
874
896
909
884
902
919
884
909
935
909
881
930
924
882
910
930
903
898
954
954
906
962
933
889
932
901
930
915
894
937
930
896
937
940
912
956
965
922
977
978
917
963
967
932
957
967
917
952
958
904
952
963
923
944
949
897
914
920
903
902
892
893
896
889
851
881
855
871
857
872
908
911
916
942
926
883
910
916
896
917
945
896
933
930
940
937
911
902
901
874
888
867
885
885
883
881
888
899
914
891
908
890
898
881
849
853
836
819
809
803
796
813
820
861
865
896
904
881
893
865
887
873
908
926
919
922
893
905
916
908
859
885
889
879
882
889
878
868
840
851
855
848
845
871
878
859
863
850
833
813
818
822
834
837
835
850
857
875
876
863
877
843
866
868
860
888
879
870
902
904
901
868
892
894
910
887
863
858
846
869
880
887
904
904
913
886
895
879
861
872
886
894
880
873
848
859
867
877
853
877
864
885
859
871
873
856
875
879
872
867
874
836
878
846
862
861
867
875
884
835
862
851
843
850
841
835
836
816
801
809
816
835
860
871
866
908
910
870
875
907
896
872
909
910
871
906
917
887
923
903
924
925
926
870
900
912
919
893
891
911
915
890
921
892
931
917
911
895
881
859
837
800
797
795
802
822
847
834
884
902
870
919
927
938
906
932
886
860
908
910
912
886
921
938
931
893
908
892
909
918
892
886
920
898
875
925
897
882
927
917
879
917
924
896
924
922
883
924
923
887
909
924
887
914
904
891
924
915
898
898
924
886
923
918
909
916
900
861
867
858
854
842
849
864
838
845
861
866
867
850
844
843
847
840
842
868
854
838
837
848
849
830
846
842
855
854
859
848
824
846
853
852
834
853
849
833
858
870
848
880
887
851
913
915
901
891
907
924
925
949
918
921
895
892
881
871
850
890
897
872
908
904
882
915
906
925
924
891
899
901
899
868
882
861
886
890
896
903
893
887
879
875
864
833
847
854
857
851
840
853
867
841
888
878
888
864
904
887
860
857
861
852
860
838
858
851
850
832
869
863
851
853
845
812
813
832
806
822
812
802
785
792
759
760
737
736
726
730
715
710
706
656
714
654
720
390
295
622
702
679
611
699
669
663
616
703
669
666
618
700
620
705
608
700
607
701
667
669
664
677
669
633
647
653
711
614
704
628
704
618
704
626
689
616
701
619
687
603
695
602
685
592
698
595
691
612
683
595
636
704
581
632
697
588
692
579
697
588
691
580
702
575
723
673
669
684
670
685
673
658
653
673
633
638
685
608
627
624
695
577
616
683
591
661
582
609
619
607
609
654
596
638
587
638
620
590
604
592
590
604
587
599
602
634
582
601
605
598
597
594
604
603
592
592
600
599
599
586
600
603
595
591
599
594
595
591
595
598
603
592
588
597
592
589
592
598
596
586
588
589
594
592
584
594
591
583
576
570
571
574
574
567
568
572
576
575
571
570
580
579
582
572
576
576
581
585
576
584
584
583
582
585
589
593
587
581
586
580
580
584
584
591
583
587
613
621
622
624
618
632
621
609
604
635
639
655
650
626
637
672
664
674
709
688
676
653
691
697
707
731
763
747
711
734
727
703
707
729
743
716
710
724
736
727
712
730
746
742
722
738
721
717
697
739
793
779
782
829
813
782
777
808
806
798
782
820
820
810
805
853
819
836
847
830
819
841
836
813
816
832
826
804
818
834
818
825
847
823
811
849
850
828
853
816
792
777
778
808
834
828
831
875
863
833
843
860
828
825
879
878
852
873
921
883
885
938
916
884
902
928
873
863
913
900
870
899
897
925
928
862
884
891
892
842
900
857
867
855
843
867
869
829
852
852
849
872
869
862
878
892
893
903
866
854
832
832
832
831
831
800
834
816
839
863
868
841
864
884
848
879
829
854
870
843
863
871
873
861
832
811
850
826
824
824
808
835
853
831
838
895
899
896
884
874
927
930
896
879
905
921
873
903
910
908
867
896
886
858
896
881
886
897
902
888
916
898
868
888
878
890
853
875
887
855
865
847
853
854
841
852
862
837
834
855
847
854
839
874
821
832
867
829
831
858
897
903
904
874
838
863
888
861
870
877
854
860
829
816
829
845
890
881
869
906
883
898
893
889
888
864
865
863
851
893
856
906
881
897
896
907
890
881
844
861
864
851
850
863
879
889
908
921
928
888
881
907
904
868
883
896
903
918
928
909
919
896
878
855
896
887
863
872
885
907
879
918
896
913
939
900
908
893
906
876
902
881
872
893
847
856
844
821
840
835
823
813
838
849
841
854
859
842
886
893
845
875
879
889
904
896
864
845
851
830
839
861
857
840