815
807
782
750
732
715
734
778
794
795
829
853
894
901
906
862
881
876
865
859
876
897
884
868
854
887
884
890
859
856
879
880
874
849
806
825
832
842
860
841
797
799
838
859
881
889
905
879
884
879
875
861
864
840
811
811
825
845
863
869
831
807
829
829
842
856
860
840
819
835
848
853
867
872
849
830
845
861
862
863
877
834
797
798
813
822
812
805
782
778
772
791
816
836
854
854
814
835
826
832
836
794
785
792
809
847
862
882
837
833
854
871
875
879
859
834
841
859
850
867
865
840
816
824
823
846
830
810
838
853
869
855
853
866
878
886
860
848
869
867
874
862
830
812
827
841
842
822
820
839
864
892
900
886
854
881
880
846
821
809
852
823
819
843
858
870
845
806
803
830
834
854
846
822
847
854
844
852
867
875
861
860
866
854
846
851
869
862
845
812
817
819
827
826
822
820
837
855
856
863
849
830
831
842
844
854
849
809
799
816
826
854
854
816
816
823
836
847
849
832
803
813
820
814
821
825
805
780
801
831
830
810
796
827
863
874
855
833
848
858
859
874
833
827
835
846
843
838
823
790
793
816
818
811
777
763
808
845
885
920
923
924
922
894
913
899
900
878
863
841
847
861
856
862
873
875
876
866
873
874
871
868
863
851
836
852
861
863
848
817
828
838
841
842
837
802
801
802
799
797
785
781
807
827
823
815
841
855
858
847
817
823
825
826
815
787
790
796
811
825
829
823
857
866
866
841
833
840
834
847
816
793
805
815
822
841
830
848
854
824
814
835
839
832
817
834
837
842
834
813
829
824
835
829
805
812
822
836
841
843
822
847
850
866
857
835
847
847
848
850
823
780
796
806
824
836
834
822
787
824
804
776
771
776
763
763
779
801
813
821
824
812
796
809
812
814
814
793
805
822
834
847
849
846
851
850
847
827
816
834
850
858
865
855
821
834
834
830
831
837
825
805
809
821
832
833
808
806
816
825
833
834
809
807
826
835
793
807
808
781
757
771
793
805
791
799
769
749
746
737
724
718
720
707
693
683
677
673
660
651
650
651
640
642
646
643
647
646
654
667
663
661
658
660
652
642
647
646
644
655
657
657
649
658
658
658
650
649
650
655
651
644
648
660
656
652
652
659
664
667
655
653
654
650
640
639
636
642
635
626
631
630
627
619
617
626
628
624
614
617
618
612
608
604
613
616
607
607
608
606
612
604
604
607
604
600
588
587
588
589
589
584
594
594
589
590
592
593
592
588
587
585
586
579
578
580
577
576
571
573
574
572
571
571
573
575
571
572
572
570
567
565
566
564
565
562
562
563
563
561
559
561
562
559
559
555
559
555
551
552
551
550
547
544
545
545
545
542
542
542
540
537
537
539
536
534
532
528
527
528
528
524
525
525
527
526
526
527
529
526
524
525
525
525
524
523
523
525
524
523
525
531
539
547
548
545
543
551
577
604
601
590
592
585
585
581
579
578
583
579
576
575
573
572
572
576
581
582
579
580
582
585
583
580
573
571
576
586
602
612
608
613
636
651
636
625
634
649
657
646
634
632
638
631
623
626
628
629
625
618
627
638
639
629
626
641
655
661
652
648
671
681
670
652
645
650
659
655
642
644
655
661
664
648
643
646
663
667
663
658
661
676
672
659
666
675
692
695
679
669
672
687
693
681
672
671
684
685
665
659
688
709
709
687
665
659
670
698
738
734
727
749
779
767
743
748
761
755
740
741
753
761
749
746
771
792
760
746
756
755
737
728
743
764
750
729
740
756
748
725
733
747
763
743
725
728
750
740
728
739
766
755
733
740
751
757
741
736
736
750
732
721
729
750
744
728
739
763
770
763
755
766
775
760
745
752
767
761
741
731
735
745
737
717
713
709
695
681
670
674
688
721
727
724
736
771
784
766
750
744
741
728
708
703
702
696
697
706
743
796
811
796
798
813
817
793
802
805
803
795
801
809
803
785
794
792
792
771
748
731
716
719
738
741
751
784
812
805
788
797
811
806
785
784
780
770
761
758
768
762
746
748
766
770
761
764
769
771
757
765
768
769
756
754
760
764
757
755
753
754
749
743
746
757
769
764
756
774
780
782
771
772
777
773
762
768
773
786
772
768
774
777
777
766
766
772
783
775
756
756
764
773
777
788
809
800
768
749
741
738
736
754
772
799
792
793
819
827
820
801
800
804
811
811
799
823
826
821
820
854
858
840
827
838
843
823
813
809
798
790
774
762
764
767
759
738
727
716
712
710
730
765
787
794
801
835
851
834
813
815
813
822
811
811
811
817
806
795
798
806
807
799
801
809
821
821
818
824
816
795
783
794
798
797
796
804
815
813
809
811
820
830
825
832
838
840
836
827
842
847
854
844
854
861
857
839
820
823
821
813
793
779
785
787
786
778
784
793
794
783
777
778
773
775
759
748
757
769
756
745
761
775
782
789
774
783
794
806
787
777
784
787
770
764
763
774
788
792
787
799
804
808
793
782
786
786
784
778
782
791
786
766
744
757
768
775
777
760
751
766
781
779
763
770
776
775
774