988
978
993
989
993
982
992
970
983
969
973
982
966
992
983
981
1002
983
1000
995
989
1010
994
1005
1012
989
1011
1003
991
1005
988
1002
995
983
993
977
989
977
979
980
964
983
983
977
992
979
989
990
982
996
977
992
968
956
957
968
970
963
983
976
977
986
984
997
975
991
982
979
988
975
987
979
983
989
972
982
990
979
1000
983
993
1006
987
1002
1000
987
1000
987
990
999
980
994
987
980
997
981
997
1004
992
1010
995
1003
1007
991
1006
993
981
982
1019
1012
979
979
983
985
982
979
987
979
991
978
993
983
989
999
987
1002
1001
990
996
987
992
997
985
985
995
977
989
987
982
995
979
988
990
978
993
979
993
989
987
997
979
992
995
990
1004
1000
991
1006
781
1188
1009
991
1001
1000
990
997
978
984
982
979
988
977
984
984
977
990
979
990
994
980
996
990
992
1000
981
999
985
995
1000
987
996
994
986
999
986
986
994
980
992
994
983
992
985
987
992
976
987
981
984
993
977
986
985
982
991
977
986
987
976
986
982
979
992
979
985
991
976
987
984
975
988
983
988
993
983
998
979
987
991
980
990
975
980
987
976
992
981
979
993
979
987
982
978
990
978
988
998
988
997
989
987
994
981
990
981
987
993
978
983
985
977
985
986
981
994
980
986
998
982
991
990
986
990
979
977
966
965
956
939
952
934
956
959
944
971
975
968
997
979
985
992
979
994
977
972
966
955
970
958
972
980
970
986
991
978
988
991
982
990
970
981
984
973
990
980
986
994
982
986
985
975
984
976
976
980
973
976
980
972
981
972
961
970
991
963
978
967
980
970
975
978
965
967
968
946
957
955
952
967
966
967
981
972
978
991
983
992
936
946
941
957
938
947
939
948
943
931
924
905
917
901
912
911
896
906
886
903
892
901
888
901
885
900
891
883
894
878
871
872
887
874
875
874
883
866
886
889
864
875
878
878
864
859
871
852
865
855
849
853
856
860
842
844
862
846
836
840
847
822
836
832
821
822
818
833
810
831
826
817
829
820
826
817
822
820
804
819
804
809
800
816
810
799
817
807
810
810
805
813
795
810
806
784
806
784
795
787
781
798
772
793
791
778
778
773
775
777
782
785
771
772
774
770
793
778
779
797
776
767
792
768
776
785
753
778
773
757
781
766
771
774
763
782
764
774
780
758
778
771
769
777
761
780
771
768
789
769
760
763
760
781
784
777
805
794
805
819
809
827
817
820
846
843
853
838
865
869
874
864
851
874
864
853
848
861
848
856
863
860
875
862
882
890
873
891
882
891
896
886
899
884
892
898
886
901
893
895
909
895
905
918
913
901
906
922
903
891
907
895
910
900
913
922
905
927
909
925
915
918
933
916
934
925
933
944
924
944
937
936
953
929
942
939
934
948
931
937
944
921
942
935
937
952
933
952
959
949
968
966
965
938
949
949
944
954
935
954
938
946
946
945
955
940
954
947
951
962
942
951
946
951
953
944
960
945
964
951
964
965
959
967
965
971
974
958
967
955
963
951
959
961
960
965
953
962
941
954
957
956
965
956
953
964
954
948
966
951
960
948
960
950
956
964
947
952
963
940
958
955
946
960
950
947
954
947
964
970
945
963
956
945
954
943
960
950
955
968
948
960
965
957
971
956
963
972
955
975
968
969
979
958
973
963
954
972
956
971
967
958
975
954
963
977
979
975
963
950
968
953
969
976
956
961
972
966
953
970
975
966
957
950
943
932
941
927
909
929
905
917
974
982
993
990
1006
981
998
981
987
989
978
994
984
997
980
964
984
992
998
971
995
986
970
973
982
963
979
959
973
961
958
971
949
967
970
954
965
960
946
958
944
963
961
967
944
958
958
952
953
947
941
929
940
953
944
959
957
955
952
943
938
921
942
939
938
920
944
921
945
946
947
942
942
939
922
941
934
933
932
925
938
930
923
907
913
911
914
908
888
897
936
936
943
953
954
954
946
947
939
918
942
944
944
942
941
938
939
935
928
941
937
938
928
939
935
943
943
941
936
927
938
942
944
947
943
948
943
919
956
954
949
956
944
948
947
943
916
947