798
815
807
805
816
805
795
799
812
797
797
807
804
799
806
812
795
788
795
804
790
784
779
785
789
773
779
791
802
805
788
785
792
792
783
789
788
789
773
773
777
784
776
782
788
781
775
782
785
776
771
781
786
789
780
782
784
787
775
769
775
784
783
777
785
790
783
787
789
783
771
771
765
759
768
781
793
795
799
804
804
798
785
783
778
778
772
776
783
785
784
788
789
779
773
774
778
784
782
776
775
782
786
776
779
784
785
776
769
765
709
828
771
765
766
771
777
774
773
783
789
788
784
788
792
793
783
787
788
777
780
786
790
786
792
794
784
778
778
782
773
775
778
788
784
783
791
792
784
781
783
783
775
778
782
784
785
786
783
778
779
784
783
783
774
774
770
761
764
766
762
758
761
766
769
761
759
765
768
764
768
768
771
771
767
757
759
761
766
760
766
768
760
753
756
759
764
759
760
763
764
758
755
761
770
774
777
773
771
762
748
737
735
738
740
738
740
749
755
761
768
776
777
778
783
785
787
783
786
786
785
773
771
771
775
772
775
779
779
772
777
779
778
772
773
779
778
771
772
772
771
766
762
763
767
770
770
764
761
765
759
755
753
752
753
757
756
756
750
757
766
778
782
792
800
805
799
787
788
787
777
771
769
768
772
765
760
760
757
754
747
741
746
752
761
762
768
774
780
771
764
766
761
759
749
746
745
747
746
742
743
747
747
753
753
753
756
760
763
767
767
768
770
768
766
751
741
741
749
757
771
782
790
777
764
764
762
754
740
740
747
759
773
777
771
766
772
773
771
772
771
770
763
759
743
730
721
711
714
737
757
758
767
786
801
803
797
801
802
797
785
785
788
782
775
778
779
779
771
769
771
778
780
774
774
776
779
774
766
765
765
770
772
773
772
777
779
781
784
777
775
773
775
771
771
776
777
774
767
771
775
773
771
782
795
806
796
784
792
793
783
772
763
764
770
774
772
781
788
798
795
803
804
802
802
802
800
788
793
790
789
786
783
773
773
768
765
770
773
774
781
788
790
792
797
802
800
805
806
796
790
790
791
780
776
772
769
757
733
724
725
704
709
700
692
545
621
938
706
711
718
731
739
745
746
737
739
722
730
719
722
704
706
704
710
701
689
684
688
684
681
680
685
678
679
680
673
677
673
665
667
660
657
657
649
656
651
653
654
646
649
644
641
642
637
630
635
628
626
631
633
623
633
631
629
630
639
636
632
636
635
627
628
629
620
623
623
619
620
622
622
619
618
616
612
615
614
625
620
621
623
625
613
620
622
614
615
620
620
612
620
613
613
618
614
616
615
622
618
620
614
615
619
617
613
612
617
607
613
607
615
624
618
628
629
628
636
633
638
639
636
646
645
648
638
631
641
637
631
638
640
638
644
643
641
638
642
632
624
627
625
622
614
611
611
607
607
615
617
615
620
619
616
610
612
614
613
614
615
620
614
610
608
613
615
612
614
615
620
612
609
615
616
614
612
618
621
618
624
624
621
624
614
617
612
617
614
622
623
1900
638
647
648
655
652
651
648
670
669
679
683
684
680
683
683
672
670
673
672
676
676
675
677
672
678
687
695
694
693
702
709
708
706
709
710
712
710
713
715
717
714
716
729
723
717
725
726
722
713
721
725
721
719
719
722
727
717
713
714
712
706
709
711
718
714
714
719
729
725
722
727
726
721
716
722
727
723
723
716
709
721
715
724
725
740
738
737
734
744
756
762
754
750
751
746
743
741
750
761
758
764
769
760
755
754
759
755
751
750
755
749
744
736
736
731
731
739
747
748
737
739
729
722
726
733
740
735
730
735
744
754
753
753
757
762
752
749
740
740
741
740
736
739
755
753
751
752
759
749
748
745
740
729
713
712
711
719
719
718
729
741
740
742
746
746
745
750
756
766
761
766
771
783
776
769
759
771
774
767
763
765
759
755
748
758
768
765
767
772
762
750
745
755
757
751
757
770
778
773
775
781
789
779
773
771
766
757
751
748
749
745
744
747
756
764
760
755
755
759
752
753
748
750
758
755
755
753
749
743
740
743
740
741
744
755
766
758
755
754
749
738
739
744
745
741
741
748
756
753
754
756
755
750
744
747
748
741
745
742
745
749
742
746
749
754
744
738
742
746
747
744
743
741
732
724
722
720
719
722
734
744
745
743
748
743
739
742
750
761
763
771
776
775
767
764
763
765
758
756
758
764
764
758
752
753
752
750
746
747
752
756
756
761
764
770
764
756
757
755
746
746
747
746
742
739
737
742
742
739
741
749
746
749
467
1037
750
731
723
720
727
732
740
740
746
750
747
744
744
746
747
743
746
744
741
734
734
734
742
742
745
747
751
748
744
731
724
714
716
725
728
737
745
760
769
768
769
771
769
761
757
755
756
757
760
758
752
753
752
753
751
745
738
732
732
736
733
733
739
745
743
738
739
747
755
757
764
769
773
775
767
761
758
755
751
745
746
749
755
749
754
758
762
751
749
751
752
747
750
750
751
749
740
738
746
748
743
738
742
748
754
748
744
744
743
734
733
734
735
733
730
732
736
729
724
728
731
734
735
735
743
746
750
752
749
751
753
757
755
745