935
930
966
899
867
856
800
781
843
889
928
921
974
979
979
1012
1008
978
1021
1003
986
999
990
971
985
971
944
976
974
932
946
976
959
941
971
977
934
938
938
906
926
956
931
929
951
942
914
797
1110
936
931
948
940
909
921
937
912
902
906
932
949
927
900
922
943
938
925
942
934
917
914
939
966
954
929
939
945
913
927
933
922
907
924
923
891
911
922
901
883
896
911
893
877
899
912
874
870
898
896
885
903
925
903
881
906
924
888
882
911
915
887
898
912
895
872
898
917
861
844
870
850
841
870
907
915
906
938
977
967
952
979
989
948
937
952
966
932
910
948
939
909
925
949
947
941
974
944
915
932
954
946
916
939
953
934
920
949
975
944
931
958
971
938
921
946
954
935
910
933
933
902
884
901
908
871
876
890
871
883
922
918
895
916
936
912
890
909
887
869
828
801
773
747
760
783
846
895
919
898
926
954
945
930
944
958
933
907
923
951
936
916
946
956
938
938
964
968
935
960
950
942
916
866
833
806
854
876
911
900
896
935
962
946
960
991
999
971
945
962
982
983
944
903
894
932
957
979
982
981
982
952
974
985
952
980
998
1012
982
974
986
982
980
974
937
954
959
935
951
960
965
963
927
951
965
933
923
948
916
918
913
908
855
866
861
863
868
847
882
887
874
901
917
925
902
912
933
927
934
958
927
974
957
928
942
943
926
912
933
937
912
922
943
930
914
934
936
916
932
948
954
922
946
961
928
918
939
949
921
937
934
923
924
938
933
941
920
925
942
951
943
910
919
922
898
905
914
891
893
876
888
899
907
915
895
908
923
933
938
918
899
899
894
897
889
899
925
925
917
951
956
950
929
908
896
900
911
911
888
913
933
950
913
924
923
877
843
873
898
916
902
930
966
961
968
957
921
931
944
913
922
950
948
934
948
949
850
826
832
787
771
784
779
756
779
805
759
807
816
817
820
818
802
804
825
831
826
834
830
834
846
856
829
835
850
824
825
837
765
763
740
716
715
693
689
677
665
670
698
646
678
672
664
636
668
652
626
659
646
646
637
635
645
640
610
637
611
611
620
613
604
604
603
601
598
595
591
599
583
589
598
588
584
580
580
579
578
580
571
570
571
566
565
565
563
555
558
556
552
546
547
547
542
543
542
538
535
537
535
530
529
526
524
521
521
521
519
514
514
512
512
504
506
504
502
496
495
496
496
490
491
491
490
487
485
485
486
485
481
481
479
479
478
478
477
474
474
476
476
474
475
475
471
469
469
470
471
472
472
468
467
470
472
468
470
469
468
469
468
470
466
465
468
465
464
463
467
465
462
460
465
462
459
458
463
461
459
462
462
457
455
460
458
456
456
456
458
453
453
455
455
451
450
452
450
448
447
451
896
439
448
446
446
444
445
448
446
443
443
447
445
446
444
445
447
442
441
446
448
446
443
445
447
445
443
444
447
446
443
440
446
442
440
440
444
444
440
439
444
443
439
438
442
443
440
438
441
441
440
439
438
441
438
435
435
440
438
435
434
438
438
434
433
439
436
433
437
444
440
438
444
449
450
450
453
454
455
449
456
453
458
460
462
467
462
467
467
465
465
470
477
477
476
484
492
494
499
494
506
511
520
514
522
529
533
528
540
547
541
544
555
561
558
556
568
571
556
546
542
533
530
532
541
541
566
589
599
590
605
631
636
622
616
633
650
656
635
650
679
664
653
664
680
677
660
671
694
684
675
657
676
690
733
729
723
703
675
697
708
760
760
771
730
739
764
744
713
685
708
728
763
794
819
818
804
753
729
732
749
775
796
823
847
775
770
744
749
768
822
860
884
895
848
800
762
749
771
803
827
852
869
883
825
797
760
782
805
868
851
853
820
760
779
811
873
874
874
875
823
768
815
829
853
878
892
843
813
818
861
861
825
806
799
822
854
870
854
827
880
901
855
822
853
896
909
880
853
814
852
869
898
916
900
860
832
878
890
906
914
914
901
862
837
850
873
869
899
902
853
881
886
888
915
870
866
890
864
878
900
903
907
845
861
889
849
900
875
843
858
883
846
844
885
863
848
889
872
849
896
917
871
861
909
923
868
859
902
910
874
865
920
929
879
858
870
896
909
879
854
826
865
886
896
890
870
863
881
916
922
933
895
945
948
916
886
907
929
934
901
904
902
871
914
937
927
894
916
929
930
892
911
932
934
890
901
896
849
856
866
884
893
872
870
903
898
879
899
896
874
860
900
896
864
867
889
867
854
873
891
870
863
895
896
876
894
891
871
870
885
907
882
880
913
917
892
915
930
929
904
940
947
933
906
938
938
896
904
919
915
889
918
935
917
896
932
938
916
900
932
933
900
901
938
941
902
911
933
935
895
908
924
897
878
907
913
884
866
886
886
857
848
862
872
853
842
875
880
856
851
870
876
844
851
877
876
852
868
884
881
858
884
902
889
866
885
889
887
869