678
684
694
688
686
694
697
690
688
707
715
703
703
720
719
721
730
741
732
735
744
741
733
750
765
757
746
761
773
771
754
770
770
762
750
769
775
757
771
781
763
743
756
747
745
741
755
741
740
747
756
744
734
749
741
729
741
742
729
737
741
735
724
733
730
724
729
732
721
723
730
737
732
740
749
741
737
745
753
751
747
753
756
745
750
747
749
740
747
757
740
754
751
743
738
770
768
747
744
773
786
767
392
939
779
748
768
766
740
740
750
733
735
740
735
732
727
721
384
868
715
720
732
736
726
739
748
731
387
882
739
725
730
735
734
731
740
747
749
740
755
759
750
745
765
760
742
759
763
745
756
761
758
395
904
752
747
740
738
742
734
728
745
747
729
730
739
738
732
389
885
737
726
739
743
730
732
742
738
737
744
745
741
735
757
757
743
743
747
751
734
742
747
738
726
730
731
719
725
729
735
725
739
741
733
728
739
747
733
740
750
737
731
733
732
722
727
729
729
719
729
729
731
723
740
741
737
737
754
749
731
739
743
733
725
739
753
743
733
751
745
730
742
729
723
729
736
719
726
733
726
722
736
732
724
733
734
731
725
734
734
731
739
736
735
727
742
745
729
737
721
717
718
715
714
718
715
706
701
711
707
704
713
711
718
712
717
729
717
723
732
730
723
735
743
738
735
747
753
742
739
751
754
734
740
751
751
737
749
751
729
736
741
737
730
732
737
730
726
732
740
733
736
744
730
725
729
740
726
735
736
738
730
741
748
728
737
742
734
733
742
748
734
746
745
732
746
743
737
752
750
741
738
753
757
742
763
773
767
754
760
766
760
760
769
766
753
767
771
754
754
750
738
748
751
735
740
752
741
735
749
754
739
745
760
763
747
771
764
744
753
756
758
743
755
762
741
741
753
745
733
743
744
730
729
738
744
731
740
746
740
729
731
739
727
736
744
745
735
745
751
738
738
744
749
735
744
748
752
741
750
765
752
745
757
766
749
752
759
757
748
761
763
749
745
753
753
740
755
749
741
736
742
754
736
741
748
741
728
717
691
688
680
667
674
665
654
659
653
653
656
655
649
654
652
645
653
652
646
650
646
641
645
646
648
644
649
650
656
646
654
655
655
653
647
639
639
636
627
629
627
626
621
624
621
614
609
596
598
603
583
585
592
577
576
574
574
579
566
561
571
565
561
563
560
561
558
553
562
557
554
560
553
557
557
553
557
552
557
560
555
554
551
553
557
552
548
550
545
551
550
539
545
544
545
544
541
537
544
541
535
540
535
539
534
537
540
538
537
534
533
540
540
536
532
539
538
535
538
534
538
538
530
531
537
529
527
530
528
531
530
528
530
529
527
528
525
525
524
521
524
524
523
526
530
528
521
525
528
521
522
524
524
523
522
523
525
522
521
523
521
517
521
524
521
521
526
521
521
521
521
521
521
521
524
521
517
503
539
519
516
521
517
517
515
517
518
515
518
518
517
511
516
516
509
515
516
508
511
515
511
508
515
513
506
510
514
507
508
511
508
506
511
506
506
511
508
505
509
510
507
508
511
506
506
512
506
505
509
489
524
468
546
510
505
510
508
504
505
511
465
539
512
508
503
508
505
497
504
497
511
457
544
507
499
504
507
502
501
503
486
517
504
504
501
501
502
503
501
479
524
500
500
503
502
500
491
517
447
551
510
512
509
510
512
516
512
511
521
520
521
526
526
525
527
534
532
528
530
535
536
530
534
537
538
535
536
540
545
541
540
536
541
544
546
548
551
555
562
572
566
566
568
579
578
575
575
580
584
581
579
584
589
591
591
588
592
596
597
595
593
596
350
799
628
616
611
602
596
595
592
590
598
355
779
623
613
611
611
609
607
608
606
606
1141
632
620
620
616
602
601
602
351
767
620
611
612
607
607
614
616
626
630
627
628
626
625
642
660
671
668
674
692
682
676
688
684
671
666
682
688
679
674
685
695
685
684
690
691
680
686
688
681
671
686
686
677
669
679
691
679
671
685
695
685
682
686
682
666
669
672
675
665
658
654
655
651
657
1160
682
677
688
680
685
705
697
687
695
698
688
687
697
688
697
702
698
691
703
709
701
697
692
681
680
690
688
374
850
705
686
682
689
690
686
696
710
707
1235
718
698
691
700
709
701
709
729
1215
730
717
708
702
703
703
697
706
713
722
712
716
730
727
715
736
750
724
726
729
722
722
724
704
691
694
691
683
688
694
692
686
382
851
706
690
701
699
693
702
711
714
707
716
739
723
720
727
741
728
725
741
741
725
736
742
747
731
746
755
733
725
738
737
720
720
734
728
716
727
730
724
719
731
732
724
726
740
726
721
732
732
718
722
736
732
723
738
733
719
729
729
717
704
711
717
721
501
828
752
746
729
742
748
743
729
738
753
729
721
729
741
719
721
730
740
730
725
738
736
723
738
749
740
729
733
717
709
698
689
686
689
688
683
688
697
707
700
707
710
380
813
710
701
695
693
708
709
706
713
714
382
828
730
727
723
718
741
749
736
739
747
753
735
753
757
740
738
418
938
743
742
764
768
743
739
758
754
738
753
768
748
738
754
755
739
741
746
750
743
752
763
752
733
748
747
741
737
756
757
741
749
753
756
750
753
766
756
740
755
768
745
750
757
762
747
756
764
760
751
762
760
742
743
758
749
732
740
747
728
454
872
733
729
749
747
742
730
742
733
728
743
755
742
746
753
749
743
748
759
744
736
751
767
739
748
760
759
746
756
760
753
412
889
753
735
728
738
744
734
724
733
739
726
735
749
730
729
737
735
725
740
396
857
725
723
729
721
717
731
735
731
730
736
748
727
724