876
856
865
843
817
810
805
817
827
825
830
856
876
873
872
884
892
911
891
890
899
904
895
886
897
907
887
894
915
928
915
923
929
935
909
912
922
918
896
896
901
905
896
888
896
899
899
895
916
923
920
913
901
895
876
865
874
882
871
876
890
887
870
873
882
869
865
879
882
880
893
903
896
910
926
932
915
922
924
911
918
925
910
912
923
928
909
912
920
915
906
922
935
936
911
903
915
919
922
899
902
905
904
906
902
892
882
881
894
894
889
887
889
896
901
911
913
896
902
909
916
919
914
911
897
901
909
899
888
891
871
876
878
881
875
885
890
884
880
886
893
896
908
902
902
903
918
919
913
903
892
891
897
897
906
891
886
858
841
836
833
839
844
852
855
850
857
861
862
856
852
854
853
846
848
853
851
848
833
839
843
843
832
840
847
853
850
855
873
871
872
879
887
886
885
898
902
899
896
899
901
890
883
888
882
868
859
837
820
819
811
820
831
838
827
828
839
827
819
826
826
818
820
835
831
822
827
839
839
835
835
843
846
839
851
851
849
849
857
865
862
859
867
872
873
863
878
887
891
879
873
872
868
854
858
865
866
867
885
893
889
884
898
899
891
889
897
904
894
887
896
895
893
881
884
890
877
861
852
832
817
813
808
814
822
819
833
856
869
870
884
902
912
899
903
922
929
934
921
905
924
925
931
920
915
923
928
917
914
927
924
914
927
937
938
931
913
907
902
893
878
871
888
892
890
889
896
898
888
887
895
896
895
881
887
884
874
882
889
891
875
878
884
876
854
852
851
839
829
830
835
829
834
837
837
818
816
826
825
815
824
833
828
828
838
843
843
841
852
856
857
853
856
861
858
855
854
863
866
861
854
861
857
835
804
810
798
791
793
791
813
805
817
814
797
798
784
776
769
744
729
733
734
738
740
723
724
727
719
728
711
714
707
710
709
705
695
696
696
691
690
694
688
686
687
671
671
672
664
666
664
679
661
670
665
673
665
666
659
656
654
648
641
644
633
632
627
625
617
621
616
616
614
611
617
610
614
605
607
604
601
601
596
605
600
604
602
605
599
604
596
602
598
599
588
594
587
587
594
587
587
582
582
575
576
580
570
571
569
573
563
569
564
560
562
561
563
557
555
546
550
555
553
555
549
550
550
549
558
551
555
548
551
549
549
551
549
553
549
548
551
550
548
541
553
553
557
547
556
555
558
555
548
556
557
558
559
553
563
557
561
556
568
568
569
574
581
588
580
581
583
571
582
582
578
579
583
584
576
581
579
585
575
586
577
579
571
570
562
562
564
557
557
552
553
550
544
552
546
545
534
539
548
539
536
539
536
543
532
532
537
537
541
529
531
538
531
534
533
529
529
535
542
533
533
537
547
531
541
541
547
550
562
560
569
578
594
596
599
610
618
625
638
647
654
661
666
678
673
677
689
686
685
693
700
701
708
713
713
718
741
749
755
761
763
763
774
775
774
775
773
772
770
767
761
737
739
737
723
723
736
736
740
750
751
740
723
732
746
743
754
771
771
791
808
799
819
813
799
811
819
825
807
800
803
788
793
805
808
806
828
826
823
841
849
846
866
882
869
857
944
972
971
943
906
901
896
867
873
882
875
883
878
861
861
848
837
820
837
838
840
862
878
856
849
858
854
828
826
842
847
848
861
876
867
872
893
880
875
893
896
895
906
902
888
909
892
894
909
914
894
908
917
891
891
898
906
890
892
900
894
885
906
908
883
892
883
867
882
891
874
887
907
901
892
896
907
890
908
920
904
913
913
893
894
913
907
917
938
921
940
940
923
898
864
864
860
861
885
883
897
913
907
901
914
910
893
905
906
885
899
910
899
898
901
892
872
879
876
876
902
923
911
917
897
867
861
836
825
823
829
857
871
859
880
897
908
890
894
882
1001
1008
993
994
931
923
908
988
1016
1012
1011
996
979
976
963
957
946
938
936
929
928
936
946
949
941
934
915
896
873
869
882
896
886
885
893
871
867
872
868
863
870
858
864
865
871
863
879
896
900
903
888
899
904
911
912
893
899
899
878
883
893
899
885
893
890
878
869
881
870
851
860
866
854
864
852
831
839
838