688
684
697
710
710
711
706
702
699
687
680
696
719
763
799
833
825
823
808
771
774
771
774
772
774
776
765
757
753
749
743
753
757
783
791
813
818
812
798
789
780
775
771
750
746
736
732
738
730
707
706
710
728
742
747
745
745
743
740
726
715
713
705
708
720
746
764
786
793
782
783
774
773
759
753
749
743
746
745
742
748
758
769
786
804
808
797
776
771
759
744
738
728
724
722
726
737
762
794
825
835
834
822
815
808
789
790
781
769
762
762
764
760
759
761
767
783
788
798
808
802
791
781
773
765
755
743
738
727
729
733
745
771
797
813
816
801
794
787
783
762
756
745
745
751
762
777
799
825
829
832
821
813
813
801
792
782
770
766
763
765
775
780
784
792
805
823
841
844
835
824
812
808
790
782
764
758
758
762
759
768
775
792
809
823
833
831
821
818
816
808
785
772
765
765
776
791
802
798
802
801
787
775
772
763
758
760
778
795
805
810
811
804
796
786
775
762
747
743
745
733
733
735
753
768
782
796
804
803
803
795
796
792
780
775
765
753
738
734
731
737
744
752
765
775
792
805
821
829
817
806
796
786
778
768
762
749
750
743
742
747
756
773
782
800
803
794
793
790
778
762
760
755
741
735
727
728
729
740
762
776
782
779
787
785
783
773
761
752
745
743
746
762
774
794
806
813
810
813
811
791
777
765
759
760
767
778
788
794
795
791
783
778
781
764
758
762
756
756
775
784
802
809
809
799
785
785
773
775
785
785
785
782
769
771
773
753
746
743
751
755
762
763
767
756
754
757
758
765
769
770
769
760
763
752
742
745
746
750
733
724
712
710
709
696
685
678
670
677
679
683
684
703
716
739
755
765
768
767
760
761
758
745
743
747
761
777
805
809
789
780
783
805
801
743
767
754
731
725
713
696
701
682
672
677
673
665
668
666
654
654
651
646
645
649
651
649
646
642
646
641
641
640
635
639
636
633
641
639
632
630
628
625
626
619
619
618
615
615
611
607
604
604
604
605
606
603
599
593
595
592
595
587
585
586
582
578
575
576
579
575
571
572
574
573
569
570
573
573
573
571
567
564
560
563
570
570
567
567
566
559
561
560
559
557
552
554
555
555
550
550
551
551
548
542
542
543
541
541
534
531
531
530
530
522
524
521
524
524
523
521
519
522
521
520
516
516
515
514
515
510
505
504
503
507
503
508
501
500
499
500
500
500
496
495
498
497
499
496
494
491
488
493
494
495
494
491
487
489
493
492
491
490
489
490
489
490
486
486
486
486
488
488
484
483
484
488
486
490
486
483
482
485
488
487
481
482
479
487
486
487
483
480
479
480
484
483
485
484
479
482
477
480
480
483
483
484
480
474
477
475
477
479
480
483
484
480
477
479
479
482
481
481
479
479
479
482
482
486
494
477
482
490
494
501
503
503
506
511
514
515
511
515
521
522
521
523
523
523
525
527
531
529
529
530
529
532
529
526
525
522
521
525
525
527
533
533
534
536
538
539
537
544
549
546
550
554
557
561
562
559
560
563
567
570
578
588
595
602
614
618
628
638
646
666
685
710
725
723
729
701
693
664
635
619
621
633
676
714
729
729
758
745
702
666
646
644
636
633
624
618
621
626
629
627
622
615
622
628
630
636
632
626
639
648
652
649
643
634
638
648
655
658
656
649
649
660
663
670
672
667
654
668
663
663
661
650
653
663
671
675
669
670
676
674
674
670
659
672
680
681
677
670
682
685
690
689
683
689
696
696
696
684
688
692
689
691
688
698
701
704
703
700
702
709
708
709
711
705
699
699
693
691
693
687
689
678
682
690
696
699
688
689
699
698
692
684
666
654
669
679
687
695
701
700
697
688
686
686
682
678
676
682
682
688
688
690
696
697
701
713
719
726
723
736
761
751
742
742
748
752
751
743
735
738
747
744
749
752
753
750
746
741
742
740
731
729
726
734
742
737
743
747
753
734
734
734
737
742
735
735
739
736
726
722
725
728
733
732
724
720
714
692
688
686
684
676
663
657
655
648
650
652
668
676
678
677
690
681
678
677
679
672
673
688
689
691
695
706
727
735
738
736
735
740
742
733
728
708
691
688
691
700
713
715
706
711
708
707
716
704
737
770
841
773
735
716
706
689
679
690
700
695
708
726
722
737
738
743
746
736
721
714
710
718
721
725
718
732
725
709
711
686
685
691
687
700
697
702
697
697
702
699
699
692
693
684
691
723
755
760
740
738
729
745
731
706
702
755
759
774
757
754
741
732
714
717
720
718
729
727
737
743
727
718
712
712
711
718
724
731
729
731
726
734
726
721
721
709
706
720
715
723
722
720
715
707
704
705
704
708
712
705
707
721
720
734
729
710
695
696
702
713
715
720
727
726
723
720
727
729
726
720
718
712
713
716
715
712
723
722
719
720
714
708
709
719
720
744
757
742
730
731
729
721
715
714
715
724
722
730
745
743