799
784
779
766
764
783
800
801
785
784
795
807
799
806
803
808
804
793
790
789
776
786
795
795
800
832
867
804
808
795
794
779
773
786
811
764
808
820
851
824
790
802
797
798
803
816
828
808
821
817
855
847
838
818
835
813
825
825
823
846
823
807
825
821
813
816
843
815
855
897
843
854
825
821
813
816
818
861
835
829
803
828
821
810
824
835
864
842
844
828
835
834
838
831
839
842
803
825
823
863
842
839
824
796
759
783
787
791
836
834
854
864
875
840
862
864
872
902
870
860
851
814
829
836
867
854
862
858
876
858
839
834
838
843
880
851
852
843
830
808
805
815
837
837
840
834
846
850
810
836
872
845
864
865
848
839
823
812
806
805
788
804
818
871
863
854
865
861
839
839
839
859
839
835
828
832
824
830
816
841
872
845
839
833
823
828
827
830
840
804
831
859
854
849
854
857
840
829
821
817
813
789
802
832
821
830
842
836
834
828
824
819
801
809
838
828
825
816
821
821
800
834
805
813
813
818
834
823
824
839
840
851
853
833
838
830
793
836
816
829
838
848
830
824
815
813
776
820
808
812
828
819
813
808
802
770
813
801
806
810
812
798
780
766
771
750
786
782
788
808
815
813
818
826
821
809
809
807
815
825
829
830
822
818
812
803
797
803
815
817
818
808
806
802
801
799
807
817
824
824
820
813
815
822
831
836
845
845
837
832
835
838
844
854
835
838
837
821
809
794
791
794
802
820
822
824
812
806
802
805
800
802
799
810
819
817
815
815
822
815
824
817
824
820
825
819
811
810
794
794
799
803
819
838
833
835
843
845
824
830
833
841
850
852
847
850
842
835
833
836
840
847
839
829
813
796
793
800
808
822
823
826
825
819
826
808
813
807
799
800
801
814
811
819
822
821
816
809
805
801
793
797
798
800
792
795
794
814
822
828
814
811
808
811
810
809
813
809
822
818
817
825
827
822
821
811
804
806
831
821
816
810
803
803
780
790
792
789
788
770
785
786
794
791
807
752
760
735
703
685
667
664
652
653
628
611
609
604
601
589
584
580
587
587
587
577
572
583
581
593
583
583
578
575
581
574
573
569
560
563
555
559
551
547
544
538
542
535
527
532
532
530
525
519
523
521
515
513
515
418
606
508
506
502
501
502
501
493
496
500
492
494
492
490
489
489
488
485
487
486
483
480
480
477
479
479
477
470
472
472
468
383
552
472
471
470
470
467
467
463
461
463
460
460
372
544
464
461
461
458
459
453
455
451
451
450
449
447
452
450
446
449
446
443
443
444
439
442
440
441
442
440
441
438
438
434
433
432
433
432
432
358
313
543
525
436
434
433
425
428
428
424
354
493
388
463
427
426
428
423
423
420
422
420
419
421
421
420
422
418
420
420
418
419
417
414
414
414
415
414
416
413
415
412
407
411
410
413
410
410
406
409
407
338
474
408
402
403
404
405
405
403
408
348
460
406
400
400
402
402
402
398
341
423
438
396
401
397
397
399
397
318
479
401
790
399
396
324
335
521
435
408
398
398
347
442
398
395
395
355
438
396
396
393
396
340
449
394
393
395
394
396
395
396
396
396
396
396
393
393
395
395
399
394
396
393
394
393
345
443
396
394
393
362
426
394
396
392
391
355
433
394
395
394
392
394
393
350
434
392
396
394
396
399
377
429
411
410
363
454
417
417
420
426
427
426
426
436
435
438
438
438
438
438
434
431
430
432
436
437
438
440
440
442
440
447
446
446
450
451
453
449
448
442
443
447
445
440
443
443
442
454
454
461
463
462
458
458
458
458
459
465
475
478
487
489
485
480
478
476
478
479
485
493
494
489
487
484
481
485
487
489
492
493
491
486
479
482
479
482
490
488
485
494
498
499
502
499
502
500
497
494
492
487
485
482
477
468
462
461
462
469
481
494
509
511
509
513
515
522
546
585
591
567
567
568
569
563
566
571
576
571
573
572
567
566
571
574
580
581
579
573
580
584
588
587
605
618
628
628
617
617
610
605
608
604
607
616
627
635
641
643
615
604
588
573
563
559
558
560
564
578
609
643
660
661
651
638
621
607
599
603
613
632
645
647
646
646
646
641
641
636
636
642
655
665
682
689
686
686
680
668
656
650
648
646
638
638
635
638
643
662
679
692
691
685
672
658
644
625
617
610
612
629
665
734
750
744
716
695
664
641
630
623
626
646
683
716
717
724
706
686
663
650
641
643
656
674
681
685
680
672
663
654
649
648
651
665
693
717
729
720
703
681
661
644
627
618
619
626
643
667
709
738
748
751
749
734
712
693
680
665
656
656
665
687
724
744
755
753
741
724
710
699
687
678
672
669
678
698
734
760
782
788
761
739
720
718
713
715
714
729
750
758
750
745
730
716
692
678
674
678
695
726
748
753
747
729
707
698
696
702
710
726
733
740
749
769
781
787
777
760
750
754
759
761
768
771
779
769
766
783
798
806
823
838
778
732
714
697
714
732
745
741
739
735
733
727
714
698
684
681
681
700
717
749
760
761
768
756
754
747
736
730
730
758
777
815
819
807
771
771
763
742
720
703
709
743
746
743
738
712
715
708
704
704
703
714
733
746
752
744
705
688
676
690
685
684
688
680
674
674
673
676
694
713
733
755
757
758
756
750
748
742
739
721
713
708
699
693
696
699
712
721
715
733
765
784
782
775
760
749
762
742
762
771
781
782
768
780
783
792
801
801
786
771
771
766
761
751
762
765
767
756
752
738
726
737
744
753
750
748
726
722
736
745
754
764
758
744
736
732
705
720
733
738
743
724
735
726
726
721
696
686
739
771
788
798
818
829
819
814
793
763
742
729
720
714
693
701
719
737
740
787
790
767
769
776
786
799
797
798
797
777
751
768
774
790
787
751
762
769
768
770
778
772
756
769
756
741
714
698
718
723
752
771
779
762
767
741
741
762
776
797
803
800
767
782
775
776
770
766
750
722
708
721
732
747
756
747
727
724
733
734
739
741
737
720
748
751
757
770
779
788
785
759
774
777
772
768
759
752
735