771
764
753
739
757
753
728
725
731
725
727
752
757
738
745
766
753
752
775
761
758
772
748
753
774
762
757
792
779
766
800
776
796
795
793
776
774
788
779
763
766
755
731
733
726
718
722
715
715
715
718
715
714
707
704
713
718
727
729
732
715
724
726
724
725
741
745
746
759
745
738
737
730
740
760
738
733
749
735
734
747
731
731
732
730
743
750
757
766
778
783
789
777
781
784
771
768
766
755
759
762
762
767
763
764
759
762
748
757
746
752
758
766
764
774
761
762
765
756
744
746
743
744
744
749
747
745
745
742
729
720
716
716
720
725
729
748
752
761
769
776
771
756
757
748
753
763
761
756
764
765
760
759
753
740
737
738
739
754
746
741
762
786
793
815
816
817
798
799
792
790
780
776
775
770
757
754
754
750
745
756
767
769
764
767
778
773
769
765
766
753
748
745
750
751
752
744
746
735
736
736
731
726
725
735
729
728
737
753
764
770
771
794
789
780
798
801
783
793
803
784
782
796
782
792
788
782
794
797
776
790
786
791
795
772
783
789
789
774
782
782
777
765
752
751
730
728
744
748
750
764
770
779
768
781
786
793
784
781
773
776
778
774
760
763
758
765
772
777
793
790
787
796
783
789
785
773
769
766
752
754
761
766
772
762
771
769
767
766
765
765
764
763
757
753
743
744
748
750
740
739
755
749
764
759
767
774
775
775
773
770
764
758
751
745
742
737
728
729
729
721
713
721
724
714
709
721
730
731
725
727
738
749
747
760
768
771
758
764
760
754
772
765
769
759
774
779
785
781
776
771
767
771
773
781
789
787
794
786
786
761
771
761
749
741
751
747
747
765
770
782
770
770
775
771
758
773
774
778
784
793
798
794
791
787
777
769
771
764
763
756
754
744
730
732
733
731
732
723
725
729
735
750
754
743
754
758
750
771
773
774
789
787
781
765
769
778
777
775
777
774
774
767
768
753
752
743
740
746
745
736
745
738
739
738
738
740
740
738
763
776
785
792
810
809
809
804
792
799
793
788
790
780
779
763
750
746
748
750
757
759
763
776
780
766
777
778
777
779
773
761
774
781
779
782
776
770
785
788
783
784
781
783
778
776
763
762
742
747
748
732
725
739
720
696
711
698
686
691
690
674
674
679
674
669
672
659
664
666
655
652
665
651
648
656
654
654
646
646
643
641
642
635
634
635
634
616
625
623
619
611
616
610
612
606
610
604
609
610
606
605
607
597
602
604
598
601
604
594
597
598
589
591
590
587
588
588
593
589
588
593
583
585
588
590
584
588
587
584
584
581
583
575
577
573
571
569
573
570
568
569
571
564
565
569
570
567
563
566
563
562
563
566
567
567
568
570
563
562
564
563
559
560
561
558
557
559
563
552
560
558
557
551
554
554
552
550
556
553
550
550
557
555
549
550
554
550
548
549
553
549
548
548
555
550
547
548
551
543
545
544
543
539
542
545
543
533
538
538
537
532
537
538
536
534
538
536
528
531
533
529
530
533
536
528
530
529
530
526
533
535
540
539
534
540
543
535
544
552
558
551
559
562
563
561
563
562
561
552
559
555
554
558
564
570
572
575
588
600
611
604
609
629
631
628
645
647
645
638
655
657
650
650
661
656
646
639
634
638
632
623
624
632
635
646
643
649
654
663
666
662
667
674
665
661
670
688
686
691
709
715
702
694
710
721
703
701
713
704
714
727
717
700
711
711
692
704
713
703
710
720
709
722
746
751
738
725
722
758
753
738
732
735
723
747
738
762
788
777
750
788
777
795
811
814
802
767
769
772
762
734
741
744
730
753
785
792
775
802
786
794
804
781
767
785
791
761
772
774
744
740
741
737
731
752
743
736
744
740
769
778
742
761
772
754
781
793
814
819
818
798
766
786
808
768
806
814
787
804
793
770
783
774
750
769
763
742
756
766
760
755
773
757
781
780
771
773
794
778
771
795
785
779
761
748
747
774
772
772
771
766
770
753
772
771
771
769
780
772
763
779
776
771
793
775
764
777
771
777
781
767
776
766
782
780
778
775
785
779
772
767
777
768
764
774
744
732
736
739
748
745
751
742
747
742
749
754
756
766
751
742
748
738
734
747
731
741
743
739
747
752
748
743
733
739
738
734
734
728
734
743
736
737
749
735
750
754
743
756
755
743
759
753
750
757
743
755
771
761
752
746
753
746
743
750
766
757
752
760
770
771
767
758
748
769
762
750
754
742
746
746
748
751
771
767
766
757
759
757
756
743
755
755
758
753
745
756
754
743
752
759
755
761
772
766
774
784
776
762
763
757
744
754
740
744
744
748
754
744
757
751
744
751
746
744
759
764
763
762
746
752
755
748
739
752
744
743
752
748
742
735
739
734
729
727
727
729
728
727
735
738
733
731
747
741
742
757
760
758
761
757
750
748
745
743
743
738
747
740
731
728
728
729
735
741
748
753
756
749
746
730
730
729
730
727
729
734
740
750
747
745
741
733
760
765
773
784
781
784
789
791
770
765
758
753
741
743
752
753
750
745
747
739
738
737
743
741
737
746
749
744
753
749
749
762
768
759
774
769
760
775
775
779
783
789
770
777
773
763
760
773
762
771
777
783
773
773
776
770
763
762
766
760
751
742
754
748
740
752
746
751
760
769
763
764
783
779
788
791
803
808
801
788
800
786
787
788
789
778
771
778
763
766
767
753
758
767
757
754
737
738
722