809
816
817
816
822
834
829
826
842
850
843
842
850
848
831
841
836
815
818
807
787
769
763
778
792
797
807
817
830
811
817
827
828
811
823
815
806
797
800
805
791
793
806
810
793
799
807
801
788
785
794
784
778
784
769
790
797
804
802
786
808
816
807
830
833
821
837
829
810
805
826
832
828
839
834
807
831
838
835
813
816
815
818
812
797
805
809
790
806
806
803
783
793
799
782
790
797
805
788
807
814
810
807
797
794
799
791
800
810
818
791
813
826
822
794
821
828
833
818
833
839
834
803
811
814
819
804
811
809
810
792
797
798
795
780
777
785
782
779
791
793
777
794
797
778
792
794
793
793
790
783
761
750
777
778
775
778
761
764
762
754
746
754
756
751
751
753
753
757
763
754
763
762
747
744
762
769
752
773
786
775
781
786
800
808
801
815
813
810
800
798
790
753
759
764
770
761
745
755
764
772
771
767
772
748
747
764
761
742
774
776
767
789
799
812
810
790
791
805
801
813
798
779
790
799
804
808
809
827
818
803
796
782
771
783
772
774
781
782
782
777
782
780
772
763
751
751
761
760
749
742
750
766
773
786
769
791
794
789
778
768
766
756
749
761
749
748
746
730
729
726
721
722
731
736
736
732
733
739
740
754
771
778
785
782
773
793
786
768
784
792
801
801
797
802
784
804
804
800
780
796
810
814
813
786
804
801
773
777
779
770
777
771
765
755
763
771
774
756
771
773
785
791
785
781
787
899
901
895
873
854
838
819
795
799
789
779
776
780
781
773
776
767
769
766
768
763
760
765
767
771
775
765
754
757
755
763
766
784
798
793
786
812
811
787
807
801
795
780
793
782
777
761
772
771
769
764
777
774
777
782
771
775
767
757
751
759
753
760
752
768
772
780
773
774
771
766
756
765
774
773
775
773
777
759
765
755
750
740
763
763
770
767
763
757
768
755
766
780
781
771
775
788
791
791
777
791
779
771
780
777
773
773
768
755
751
760
753
754
768
776
777
758
754
756
739
730
730
736
741
727
745
759
761
755
736
731
732
711
728
727
731
732
729
730
727
715
689
691
684
668
667
671
667
666
673
662
666
669
665
658
663
666
662
656
662
659
651
663
661
652
649
659
655
645
650
650
635
644
643
644
638
646
641
646
646
648
646
639
650
644
640
646
644
631
628
636
633
627
629
641
633
625
631
631
630
621
627
629
627
623
629
630
619
622
629
628
623
619
629
628
622
621
626
626
621
623
630
622
612
617
621
614
608
614
612
610
615
611
599
593
586
617
631
629
616
620
621
615
609
617
615
604
605
604
600
598
602
596
598
604
595
594
591
598
596
593
598
602
597
602
605
600
602
603
598
605
607
604
604
605
597
603
601
598
603
598
602
604
600
601
599
591
597
600
598
599
598
601
599
590
600
598
600
600
596
590
595
598
586
592
592
591
594
592
583
594
593
585
586
589
587
593
589
588
592
593
595
597
588
594
596
595
593
594
589
594
596
594
595
607
615
618
624
621
625
629
631
618
604
607
623
624
626
646
654
632
644
658
640
654
682
678
670
682
691
682
679
688
685
678
693
699
703
708
708
697
698
703
705
684
693
715
710
726
722
701
722
728
719
738
749
756
747
722
704
709
729
746
785
810
774
771
786
783
770
780
780
774
765
750
746
737
748
729
713
724
736
741
737
725
723
728
743
745
759
775
794
786
751
755
786
790
775
795
787
773
767
774
748
728
740
746
751
763
773
753
749
735
718
714
718
741
739
746
757
771
770
761
749
746
752
753
762
773
783
792
777
748
750
739
742
746
747
756
751
762
767
761
765
769
765
745
748
741
742
737
740
747
754
752
753
748
744
736
733
751
768
773
766
768
772
767
760
755
755
755
756
739
740
752
769
769
776
787
794
794
789
774
751
757
764
770
758
744
757
764
771
760
776
771
773
770
751
740
734
740
736
741
742
726
717
719
708
712
728
754
766
771
789
795
781
783
790
771
761
775
780
776
786
792
785
799
794
804
787
786
784
771
772
780
775
785
796
796
792
766
742
756
761
769
767
743
761
772
775
775
768
763
778
790
796
827
869
855
812
772
791
808
814
811
807
803
795
777
768
756
766
762
753
762
757
766
756
748
741
740
730
728
725
728
731
743
760
775
793
794
780
767
771
775
772
766
742
744
743
740
756
767
771
783
784
815
808
791
785
774
773
771
778
783
790
794
793
797
787
780
769
774
775
780
778
785
783
773
771
771
777
791
805
790
799
806
813
804
798
779
770
759
747
744
741
753
770
790
786
785
774
767
751
745
744
733
721
727
725
712
698
699
694
696
702
708
737
756
771
791
802
805
796
796
782
777
769
755
753
757
754
755
749
763
772
781
795
800
792
794
787
788
781
775
775
765
767
767
764
768
764
760
757
746
748
753
771
771
770
772
764
749
742
748
753
756
737
740
745
756
755
753
753
759
770
775
785
783
802
805
780
787
771
778
784
783
781
785
781
777
770
777
779
781
782
802
805
810
814
824
825
816
811
803
791
793
794
798
795
794
784
788
777
787
779
772
779
807
803
798
796
797
809
802
794
784
793
789
788
791
799
791
776
774
776
775
769
776
780
793
798
807
796
809
825
823