728
726
752
739
777
801
779
804
812
778
370
1232
813
796
602
259
855
821
814
837
828
799
770
806
816
843
857
859
817
1489
748
739
769
777
800
784
795
843
846
485
326
784
542
287
757
892
788
833
849
803
802
841
843
736
528
343
842
849
708
937
851
862
855
829
846
864
863
816
799
833
834
831
804
845
855
847
808
838
846
835
800
813
833
839
807
804
837
842
838
791
792
822
829
839
806
808
846
857
856
820
827
840
838
805
799
833
836
818
810
847
849
856
822
644
1015
828
816
782
816
823
828
799
808
826
825
785
808
817
814
781
778
806
800
784
815
823
791
813
828
836
835
821
786
805
802
812
818
816
784
803
798
796
768
787
769
766
743
756
597
862
740
720
738
740
749
759
747
732
735
729
717
703
695
680
673
673
672
670
676
682
694
687
692
705
711
278
424
363
2493
716
287
414
298
428
1485
759
753
795
813
801
789
832
841
851
841
795
795
803
793
794
799
776
766
785
787
800
819
801
798
825
829
797
786
809
799
798
776
794
802
788
760
764
773
776
772
771
795
798
801
776
806
814
818
788
470
1097
292
489
749
758
640
883
738
764
781
774
792
808
798
794
811
829
814
811
826
790
797
812
826
800
791
826
827
856
811
798
815
817
784
786
790
802
799
789
799
799
798
801
804
791
793
823
802
800
782
795
770
766
774
789
796
774
773
792
803
771
761
789
785
765
781
798
768
780
765
750
707
700
720
736
746
721
734
735
726
722
758
772
830
813
791
829
823
831
796
759
785
782
795
805
789
767
772
771
781
792
791
757
773
772
775
759
781
788
791
785
756
752
760
759
752
742
756
780
797
792
767
766
782
780
759
772
783
800
812
821
799
810
797
769
774
788
795
784
753
733
673
676
696
716
752
752
727
735
726
780
632
676
652
651
649
629
640
631
617
624
621
618
617
606
618
607
604
604
604
606
605
597
594
606
595
594
601
594
588
595
592
587
593
593
587
587
591
577
584
583
581
580
572
578
575
569
567
564
565
560
550
558
555
554
550
553
558
550
550
550
549
544
544
552
540
546
545
544
541
542
551
543
547
543
547
542
542
545
543
540
541
548
541
536
535
541
535
528
528
523
526
523
522
516
523
522
515
519
518
518
514
512
515
517
513
516
519
514
511
516
514
516
512
515
514
518
516
520
520
521
520
518
517
521
517
521
517
520
516
518
515
517
515
516
517
519
512
515
518
521
513
520
517
520
520
516
521
519
521
520
519
519
522
518
518
516
519
518
517
517
516
517
517
518
519
517
516
516
523
515
521
518
519
521
515
517
521
514
516
517
518
515
522
516
521
519
516
514
521
520
517
517
520
515
519
512
514
516
514
517
516
517
516
516
519
517
518
518
525
416
624
521
520
519
520
515
520
514
521
521
522
525
528
529
534
539
556
551
546
550
546
546
544
544
552
553
548
552
549
545
550
548
549
545
545
562
586
608
602
639
634
605
595
612
622
618
601
597
654
663
685
665
637
647
658
672
648
668
667
666
681
649
631
652
664
638
674
672
655
646
685
698
669
727
743
728
691
727
734
729
690
720
731
737
713
740
769
743
699
749
754
736
711
756
764
734
735
759
757
710
717
743
729
700
750
756
727
730
757
747
718
752
795
779
731
764
778
768
729
769
783
791
745
794
804
789
753
808
796
774
742
781
807
804
780
819
833
797
787
818
829
790
782
822
813
788
807
824
803
765
815
827
796
777
816
839
817
775
789
837
842
818
813
844
842
813
839
846
835
817
807
749
769
792
762
738
703
681
645
640
639
660
734
771
714
737
788
809
815
814
800
790
780
782
760
771
751
739
743
813
974
956
938
975
913
824
833
853
821
779
788
806
810
787
771
796
771
769
775
860
872
818
778
737
702
671
650
648
676
742
787
744
707
700
738
761
763
760
753
829
803
805
758
710
723
730
744
753
731
750
768
776
799
821
817
813
779
829
973
946
875
801
751
709
683
677
702
733
798
862
882
886
864
857
840
824
818
824
831
856
858
847
829
838
889
955
948
856
784
799
787
764
745
771
789
771
776
818
895
877
813
785
750
720
741
763
783
807
813
814
797
789
751
743
708
690
692
739
773
760
734
734
733
719
716
717
717
728
765
816
814
821
825
813
809
794
788
778
778
784
792
767
775
783
835
858
908
861
834
842
876
880
841
822
827
820
828
838
847
796
837
775
763
744
743
729
690
670
666
669
661
697
739
727
703
727
730
709
716
712
712
719
715
722
733
747
761
770
767
757
765
779
797
819
891
873
828
813
830
789
768
762
778
717
919
792
810
815
823
803
816
772
776
787
806
833
858
863
830
777
785
774
754
736
744
755
782
809
767
771
779
798
800
827
816
797
807
797
808
817
827
824
830
818
802
765
771
733
709
701
705
706
700
682
700
714
767
820
863
793
776
810
813
815
817
813
808
797
786
776
767
762
748
738
731
730
762
806
805
797
816
852
856
812
800
813
818
808
794
783
777
755
758
759
763
789
810
829
831
826
772
783
765
757
746
727
724
739
774
834
839
826
838
801
788
791
766
764
756
761
785
809
809
777
788
788
790
789
763
775
770
764
774
759
760
752
749
752
753
760
783
801
792
767
785
781
791
803
809
812
815
813
800
782
760
770
768
765
787
784
793
758
771
771
773
787
793
802
766
763
781
774
785
796
812
789
773
778
771
777
776
773