685
689
690
690
692
695
704
706
710
707
695
686
670
664
656
660
679
699
705
706
714
720
729
745
735
735
739
740
742
745
737
740
743
750
739
729
734
740
739
733
730
727
730
739
739
729
723
730
742
743
739
735
731
738
743
755
754
743
740
744
757
738
726
731
732
729
736
736
737
737
740
734
732
736
739
736
730
722
729
734
743
744
731
729
734
738
744
735
733
740
738
738
728
724
720
723
729
723
723
726
730
729
723
722
726
723
722
721
714
718
717
735
730
727
729
735
733
726
727
733
731
734
728
725
743
765
769
775
764
762
761
764
752
737
735
741
735
734
727
725
734
748
744
745
753
754
755
744
742
751
744
746
731
727
725
729
734
726
720
726
730
731
719
721
727
730
730
721
721
723
725
729
722
711
718
723
724
720
716
720
725
724
719
718
728
729
735
726
725
728
731
728
716
712
714
718
718
712
717
725
727
729
725
727
729
731
732
725
721
725
726
725
724
719
723
725
724
727
724
724
724
736
737
724
723
722
725
724
712
715
724
722
722
710
708
719
729
726
721
736
740
746
750
737
733
737
738
741
742
733
729
728
728
722
716
715
725
727
720
716
723
728
733
732
731
734
737
741
729
731
732
733
729
718
718
716
721
720
711
712
720
720
719
707
704
705
706
712
699
701
712
713
716
711
714
715
717
726
715
721
723
727
732
729
732
734
736
744
733
731
737
739
741
735
743
750
761
758
746
760
762
776
775
762
764
768
775
764
771
771
773
766
759
755
752
750
734
731
733
740
743
735
740
746
752
757
751
743
739
743
744
733
731
739
738
734
736
732
727
728
734
735
736
732
737
742
741
739
744
747
753
752
749
746
739
737
738
741
731
735
736
732
733
725
719
725
730
740
724
715
716
710
719
730
724
721
729
736
729
718
725
729
733
736
726
720
729
727
723
713
717
718
719
717
711
721
719
724
711
719
724
729
729
732
733
736
734
734
731
739
740
745
741
751
750
755
749
744
750
757
756
751
739
739
738
740
732
729
731
728
716
710
706
709
710
719
715
722
729
737
735
727
731
731
730
718
715
719
724
720
708
713
710
712
701
705
712
720
721
719
719
722
725
726
727
730
729
731
730
719
717
724
723
719
712
715
720
721
717
713
713
718
720
719
724
729
732
737
730
727
731
733
731
721
716
725
730
728
707
689
684
663
665
665
669
667
666
670
664
668
669
670
666
657
657
657
656
655
651
650
646
646
635
633
625
629
626
633
637
646
649
654
662
666
665
665
664
678
671
669
651
630
618
617
608
601
600
593
590
591
592
585
587
586
588
584
584
583
579
578
579
579
578
581
582
580
578
577
573
573
569
569
565
562
566
562
560
561
564
560
559
562
567
563
565
568
564
562
561
566
563
558
561
561
563
559
562
558
564
560
564
560
561
561
563
561
557
555
556
554
554
552
548
548
543
543
543
540
538
533
538
534
531
538
541
545
545
534
541
545
546
541
537
543
541
536
528
533
527
525
523
523
531
530
525
525
526
526
527
521
521
522
523
518
512
517
515
518
514
516
513
513
512
507
505
508
505
503
501
502
506
505
507
503
506
509
508
505
506
512
514
509
508
507
508
511
506
501
499
502
505
503
503
497
504
506
505
498
493
498
499
500
496
495
497
501
498
490
495
499
500
497
498
499
502
502
496
497
501
497
498
498
499
504
504
502
495
502
502
497
488
490
495
495
500
490
495
500
498
492
489
495
496
498
493
494
497
500
499
491
489
492
488
486
485
483
486
487
489
485
484
482
483
489
489
489
486
491
495
499
506
498
503
501
497
508
505
498
500
505
512
510
509
519
511
517
526
531
542
551
553
556
558
558
564
571
567
579
589
595
588
585
592
591
600
606
618
617
610
601
601
601
598
610
612
616
613
620
621
607
607
612
608
627
628
627
623
628
617
623
619
619
620
616
618
635
644
640
639
645
642
648
641
649
648
651
654
662
647
649
661
666
659
653
653
661
663
683
694
704
693
669
660
653
660
673
663
657
673
681
698
681
680
693
696
704
702
686
680
681
690
693
689
683
701
705
724
723
706
703
722
736
724
709
706
710
718
735
717
710
721
738
732
723
718
723
734
732
723
726
750
767
751
739
757
771
777
758
770
777
774
745
745
761
775
750
739
752
765
758
741
743
752
743
732
733
732
725
718
710
704
700
708
707
706
700
706
707
690
692
685
691
688
684
682
680
687
691
688
688
688
697
701
697
697
707
723
708
706
707
709
707
707
709
709
718
707
704
697
696
695
679
678
681
688
694
689
696
692
695
687
684
683
685
684
682
681
688
699
695
697
694
693
698
687
691
693
696
698
692
688
695
698
688
680
679
676
680
681
679
676
682
695
693
694
694
692
695
688
689
693
700
700
696
691
696
695
702
695
696
697
706
705
693
689
692
694
687
683
683
687
681
674
674
683
687
676
683
685
693
688
693
695
700
697
697
698
696
708
714
704
703
708
713
701
699
695
694
697
692
688
690
693
702
702
700
704
706
706
703
700
703
703
689
693
693
699
699
697
699
712
709
706
719
718
723
715
712
713
714
713
697
698
698
695
694
690
694
705
704
704
695
694
694
698
697
692
691
693
698
691
695
703
709
706
696
695
699
701
700
697
700
712
710
702
699
703
706
710
716
712
714
705
690
685
677
671
684
705
720
724
709
699
705
731
729
743
780
789
797
801
777
779
784
787
783
789
760
747
745
746
744
733
735
741
751
760
744
742
748
748
729
725
729
731
731
718
724
727
729
729
720
729
744
752
729
726
723
719
706
698
709
713
717
709
709
717
723
705
704
705
713
695
687
696
701
696