847
856
871
870
814
881
892
884
886
915
923
871
852
911
904
900
834
917
908
914
838
911
899
908
847
901
887
896
832
916
897
913
900
891
916
940
854
884
933
924
871
871
871
941
882
890
947
875
899
862
881
931
867
882
868
923
867
865
867
933
916
882
898
914
942
904
893
893
896
911
867
863
874
891
859
865
911
846
855
849
900
888
834
910
910
855
864
917
905
871
872
901
849
838
813
812
811
806
860
874
881
850
851
910
895
909
846
862
907
924
876
871
911
899
903
842
842
882
878
876
875
824
809
848
836
857
869
871
868
876
880
879
879
883
890
895
887
896
913
917
857
900
885
912
879
869
858
864
862
870
882
896
900
854
907
896
896
859
890
883
905
887
840
909
896
899
916
920
929
880
924
915
919
918
917
913
871
904
905
913
915
903
896
913
903
892
887
870
885
879
873
888
899
911
903
901
903
920
913
901
909
914
917
906
902
903
902
900
899
899
916
921
915
916
910
918
909
917
907
901
887
895
897
886
893
902
910
898
907
908
908
911
909
926
915
911
917
915
908
901
889
887
888
896
878
888
887
893
890
889
877
866
859
855
857
857
871
872
878
896
889
882
882
891
884
876
880
877
893
885
888
900
907
913
906
925
929
935
936
922
925
914
899
887
876
879
871
875
899
891
904
906
898
908
906
909
925
921
914
896
893
905
901
893
896
904
913
912
909
917
926
929
932
942
950
931
933
928
934
926
918
921
918
914
905
905
912
921
918
918
923
937
932
930
905
878
869
856
843
828
837
825
820
813
800
797
778
778
768
757
750
742
745
742
733
736
734
731
729
728
723
733
729
723
725
724
721
722
714
721
724
714
719
719
708
721
715
702
716
715
712
710
716
714
711
713
713
713
710
708
716
714
708
710
711
715
709
706
708
717
707
701
716
709
707
704
705
707
708
700
702
711
704
703
707
704
706
701
695
704
698
694
688
696
696
688
694
689
692
693
683
688
686
692
688
683
681
684
694
682
689
676
684
694
683
687
687
686
684
690
690
683
678
661
699
722
705
703
707
705
708
711
703
696
698
698
692
690
686
686
689
685
685
682
674
671
680
679
682
676
675
675
684
685
676
676
682
683
683
679
676
688
685
683
679
681
682
683
678
673
679
684
678
675
688
693
699
689
696
707
705
711
709
708
692
712
724
717
710
722
725
735
740
735
734
733
742
742
740
739
729
725
736
748
753
755
761
784
781
771
773
771
774
766
760
702
748
735
732
735
743
737
745
740
747
755
739
695
764
757
777
789
770
768
774
770
770
753
758
758
788
791
788
805
785
793
798
799
784
789
785
794
793
733
793
776
774
771
723
713
792
797
793
791
843
833
816
765
756
738
801
811
800
821
857
852
870
851
842
865
877
811
866
843
876
902
839
876
798
868
758
883
783
863
770
774
776
753
741
746
740
748
763
757
835
847
781
848
852
813
798
786
861
779
789
778
804
774
781
755
752
759
747
756
831
747
779
752
739
740
763
752
755
743
744
742
744
732
753
874
780
790
773
792
769
764
757
741
833
775
836
796
803
897
855
821
809
802
778
790
773
767
767
770
775
752
852
847
774
794
796
779
771
762
748
761
764
775
760
854
747
782
765
776
775
793
782
766
757
757
743
738
730
718
737
739
751
721
734
740
746
743
755
752
829
851
874
853
836
822
907
822
899
847
853
831
854
840
831
934
896
869
824
825
820
814
800
829
894
799
831
896
813
845
814
811
787
771
771
792
790
793
794
788
801
819
895
793
792
787
781
770
764
776
827
794
810
800
796
868
779
828
793
813
861
810
813
805
792
857
794
811
785
778
765
833
767
769
763
758
737
740
797
797
749
751
738
730
735
800
798
809
817
839
846
804
857
863
864
814
828
878
802
884
827
884
808
885
824
893
803
891
855
860
814
801
838
847
782
788
775
764
766
807
806
824
840
842
843
863
871
872
873
868
880
884
836
888
875
870
873
878
875
826
813
854
849
865
861
867
867
859
854
842
836
846
795
841
830
835
840
794
851