909
905
903
907
896
931
950
950
947
958
967
955
930
937
923
908
926
942
957
957
957
962
956
949
939
943
949
948
951
954
968
962
945
951
958
956
965
954
955
959
969
964
957
958
954
965
960
966
972
967
963
956
954
950
940
938
928
919
922
928
934
933
933
936
930
922
891
893
903
896
894
896
896
905
896
901
903
909
912
911
912
926
915
909
911
916
915
910
909
906
911
905
900
899
910
916
922
914
905
914
935
930
920
928
934
936
931
938
938
927
938
936
935
946
935
942
943
942
945
929
934
937
938
920
921
921
931
920
915
916
919
925
923
918
909
904
917
900
916
932
933
934
938
935
928
922
908
914
913
923
904
899
898
901
898
903
911
913
920
930
926
917
906
913
889
877
898
939
940
950
953
950
944
936
927
924
926
922
933
938
922
925
922
920
923
926
929
917
921
921
923
923
922
920
917
918
922
911
915
922
930
930
924
925
929
925
920
925
929
937
930
922
921
926
915
903
904
905
903
900
904
907
920
911
918
928
924
935
929
932
927
916
913
922
914
916
914
901
909
912
921
929
931
932
936
933
934
925
902
901
914
917
923
921
916
908
919
918
917
919
918
913
912
919
908
904
904
901
894
891
902
898
898
891
893
893
893
895
894
908
921
922
918
921
923
919
910
917
913
917
906
887
904
914
916
923
929
922
930
927
924
926
922
929
927
919
916
903
918
925
930
942
939
943
936
933
927
925
925
922
925
927
907
918
919
919
921
914
917
918
920
909
906
904
902
914
910
901
903
919
931
929
928
936
932
928
930
929
920
918
909
916
904
904
891
883
924
922
923
914
899
910
912
918
899
898
898
900
901
897
908
908
910
911
907
904
907
919
916
918
913
861
876
860
838
833
857
862
868
869
873
868
855
844
832
827
822
812
804
776
764
748
735
721
724
715
713
705
712
709
700
699
696
694
684
687
678
672
669
671
662
658
655
652
646
647
644
644
638
643
643
634
636
635
635
628
635
634
630
627
631
629
621
624
626
620
618
619
619
619
613
620
619
611
612
615
611
604
606
606
603
598
598
597
594
588
589
588
585
581
581
583
582
573
572
577
569
567
563
565
562
555
552
553
552
549
551
550
548
544
543
544
542
539
535
535
538
534
533
536
536
533
533
529
529
530
528
525
528
530
529
526
527
526
528
524
521
521
524
522
522
522
521
495
548
521
519
521
521
520
520
521
519
520
515
515
512
515
516
514
515
516
519
519
516
515
514
514
511
509
513
512
512
512
506
508
510
508
509
506
511
513
511
512
510
511
510
516
517
517
513
516
517
518
515
512
514
516
515
515
511
510
512
511
510
507
509
508
509
507
502
499
500
502
502
498
498
498
463
528
498
494
492
495
494
492
492
492
495
494
494
490
490
484
491
492
494
491
498
502
508
506
507
507
509
510
522
538
549
557
559
562
557
557
550
549
544
546
549
548
548
550
554
555
554
552
556
559
561
558
561
562
563
563
555
558
561
562
568
578
587
586
583
581
586
588
586
589
600
602
596
590
587
589
593
587
593
595
600
602
604
608
610
608
610
613
615
614
621
624
625
625
627
624
614
610
609
607
608
616
627
636
643
646
653
653
653
650
654
654
653
651
658
656
658
664
665
675
676
678
686
686
686
690
692
693
688
692
688
690
691
693
701
695
700
702
706
713
711
721
725
724
725
723
742
742
742
732
746
759
758
751
754
758
754
752
750
753
751
745
742
745
745
738
734
742
746
758
763
778
788
785
768
767
772
759
745
739
729
709
704
708
708
714
720
722
734
746
754
749
748
748
753
743
744
748
755
750
753
750
756
755
755
760
776
786
778
768
791
795
792
791
783
790
791
790
784
782
794
796
794
814
816
823
816
806
802
808
804
799
793
794
791
779
780
793
801
800
812
821
822
835
818
826
826
822
817
817
831
838
832
804
812
806
799
795
803
839
840
833
841
848
846
832
821
832
837
826
827
839
851
841
813
843
864
860
872
858
862
846
836
821
811
807
793
786
797
797
794
813
806
810
807
793
803
811
827
831
821
833
836
828
818
826
837
835
838
844
853
856
856
857
855
857
856
859
855
854
840
824
830
822
822
830
841
837
840
823
818
812
821
818
823
838
832
816
797
777
762
771
784
801
802
797
796
804
807
796
803
804
810
813
815
819
826
828
826
831
831
832
835
835
848
849
843
838
840
834
829
823
831
839
836
820
833
832
839
839
844
838
834
833
836
834
830
828
834
835
837
831
836
836
832
833
832
831
816
804
810
807
813
823
815
817
834
839
830
841
843
844
845
837
838
840
854
855
856
856
852
854
848
837
839
834
842
833
839
845
854
854
864
869
877
882
873
881
883
875
867
870
851
847
842
843
837
836
832
840
848
859
858
855
861
859
858
857
858
860
853
860
862
855
865
864
867
866
860
867
858
847
847
849
873
891
883
875
869
857
854
850
830
838