929
925
932
927
936
939
943
939
940
951
949
946
938
932
943
932
913
935
950
958
467
1066
925
911
894
902
904
903
900
915
931
953
960
469
1077
975
991
988
1001
1013
1007
477
1092
1002
995
1010
1009
1006
996
989
1002
1011
1015
1014
1001
1004
1012
1018
1019
1001
996
994
1005
1005
999
994
1001
1010
1004
999
1002
1003
1009
999
998
1001
1006
1000
980
978
978
981
974
953
944
951
953
968
948
945
955
960
963
951
937
940
943
958
961
951
947
951
960
961
967
961
943
951
956
958
956
952
937
931
932
938
945
935
918
903
887
883
891
895
916
930
934
933
941
949
965
967
953
913
919
904
890
863
843
798
485
948
788
792
469
964
826
870
923
985
1046
1051
1048
1034
1023
1001
975
967
968
968
955
961
962
958
953
936
951
957
938
937
961
978
987
1000
997
989
963
973
970
957
939
943
947
940
472
1061
957
953
944
935
940
964
979
973
969
976
974
477
1080
965
963
948
919
925
904
886
873
878
907
929
936
949
961
952
942
949
956
964
958
944
949
952
958
957
943
944
952
961
960
952
967
979
982
971
965
970
974
969
961
964
963
967
956
965
962
965
951
956
975
984
978
967
966
972
963
944
956
959
956
956
941
940
933
935
956
960
952
964
979
978
962
967
978
975
967
962
968
973
961
964
968
969
963
953
962
959
957
942
953
960
968
967
963
967
966
966
945
943
950
958
950
936
942
949
942
935
943
953
953
941
959
964
962
940
952
950
944
938
938
938
929
925
932
939
928
936
946
950
948
946
956
958
946
945
960
962
954
953
961
950
952
945
951
956
953
953
962
959
951
936
949
944
942
938
948
959
949
938
943
947
941
938
938
945
933
904
884
870
863
855
868
885
903
916
919
936
938
929
923
913
907
888
809
831
786
788
493
920
771
729
718
527
854
702
692
510
827
688
678
505
806
670
496
798
665
660
503
800
670
660
507
779
656
647
650
525
762
640
634
511
742
634
630
628
553
678
613
609
615
620
615
617
499
721
624
616
509
701
615
610
607
519
685
602
603
499
694
598
588
501
674
593
580
514
646
587
572
515
634
583
565
513
625
575
561
521
602
564
564
515
601
560
550
550
491
604
550
496
591
548
489
588
500
577
535
519
549
536
499
556
532
505
547
527
509
537
524
497
541
521
504
533
515
517
520
492
537
515
512
512
513
510
505
517
507
511
510
506
508
510
502
505
507
502
509
505
503
500
504
500
502
503
501
501
503
499
500
500
494
497
495
496
497
495
493
494
493
493
494
492
489
493
493
486
489
486
489
487
491
488
483
490
488
486
487
485
485
489
485
489
487
487
486
488
486
488
484
485
486
484
484
483
483
482
481
486
482
483
483
481
479
485
481
484
481
479
482
484
480
484
479
481
481
481
481
489
486
485
487
488
497
505
406
619
524
474
564
525
448
596
526
469
553
519
515
520
527
529
532
540
558
589
461
742
599
456
714
600
478
742
616
476
764
623
481
830
655
460
843
641
470
743
617
479
877
709
458
917
693
491
990
454
968
758
438
914
703
438
978
770
732
434
979
798
792
798
759
748
792
798
796
792
766
764
800
813
821
816
797
806
852
848
832
804
805
846
853
840
819
816
875
889
886
860
839
881
890
884
853
847
889
902
890
864
883
919
922
896
874
889
895
892
881
855
876
896
896
882
873
896
904
894
879
901
926
896
888
891
900
869
844
855
872
869
845
832
872
879
888
868
850
878
885
889
871
852
851
871
904
905
897
889
886
903
904
904
893
868
879
886
906
926
912
904
919
916
904
884
866
869
880
899
897
878
868
880
893
893
876
858
870
879
905
911
898
904
908
904
887
881
889
896
883
880
895
894
888
888
906
914
893
895
902
897
875
892
903
902
881
878
893
890
862
885
896
885
864
875
888
876
869
883
901
894
872
884
892
885
868
877
885
888
867
870
872
873
858
852
860
871
877
859
864
879
883
877
879
890
888
864
857
869
867
854
862
878
883
874
888
900
898
896
900
903
908
888
872
855
844
826
821
833
837
837
863
876
872
861
867
869
856
846
852
850
838
845
856
852
838
849
850
857
841
845
862
881
882
885
902
905
903
901
906
901
890
892
913
908
903
904
908
907
889
887
893
894
875
879
894
898
889
886
897
876
860
869
882
870
857
869
872
859
854
860
870
860
867
884
890
882
883
886
884
865
867
876
871
866
870
882
878
868
876
891
894
880
887
892
888
881
896
899
888
882
893
896
886
881
896
905
896
895
893
891
879
877
889
889
878
868
892
891
874
872
892
899
887
888
904
898
883
890
903
892
869
881
887
868
864
878
887
879
887
903
913
894
903
915
903
879
878
881
872
852
864
861
858
846
854
860
868
861
864
885