714
725
731
743
733
735
727
722
719
723
719
723
728
718
722
730
728
720
722
726
716
720
721
726
716
721
720
719
711
710
711
719
715
718
724
717
722
728
738
738
720
720
714
721
720
715
713
715
708
722
709
724
700
709
706
706
707
707
710
716
722
725
737
744
738
732
737
750
766
764
775
770
782
780
775
769
755
768
761
758
763
771
771
781
797
789
805
803
800
795
794
783
787
789
783
796
793
801
806
803
791
801
803
803
809
815
815
819
828
821
832
826
827
831
815
826
817
829
826
825
841
835
839
843
838
836
824
825
807
822
814
822
827
836
838
835
842
843
839
837
823
830
832
828
836
843
843
847
857
854
839
849
846
839
837
836
840
826
828
835
836
839
844
835
838
842
838
842
849
846
856
851
848
836
837
833
823
812
813
815
814
811
816
812
818
822
825
831
830
840
834
841
839
844
836
825
818
818
813
814
813
808
818
815
820
821
813
818
821
821
820
823
806
813
810
811
813
816
808
820
829
831
843
852
846
855
854
858
874
878
876
873
870
878
875
881
880
886
882
881
866
853
842
832
821
815
814
813
813
806
814
823
831
842
851
848
853
866
867
873
884
881
875
862
860
875
873
871
888
893
893
899
881
888
878
878
869
847
848
845
839
839
839
829
829
829
821
829
826
823
821
817
815
816
818
813
805
800
799
799
797
796
792
796
796
798
795
796
816
830
836
860
868
868
864
858
860
851
857
849
847
842
832
815
824
816
813
815
806
814
825
824
841
857
862
865
869
862
873
876
871
875
860
864
852
861
866
867
869
877
872
884
893
886
891
896
891
893
900
903
897
891
895
887
881
871
866
860
873
873
880
890
889
889
920
925
913
904
905
904
908
902
900
883
890
882
889
889
892
891
889
896
899
907
913
914
908
905
915
910
920
918
915
915
900
900
889
886
889
886
885
895
885
882
882
884
878
884
882
874
875
872
863
872
874
862
847
841
831
839
828
832
833
833
842
844
837
834
829
829
818
802
811
801
798
800
786
808
796
796
797
798
800
798
801
804
797
791
791
781
784
778
773
771
765
753
760
751
716
716
707
697
685
673
664
669
659
655
649
655
652
650
657
656
650
654
660
653
648
651
654
646
639
644
641
630
630
634
628
623
626
630
628
620
627
626
620
616
621
620
615
612
617
612
607
610
609
604
601
606
607
601
609
609
612
610
617
619
615
618
621
617
611
611
623
612
609
605
611
609
606
607
612
606
605
606
605
602
600
607
604
598
600
604
598
592
598
596
594
591
601
594
593
598
596
593
590
596
593
589
592
594
591
587
592
588
587
588
592
589
585
591
586
581
581
583
580
578
583
578
572
581
576
570
569
577
571
564
568
569
569
564
570
570
566
563
565
564
562
564
565
564
563
567
563
562
562
567
563
562
563
566
562
561
564
561
560
556
563
559
555
556
563
560
558
555
560
559
553
557
557
557
554
561
559
557
561
562
564
572
582
589
593
600
612
618
615
622
625
619
623
635
631
632
636
644
637
639
639
643
633
641
657
662
683
696
695
703
722
716
716
728
724
711
713
713
721
726
750
744
746
770
753
742
760
738
731
718
720
731
721
719
739
729
722
730
717
711
717
715
738
731
735
738
732
742
734
743
740
743
753
754
761
759
748
761
749
762
754
762
752
752
760
753
755
766
760
756
771
766
760
764
747
744
737
750
761
757
773
781
799
805
798
798
802
786
740
815
798
778
781
780
789
796
801
813
815
808
806
791
800
794
788
791
796
797
804
801
795
792
794
798
801
802
800
799
791
781
783
779
781
778
778
778
779
789
798
800
801
798
783
782
780
783
788
791
795
786
798
795
799
797
803
797
789
795
797
804
809
815
817
815
813
803
802
802
800
804
810
813
810
817
817
815
823
826
821
825
829
822
822
820
814
813
803
803
797
792
785
784
787
779
779
772
775
779
783
790
805
807
809
811
818
818
827
827
826
820
820
815
802
800
793
799
802
806
814
819
819
836
841
850
853
852
861
860
858
862
852
855
844
829
825
864
841
826
813
795
797
794
799
803
805
814
824
825
835
839
842
852
849
851
839
839
834
831
827
819
814
814
812
809
816
818
820
823
823
826
824
830
825
827
827
817
819
820
823
820
821
827
824
826
824
821
815
815
813
811
814
818
820
827
827
835
835
842
832
833
829
831
828
824
820
813
816
815
813
814
817
817
824
826
830
830
825
827
823
821
824
823
825
820
812
807
802
796
791
789
788
787
781
785
790
784
795
796
797
806
805
817
817
823
823
819
809
803
790
789
782
783
797
794
800
799
804
807
808
806
819
817
830
837
842
836
845
849
847
847
850
854
853
853
858
860
854
854
849
843
845
838
832
824
817
813
801
803
800
795
801
813
822
826
832
827
827
823
818
823
825
826
823
825
827
829
829
828
830
828
836
839
842
841
840
834
836
840
837
840
846
842
851
853
854
852
851
856
852
850
850
841
840
839