616
761
690
690
698
706
712
703
703
702
700
690
693
692
705
706
706
712
704
719
722
711
717
724
723
698
753
722
731
734
736
729
729
729
721
704
700
707
712
717
716
713
711
715
712
716
714
710
708
700
697
711
712
716
718
729
731
728
739
745
753
741
738
738
733
728
738
735
733
742
747
741
735
750
739
737
748
741
724
728
738
740
739
752
757
750
756
756
758
742
752
748
740
752
748
733
737
743
739
730
729
737
736
730
736
737
748
744
738
744
742
734
736
723
725
728
728
723
702
706
708
707
703
697
705
696
693
701
708
718
730
732
751
737
755
750
754
752
755
742
743
745
733
738
746
741
740
743
739
728
731
742
738
735
729
723
729
725
731
733
724
729
715
726
721
722
720
725
722
720
713
714
713
701
718
711
711
715
701
715
717
716
722
716
714
707
713
707
705
705
711
709
714
716
710
708
707
702
698
704
710
705
701
703
723
733
740
737
737
744
742
741
737
743
741
731
735
743
729
733
732
725
720
717
722
721
726
721
721
724
731
729
733
741
733
738
727
739
735
728
727
726
724
724
726
729
729
720
733
731
728
736
738
735
729
729
732
729
729
723
732
729
734
723
727
728
728
726
723
714
714
712
704
706
707
710
709
716
726
738
737
735
737
723
728
729
724
719
710
713
713
717
727
724
727
729
717
723
719
726
740
737
735
729
731
729
728
736
735
737
734
729
725
733
737
732
731
722
715
714
715
717
714
714
705
710
709
705
715
718
729
727
730
725
731
727
719
720
719
705
720
711
709
713
714
714
718
719
718
719
720
713
713
705
710
700
701
702
701
710
705
698
709
711
710
712
717
721
729
723
727
714
723
727
729
729
725
723
729
733
731
729
714
712
709
705
704
696
706
708
700
710
715
714
705
709
714
713
721
711
706
705
706
707
703
707
717
714
719
717
712
717
713
714
709
704
709
714
709
707
721
716
723
724
722
725
728
725
732
735
730
725
723
729
723
733
728
724
728
730
732
732
735
729
729
741
729
728
736
727
739
728
725
736
734
731
735
726
728
723
713
716
720
713
713
707
722
722
725
724
721
729
733
732
732
745
748
743
717
720
715
716
722
722
714
703
726
738
711
720
722
718
704
697
702
687
687
680
673
670
672
665
663
665
661
661
655
656
653
649
653
646
646
648
641
645
639
643
639
634
639
630
635
625
631
626
620
630
617
620
621
619
611
615
607
616
609
605
604
610
598
604
602
593
597
598
583
595
586
583
585
585
576
580
587
572
575
577
571
575
574
569
575
577
570
570
573
574
568
567
574
565
570
567
571
562
567
564
562
563
562
552
555
558
557
549
547
552
544
545
1094
542
545
548
549
538
543
549
539
545
541
541
537
538
539
533
532
530
533
530
527
533
526
527
1049
525
521
521
522
524
518
521
521
524
515
520
516
519
514
514
517
515
509
514
511
514
510
510
509
511
511
506
511
503
509
504
505
1004
499
497
501
499
496
495
494
498
497
495
496
496
494
494
491
496
493
494
490
494
492
489
979
491
487
488
490
489
485
487
486
487
484
484
482
481
486
481
481
483
479
481
479
478
962
479
477
479
477
478
475
477
473
476
475
477
479
478
477
476
479
482
481
482
489
491
494
491
494
500
501
505
507
507
513
514
514
511
513
512
510
509
509
510
508
504
508
516
527
536
526
525
525
530
529
521
521
515
511
513
513
512
518
522
526
525
521
525
525
528
522
521
524
533
537
541
536
542
541
545
540
544
535
533
530
535
530
527
528
527
530
530
537
541
542
543
545
556
557
550
554
557
558
557
558
562
542
569
562
569
521
601
567
576
575
570
560
557
560
550
551
547
548
542
533
547
544
544
545
541
539
549
552
563
566
571
574
572
575
581
577
571
566
534
594
572
570
569
566
565
569
569
572
576
583
583
582
579
576
571
550
585
578
584
580
581
587
539
645
589
592
586
582
584
586
588
588
589
585
579
580
578
581
582
584
586
585
589
585
585
583
582
584
578
591
586
585
585
585
586
585
585
571
612
590
595
593
593
596
596
599
591
590
591
595
599
603
604
602
600
562
629
593
590
594
571
625
589
617
603
606
608
617
614
613
616
619
620
586
630
608
611
611
607
600
604
606
610
615
612
605
604
604
604
607
607
606
600
601
603
606
608
606
604
602
601
593
605
603
600
596
592
595
598
602
604
602
602
599
599
601
602
598
601
602
607
602
602
601
601
608
607
604
605
605
601
598
600
602
608
609
615
610
615
609
606
610
606
612
609
607
604
602
600
597
598
598
602
605
611
616
616
621
621
625
632
627
622
621
618
616
613
607
602
605
612
611
612
618
622
619
625
625
620
615
614
619
621
624
623
626
636
632
634
636
642
637
639
639
637
637
640
635
637
637
635
634
630
631
628
638
636
640
640
640
646
652
658
663
656
648
654
651
649
643
643
645
642
639
632
633
626
623
622
624
628
634
626
631
629
628
631
635
629
637
638
638
637
649
646
652
654
652
653
655
659
640
669
660
649
648
650
646
646
644
640
643
646
641
644
642
643
643
653
652
649
648
652
654
656
652
652
650
653
658
648
650
652
649
646
653
652
654
647
650
649
649
649
648
642
644
636
630
629
630
640
642
644
640
647
654
649
644
648
647
645
643
652
652
652
650
662
661
654
660
665
661
654
655
656
657
649
647
655
656
648
652
657
657
652
656
657
646
653
661
659
659
656
673
670
659
663
662
666
655
671
657
657
646
644
629
630
628
622
627
636
647
652
664
665
656
656
669
663
658
661
664
675
669
658
661
664
663
649
658
661
662
664
662
650
662
651
657
659
650
646
653
653
646
643
636
635
646
643
642
637
638
648
653
651
647
652
661
657
664
669
673
666
668
677
678
672
669
682
674
668
668
681
673
670
671
678
674
666
674
676
672
667
677
676
677
669
685
675
668
663
673
659
669
668
670
669
673
669
664
673
667