1117
1188
1170
1132
1197
1192
1137
1193
1172
1158
1187
1137
1177
1137
1141
1166
1146
1135
1175
1141
1144
1170
1132
1170
1123
1178
1173
1125
1172
1167
1116
1173
1143
1127
1169
1121
1155
1162
1119
1160
1146
1130
1158
1113
1172
1155
1136
1165
1122
1157
1129
1146
1156
1110
1157
1160
1118
1159
1141
1124
1163
1118
1133
1157
1114
1161
1119
1145
1155
1102
1140
1146
1110
1146
1115
1129
1155
1104
1131
1122
1106
1144
1101
1113
1136
1099
1139
1131
1105
1139
1096
1117
1131
1093
1142
1106
1102
1133
1088
1133
1126
1092
1140
1122
1105
1150
1099
1151
1121
1150
1101
1120
1143
1093
1140
1146
1104
1154
1136
1128
1155
1107
1150
1152
1116
1160
1140
1122
1161
1134
1135
1166
1109
1147
1150
1108
1160
1134
1127
1163
1129
1145
1161
1124
1166
1137
1149
1168
1117
1151
1159
1118
1163
1149
1148
1172
1126
1162
1135
1144
1161
1104
1161
1144
1119
1152
1120
1155
1154
1118
1162
1126
1130
1150
1104
1154
1153
1114
1160
1143
1122
1155
1114
1153
1155
1112
1158
1144
1116
1157
1128
1137
1164
1119
1163
1141
1127
1132
1146
1162
1115
1161
1148
1124
1164
1121
1135
1149
1106
1150
1136
1120
1154
1113
1122
1150
1116
1132
1147
1137
1089
1143
1091
1137
1140
1089
1137
1145
1085
1132
1102
1114
1138
1116
1104
1144
1084
1127
1116
1107
1143
1132
1096
1141
1107
1128
1140
1094
1135
1124
1100
1138
1126
1105
1146
1100
1133
1146
1101
1142
1118
1109
1141
1099
1108
1137
1097
1130
1139
1082
1128
1125
1094
1135
1112
1105
1132
1095
1124
1123
1091
1136
1118
1100
1143
1132
1108
1146
1107
1122
1136
1118
1132
1086
1073
1112
1126
1085
1114
1124
1074
1105
1121
1090
1127
1136
1062
1039
1128
1085
1050
1065
1065
1030
1006
1009
1003
978
977
972
966
957
962
963
976
972
963
972
976
978
994
1001
998
1003
1004
1001
1011
992
1010
1016
986
989
985
983
931
902
905
876
884
863
877
869
852
863
836
837
827
836
845
825
834
836
823
828
837
835
820
826
827
821
821
822
810
813
806
786
802
797
801
785
788
790
786
773
779
781
780
772
774
779
766
774
773
762
756
766
758
749
752
755
756
734
745
739
733
734
731
731
731
724
728
727
722
715
717
713
708
708
718
706
714
719
711
711
720
713
719
719
711
713
718
719
708
709
705
698
688
700
707
704
703
717
720
718
731
729
728
731
722
722
718
710
713
716
705
704
709
698
709
706
698
715
711
701
715
711
703
711
712
706
717
721
717
717
729
728
737
742
733
741
740
728
737
735
720
740
734
730
731
724
725
725
719
716
766
762
768
771
774
832
940
905
844
846
838
840
842
807
799
778
771
774
767
781
801
802
785
759
777
802
826
833
853
861
823
837
849
788
806
803
814
839
826
831
822
843
871
874
867
829
881
871
862
857
888
966
936
977
960
966
896
911
922
904
914
896
913
895
899
884
979
983
1009
986
1042
1043
1062
1021
996
1015
1042
1031
1026
1053
1039
1069
1052
1027
1066
1038
1043
1068
1047
1043
1067
1046
1052
1086
1052
1065
1088
1052
1086
1098
1052
1074
1095
1057
1079
1095
1057
1079
1093
1050
1083
1105
1098
1059
1101
1073
1089
1096
1059
1084
1097
1052
1104
1091
1065
1102
1092
1058
1079
1074
1093
1101
1066
1060
1095
1063
1063
1102
1066
1060
1099
1049
1097
1101
1065
1114
1095
1080
1114
1098
1081
1116
1065
1091
1089
1111
1084
1080
1108
1080
1080
1107
1073
1087
1107
1076
1093
1111
1070
1117
1118
1074
1108
1110
1079
1112
1096
1084
1116
1095
1123
1104
1064
1107
1102
1057
1097
1101
1060
1095
1101
1061
1109
1085
1079
1110
1079
1092
1117
1075
1116
1128
1081
1134
1120
1084
1126
1104
1059
1113
1105
1066
1110
1096
1069
1112
1090
1079
1114
1096
1091
1086
1124
1088
1097
1129
1093
1109
1100
1085
1118
1066
1099
1108
1096
1049
1100
1092
1064
1103
1091
1060
1099
1084
1065
1110
1085
1076
1110
1070
1086
1101
1065
1102
1113
1064
1100
1112
1069
1112
1105
1077
1120
1089
1069
1107
1120
1126
1081
1130
1120
1084
1123
1106
1093
1124
1084
1096
1127
1082
1117
1117
1069
1112
1100
1074
1115
1079
1096
1108
1063
1110
1065
1080
1080
1066
1070
1069
1090
1094
1059
1102
1080
1064
1101
1089
1064
1100
1092
1067
1109
1079
1091
1103
1062
1101
1112
1071
1083
1108
1072
1105
1112
1063
1105
1103
1070
1109
1086
1095
1111
1067