757
743
720
721
726
722
744
1154
1036
1010
926
882
854
831
818
816
816
813
835
863
950
935
897
925
941
880
894
889
890
872
868
872
886
870
858
849
836
847
840
832
474
347
813
834
826
815
794
820
830
824
803
798
821
819
801
785
774
820
834
818
785
793
815
798
785
765
797
824
822
797
812
837
831
802
823
843
832
802
801
831
826
793
785
809
820
799
779
809
841
829
807
829
830
813
793
802
837
824
783
797
818
801
769
790
811
789
762
770
819
1606
800
851
846
836
816
850
857
841
821
859
865
850
832
854
897
860
813
782
775
772
766
757
797
843
846
828
794
797
803
779
747
771
805
790
759
802
867
875
861
894
904
887
879
882
864
847
857
849
840
830
847
842
831
825
858
855
834
840
846
830
814
836
839
813
812
827
829
815
786
807
824
821
804
778
769
810
832
807
764
780
799
776
744
772
806
791
761
801
824
805
779
801
834
813
780
798
813
791
762
780
813
795
762
783
818
796
770
807
831
811
782
800
813
794
769
789
795
766
778
797
780
753
769
793
773
757
788
790
757
780
816
807
774
792
808
778
792
829
804
799
813
793
768
795
798
771
797
818
791
816
846
826
832
828
804
777
805
815
779
788
818
801
780
813
819
792
784
794
840
840
811
770
787
799
770
760
779
770
743
755
764
750
737
756
781
760
757
791
799
769
788
808
788
783
818
819
790
803
817
787
781
804
783
753
778
800
771
787
813
796
765
791
806
788
766
803
822
803
791
829
837
812
807
1006
1012
852
829
812
798
778
798
811
810
799
811
812
785
805
836
832
829
875
879
863
867
902
890
876
875
869
862
859
876
859
847
846
838
832
815
845
853
851
849
867
860
848
850
841
828
805
817
823
807
796
806
800
773
783
803
802
770
783
813
806
785
805
818
798
775
815
828
800
761
773
805
792
759
777
796
783
769
798
809
779
795
807
779
786
802
788
775
791
801
786
791
781
765
763
751
728
725
707
699
691
687
688
684
668
690
699
705
688
703
722
709
705
714
712
705
696
705
712
708
725
723
721
726
722
720
718
721
722
716
707
712
1411
707
713
707
700
700
700
695
691
693
692
686
687
688
688
677
684
685
683
680
681
680
672
672
674
673
665
670
669
666
662
665
665
664
658
662
659
659
658
667
668
663
659
667
664
658
654
658
656
652
649
652
650
643
644
645
643
635
638
637
634
628
625
629
627
627
621
625
622
619
618
623
623
619
620
621
621
616
614
618
616
612
609
611
611
609
609
610
611
609
610
612
615
614
611
614
615
612
613
612
610
609
606
610
609
606
604
613
615
615
612
613
616
617
612
613
615
613
609
609
603
604
599
593
590
589
592
593
593
593
601
604
607
610
617
616
621
620
623
625
621
616
621
620
612
627
664
678
661
657
646
634
632
629
622
612
605
601
597
592
602
604
603
605
602
610
613
611
611
623
626
625
629
639
632
628
624
615
606
613
615
607
602
599
594
596
604
610
606
612
612
604
597
599
590
598
588
605
614
613
647
714
721
697
683
659
657
647
639
638
632
636
639
628
647
651
631
646
635
647
649
646
648
647
637
627
627
634
641
639
636
657
668
660
659
661
675
674
670
666
687
691
683
680
693
694
696
686
675
673
678
683
666
651
642
651
665
689
704
702
693
698
719
719
710
696
693
704
694
670
656
651
648
669
671
664
666
664
690
693
683
682
688
709
703
696
696
719
719
711
699
722
734
726
713
742
354
395
729
703
1435
705
698
712
748
738
710
716
732
721
704
695
728
730
692
678
674
688
728
745
734
732
765
771
742
714
741
757
732
706
718
746
734
707
722
760
751
726
721
755
757
729
732
769
753
721
740
769
741
709
733
764
744
716
736
774
756
727
729
764
757
730
721
764
778
747
735
775
781
729
742
777
754
718
730
755
739
708
707
751
759
719
718
746
730
703
727
751
736
701
767
1122
996
867
809
764
729
704
708
706
691
694
728
731
704
702
746
764
724
727
753
740
708
720
745
729
704
734
772
757
716
734
767
746
710
743
758
726
749
768
731
760
784
756
750
788
774
738
750
768
736
722
743
745
722
702
735
772
768
741
778
779
735
757
777
749
717
743
780
771
725
756
800
774
730
745
785
776
730
737
771
763
724
743
770
749
716
735
765
744
727
764
791
770
790
797
762
767
785
767
743
763
801
813
763
763
751
724
713
702
733
769
764
742
775
791
749
748
789
793
747
759
800
799
753
776
814
798
774
814
822
774
772
812
797
775
771
746
763
813
808
764
782
807
779
732
746
767
748
720
731
755
739
710
734
771
758
728
724
742
732
711
712
691
688
690
688
673
671
680
679
676
677
703
725
717
702
728
753
744
724
749
774
761
736
740
772
768
738
757
788
774
746
762
789
780
747
761
772
751
729
742
765
761
733
737
769
763
737
755
786
771
742
761
780
765
740
762
790
781
742
757
778
764
732
746
782
771
739
758
787
770
737
759
777
757
733
762
778
758
738
772
776
743
758
783
767
740
760
783
761
734
752
780
768
740
764
776
759
734
754
763
744
716
738
772
763
760
725
719
724
715
713
735
749
743