971
955
982
981
982
977
983
998
985
986
957
937
967
951
942
954
946
925
928
929
912
905
933
931
925
941
918
954
950
945
952
975
962
948
474
508
971
944
1092
811
1891
972
976
975
950
931
926
941
933
904
894
905
934
953
967
966
972
973
953
970
974
953
958
960
962
967
967
951
954
951
957
964
946
965
961
947
925
929
934
929
911
914
930
937
939
670
257
904
919
917
914
911
932
944
930
941
941
950
945
924
948
954
960
937
965
955
938
953
945
937
915
888
865
853
834
823
832
863
889
929
949
976
998
1005
1006
998
989
974
963
953
935
921
934
929
918
915
918
910
903
889
906
894
882
872
890
888
888
869
885
887
872
869
874
874
876
877
866
876
874
862
861
868
871
857
857
867
866
859
882
884
882
875
892
885
886
874
881
886
886
878
898
896
893
874
901
901
903
901
925
922
907
911
917
914
899
896
901
907
902
894
915
906
896
872
875
865
862
862
848
854
884
886
887
919
924
924
927
938
929
921
905
925
921
919
918
911
914
925
907
936
936
938
963
957
951
969
941
968
964
954
950
937
919
918
922
905
900
891
896
890
878
907
919
924
923
914
896
886
897
896
889
885
884
893
906
911
931
945
954
949
928
943
946
939
930
909
912
927
928
931
924
926
933
924
935
933
933
943
947
944
945
936
939
945
938
929
919
905
922
918
917
931
958
949
981
982
965
932
965
977
971
961
978
969
945
947
935
928
949
934
938
920
904
924
906
901
912
918
930
940
935
931
923
919
935
918
902
898
889
900
884
884
877
889
900
909
923
920
911
904
909
903
890
865
878
847
875
861
844
857
886
903
907
907
909
893
891
889
888
887
877
867
880
866
869
858
854
852
850
864
868
867
845
868
860
865
885
884
889
886
885
901
886
870
872
879
896
897
902
919
913
909
928
896
906
883
893
890
887
867
844
1657
799
798
785
765
280
476
756
748
736
729
722
716
708
697
690
694
697
690
688
683
695
690
687
680
1365
707
678
674
688
692
688
683
680
695
688
679
673
670
684
687
685
685
673
670
675
674
670
657
657
664
660
650
641
645
648
650
646
640
1296
651
638
632
649
645
644
640
644
649
651
644
635
636
644
643
632
629
630
632
630
620
1244
629
623
615
622
620
623
623
628
619
619
618
627
628
617
615
614
622
618
612
614
614
620
620
619
618
619
624
627
620
621
620
627
631
628
618
623
626
632
624
617
626
637
630
626
625
628
626
622
614
623
629
633
622
617
619
639
635
632
641
659
674
684
698
697
691
702
730
720
697
695
716
713
701
681
672
682
672
656
643
648
649
647
625
618
620
625
629
615
612
612
624
629
625
634
662
659
695
692
704
692
679
681
709
799
804
735
733
747
731
739
771
785
791
780
777
804
813
811
843
829
826
813
830
829
813
809
851
852
856
854
809
839
846
856
844
782
801
797
802
767
781
778
776
748
745
758
766
767
783
778
750
779
788
808
821
825
789
813
811
815
819
787
792
813
839
858
865
857
832
848
837
835
834
818
813
803
858
866
854
836
859
844
832
836
863
848
853
841
805
805
840
853
868
855
852
868
849
819
814
845
836
833
821
837
865
861
837
821
853
868
860
884
941
917
896
902
922
892
903
904
880
1821
878
855
903
889
873
865
885
919
886
882
875
892
922
906
913
894
877
932
874
898
917
913
958
931
1813
1141
982
910
900
906
886
907
878
884
885
906
876
880
907
890
875
836
871
882
868
862
882
915
926
920
938
971
964
901
905
952
969
935
958
1161
1018
1004
982
974
964
993
993
979
999
992
958
977
980
952
952
968
948
932
939
942
928
925
959
945
949
1002
1006
989
970
991
981
969
981
987
974
953
977
968
950
920
896
909
931
967
974
965
955
978
988
965
966
972
961
957
982
979
964
976
1002
976
972
987
970
957
987
998
970
979
978
964
948
954
946
947
926
942
938
935
923
937
939
950
939
950
950
1877
930
921
911
902
903
887
882
891
911
915
918
919
879
902
931
910
882
887
945
890
882
902
935
920
894
889
938
895
897
909
941
914
895
884
924
894
896
910
933
917
894
913
943
910
895
922
935
895
898
926
947
907
886
909
937
1799
891
893
839
881
880
880
905
909
900
927
924
912
899
916
922
932
931
1839
912
909
901
1815
897
883
858
843
852
881
896
910
945
954
973
979
987
981
947
924
938
1103
991
967
953
969
955
944
959
942
951
968
958
949
980
981
975
947
956
1010
912
940
1010
955
917
932
975