1006
1017
976
992
997
997
1006
1019
981
1016
1015
992
970
974
960
980
988
977
984
1016
1019
1016
1022
1017
1001
982
981
975
966
979
978
977
998
1005
1031
1033
1028
1048
1070
1064
1067
1084
1076
1095
1069
1067
1072
1068
1087
1078
1067
1056
1146
1163
1158
1123
1111
1104
1096
1076
1076
1106
1114
1100
1132
1159
1133
1114
1127
1116
1105
1079
1081
1072
1045
1037
1067
1056
1032
1057
1059
1038
1039
1019
1033
1049
1046
1028
1032
1035
1002
1012
1010
1028
1021
1003
1012
985
999
1005
988
1014
1035
1023
1040
1075
1040
1032
1021
1002
1019
1012
1001
1023
1023
1043
1052
1041
1066
1073
1049
1073
1071
1040
1074
1075
1046
1027
1062
1067
1039
1063
1075
1063
1089
1120
1096
1063
1068
1131
1109
1041
1079
1050
1053
1021
1038
1062
1076
1070
1089
1094
1105
1112
1086
1099
1120
1090
1059
1080
1077
1045
1045
1051
1044
1034
1063
1076
1069
1077
1102
1106
1068
1081
1075
1063
1063
1093
1084
1053
1068
1087
1086
1061
1080
1095
1077
1058
1077
1077
1044
1032
1051
1030
1010
1040
1039
1025
1046
1077
1074
1039
1061
1077
1059
1069
1089
1050
1046
1058
1021
1004
1025
1015
979
1010
1016
993
1013
1037
1032
1018
1043
1050
1026
1048
1065
1040
1035
1065
1048
1035
1063
1041
1026
1048
1055
1026
1025
1066
1025
1031
1051
1021
1016
1046
1058
1040
1056
1064
1063
1047
1056
1050
1019
1030
1051
1034
1021
1050
1060
1070
1074
1096
1070
1082
1097
1065
1065
1085
1051
1022
1041
1049
1063
1046
1036
1053
1054
1052
1030
1041
1036
1032
1017
1018
1039
1063
1055
1063
1045
1067
1057
1016
1002
1025
1032
1012
987
1017
1026
1007
987
972
1007
1024
1035
1030
1042
1050
1050
1021
1035
1053
1032
1018
1034
1049
1036
1031
1071
1086
1080
1079
1089
1083
1058
1057
1063
1058
1034
1046
1058
1048
1037
1038
1063
1038
1014
1062
1073
1077
1056
1087
1046
959
979
962
930
940
936
915
287
628
1774
600
296
892
867
883
873
371
259
1109
402
470
884
727
1026
884
880
889
887
874
882
870
854
867
852
842
859
852
847
872
856
855
864
864
845
854
839
834
849
835
826
827
813
802
806
804
801
810
794
789
789
790
771
772
776
766
768
765
760
760
758
765
770
773
757
747
759
758
757
783
771
766
769
766
761
768
757
774
776
773
769
784
771
757
765
754
749
752
745
747
730
732
721
715
722
712
705
697
711
712
702
707
701
696
709
709
702
706
704
700
706
708
712
709
700
714
695
699
707
715
705
705
704
705
701
713
707
703
720
709
707
712
707
703
698
707
697
688
691
690
681
691
690
687
685
685
676
675
673
665
663
664
662
653
662
678
690
682
686
735
738
745
748
746
762
793
781
776
831
936
960
906
849
872
856
835
917
884
863
936
958
949
922
923
920
868
906
898
856
902
903
884
896
926
856
903
935
938
841
853
866
914
900
903
958
953
921
872
973
891
855
979
968
991
1018
1000
998
994
982
1017
1029
1015
1027
1037
1023
1032
1051
1009
991
1024
998
986
1034
1035
1020
1057
1067
1039
1063
1055
1019
1012
1023
1044
1031
1034
1072
1079
1063
1069
1060
1047
1041
1049
1078
1095
1069
1095
1113
1083
1083
1098
1114
1075
1065
1081
1079
1053
1069
1075
1036
1015
1056
1060
1040
1076
1081
1065
1088
1087
1056
1037
1054
1064
1037
1037
1052
1047
1030
1048
1061
1036
1039
1076
1047
1040
1059
1057
1042
1027
1019
1135
1070
1106
1093
1079
1098
1060
1055
1091
1097
1094
1071
1070
1095
1085
1096
1095
1067
1088
1084
1054
1069
1090
1064
1059
1081
1085
1077
1079
1094
1063
1079
1135
1105
1096
1133
1135
1089
1108
1113
1065
1058
1094
1095
1053
1070
1089
1060
1061
1037
1039
1058
1054
1019
1058
1076
1054
1057
1085
1056
1041
1071
1063
1044
1063
1073
1041
1063
1073
1043
1029
1063
1050
1018
1087
1086
1055
1088
1084
1058
1082
1098
1075
1060
1086
1076
1037
1044
1064
1038
1039
1068
1063
1030
1056
1066
1025
1037
1046
1018
998
1050
1080
1087
1090
1083
1104
1131
1103
1095
1086
1052
1024
1049
1037
1012
1033
1056
1052
1018
1034
1052
1031
1016
1040
1043
1022
1015
1015
1007
980
974
948
1017
1006
979
1013
1047
1061
1062
1058
1067
1082
1074
1074
1040
1036
1071
1077
1081
1065
1047
1073
1060
1056
1035
1021
1029
1023
1011
1010
1001
1002
1009
1015
986
996
999
1000
978
961
965
985
1003
979
1003
1030
1021
1004
1038
1038
1006
1012
1026
1010
992
1003
975
979
971
938
939
957
968
1018
1031
1006
1033
1025
978
995
1008
998
974