839
849
863
852
870
847
826
841
847
829
835
844
834
834
823
805
819
834
828
841
842
834
808
815
816
801
814
811
792
807
814
815
846
852
850
864
863
854
836
836
836
794
772
804
806
804
794
778
808
816
790
797
815
810
809
829
841
847
868
865
851
859
872
852
873
857
846
846
851
853
835
855
860
849
854
857
843
847
853
853
826
845
847
827
850
854
832
838
853
835
825
823
802
804
821
810
816
833
844
832
820
829
816
811
829
831
830
831
795
761
747
790
820
847
842
815
768
438
418
466
1116
778
784
796
800
804
820
838
831
834
845
838
833
849
846
856
859
843
844
838
829
845
845
828
830
845
846
844
837
844
838
829
832
847
848
814
769
743
765
756
746
782
799
817
806
810
823
827
804
829
828
822
786
769
792
809
823
838
838
846
849
844
847
853
854
843
850
849
849
836
841
843
832
844
853
858
865
872
852
854
819
832
832
827
823
831
829
813
830
833
819
827
828
805
782
816
829
839
829
842
832
811
820
829
818
827
834
835
832
840
862
849
854
866
867
886
867
875
866
846
830
827
812
813
828
840
814
813
816
817
817
785
761
787
805
826
846
842
830
835
829
810
813
815
802
810
814
804
819
825
812
822
842
845
849
859
852
855
862
854
853
819
792
776
774
791
787
783
809
809
790
810
822
818
821
794
810
814
802
813
832
844
839
848
851
837
845
845
832
853
852
854
841
860
854
849
849
834
816
821
824
813
822
821
810
782
818
824
832
831
860
862
846
859
854
842
834
819
822
820
800
820
830
828
828
842
850
833
847
855
845
852
852
841
842
849
840
830
840
846
833
839
834
816
777
768
796
813
823
837
826
822
822
808
804
803
792
804
788
769
744
777
788
810
817
833
851
853
841
836
825
825
825
821
835
844
838
825
834
845
854
813
831
839
827
827
812
813
829
840
822
833
837
844
830
831
822
819
820
828
838
823
842
843
807
807
828
833
817
845
854
831
832
842
819
817
817
812
796
797
750
718
722
733
740
749
739
735
715
698
685
660
665
643
636
624
623
614
337
274
604
600
586
579
576
572
568
564
560
558
555
556
552
559
567
573
565
573
570
575
560
561
557
559
553
559
563
553
558
555
554
556
554
553
552
559
554
552
543
1104
546
546
541
543
537
536
533
531
532
525
529
525
523
526
523
523
522
520
519
517
518
516
515
512
515
513
512
511
510
507
508
508
506
503
509
508
506
505
500
504
502
502
504
497
496
494
493
493
493
494
490
492
492
491
490
482
491
488
486
482
480
485
485
482
481
479
960
477
479
480
483
482
480
484
479
482
481
481
479
480
478
477
478
475
473
479
478
474
476
473
477
476
475
473
476
475
472
474
468
474
472
471
472
468
468
470
471
466
465
464
470
468
466
463
468
465
466
466
463
465
931
468
466
467
465
466
467
469
461
464
464
464
463
460
462
464
458
461
459
462
456
457
460
461
454
458
457
458
458
454
455
456
453
451
452
457
458
453
457
454
454
456
456
454
454
454
456
453
903
454
455
454
450
451
454
457
454
458
462
467
466
464
471
474
473
479
479
487
483
483
479
479
481
482
486
486
492
489
496
501
505
512
527
527
528
530
540
540
550
545
558
555
565
581
575
583
583
575
584
585
569
562
579
592
631
625
626
615
607
598
603
601
606
610
635
659
641
642
618
630
635
643
646
675
686
685
673
691
690
688
675
688
685
678
698
707
704
709
728
702
694
672
694
708
702
696
688
694
687
685
671
695
711
712
720
721
711
709
697
708
702
693
708
730
729
729
725
740
732
728
743
754
759
755
749
763
765
748
745
794
806
820
801
795
787
776
756
761
775
777
759
717
688
688
707
718
750
765
757
749
770
781
771
753
765
767
763
759
779
775
771
785
793
769
729
736
744
751
740
743
769
786
765
769
776
774
763
771
772
770
784
784
763
761
782
795
793
794
810
792
778
780
783
764
761
776
762
753
781
774
763
772
779
771
770
774
769
748
753
748
740
727
749
752
743
721
724
770
791
798
778
751
760
757
745
747
756
746
746
763
761
752
771
756
750
738
749
771
763
773
799
786
769
786
787
771
782
784
780
771
784
770
757
771
777
761
766
780
790
785
794
807
799
770
776
762
743
728
741
755
745
744
764
763
749
754
767
751
754
766
769
769
785
786
779
774
784
786
763
768
765
749
765
757
726
702
674
678
691
716
712
732
754
771
756
767
772
765
754
761
773
762
759
781
781
770
790
800
783
779
791
784
771
788
787
770
774
790
785
796
782
771
753
739
708
750
774
792
794
773
779
785
758
755
755
738
726
727
725
729
741
760
765
776
799
820
820
849
855
841
833
823
771
769
770
753
760
741
729
731
761
775
774
778
786
778
763
770
769
748
752
751
753
749
761
770
773
793
796
795
800
806
802
791
807
798
774
783
774
763
771
766
743
747
756
771
769
753
780
778
763
771
782
778
747
752
777
778
764
782
795
770
758
764
758
762
772
762
755
767
766
753
768
775
771
762
773
770
762
771
770
741
729
730
714
703
714
731
746
743
759
763
743
756
761
742
742
748
747
747
762
765
750
755
764
760
757
763
769
758
769
779
772
772
774
760
750
763
761
774
764
769
773
756
758
759
747
742
760
765
756
767
770
756
752