806
608
975
808
804
810
800
773
810
816
818
456
1145
801
796
791
771
765
799
812
553
1102
775
828
817
831
815
794
845
859
864
848
848
866
870
876
839
827
856
855
854
857
831
817
836
841
844
844
841
851
856
823
842
845
841
845
833
831
839
813
1626
792
783
783
783
778
765
768
768
762
764
769
764
776
758
774
778
785
776
787
788
782
764
806
806
815
809
795
791
822
813
820
815
797
788
806
816
827
814
803
813
813
822
805
794
814
820
827
512
1105
807
805
801
797
801
818
829
832
819
838
847
850
841
829
820
838
840
842
835
816
801
815
816
813
812
799
782
802
810
821
823
821
805
809
815
817
823
510
1100
805
798
801
790
780
792
799
801
1608
783
562
1023
783
459
1087
779
781
791
800
803
802
842
856
840
882
854
868
872
866
851
838
843
831
826
810
813
808
809
800
793
795
799
802
806
800
792
810
815
819
463
1158
786
797
787
789
797
798
548
1065
817
822
812
802
650
1005
832
823
805
829
1664
823
826
825
829
827
824
826
831
837
836
834
822
820
827
826
823
827
824
831
829
824
812
791
814
817
826
816
803
794
799
829
819
818
808
802
804
804
801
797
807
813
830
829
813
818
811
811
807
818
812
808
813
795
801
797
793
793
790
786
788
787
782
772
772
776
780
786
776
786
785
788
783
776
784
772
774
763
766
772
774
773
771
774
765
759
757
737
758
770
778
791
786
771
1566
769
1514
735
738
742
744
750
762
765
772
788
793
798
796
795
801
803
806
809
806
804
799
800
791
793
789
783
767
792
790
791
1592
797
785
779
784
791
786
788
800
450
1149
786
800
780
795
778
801
789
808
801
815
804
813
816
807
810
807
795
796
792
787
791
788
780
782
783
773
779
785
774
776
781
779
775
789
791
782
785
789
781
783
790
785
782
789
786
783
790
783
760
782
794
796
789
806
819
832
828
812
831
833
841
835
818
824
834
839
840
834
825
841
847
852
845
831
834
838
846
850
835
823
844
851
854
842
832
843
839
791
785
795
787
777
771
772
752
729
730
724
733
724
727
710
726
724
724
703
685
677
667
674
658
657
645
648
648
649
652
632
634
640
631
639
626
628
638
628
619
618
616
622
622
610
613
618
611
608
605
608
612
604
601
604
604
601
604
595
601
599
594
600
592
596
600
588
595
591
590
599
585
590
594
586
585
584
586
593
591
584
582
585
581
579
579
578
578
582
572
572
580
569
569
574
566
566
566
566
566
569
562
563
570
561
559
568
563
557
559
562
556
554
559
441
660
560
555
550
556
555
551
551
551
549
544
553
551
543
553
551
544
555
550
546
551
547
546
546
544
542
543
551
541
541
549
542
540
548
546
545
541
553
545
539
552
546
539
552
549
538
550
546
539
543
543
539
539
542
540
537
539
538
537
536
535
535
534
535
530
537
533
535
541
538
530
546
383
687
556
543
532
544
540
538
542
534
546
542
534
536
537
531
533
533
531
539
532
533
539
530
529
538
536
533
536
548
544
542
548
549
548
555
555
552
562
559
562
561
548
560
554
556
563
556
556
565
554
569
571
566
578
582
575
585
589
588
587
599
600
1199
606
586
600
601
592
601
610
607
605
625
629
625
646
652
650
646
660
655
649
1320
643
650
647
640
414
905
646
654
657
655
677
688
687
716
725
721
748
730
731
738
716
745
731
717
741
727
726
736
734
741
746
731
763
753
738
750
740
725
738
736
723
746
715
744
738
709
735
736
714
741
748
734
770
772
750
776
764
759
773
765
745
775
760
767
784
760
774
784
764
778
790
762
784
788
766
792
804
779
801
808
781
799
781
764
786
785
750
773
789
491
1056
771
774
742
764
771
769
763
788
788
771
795
792
781
805
795
776
793
789
776
796
792
1554
768
749
768
1521
760
755
743
1545
739
771
772
761
796
818
810
798
827
854
832
833
845
820
819
820
810
809
815
797
801
804
788
800
803
789
797
797
780
782
795
784
770
784
781
768
785
783
765
779
770
757
769
778
774
773
797
795
793
804
797
790
799
794
781
793
795
779
778
792
781
778
795
792
769
789
792
772
776
787
787
773
793
794
774
784
795
775
777
778
765
758
775
767
757
771
768
755
770
774
755
763
771
757
757
771
771
756
769
773
766
773
781
775
760
765
808
804
815
797
810
807
521
1069
797
796
771
778
783
787
778
784
781
785
782
764
743
737
735
751
750
744
727
722
704
718
699
702
711
712
706
718
718
708
721
716
711
724
718
711
726
726
716
720
737
735
730
738
746
747
744
763
771
770
783
779
769
782
772
768
780
767
770
773
768
771
781
783
784
790
502
1070
771
775
774
761
771
782
780
774
790
795
784
792
799
794
792
798
786
785
784
766
742
769
769
767
759
776
780
768
777
785
787
782
799
801
797
804
806
808
813
812
523
1069
788
761
771
769
750
762
771
761
771
791
796
790
812
803
792
800
796
774
784
757
761
763
752
752
760
758
756
769
764
766
772
770
779
782
781
786
794
784
790
786
772
788
784
768
799
792
780
793
780
767
763
748
768
767
762
752
771
764
757
760
764
769
759
782
769
786
796
795
790
804
794