759
749
740
728
735
740
733
726
703
697
715
714
732
740
729
727
725
729
756
771
783
766
771
784
814
828
819
838
812
755
725
714
718
693
683
675
689
722
726
713
722
735
750
761
752
751
771
780
786
774
754
755
771
786
793
781
763
773
783
794
783
769
766
756
767
792
784
771
777
780
792
793
755
747
742
750
756
753
728
714
701
702
716
721
733
744
736
737
743
738
741
757
754
748
733
723
716
698
685
686
685
685
683
679
692
709
730
748
737
738
749
764
750
730
729
727
728
730
732
735
734
728
706
703
701
700
702
700
703
704
696
689
680
674
660
652
651
648
650
662
683
695
714
720
745
758
759
746
737
728
716
707
692
685
667
659
660
659
668
678
681
688
691
700
715
724
720
724
732
745
736
741
735
731
717
701
687
673
654
652
644
643
643
648
653
667
675
678
677
673
670
672
678
686
684
683
688
686
685
680
688
683
688
684
679
680
693
689
694
694
695
688
691
698
693
693
688
684
676
662
653
651
646
646
654
652
654
659
669
688
696
715
710
710
721
710
701
695
693
697
692
688
684
677
672
667
665
652
645
646
644
647
656
662
671
677
686
669
676
681
681
675
676
677
670
669
663
660
646
640
640
644
656
655
659
669
677
688
685
693
690
689
686
684
669
663
655
649
654
658
671
674
678
674
679
675
659
669
649
642
651
653
655
648
656
661
664
650
646
647
647
649
655
664
680
691
682
688
691
700
696
707
714
716
706
703
699
697
690
682
684
681
681
674
685
685
687
689
693
692
672
666
656
653
655
664
673
681
686
669
684
682
687
687
689
688
690
688
687
677
674
667
662
649
649
640
631
631
638
642
648
645
648
665
680
683
685
676
669
670
672
669
669
665
672
661
647
646
644
646
644
637
642
657
655
665
673
681
692
688
695
693
690
689
686
678
677
674
656
655
647
652
656
660
662
657
662
657
658
646
654
652
651
660
654
654
658
663
670
669
669
667
671
654
648
651
649
651
662
661
670
665
667
668
670
667
651
650
656
654
663
670
670
669
671
671
669
666
663
658
647
648
645
638
642
646
653
656
672
682
685
683
687
680
669
667
665
670
669
667
670
676
682
691
700
697
705
705
696
687
672
663
664
663
655
669
665
681
695
704
698
713
716
722
714
717
728
726
729
723
719
712
708
706
698
688
692
684
680
688
674
670
672
682
700
717
709
711
721
718
722
721
703
702
707
708
706
701
700
697
695
688
683
675
661
650
647
639
646
658
669
673
678
679
688
677
689
683
676
680
674
666
664
657
644
642
639
642
644
640
638
641
644
647
656
664
670
674
672
668
672
674
679
683
675
678
682
672
670
673
673
670
675
672
673
672
667
660
652
639
640
637
646
660
658
665
671
672
666
665
667
669
673
675
673
675
667
658
663
661
669
681
688
701
699
695
705
705
696
696
695
696
693
688
684
686
692
690
690
691
695
685
678
678
672
679
678
680
687
688
678
677
681
683
683
687
686
683
680
671
659
650
649
644
650
649
655
661
661
657
661
661
663
667
665
664
656
655
651
652
647
646
644
644
641
640
641
636
635
637
638
641
645
647
650
647
651
647
646
646
634
640
628
625
627
633
638
646
653
654
646
646
647
647
649
655
657
664
658
654
656
663
664
677
673
679
682
682
678
673
661
654
658
662
675
675
678
690
707
707
707
704
705
705
707
702
701
704
695
695
696
704
708
717
723
732
728
722
717
719
707
697
679
676
676
669
672
672
671
667
673
676
667
672
668
662
664
660
663
657
656
657
669
688
703
712
728
735
726
726
724
698
696
694
677
662
655
661
663
662
668
670
663
652
647
640
631
626
615
612
611
608
603
598
592
597
591
587
583
584
582
580
578
572
569
567
567
562
561
557
559
560
557
559
555
550
553
552
550
551
550
549
550
545
544
545
543
543
539
541
542
540
535
533
535
534
531
529
529
532
530
531
531
524
525
525
522
523
519
519
523
521
525
521
524
529
535
533
535
535
535
540
544
544
542
542
531
522
519
518
519
520
521
517
507
510
513
510
510
507
501
500
504
504
504
498
496
501
500
498
493
491
495
496
493
487
488
489
490
488
485
484
483
483
485
484
479
480
479
478
477
478
480
479
479
476
473
473
474
475
476
476
471
471
470
472
474
474
474
469
471
472
473
474
473
470
471
470
472
472
472
473
473
471
466
469
470
475
476
472
471
478
475
468
476
476
472
468
472
473
470
470
466
468
469
471
464
467
467
469
463
467
467
467
463
463
464
466
463
460
460
461
460
461
458
457
456
461
462
461
459
458
455
460
461
460
460
456
455
454
458
457
454
452
452
456
456
455
454
454
453
452
459
455
454
450
458
457
458
454
453
458
458
460
461
460
457
464
464
467
469
471
467
459
465
481
497
501
503
501
493
501
499
498
497
496
496
504
506
503
501
505
507
513
515
510
507
514
529
528
539
535
537
528
533
540
537
538
529
524
531
536
548
546
537
536
541
543
536
538
549
552
549
554
545
544
548
547
547
540
536
537
541
539
550
544
541
554
556
559
558
553
569
577
577
569
575
567
563
555
547
539
534
531
534
545
535
549
556
553
556
563
560
549
546
545
542
544
540
543
556
575
591
594
599
597
587
590
582
575
566
562
548
545
541
538
541
534
543
564
575
581
579
582
577
574
566
564
563
563
565
565
553
558
559
566
567
567
569
563
560
558
556
546
554
546
548
539
535
551
553
560
563
573
583
579
567
566
568
566
577
578
577
571
573
567
563
560
562
566
566
570
576
575
571
570
564
559
550
549
546
553
585
602
615
615
613
610
596
598
584
585
582
584
586
579
578
585
580
585
583
575
577
582
592
615
609
605
613
618
625
622
612
613
610
619
604
601
597
601
599
592
600
601
596
591
589
593
589
603
601
597
591
582
576
568
570
571
568
563
583
594
601
590
589
595
609
604
614
621
618
616
612
608
608
598
593
596
598
605
604
599
595
589
598
600
597
593
584
584
584
581
585
590
603
601
606
604
598
591
586
577
575
570
566
567
588
583
589
592
601
598
596
589
596
593
595
600
595
589
587
585
584
580
587
584
584
587
585
585
581
574
574
569
572
578
581
590
592
588
588
591
589
586
583
1139
555
561
558
562
561
563
564
572
570
565
567
568
569
569
565
571
576
573
574
572
571
572
574
580
586
597
595
591
600
598
597
599
605
609
610
608
604
600
603
598
591
593
596
607
613
615
613
613
609
602
600
592
592
604
613
613
620
618
613
610
612
615
618
611
611
607
602
604
607
632
627
628
633
632
626
625
626
622
624
617
618
607
604
594
590
590
588
578
580
598
629
634
640
634
627
610
603
596
601
610
615
612
636
643
643
650
651
657
649
644
641
640
626
620
629
647
649
646
652
646
635
625
614
607
593
586
584
584
600
608
625
643
662
682
701
706
690
678
658
641
636
629
618
616
618
638
636
632
633
628
624
612
610
605
607
608
603
610
622
644
654
669
680
690
694
687
649
643
628
622
625
632
639
632
634
626
632
646
656
655
661
670
669
670
676
677
677
671
668
668
650
646
639
643
634
637
636
636
632
626
628
627
627
619
618
628
623
642
646
662
651
652
641
631
624
620
623
623
617
617
625
630
623
629
641
649
646
660