1080
518
1147
1036
1006
969
984
970
957
1001
1021
1005
1054
563
1176
1034
1043
1029
1016
1037
997
1014
1011
987
1004
1002
980
995
978
963
979
965
988
990
982
979
971
970
973
964
960
971
946
918
937
956
964
976
966
968
965
930
951
982
1008
1048
1012
1042
1019
1027
1011
1001
972
980
974
998
1023
1045
1045
1056
1031
1023
1021
1023
999
997
951
988
989
989
1021
1026
1059
1073
1063
1084
1058
1072
1084
1085
1063
1038
995
997
957
963
968
982
1031
1069
1021
1072
1100
1101
1120
1087
1072
1067
1077
1061
1057
1063
1062
1063
1074
1013
1029
1055
999
1038
1022
1027
1001
1008
987
971
941
935
903
885
859
832
812
786
813
815
816
811
833
841
824
803
819
836
828
819
818
836
827
823
838
831
809
830
833
812
832
829
812
778
821
825
817
814
828
834
819
835
841
825
786
765
816
824
848
845
858
886
896
886
906
885
887
900
902