1175
1249
1126
1772
1045
529
1190
1025
538
1158
998
1052
1084
552
1197
1142
552
1212
1109
1125
1794
1134
1180
1791
1183
1210
1812
1172
1137
550
1313
1201
1213
560
1319
1174
562
1338
1146
552
1324
1168
1824
1178
1200
577
1316
1184
1144
554
1308
1856
1160
1227
579
1322
1220
1813
1190
1804
1200
591
1378
1273
566
1349
1219
559
1327
1145
546
1337
1211
1843
1229
557
1294
1181
1866
1172
1221
562
1363
1239
1890
1225
1153
1182
1259
1343
1302
594
1391
1260
1313
1333
571
1403
1240
554
1346
1790
1199
1269
1280
1349
1292
1263
1813
621
1340
1854
1142
1816
1189
1830
1257
1264
1251
1900
1236
1885
1228
1855
1824
1188
1854
1216
1850
1174
1867
1129
1085
1161
1280
1272
563
1380
1264
556
1369
1870
1242
1838
1228
1220
1874
1247
1180
568
1372
1881
1265
1308
1350
1865
1270
1835
1195
1810
1104
542
1156
1044
543
1245
1124
551
1278
1160
1230
1854
1200
1844
1141
1861
1209
1216
562
1384
1262
1887
1240
1919
1229
1865
1173
562
1346
1238
1226
1285
1297
572
1377
696
1410
1253
559
1319
1161
1859
1210
1182
1803
1159
1263
1298
575
1334
1256
1873
1247
1293
1332
1290
1904
1286
558
1325
1160
1199
1296
1320
597
1337
1860
1212
558
1375
1266
1324
1340
1299
1931
1210
555
1354
1228
1884
1226
1207
568
1371
1187
558
1350
1173
561
1347
1284
1214
1897
1163
1807
1151
1826
1202
1832
1083
1788
1152
560
1333
1229
1305
1307
1297
1314
573
1370
595
1392
1893
1813
1102
1121
1137
1160
1126
1129
1211
1257
1246
1298
1267
623
1421
586
1341
1870
1168
1805
1865
1277
1307
1387
1300
1288
1890
1199
1852
1195
1201
1887
1196
1151
588
1404
1897
1298
1299
1290
1336
1869
1276
1230
1848
1167
1828
1211
1203
1886
1219
1274
1833
1112
568
1273
1085
547
1324
1220
1189
1269
1210
1886
1202
1767
641
1338
1175
1168
1726
1091
545
1250
1122
541
1267
1166
606
1346
1240
560
1329
1245
552
1291
1203
554
1291
1204
550
1287
1170
548
1344
1201
1259
1844
1266
1835
1240
1859
1219
1805
1144
552
1326
1146
1868
1201
1246
1862
1244
1861
1253
1879
1239
1284
560
1345
1260
551
1290
1224
1277
1269
1270
1173
1238
1249
1163
1215
1203
1176
1212
1193
1203
1227
1172
1209
1183
1177
1210
1149
1182
1188
560
1269
1151
556
1250
1050
1097
1798
1134
1201
1245
1205
1271
1229
1214
1235
1186
552
1325
1182
551
1271
1182
1815
1189
1137
544
1295
1152
1101
561
1324
1187
1231
568
1311
1172
1094
1119
1130
1159
1098
1031
1020
1062
1086
1105
1066
1126
1147
1117
1134
1167
1142
1159
1183
1133
1148
1154
1109
1146
1153
1101
1156
1172
1141
1202
1171
610
1312
1177
556
1211
1139
1174
1128
1203
1232
1172
1187
1221
1156
1846
1204
1156
1229
1223
1255
1298
1217
1273
1244
1220
554
1310
1200
553
1277
1172
1248
1819
1219
1721
554
1174
568
1268
1168
1136
1838
1210
1176
1218
553
1283
1207
543
1295
1192
548
1216
1129
543
1288
1190
547
1287
1184
543
1271
1796
1129
542
1318
1230
1198
555
1354
1210
1843
1215
1191
1289
1240
1274
1285
578
1357
1231
1159
1217
1257
1206
1280
1243
1206
1252
1198
1189
1197
1133
1107
1137
1131
1098
1156
593
1271
1156
1770
1144
1139
1100
1169
1211
1154
1186
1751
1145
1146
547
1175
1040
1045
552
1268
1084
1084
1108
1753
1152
1163
1121
536
1200
1014
1049
1090
1116
1099
1156
1163
565
1277
1790
1048
534
1213
1061
1050
1114
1187
1771
1162
548
1252
1170
1176
556
1252
1209
1192
1817
1202
1165
554
1291
1155
1208
556
1265
1234
1212
1823
1224
1175
564
1381
1210
1796
1088
1711
1087
541
1303
1180
1250
1245
1164
586
1356
1139
585
1212
1029
1024
1099
1203
1221
579
1357
1222
1209
564
1305
1180
556
1265
1191
1230
1240
1851
1229
1167
1189
1178
1199
1245
1206
1181
1229
1232
1171
1224
1206
1131
1169
1162
564
1239
1135
553
1239
1122
1184
1182
1242
1256
1261
1252
1207
1226
1805
1193
1150
546
1298
1171
1140
555
1311
1142
561
1271
1160
1176
564
1296
1168
551
1278
1107
1638
1007
956
923
848
886
896
887
876
838
854
892
898
894
909
924
936
974
999
1015
1034
1037
1027
1047
1068
1087
1076
1100
1186
1238
1272
547
1240
1199
1184
1753
1125
544
1329
1232
1192
1278
1279
1141
539
1304
1201
1170
1797
1185
1183
1193
1823
1254
1180
549
1298
1200
543
1291
1221
1199
1869
1223
1288
1855
1258
1219
1301
1271
1308
1262
627
1414
1214
1230
1241
1215
1243
1200
1202
1206
1162
1183
1221
1188
1210
1192
1186
1216
575
1320
1230
1799
1211
1164
1193
1277
1219
1267
1228
1238
1811
1197
1185
1839
1218
1194
1236
1813
1213
1196
1202
549
1324
1204
1248
1804
1228
1222
1840
1225
1193
1828
1167
1207
553
1277
1234
1229
1192
556
1315
1177
1843
1278
1850
1217
1865
1266
1858
1241
1270
561
1395
1318
1272
1858
1215
549
1272
1151
1233
1292
563
1261
1205
1200
1156
1104
1070
1094
1093
1127
1168
1164
1140
1181
1195
1147
1184
1210
1143
1155
1207
1185
1165
1169
1146
1216
1231
551
1318
1223
1119
539
1282
1188
1126
1198
1233
1188
1254
1243
1195
1243
1242
1203
550
1305
1149
1117
555
1276
1126
1152
1226
1179
1862
1225
1248
1223
1836
1214
1805
1185
1783
1200
1783
1207
1253
1255
559
1343
1252
546
1303
1171
542
1329
1188
1853
1206
1251
559
1326
1200
546
1329
1208
1281
563
1321
1307
1879
1283
1299
1879
1280
1868
1251
1756
556
1234
1095
1157
1205
604
1320
1871
1166
1189
552
1273
1200
1221
549
1320
1257
1179