549
1186
1063
1096
1191
1287
1197
1147
1143
1194
1284
1326
1300
1179
1117
1125
1183
1262
573
1318
1138
1100
1129
1188
1290
645
1460
1214
1138
1099
1111
1165
575
1347
1157
1076
544
1214
1096
544
1355
1271
1200
1145
1110
549
1317
1226
1228
1145
1098
1087
1091
1164
1195
558
1232
1072
1045
1073
1127
1211
622
1356
1168
1085
1714
1063
1121
1144
1185
1726
1051
1039
1047
1126
1184
575
1267
1071
1037
1050
1127
1227
557
1293
1134
1720
1047
1132
1210
553
1267
1115
1726
1056
1117
1227
1237
1195
1135
1109
1127
1174
1188
1199
573
1246
1762
549
1259
1871
1207
1182
1710
1041
1067
1151
1186
562
1273
1085
1051
1053
1083
1181
569
1305
1159
1747
1826
1238
563
1370
1215
1157
1136
1166
1222
1202
1196
1124
1085
1084
1115
1196
1223
1214
1139
1080
1057
1063
1074
1077
1029
972
955
954
968
1021
1087
1116
1148
1094
1052
1040
1040
1065
1104
1149
1153
1071
1047
1059
1078
1137
1169
1176
1104
1068
1053
1066
1104
1136
1172
541
1194
1084
558
1275
1181
1206
1236
1155
1105
2159
1115
525
1223
1118
1076
525
1179
1046
1121
1200
1245
584
1285
1116
1149
1182
1254
1284
593
1288
1129
1089
1127
1202
1271
583
1312
1084
1061
1080
2230
1192
535
1184
536
1172
1033
1104
1144
573
1280
1084
1074
1098
1137
1187
1203
1152
1106
1079
1072
1089
1110
1129
1132
1100
1055
1040
1043
1062
1092
1125
1154
1123
1077
1050
1059
1082
1111
1063
1030
1030
1032
1047