608
602
598
597
591
590
587
587
583
583
580
577
578
577
575
573
572
572
580
573
571
578
573
581
577
581
576
585
592
585
594
589
589
586
589
585
587
580
585
583
585
589
590
590
587
594
588
588
585
589
587
600
605
600
601
604
608
614
611
607
609
604
609
599
600
596
595
594
595
593
596
599
599
599
596
604
603
601
603
599
600
596
596
590
588
584
583
585
581
589
586
585
591
593
595
596
599
601
596
600
600
597
600
596
594
595
595
595
594
592
591
587
590
587
588
590
590
587
595
597
597
598
604
610
607
621
621
611
608
613
604
604
602
600
597
594
597
595
593
593
592
592
590
590
596
592
594
588
587
586
584
584
588
587
587
591
595
597
600
597
598
593
592
589
590
585
585
584
583
589
585
586
590
592
589
590
591
590
588
589
588
586
589
587
587
584
587
585
583
585
585
585
585
580
587
595
592
592
589
592
587
591
591
586
585
586
587
588
590
588
592
584
586
584
584
585
586
583
585
584
581
580
581
578
579
579
589
596
605
603
600
600
599
594
595
591
588
586
584
584
583
580
577
574
579
572
569
568
567
568
566
566
569
565
565
567
566
569
569
577
581
588
584
590
588
586
587
583
581
581
580
578
578
577
579
574
574
573
579
578
580
584
586
586
584
585
585
580
581
576
579
581
584
581
582
581
580
582
578
583
583
589
588
588
586
586
585
580
579
578
578
585
581
599
596
600
600
595
595
591
593
590
587
587
587
585
586
584
581
577
575
573
571
571
570
567
571
583
584
584
583
586
601
610
622
623
623
620
615
611
605
599
601
593
591
594
596
588
595
603
604
600
598
597
596
588
591
585
582
589
593
604
606
600
601
608
608
611
607
606
602
599
596
594
599
597
594
601
593
592
591
591
590
584
585
590
595
597
600
602
596
607
598
600
602
602
601
601
603
597
598
598
593
590
589
587
584
577
587
579
593
605
607
618
622
610
612
605
608
607
606
603
604
604
600
604
599
599
604
604
604
603
601
606
606
607
603
602
603
601
599
597
599
590
588
585
588
585
590
586
587
587
586
593
589
593
593
591
590
592
592
591
590
587
590
584
581
580
578
577
579
580
575
574
573
574
573
575
570
570
577
586
583
581
583
587
581
584
586
581
581
580
580
579
578
574
574
573
596
595
595
608
604
601
604
607
605
604
602
610
617
619
624
615
613
612
607
606
605
602
601
599
599
599
601
591
590
593
592
592
595
594
591
596
600
604
597
598
603
601
604
602
602
601
605
602
603
598
598
601
602
604
607
602
604
609
606
608
604
604
604
604
604
605
598
604
618
623
623
621
620
616
614
611
606
601
598
594
587
584
585
590
590
601
612
621
628
632
629
620
621
620
615
613
610
607
605
604
602
599
596
594
591
590
586
584
576
581
572
571
573
577
580
580
593
605
627
628
638
631
624
619
616
609
607
609
608
604
603
602
598
595
588
593
586
582
580
577
574
574
572
571
569
572
574
575
573
579
576
577
578
578
577
580
578
580
581
579
580
579
578
580
579
590
595
603
598
600
599
603
603
602
604
604
602
601
603
603
601
600
597
595
593
590
586
585
589
592
596
596
596
595
600
598
601
607
611
608
608
610
609
609
607
614
614
617
615
616
617
608
606
604
602
598
599
593
593
596
599
599
599
600
597
604
603
603
601
600
597
598
597
588
590
592
586
584
584
587
585
584
583
587
588
590
587
589
590
586
588
588
581
582
582
579
574
575
572
570
569
563
566
567
567
568
566
567
573
570
570
570
574
574
571
569
573
572
568
562
568
569
567
563
563
560
562
559
559
558
559
559
557
558
558
554
554
552
555
554
553
546
550
550
549
550
548
549
547
546
548
541
532
551
553
554
552
551
551
549
554
552
548
548
547
546
547
546
545
548
546
544
542
539
543
541
539
539
535
540
538
537
531
531
531
530
534
531
531
525
527
528
527
529
528
528
525
525
527
525
529
530
530
528
530
533
531
529
531
526
533
539
532
532
531
529
530
531
530
528
524
525
523
525
525
525
523
521
522
521
521
523
524
523
521
521
524
521
523
525
526
527
524
529
527
526
521
525
523
524
527
526
525
521
521
522
521
524
523
521
519
519
520
518
521
521
521
517
518
518
518
520
521
520
518
516
518
517
518
518
519
518
515
518
520
516
513
514
514
513
514
517
515
514
511
514
511
512
513
513
512
512
514
511
509
512
511
511
512
513
514
511
509
510
508
507
510
509
510
512
511
511
512
510
498
518
516
519
515
513
517
517
518
516
513
517
510
513
513
512
516
514
504
525
513
513
513
513
513
516
514
518
515
516
513
516
516
516
516
515
513
515
517
512
513
508
509
508
509
509
508
508
507
507
504
504
503
502
504
502
506
504
509
508
507
506
508
502
504
506
505
505
507
508
509
506
504
510
505
505
503
506
503
504
506
507
509
508
508
503
502
504
504
504
505
505
504
507
506
504
502
503
504
504
506
507
508
504
506
502
505
499
502
504
503
502
505
504
504
504
505
504
503
507
503
501
500
500
499
501
501
501
501
501
503
500
499
502
500
496
498
494
490
490
505
510
508
508
509
506
505
509
505
501
502
501
499
499
499
498
498
499
497
498
499
500
499
499
499
499
499
494
498
495
498
496
498
499
497
501
499
501
497
502
497
500
493
494
496
496
495
494
497
496
494
495
496
494
495
495
495
492
492
494
491
490
488
492
490
492
492
493
493
493
495
495
493
493
495
495
492
491
494
490
490
492
492
493
491
493
492
493
496
495
495
491
497
495
495
496
496
492
494
493
491
488
488
488
488
489
486
489
488
489
491
490
489
490
490
489
487
487
489
488
486
490
485
481
488
486
489
489
486
491
487
487
487
490
487
487
488
488
485
484
486
484
484
483
484
484
485
484
486
486
486
485
487
486
486
489
485
486
489
486
487
484
492
486
492
489
489
487
489
488
487
487
487
487
488
486
487
487
486
486
486
489
488
490
490
491
488
489
490
489
486
492
487
490
488
491
489
491
491
490
492
491
494
492
491
492
491
486
491
491
492
491
490
487
492
490
488
488
488
487
483
487
485
486
485
487
486
487
488
489
490
492
488
490
490
491
487
488
488
489
486
486
488
487
485
484
489
487
486
488
487
490
487
490
490
486
493
491
490
491
493
490
490
490
489
486
488
487
484
482
486
484
485
487
487
487
487
490
488
488
488
488
485
484
486
485
483
482
485
483
484
483
485
485
486
484
488
485
485
487
486
486
488
489
481
483
492
494
493
496
493
493
495
493
496
495
497
497
496
499
495
493
497
494
491
489
493
492
495
493
494
495
494
499
497
491
495
494
494
493
501
503
501
499
500
492
497
494
493
491
491
490
491
491
491
490
492
496
494
491
490
492
491
487
486
494
486
491
486
492
489
491
492
495
493
490
496
497
495
494
495
494
495
494
495
498
494
493
490
490
492
491
490
492
493
498
500
498
501
501
500
500
500
504
499
503
501
502
506
502
502
502
503
501
503
502
501
503
502
507
506
507
506
510
507
505
503
504
505
499
503
500
502
500
503
501
507
502
505
506
506
507
505
505
507
506
502
504
509
507
509
508
507
512
510
511
509
512
513
512
514
513
511
515
513
516
520
519
519
516
519
521
521
522
521
524
528
528
527
528
530
534
535
530
533
529
530
529
531
526
528
524
523
521
521
520
520
517
519
520
524
526
526
521
529
531
529
531
534
530
535
528
531
529
528
526
524
527
527
530
529
527
529
534
534
537
535
535
535
534
532
533
530
528
527
523
524
526
534
542
536
538
537
538
533
540
534
535
532
531
532
531
530
524
527
526
523
529
523
524
525
528
526
525
523
526
525
523
523
526
524
524
525
528
525
528
533
533
527
528
528
527
526
528
528
521
525
525
521
527
521
520
521
527
526
527
527
528
529
532
534
533
534
535
536
535
536
535
534
532
533
532
526
527
525
534
536
540
537
542
550
543
543
544
543
542
542
542
537
533
533
535
531
529
535
547
547
556
561
563
563
557
557
553
553
552
546
543
541
540
537
537
533
536
535
535
538
538
537
536
537
535
535
538
540
543
544
545
545
543
544
545
544
538
539
539
539
537
535
536
536
537
536
541
547
544
546
547
546
542
541
540
539
536
537
537
536
533
535
534
536
533
532
538
540
541
540
541
546
544
543
541
541
541
539
536
539
541
535
537
538
540
540
539
542
542
544
539
541
542
540
536
535
535
537
539
538
536
535
535
537
536
535
532
534
533
536
540
542
542
542
540
541
540
542
545
539
539
539
539
542
539
538
537
541
543
544
546
547
547
548
547
547
546
545
546
547
543
542
541
542
541
545
543
546
547
547
546
541
541
542
546
552
550
550
549
547
549
551
550
551
551
553
557
557
556
561
557
556
556
554
553
551
550
550
544
542
540
538
541
540
542
546
542
543
543
546
541
542
540
544
541
543
544
542
542
540
540
540
544
539
540
537
539
541
540
536
538
539
544
540
543
543
544
545
547
542
543
540
541
539
539
539
543
539
539
537
541
541
542
543
547
543
543
544
543
543
545
546
541
542
541
542
543
545
542
544
543
546
549
545
548
546
546
546
548
549
548
544
544
543
542
543
542
545
548
541
543
544
545
540
546
550
551
553
554
558
554
558
559
553
551
548
546
548
547
548
543
544
546
551
553
556
556
553
554
553
554
554
553
545
545
543
543
541
541
540
542
542
541
534
533
539
545
551
560
567
571
574
563
563
564
568
565
563
563
561
562
559
554
553
551
549
552
551
547
547
546
545
549
545
545
543
548
543
544
546
548
550
551
555
558
560
561
560
559
558
557
554
555
553
550
546
543
542
542
544
545
543
542
549
549
549
551
552
549
548
547
549
548
552
551
547
550
550
551
550
551
552
550
552
553
553
550
551
552
562
568
573
578
586
576
582
580
580
576
574
572
570
568
568
569
568
564
562
561
560
560
559
559
556
557
556
551
550
548
555
547
550
557
558
564