1334
1266
1240
1239
539
1343
1220
1172
546
1396
1309
1282
1234
1258
560
1433
1356
1316
1284
1293
563
1442
1324
1229
1855
1189
1143
1861
1152
1097
544
1321
1220
1185
1244
570
1421
1280
1208
1218
559
1372
1209
1222
1269
1271
1256
1279
560
1410
1311
567
1423
1334
1409
1860
1321
1921
1938
1279
1252
1898
1292
569
1367
1218
1224
1954
1336
1322
1271
1904
1303
1893
1218
1210
561
1374
1294
1180
1713
1093
1063
1103
567
1318
1130
1120
1165
1226
1250
1230
563
1355
1846
1158
587
1384
1899
1241
1231
568
1395
1932
1224
1210
1829
1175
1231
1868
1320
1265
1259
1907
1297
1879
1269
1868
1194
1183