735
707
717
716
733
726
700
706
724
730
724
711
702
720
746
767
770
741
709
702
698
699
691
722
756
764
808
832
776
728
722
704
685
671
678
689
723
750
783
780
746
729
731
772
790
785
780
768
728
722
732
746
766
764
758
744
762
773
767
757
759
760
772
781
781
780
784
782
779
796
791
799
816
822
808
809
779
760
761
768
745
749
742
746
759
753
735
739
739
740
732
710
706
709
702
688
690
691
692
702
703
690
686
693
688
696
693
705
709
707
706
697
705
716
727
725
727
720
722
729
721
733
748
746
742
744
720
718
723
730
743
746
749
753
741
735
720
713
712
698
708
700
695
694
700
702
707
704
687
688
699
703
693
707
711
720
719
726
721
719
693
697
698
704
683
678
686
690
698
704
715
709
707
706
715
727
726
711
730
749
763
771
789
794
792
790
752
724
718
720
724
736
744
735
721
728
727
719
725
726
733
726
728
732
723
716
725
735
745
727
717
733
758
750
750
751
754
755
761
768
769
769
766
764
730
727
708
695
687
688
693
698
717
743
766
772
786
781
779
785
774
777
787
812
827
827
824
810
788
757
725
722
750
762
771
765
751
741
715
696
687
667
661
662
648
653
657
657
653
645
650
653
653
666
667
660
655
649
654
651
649
643
649
645
646
644
637
641
646
646
655
653
642
646
638
634
637
629
630
637
638
629
624
626
623
615
625
632
637
648
648
660
661
643
641
631
626
626
614
619
626
624
615
610
612
605
599
601
584
568
571
569
574
574
565
566
556
561
559
562
560
558
554
556
564
565
561
559
549
549
553
555
558
555
560
548
536
539
539
543
544
540
550
547
541
531
532
533
533
526
521
522
514
502
505
505
509
507
506
503
502
502
523
541
540
537
562
570
578
580
588
584
583
584
582
584
583
583
580
583
586
593
587
584
584
582
583
580
581
591
594
563
565
570
566
545
547
546
551
546
537
526
528
524
519
519
514
507
508
511
509
981
485
489
488
484
482
484
479
487
486
484
484
484
480
477
476
476
474
479
479
479
484
483
482
480
482
483
477
479
479
479
480
481
483
491
491
499
502
496
497
497
502
499
500
498
493
495
498
496
494
495
504
500
499
491
493
489
485
484
486
485
478
476
479
481
479
476
478
469
471
472
467
469
470
468
467
468
465
461
465
461
463
468
466
467
465
460
463
463
466
452
457
460
459
456
459
456
464
466
467
467
464
465
472
474
472
472
479
488
493
500
491
499
504
511
513
499
502
502
501
502
501
498
492
493
495
490
486
487
488
487
479
481
483
494
491
484
486
491
485
487
496
500
506
504
507
510
507
508
508
512
511
506
497
501
503
499
482
484
483
489
497
492
499
508
514
510
521
530
526
535
563
548
567
568
576
569
541
537
539
551
565
546
542
532
528
542
543
565
554
546
540
565
564
557
576
572
587
574
566
583
586
588
584
574
589
590
591
592
572
563
572
570
578
569
566
559
568
564
546
556
561
557
543
525
535
522
540
517
522
510
521
512
508
499
511
499
508
497
502
495
501
492
493
491
491
490
496
493
492
488
488
490
486
485
483
479
485
481
489
483
484
481
483
485
479
479
484
479
485
477
484
480
479
477
480
478
475
475
474
472
470
475
468
471
466
472
465
468
459
468
462
460
463
462
460
463
464
461
462
463
464
466
462
466
459
467
463
466
460
467
461
466
460
466
460
461
459
464
465
464
462
469
463
465
463
469
461
466
466
467
465
469
462
468
469
465
479
470
477
468
475
473
472
469
475
475
472
484
477
483
473
484
477
476
474
477
478
477
486
477
482
475
486
487
491
482
487
489
500
504
504
501
495
501
505
501
505
503
493
493
491
493
489
501
496
493
499
497
505
502
509
514
506
513
514
508
506
510
498
496
503
498
505
502
504
505
506
509
502
505
507
504
494
518
508
516
530
528
531
527
527
521
517
504
494
495
497
487
474
474
485
493
500
498
493
490
498
523
526
534
519
517
504
507
507
501
499
505
513
515
516
512
512
520
505
502
503
498
500
490
499
495
503
495
486
490
490
488
495
503
504
489
495
496
504
521
527
515
514
512
517
528
533
521
518
524
535
539
524
525
528
544
549
550
535
536
542
552
563
564
550
548
556
557
566
563
566
548
555
554
549
539
536
541
524
522
549
565
548
545
554
563
578
580
554
557
562
571
570
577
564
562
570
578
586
584
574
576
595
597
603
599
589
581
595
603
611
603
593
594
599
607
613
599
597
599
609
608
613
604
601
597
606
610
615
604
602
602
613
616
604
599
601
614
619
613
601
597
601
606
604
599
600
607
623
649
668
684
692
684
672
670
659
655
651
635
615
608
603
602
607
609
616
620
621
628
634
646
628
615
612
621
626
641
656
659
653
640
641
634
631
623
615
619
626
641
645
642
640
634
628
613
614
619
609
600
601
602
602
654
673
678
682
682
674
668
656
643
639
625
617
607
602
604
611
618
625
630
626
630
627
622
615
610
616
622
627
631
628
625
627
631
635
639
645
631
633
626
630
639
640
645
643
639
643
646
644
631
632
626
635
647
649
659
659
648
640
635
636
645
651
661
671
676
678
675
667
663
650
648
641
626
621
626
652
724
754
770
772
759
736
728
703
677
665
660
663
669
674
674
666
662
651
646
643
638
635
635
639
649
667
674
688
695
696
697
688
684
680
670
670
664
663
677
689
700
704
702
696
683
671
668
670
675
681
686
683
681
680
677
676
677
664
662
665
669
689
704
729
716
687
678
659
646
632
621
614
610
607
608
608
621
630
650
667
680
682
680
666
654
653
652
656
653
652
661
666
658
653
656
667
675
665
661
659
659
662
661
657
657
661
663
654
660
668
674
684
673
678
683
701
712
721
725
712
709
713
715
709
706
699
705
709
710
703
698
695
703
692
695
699
703
701
691
680
671
673
676
685
688
677
678
686
679
683
686
681
676
677
678
667
668
670
667
655
651
658
662
650
636
634
622
613
607
613
616
620
631
644
657
664
677
669
669
667
674
673
686
682
685
684
680
670
662
659
647
626
625
617
612
618
624
635
641
639
624
622
621
624
627
622
623
622
618
604
606
603
608
616
623
627
635
636
638
637
638
624
622
622
622
630
634
634
636
640
640
626
630
637
614
615
619
627
636
650
659
658
667
680
685
687
685
697
699
688
698
689
692
707
710
714
695
690
694
703
705
696
697
706
707
702
697
692
698
698
704
702
702
704
714
706
702
710
711
715
695
702
691
667
654
648
648
666
681
678
693
710
729
728
735
741
768
744
746
758
763
754
734
713
709
712
720
709