999
997
997
998
998
998
1001
994
998
997
998
998
998
1001
994
997
999
1001
994
998
1002
996
997
997
1000
995
997
999
1000
996
997
998
1001
994
998
1001
994
998
998
998
1001
994
999
998
1001
994
997
998
998
1000
996
1001
993
998
998
998
998
998
998
1001
994
996
998
998
998
998
1001
995
997
998
998
1001
997
998
994
1000
997
999
998
998
999
998
995
998
1002
995
998
998
997
998
1000
995
998
997
998
998
998
999
998
995
998
1000
998
995
999
1001
995
997
998
998
1001
993
999
1001
993
999
998
999
998
1000
995
996
998
998
998
998
1001
994
998
998
998
998
1000
997
996
998
998
998
1001
994
998
998
998
1001
994
1002
993
999
998
1000
997
995
999
997
998
998
998
998
1001
995
997
998
998
998
1000
996
996
998
998
998
1000
996
995
998
998
1000
994
998
998
998
998
1001
993
999
998
998
1001
993
999
998
998
998
1001
994
998
998
1001
995
998
998
998
998
999
998
996
998
997
999
998
998
999
996
998
996
998
1001
995
997
999
998
998
998
1000
994
998
998
998
998
1000
996
1000
997
995
998
998
998
998
998
998
1002
993
999
998
1000
996
997
998
999
1000
995
998
998
998
999
996
998
1000
997
997
998
1001
995
997
998
998
1000
995
998
998
1000
995
999
999
1000
994
997
998
997
1001
996
997
997
997
998
1000
995
998
1000
995
998
998
1000
994
998
998
1002
993
996
998
999
998
998
998
997
998
998
998
998
1001
997
995
999
998
998
998
1000
995
998
998
1000
996
998
1000
995
1000
997
999
997
998
999
998
996
998
998
998
1001
994
998
1000
996
998
998
998
998
1001
993
999
998
1000
996
997
998
998
998
1000
995
998
998
1000
998
996
999
967
935
936
904
906
900
919
920
896
866
841
821
796
775
779
780
784
787
796
793
809
811
819
817
831
836
839
842
856
856
836
831
837
839
842
857
858
863
867
841
818
817
817
834
836
842
821
815
821
810
811
812
816
821
832
834
811
810
811
810
787
787
787
794
794
808
812
817
818
794
780
758
755
755
765
764
777
779
787
786
795
794
811
812
808
789
764
764
763
777
757
740
726
702
700
700
709
692
679
677
678
686
671
670
669
677
678
685
685
693
692
701
701
710
709
724
724
733
731
739
741
747
749
755
740
737
742
747
748
755
756
763
764
776
780
784
788
763
749
748
748
754
757
763
765
776
780
787
786
795
796
809
790
786
786
794
778
760
755
755
765
762
779
755
741
740
740
726
725
701
687
670
671
670
676
679
684
687
691
694
677
663
662
664
668
663
661
663
668
670
677
665
660
662
670
670
662
661
661
661
663
662
668
653
647
647
645
647
647
656
654
661
662
667
655
646
632
616
610
594
585
568
560
561
562
562
562
567
565
574
577
584
584
582
584
591
591
600
599
607
611
609
601
586
583
584
591
592
599
603
603
608
607
607
615
614
623
624
630
630
637
640
645
646
648
647
655
654
661
662
669
669
676
679
685
686
693
693
701
701
707
710
722
724
734
733
741
741
747
747
754
754
765
766
776
779
787
787
795
796
809
810
819
817
832
835
842
842
857
854
866
865
882
878
896
896
904
904
920
920
933
936
951
952
965
966
982
982
996
998
999
997
997
998
997
997
999
999
995
999
998
997
998
999
996
999
999
996
998
998
999
997
997
996
997
998
999
997
998
992
1002
999
996
997
997
1000
996
999
999
999
996
998
998
998
1000
995
998
999
998
1000
994
998
998
998
1001
994
998
998
1000
995
998
1000
996
997
998
1001
995
997
997
1000
995
1000
996
998
998
1000
994
999
998
998
999
995
999
998
997
1000
995
999
997
998
997
998
992
1001
998
998
997
1001
995
997
998
998
999
995
1001
996
996
998
1000
996
997
998
998
997
1001
995
998
1000
995
998
999
999
997
998
997
998
1000
997
998
998
998
997
995
999
998
998
996
998
999
995
997
1001
996
996
998
1001
994
998
968
938
904
906
902
919
921
936
933
953
951
966
967
983
979
998
996
1000
997
997
998
999
999
996
998
997
997
998
999
996
998
998
998
1000
996
997
998
998
996
997
1001
996
997
1000
996
997
998
998
1000
996
999
996
1000
996
997
998
999
999
994
997
997
997
999
997
999
1000
996
997
999
998
999
997
998
998
997
998
995
1000
997
998
998
998
997
997
998
999
996
998
998
997