28-07-2022 - 9:20 - Correr
Ana Cisternas
Intervalos entre latido y latido
772
791
788
788
804
830
839
831
838
863
885
889
878
866
881
895
922
31
892
218
675
1088
623
466
29
438
920
919
900
899
902
310
593
1169
258
912
76
836
226
611
1075
189
886
924
966
968
26
943
943
951
946
41
905
885
901
904
904
898
256
642
386
257
912
918
908
891
891
900
885
875
258
618
1156
275
881
29
853
839
852
875
884
861
855
875
891
895
888
894
910
923
339
584
255
330
875
868
892
916
924
904
899
917
351
567
1257
403
855
860
862
42
820
809
819
823
833
859
875
894
892
882
885
900
896
876
866
867
879
889
875
861
871
885
886
875
866
883
889
886
303
583
1183
321
863
873
24
849
842
857
870
876
859
863
872
874
876
29
848
846
855
872
881
873
859
875
885
895
873
876
888
41
848
985
84
901
904
918
917
314
604
1167
312
856
864
308
557
247
310
845
839
532
308
310
1089
426
664
317
347
727
858
880
900
205
695
317
379
114
265
457
46
411
461
779
997
94
903
583
321
502
919
34
886
885
891
442
450
20
430
532
199
333
376
44
333
363
697
882
870
558
313
315
583
68
516
849
177
673
285
388
798
476
323
385
116
270
273
307
330
540
834
919
587
332
29
304
731
387
345
381
463
70
394
458
43
416
407
35
372
32
340
407
54
353
86
267
627
257
371
623
135
488
514
28
487
136
351
367
544
541
209
332
374
505
247
259
407
41
366
728
438
291
405
1044
208
837
223
615
290
325
453
32
421
507
148
360
355
702
1041
718
323
731
396
336
56
281
488
235
253
333
56
277
568
194
375
878
186
693
58
635
227
409
557
251
306
450
27
423
556
230
327
405
489
506
136
371
878
561
318
317
57
260
496
86
410
907
83
824
918
226
693
248
446
73
373
49
324
319
383
591
1210
229
982
48
935
74
861
865
873
891
909
902
890
885
902
917
941
939
962
939
934
912
910
916
910
905
896
875
877
881
892
887
388
500
1239
369
870
860
840
827
829
850
859
848
847
863
873
870
862
848
836
848
855
30
826
34
792
803
809
798
801
800
811
832
841
834
827
853
869
883
877
855
273
582
1169
302
868
852
842
851
867
876
885
877
884
890
898
882
872
861
857
861
874
872
868
854
866
883
890
890
884
873
890
898
909
908
887
900
910
913
907
431
476
1270
398
873
873
865
851
851
869
888
882
863
840
36
805
81
724
25
700
688
697
709
22
688
679
710
727
748
755
740
740
730
741
737
744
742
736
732
739
745
754
748
760
774
785
22
764
766
775
776
765
268
497
1008
286
723
711
38
674
660
644
660
658
21
637
652
669
673
658
660
661
665
652
657
643
651
650
633
640
627
627
640
626
621
625
619
626
627
621
625
636
637
629
627
616
622
620
618
125
494
758
145
613
614
613
609
607
88
519
715
110
605
607
600
595
601
596
591
595
593
590
597
587
55
532
644
67
577
579
575
574
575
573
565
571
570
565
560
560
558
554
553
546
549
549
559
552
550
553
545
544
549
541
536
533
534
536
533
536
531
523
526
537
527
524
526
519
522
521
514
510
523
513
511
511
505
502
507
508
502
500
502
506
504
499
500
500
498
502
506
497
497
492
490
490
497
491
486
483
491
486
488
488
486
480
485
498
489
492
492
490
486
480
484
486
483
482
481
482
481
479
479
475
475
475
477
475
476
470
476
474
472
473
470
468
470
472
468
465
466
468
469
460
462
461
467
463
460
458
461
460
461
459
459
456
456
460
459
458
455
450
460
453
452
452
443
458
457
454
451
453
458
451
445
454
456
448
449
450
456
452
450
450
450
457
454
447
449
458
458
456
453
454
462
460
469
470
471
466
470
476
478
480
469
474
473
468
469
470
471
475
471
475
478
481
468
480
474
473
476
490
492
487
486
488
488
493
487
485
486
489
496
492
492
489
501
506
510
507
499
493
495
52
444
558
50
508
500
500
495
513
524
518
520
513
524
535
530
528
517
521
516
522
508
506
506
502
515
523
537
528
530
533
552
552
565
559
550
558
568
574
571
20
552
562
577
599
586
585
585
595
587
610
597
583
607
607
616
19
597
20
578
585
594
620
25
596
591
626
625
626
19
608
634
661
648
633
666
723
708
43
665
655
680
745
744
41
703
733
46
688
800
791
66
725
30
696
719
723
708
689
24
666
663
675
694
714
714
727
744
757
779
769
749
769
779
788
772
772
792
824
803
23
781
792
815
816
36
781
796
228
569
1053
284
770
756
776
785
786
779
791
809
817
29
788
792
802
821
823
815
63
752
746
734
244
490
1032
268
764
21
743
738
755
773
765
757
767
792
814
26
789
782
801
818
816
41
775
804
821
836
28
809
805
822
823
825
33
792
776
311
465
1134
354
781
762
752
783
795
827
807
814
852
844
851
35
817
799
833
832
835
33
803
792
832
839
838
26
813
822
859
853
835
820
840
849
832
830
833
845
844
29
816
810
818
850
831
814
833
842
845
857
873
875
878
25
854
334
521
1171
329
843
27
817
202
615
1020
221
799
810
807
795
24
772
755
816
218
599
1055
245
811
810
791
788
796
807
805
799
815
842
855
833
826
824
830
818
817
815
818
826
806
798
812
817
808
803
804
809
817
802
803
821
826
829
811
809
817
825
809
799
812
814
817
811
808
827
830
829
819
804
787
796
318
479
1085
329
756
750
23
728
28
701
704
694
697
722
733
736
743
766
783
784
780
783
806
825
28
798
794
804
814
818
809
806
818
828
825
312
514
1128
304
825
820
25
796
794
810
815
811
808
812
819
833
812
807
828
835
840
826
820
823
838
839
823
823
826
833
837
832
832
846
849
25
825
822
818
821
26
795
790
789
794
796
778
771
791
793
806
804
800
807
821
824
809
804
820
826
183
643
1005
210
796
808
822
819
802
803
807
811
824
817
811
821
822
802
22
781
784
787
778
773
779
793
805
796
803
805
815
824
807
804
811
826
832
818
812
819
829
821
806
808
815
825
817
803
809
818
829
815
817
826
842
824
817
821
815
802
30
772
789
785
27
758
768
768
754
739
742
745
751
760
756
769
785
785
775
783
783
791
791
792
778
762
751
757
763
26
738
744
745
759
769
760
750
743
758
754
740
746
738
737
741
739
723
734
739
740
742
733
722
726
737
764
768
771
774
779
783
789
768
767
765
766
752
766
765
221
545
966
234
733
723
734
748
739
741
756
778
789
789
802
31
772
783
793
798
798
795
785
772
781
781
775
762
776
773
774
776
765
746
742
744
761
786
791
797
792
788
783
766
768
750
759
760
755
757
742
733
24
709
718
714
724
734
735
741
746
750
750
746
26
720
731
730
716
233
484
1005
271
735
727
713
734
739
746
750
752
750
734
724
726
726
720
707
708
728
748
779
786
796
798
791
790
793
787
784
787
783
790
780
786
29
757
742
746
32
714
808
25
783
786
797
790
802
804
799
785
792
794
801
791
796
796
797
785
796
796
787
24
763
772
776
788
790
789
793
791
792
790
774
756
181
576
946
181
766
779
774
783
772
784
792
806
807
815
817
812
810
791
787
797
792
777
763
40
724
775
782
774
790
791
805
818
823
833
830
816
811
807
801
807
155
653
967
177
791
795
797
793
791
776
763
747
735
738
728
730
723
733
743
731
743
748
728
743
746
740
733
726
737
743
737
757
758
755
750
748
745
172
574
891
168
723
723
719
21
698
716
731
738
750
743
738
21
718
722
739
748
758
753
756
753
734
723
21
703
717
712
717
715
24
692
705
707
717
715
734
747
739
751
757
773
786
801
793
792
789
795
793
792
798
798
789
792
793
774
790
788
788
787
782
791
777
766
785
768
777
784
794
797
804
805
811
808
805
808
807
23
785
791
788
790
795
780
795
31
765
751
754
21
734
727
745
757
780
780
791
806
815
820
818
820
35
785
788
792
795
797
801
795
791
810
791
779
788
784
25
759
773
799
791
789
795
808
805
795
775
28
747
732
731
751
757
751
787
810
821
828
806
811
821
817
815
798
807
814
832
821
815
838
853
859
850
833
848
855
853
843
825
819
824
836
834
206
629
1031
213
818
811
26
785
791
791
797
809
790
793
801
803
795
797
806
820
819
805
814
821
813
804
820
822
800
809
818
814
804
810
815
797
802
224
579
1052
264
789
784
789
791
790
796
791
799
797
778
780
781
769
26
744
738
746
763
783
787
803
797
786
796
808
22
787
797
800
801
804
795
805
803
797
789
784
120
664
931
149
783
789
776
793
803
809
813
804
820
827
818
817
817
27
791
781
787
788
794
803
811
818
828
828
31
797
800
800
792
799
801
806
796
274
523
1073
280
793
795
779
773
776
784
782
771
775
782
792
26
767
761
770
781
784
793
791
799
804
793
781
783
789
793
796
798
223
576
1007
222
786
780
774
28
746
747
752
739
720
708
693
727
756
782
786
805
829
833
830
825
823
821
803
792
32
761
761
763
753
761
753
749
754
762
776
787
791
785
790
775
776
764
295
470
1061
294
768
767
751
735
748
735
736
733
735
734
726
726
716
719
725
729
746
750
754
751
740
746
740
730
723
721
722
708
707
21
686
686
703
721
727
733
748
753
761
760
760
774
775
760
771
780
776
758
756
764
764
761
761
777
785
789
789
780
780
783
788
796
796
795
791
797
796
791
779
787
785
778
778
777
785
785
782
796
792
790
782
32
750
754
764
756
756
748
764
776
776
26
750
753
768
767
750
24
726
742
738
754
772
764
781
789
794
803
804
802
802
787
787
783
773
758
768
749
30
719
705
709
725
734
744
777
807
821
819
822
837
834
23
812
795
796
801
798
790
778
777
785
792
791
24
767
756
762
756
745
752
401
352
397
730
722
708
689
690
677
24
654
648
661
678
693
722
732
734
744
733
737
744
754
764
768
756
765
786
796
810
816
24
793
798
791
799
792
25
768
22
747
747
753
778
790
800
820
813
821
832
821
825
810
789
791
786
159
627
944
176
769
26
743
740
740
750
762
772
793
784
783
783
791
808
799
786
800
812
820
822
829
821
804
814
817
813
819
798
808
801
812
804
795
797
806
802
807
804
787
798
29
770
778
768
770
770
786
789
798
796
795
791
782
776
762
757
739
723
729
743
755
769
779
792
777
781
780
765
764
762
22
741
725
23
702
718
721
738
204
534
945
187
758
762
748
750
741
750
750
763
752
748
750
752
762
761
751
768
772
774
785
786
792
793
790
793
33
761
780
779
768
31
738
755
766
774
757
773
762
760
763
760
27
734
728
733
738
743
746
761
31
731
725
728
738
759
779
780
781
789
796
795
34
762
779
786
791
783
778
40
739
741
748
750
756
765
774
782
780
23
758
757
756
752
747
752
762
755
762
761
753
771
783
785
797
788
34
755
757
763
762
767
26
741
766
777
761
756
775
787
34
753
773
779
792
793
806
792
796
788
780
780
145
635
891
148
743
25
719
701
713
725
747
730
728
749
762
762
33
729
732
727
742
744
745
725
742
723
743
747
768
776
794
804
826
815
814
793
28
765
754
735
80
655
839
97
742
750
746
760
769
766
791
799
794
32
763
773
761
767
775
770
779
763
747
735
738
748
750
776
791
794
798
830
834
833
814
797
793
790
31
759
765
765
766
777
786
780
759
767
778
785
36
749
759
763
764
773
781
791
791
783
772
770
770
754
764
767
755
751
776
795
801
808
794
796
794
787
792
28
765
778
775
785
764
794
25
770
769
766
785
771
769
775
790
781
786
781
766
756
745
742
735
746
727
728
734
729
733
727
746
746
739
729
730
721
719
731
739
729
728
714
722
715
710
21
690
693
700
717
725
738
721
741
752
765
769
768
750
751
746
741
743
750
27
723
729
738
742
742
23
719
21
699
20
679
685
688
702
712
713
722
714
701
705
706
712
716
734
728
734
714
703
29
674
708
760
770
780
781
795
807
797
795
26
770
780
777
786
779
792
804
807
813
816
814
795
237
559
967
189
778
792
781
786
787
790
775
790
783
785
787
785
792
774
785
776
25
751
745
768
760
28
733
26
707
699
719
750
757
787
807
792
802
818
807
808
814
824
822
820
24
796
797
812
308
504
1111
329
782
795
789
805
821
818
827
849
868
861
861
844
25
819
834
836
816
816
831
832
821
23
799
796
809
825
831
825
837
824
833
819
816
803
803
808
219
589
1025
265
760
764
766
757
749
733
749
739
751
744
744
726
737
746
758
765
772
782
778
767
756
760
764
772
781
784
794
801
787
778
787
780
771
171
600
946
174
772
769
759
768
789
789
776
775
771
775
769
761
754
756
749
734
27
708
691
706
712
734
743
751
763
749
751
777
786
791
791
797
797
802
790
33
757
764
763
773
230
544
1041
293
749
750
744
758
765
780
787
801
804
796
796
786
784
777
782
776
36
741
732
737
747
757
775
783
801
813
811
810
799
35
764
765
760
765
756
242
515
1007
274
734
24
711
727
749
750
763
770
779
789
788
779
801
791
24
767
24
743
749
754
772
776
762
784
811
833
833
828
834
821
821
810
793
801
799
789
26
763
766
205
562
974
219
756
24
733
732
728
760
786
781
790
814
831
815
827
821
804
789
787
771
774
764
22
743
724
733
738
750
754
754
745
755
25
731
742
743
738
749
753
284
470
1063
310
753
750
756
29
728
725
730
746
760
785
798
805
808
809
51
758
750
742
748
749
752
740
749
768
777
784
798
787
47
741
721
718
717
724
731
747
757
775
755
768
783
807
807
798
793
785
774
758
759
753
751
748
24
724
720
702
710
719
729
736
750
749
758
771
778
769
778
762
761
754
759
23
736
724
732
748
756
777
779
788
792
780
25
756
768
768
774
772
756
765
773
782
774
764
783
798
807
791
812
805
801
791
36
756
764
764
31
733
751
759
769
216
554
996
216
780
776
775
759
741
743
739
750
762
766
762
763
765
22
743
757
761
767
34
734
730
731
745
754
763
783
787
790
783
794
31
764
756
765
770
783
785
785
790
30
760
753
753
758
24
735
753
776
784
788
788
791
792
777
770
776
772
786
789
30
760
774
778
786
787
789
24
765
772
766
759
753
40
714
702
685
669
746
733
742
25
717
724
735
734
738
750
753
750
753
754
747
753
756
737
746
745
742
744
753
749
745
731
733
740
742
741
25
716
730
750
758
756
756
22
735
746
744
750
751
265
487
1008
263
745
742
732
744
749
750
744
22
722
731
734
726
738
722
32
690
690
700
716
740
746
757
764
773
761
65
697
790
55
736
720
734
56
678
803
78
725
69
657
323
334
408
682
688
683
707
287
420
141
280
717
734
749
742
737
746
450
296
437
721
718
733
761
755
739
750
752
492
261
505
762
777
758
22
736
836
179
658
740
249
491
1019
275
745
739
736
744
734
719
717
725
712
732
739
751
464
288
440
741
739
740
747
747
736
731
714
346
369
36
333
692
674
672
697
702
705
249
456
934
232
703
721
704
726
736
125
612
915
160
755
772
761
25
737
750
753
749
740
749
762
787
794
798
797
797
23
775
774
772
774
772
755
759
778
772
778
779
777
770
24
747
758
765
762
769
775
30
745
30
715
722
735
744
765
755
757
767
29
739
195
544
906
166
740
733
729
733
32
702
723
740
736
747
34
713
732
724
736
732
745
750
754
752
760
769
766
759
740
749
184
565
967
201
767
763
767
750
761
28
733
721
722
744
756
757
746
738
760
22
739
21
718
24
695
690
24
667
666
669
697
694
30
664
653
677
702
708
709
743
787
791
26
765
787
798
789
24
765
750
733
202
531
1023
239
784
778
796
830
826
27
799
827
836
838
837
818
829
833
817
804
816
829
839
860
844
29
815
826
836
840
836
824
813
808
798
36
763
774
775
781
785
766
210
556
1019
241
778
29
750
21
729
713
704
696
711
720
754
756
779
810
832
839
825
834
826
812
803
796
782
783
28
755
757
757
756
762
756
754
750
751
153
599
857
156
701
705
716
721
743
750
33
717
732
714
722
752
772
759
22
738
759
779
804
812
791
792
810
817
815
801
800
804
793
806
813
825
827
830
830
25
805
814
813
218
595
736
433
303
802
796
786
794
809
822
821
830
838
835
34
802
808
813
806
792
818
822
829
831
814
824
819
27
793
780
789
786
807
96
712
922
136
786
796
805
820
827
28
800
807
823
826
842
850
837
820
838
845
28
817
837
854
850
854
832
23
809
827
827
833
845
854
861
844
857
865
858
857
853
31
822
826
823
830
828
825
838
833
837
824
843
839
39
801
819
805
811
826
819
827
824
812
808
801
801
136
666
884
135
750
753
25
728
741
192
549
1012
236
777
790
800
799
786
776
26
750
760
758
765
778
765
774
791
805
798
815
825
827
823
823
34
789
769
775
776
786
799
809
818
824
833
846
842
833
824
326
499
1120
318
802
797
791
786
34
752
767
774
778
778
26
752
736
719
778
819
816
834
858
874
880
863
857
853
851
844
843
834
29
806
812
813
808
809
799
779
30
749
750
768
789
802
821
832
837
29
809
822
835
834
815
824
823
823
822
807
30
778
782
790
776
763
774
789
807
819
802
815
828
824
808
825
827
826
818
812
23
789
803
812
813
276
537
1077
313
764
758
761
764
781
795
800
813
822
821
820
826
827
815
800
784
791
793
796
787
775
784
790
792
772
776
775
782
766
753
759
770
759
770
782
801
785
784
800
804
798
787
808
816
810
29
781
761
772
784
804
831
811
823
810
799
812
814
804
811
32
780
799
810
819
31
788
196
592
1029
218
811
817
810
812
804
810
799
22
778
779
784
791
806
803
808
822
818
825
825
808
814
819
821
814
805
794
794
795
795
794
791
789
789
779
773
776
764
777
780
764
754
771
789
810
829
840
835
829
817
800
796
800
797
803
807
809
820
828
836
820
843
844
31
814
809
815
821
830
828
810
835
840
848
844
842
25
817
814
811
817
112
705
958
130
829
24
805
801
813
824
824
812
820
827
838
848
833
827
805
33
773
773
773
773
769
756
176
581
953
172
781
789
789
794
812
834
836
840
837
834
830
29
802
797
812
823
825
803
812
827
831
833
828
807
826
811
23
789
789
794
802
802
822
834
843
839
821
826
833
842
843
853
849
853
854
845
830
816
814
818
813
817
811
809
817
819
819
508
311
504
811
268
543
280
264
808
22
787
796
36
760
761
758
763
771
777
779
788
789
30
759
774
775
771
766
751
740
740
766
768
761
758
785
808
837
833
25
809
816
826
820
29
792
782
791
796
817
46
771
779
790
803
815
825
836
832
847
843
839
830
43
787
772
763
759
784
255
530
1096
288
809
807
810
435
375
452
814
391
424
33
392
795
785
786
773
36
738
729
717
722
738
718
707
705
716
730
725
22
704
716
741
758
759
755
754
779
801
812
798
788
803
802
787
190
598
1016
213
804
802
812
804
813
812
23
789
770
780
789
800
805
787
804
836
848
833
27
806
805
819
822
825
805
798
813
822
811
23
789
812
822
840
846
851
850
848
835
174
662
1018
190
829
817
802
806
807
791
219
573
945
181
765
767
795
821
813
797
802
821
838
847
834
850
869
879
28
851
853
875
877
859
855
867
304
563
1176
324
853
844
839
261
579
314
265
836
824
30
795
811
805
23
783
779
802
832
856
835
846
850
865
888
869
854
864
872
877
869
850
859
860
864
864
859
264
596
1104
280
825
836
847
858
852
27
826
805
788
836
843
864
877
894
915
924
914
912
916
914
39
875
894
894
888
895
889
883
880
871
858
25
833
323
511
1102
318
784
765
26
740
733
772
781
815
824
815
843
861
864
862
31
831
822
831
838
828
840
848
848
52
797
802
812
825
834
842
850
838
835
848
861
859
280
579
1107
291
817
815
816
824
830
845
854
862
859
853
851
838
112
727
764
978
182
797
32
766
772
771
27
744
341
403
56
348
752
248
505
962
242
721
20
702
707
732
750
752
767
765
790
805
813
43
771
781
805
820
826
813
825
846
24
823
811
829
838
850
831
819
842
854
26
829
823
200
623
1057
218
840
843
853
837
846
839
835
33
803
807
806
34
772
788
809
826
822
824
861
881
46
836
838
846
29
818
842
846
833
23
811
794
801
802
819
821
801
807
819
839
848
23
825
828
850
855
855
334
521
1180
355
825
821
34
788
801
805
799
783
804
809
831
34
797
33
764
748
753
787
784
787
808
825
839
819
814
834
839
833
27
807
834
849
847
25
822
846
853
875
864
37
827
850
854
860
853
849
846
27
820
808
813
828
840
822
815
833
858
836
839
858
873
877
26
852
850
870
874
869
870
39
831
837
847
841
821
806
823
826
832
817
803
816
833
837
848
845
860
868
865
26
839
856
862
861
854
851
840
823
833
828
807
792
805
165
640
1000
184
817
816
825
828
810
819
829
830
821
837
844
851
30
822
834
862
847
32
816
313
503
1063
208
856
840
25
816
823
831
847
857
835
820
819
840
869
854
849
37
812
825
820
815
807
808
796
808
34
774
25
750
739
743
755
784
815
834
28
807
823
851
859
857
855
838
855
868
865
25
840
860
868
863
868
24
844
848
833
843
837
837
824
824
820
805
815
822
822
828
808
822
832
822
23
799
797
134
664
973
141
833
831
24
807
827
845
860
31
830
822
844
863
859
846
834
851
843
833
823
824
818
802
813
800
27
774
26
748
746
768
793
815
191
625
1085
225
860
893
898
880
886
895
902
900
28
873
863
874
871
869
872
872
870
27
843
26
818
828
823
827
837
827
821
831
833
845
851
860
858
870
863
860
855
859
859
852
859
846
28
819
830
823
811
812
829
841
853
852
845
834
834
844
29
816
806
811
38
774
777
786
121
666
918
116
802
794
789
811
824
845
864
843
849
868
879
875
26
850
855
862
40
823
840
845
855
841
845
23
822
821
812
33
779
25
755
736
30
706
231
475
990
247
743
757
741
755
783
814
821
822
859
884
885
868
857
864
874
860
37
823
816
834
849
849
847
840
865
870
864
41
823
838
843
859
841
831
162
669
962
186
777
789
792
801
815
831
29
802
812
794
809
828
846
848
842
841
839
843
829
811
812
808
790
781
786
793
804
805
814
841
820
800
804
806
799
786
796
824
843
848
832
852
873
875
860
51
809
833
841
843
823
825
816
817
833
840
870
858
40
818
805
792
796
799
813
828
826
833
849
850
30
821
835
850
863
865
872
873
867
856
850
849
845
44
802
293
509
1147
368
780
794
801
819
844
855
852
848
842
821
23
798
33
766
764
38
726
724
719
719
712
704
722
756
766
781
801
810
821
813
801
801
803
793
792
794
805
803
44
760
742
750
775
816
831
837
31
807
821
841
837
837
834
31
804
826
813
811
803
33
771
784
794
791
792
38
755
760
766
779
772
782
789
810
826
834
836
833
829
824
821
31
791
797
781
191
591
990
234
757
769
779
789
782
773
784
797
798
800
804
794
788
790
792
26
767
770
781
771
757
774
784
809
801
791
809
821
843
37
807
808
836
866
879
878
36
843
823
849
228
621
1139
314
826
828
852
872
877
856
866
875
880
884
862
878
858
845
858
875
858
843
867
870
854
27
828
843
850
854
848
852
839
830
318
512
1116
348
769
767
775
793
810
837
856
861
863
867
863
855
843
833
836
825
826
838
43
795
822
834
820
50
770
752
760
224
537
1033
252
781
796
820
835
837
841
841
40
802
791
810
830
836
846
861
25
837
873
885
883
882
41
842
834
846
863
875
882
885
880
36
845
840
853
865
301
564
1179
354
825
824
834
844
865
861
24
837
851
869
857
857
24
833
822
23
800
803
784
784
811
825
835
859
876
867
871
878
875
26
849
853
854
854
849
846
842
26
817
829
32
797
275
523
1066
270
796
801
814
833
835
832
819
803
816
820
827
835
836
829
821
818
41
778
784
799
811
836
849
849
32
818
815
828
843
331
513
1166
343
823
808
797
809
815
808
805
40
766
770
772
778
799
826
849
831
851
851
48
804
795
791
798
809
808
811
802
806
792
772
775
782
288
494
1129
316
814
818
832
816
798
810
816
810
825
841
846
856
860
844
828
840
49
792
40
753
755
769
783
803
808
840
853
864
875
27
849
853
832
31
801
814
814
811
818
815
814
797
801
781
785
784
777
760
754
766
780
37
744
23
721
742
763
777
798
810
828
825
819
812
801
30
772
790
785
773
22
751
771
788
808
818
27
792
786
811
817
811
800
802
36
767
778
791
804
816
832
844
25
819
842
857
852
39
813
825
821
822
822
824
829
823
823
817
23
794
803
819
806
795
797
793
789
788
775
768
775
28
747
768
777
27
750
22
728
731
723
712
736
142
595
922
154
769
778
796
808
805
785
787
805
819
801
823
821
809
807
822
841
847
852
846
839
833
819
817
828
820
830
818
805
816
810
823
819
251
569
1084
275
810
817
814
34
780
786
799
809
808
813
804
786
791
790
39
751
759
754
763
756
763
782
777
786
775
773
756
767
757
751
763
777
766
760
753
745
727
735
729
726
738
748
747
728
750
755
752
748
734
730
733
734
714
20
695
683
729
772
804
793
812
843
843
860
869
876
879
875
29
847
850
851
839
826
805
794
345
450
1153
360
794
797
778
25
754
35
720
740
756
785
818
805
815
821
843
839
846
837
846
844
27
818
835
836
839
838
843
24
820
830
834
833
839
832
836
828
819
353
466
1126
337
790
781
32
749
762
758
25
734
757
772
788
804
826
827
811
802
799
811
794
774
776
781
804
828
815
807
838
850
865
860
853
846
40
807
820
820
824
823
820
833
826
810
822
835
236
600
1055
262
793
805
806
809
816
828
817
843
837
841
843
854
850
25
825
820
824
804
25
780
789
790
800
794
784
787
791
270
521
771
471
300
722
41
681
680
673
700
25
675
677
685
667
678
694
691
683
30
654
644
631
648
641
624
621
616
620
611
609
603
602
88
515
708
114
594
601
603
612
608
593
610
595
581
581
581
597
590
582
592
586
592
590
601
605
614
619
627
640
659
656
658
662
653
668
671
676
670
666
36
631
18
614
618
642
654
652
663
662
677
676
676
26
651
634
635
630
640
659
664
657
661
670
666
666
666
664
656
645
650
653
666
657
659
668
679
678
671
677
673
676
669
669
679
683
669
661
661
118
543
785
129
656
643
640
24
616
611
614
19
595
598
588
599
620
645
21
625
18
607
621
636
649
29
620
18
602
596
596
600
602
608
605
606
606
603
617
612
615
628
646
631
623
622
622
632
621
618
632
652
663
658
665
688
690
676
682
696
696
698
709
703
700
711
719
711
708
701
704
714
709
701
698
706
719
733
725
720
733
739
742
729
720
730
738
747
731
726
729
734
731
727
710
22
689
708
725
730
747
748
745
735
730
731
712
56
657
646
649
657
675
666
686
692
676
669
685
28
657
689
698
683
669
677
689
692
689
679
685
692
709
712
703
728
744
759
766
785
802
812
833
826
833
838
832
834
854
856
24
833
24
809
825
826
808
26
783
787
791
791
789
34
755
754
759
759
760
749
759
770
792
788
787
794
795
802
802
798
802
805
806
791
796
801
806
40
766
267
500
1006
244
763
772
776
763
764
782
796
813
794
782
799
805
804
795
805
802
791
777
776
789
33
757
748
753
41
713
715
701
688
34
655
31
624
634
645
637
624
632
618
640
625
632
640
653
641
641
638
643
638
651
660
646
639
648
656
645
638
652
655
32
624
627
613
617
18
599
606
616
141
475
800
187
614
622
636
650
634
631
654
662
665
29
636
634
626
623
20
603
605
592
594
606
592
591
612
616
621
610
598
603
613
604
592
608
631
635
625
623
608
598
594
590
608
600
619
606
612
618
624
634
620
619
627
617
610
593
598
601
613
601
599
620
636
657
647
636
641
673
689
24
665
649
663
26
637
655
639
738
43
695
697
21
676
665
654
37
617
605
623
644
650
647
646
639
645
657
665
674
668
692
680
679
698
715
704
707
705
701
698
689
21
668
662
720
730
711
694
687
681
686
694
688
679
675
19
657
642
637
628
635
639
656
668
663
663
679
664
663
27
637
665
26
639
649
656
646
662
675
678
20
659
651
635
654
678
684
688
25
663
687
672
702
35
668
690
700
32
668
681
225
457
887
222
665
659
644
642
653
654
661
667
666
669
688
687
680
29
652
668
660
647
650
638
636
647
645
631
631
635
643
647
639
645
634
646
651
655
659
644
647
663
651
657
648
650
672
661
657
676
683
693
696
688
700
710
701
694
700
702
697
693
27
666
56
610
743
66
677
682
683
686
705
722
729
725
707
711
708
41
668
37
632
630
632
655
647
633
634
642
659
660
684
691
693
682
45
638
19
619
650
656
149
507
815
171
644
651
634
22
613
606
635
651
643
651
666
697
719
730
732
738
760
772
760
770
785
805
792
801
828
844
841
837
846
866
24
842
824
834
837
828
30
798
804
815
284
531
1089
330
760
759
772
805
786
787
819
839
849
840
842
839
832
23
809
805
808
817
804
795
806
825
830
26
804
810
820
822
48
774
304
470
1080
345
735
24
711
700
27
674
20
654
640
645
648
19
629
634
641
646
21
626
611
602
605
616
619
608
603
608
619
615
619
631
649
681
708
707
720
743
756
771
777
763
752
762
786
799
25
775
775
792
804
803
791
809
802
28
775
757
35
723
706
26
680
32
649
28
622
616
618
22
596
590
585
583
585
583
583
580
583
593
588
586
595
600
596
597
598
600
22
579
573
575
567
584
19
566
570
559
568
576
581
576
582
568
572
578
590
589
577
587
588
609
594
631
634
645
24
621
642
629
659
657
22
635
621
655
663
672
20
653
661
675
708
27
681
680
695
715
731
718
703
720
735
747
742
736
754
760
743
734
747
760
767
270
497
982
278
704
685
682
675
667
652
654
652
650
652
636
636
640
658
648
663
677
678
703
691
731
729
743
755
736
729
746
751
758
739
736
753
768
776
782
791
790
53
737
720
21
700
704
723
736
723
743
760
771
766
756
765
782
786
789
29
761
781
800
814
25
790
805
813
833
820
805
832
839
849
28
821
810
823
841
24
818
823
844
848
219
629
1036
209
827
814
808
807
815
826
808
800
818
831
818
798
824
834
837
821
841
850
855
26
830
835
842
842
838
852
850
844
851
833
820
829
842
846
843
827
827
830
818
819
814
801
813
815
802
787
806
795
805
22
784
780
786
797
806
798
29
769
774
770
768
770
783
38
745
754
758
763
773
25
748
754
738
730
746
747
744
752
740
752
765
22
744
726
737
740
728
734
731
718
724
717
415
302
415
714
715
708
710
692
699
689
706
705
703
693
700
707
714
728
729
730
739
732
714
207
508
912
217
695
678
662
665
680
682
665
672
695
708
20
689
723
724
742
730
726
734
761
750
752
744
746
732
728
713
700
693
699
725
746
770
773
773
800
789
803
29
774
793
791
27
765
785
784
780
765
764
772
761
776
813
844
31
814
842
24
818
30
789
769
29
740
735
730
735
736
731
721
719
703
703
705
701
698
716
735
753
766
766
749
746
754
120
635
842
93
749
742
756
761
764
782
811
837
831
816
838
23
816
798
808
811
46
765
793
809
814
830
818
797
781
790
803
31
773
792
249
544
1077
278
799
791
785
791
771
788
785
31
754
225
530
1009
239
771
780
789
785
814
833
36
797
788
782
800
817
821
810
833
839
835
855
863
868
29
839
844
846
835
839
847
841
831
284
547
1105
288
817
803
796
811
827
842
837
850
870
865
858
839
843
833
819
815
820
828
828
524
304
502
807
818
798
801
816
817
804
823
809
812
105
708
885
89
796
782
788
799
795
800
819
845
835
844
854
848
832
818
824
824
830
846
855
836
858
865
853
853
873
881
884
31
854
864
869
865
341
524
1158
346
812
796
790
782
778
767
782
792
791
799
825
836
831
812
837
836
827
811
806
820
826
267
559
1079
284
795
811
816
805
802
818
836
830
824
843
851
850
832
837
841
849
834
828
841
854
864
25
839
850
855
840
826
821
832
833
812
804
815
834
850
844
822
829
852
859
838
837
852
863
863
860
874
875
44
832
833
836
846
23
823
832
838
849
830
831
838
847
842
840
861
849
855
374
482
1183
369
815
809
790
778
773
761
765
752
747
727
740
762
792
831
830
831
831
839
24
815
831
848
845
834
817
828
837
834
829
27
802
812
815
818
29
790
794
814
834
842
829
838
862
869
856
838
835
29
806
803
28
776
790
796
806
810
794
804
29
776
785
802
816
809
803
816
834
815
829
845
853
840
854
24
830
820
834
850
857
851
833
855
841
819
829
35
794
795
811
815
794
799
823
817
26
791
804
819
826
809
805
808
799
802
783
783
790
793
785
128
657
890
118
773
778
774
768
787
813
827
823
837
865
874
30
844
837
839
845
830
819
829
849
853
831
812
827
847
856
850
849
859
867
861
227
635
1008
201
808
804
31
773
757
761
787
824
825
819
835
846
838
848
25
823
812
810
829
835
834
825
838
859
875
875
864
882
882
871
854
314
540
1201
354
847
831
834
840
834
817
824
841
848
863
841
846
856
872
871
32
840
843
858
858
867
854
874
876
876
867
845
860
859
857
339
519
1145
359
787
779
782
762
780
769
790
791
778
784
503
281
509
768
755
745
757
760
749
21
728
24
705
728
736
751
168
584
960
208
753
771
764
780
780
29
751
755
762
758
739
735
759
759
781
772
781
762
742
739
735
733
34
700
685
666
666
677
708
733
728
733
737
730
742
737
735
724
737
745
744
29
715
745
763
765
780
800
819
824
815
797
812
831
828
32
796
826
833
822
810
823
830
834
26
809
799
816
824
808
789
828
846
853
31
822
828
807
789
781
764
32
733
736
773
783
762
772
791
784
62
722
722
744
756
740
219
521
976
236
740
28
713
711
733
762
803
809
796
808
839
836
37
800
826
826
40
786
780
801
810
796
34
763
764
774
798
815
30
786
774
797
830
28
802
163
640
992
176
817
37
780
765
790
808
796
26
770
786
823
812
799
812
826
813
795
798
787
779
28
751
749
759
778
761
776
795
787
31
756
774
792
22
771
265
507
1031
316
715
716
26
690
22
669
693
712
741
750
772
775
39
736
750
757
756
740
735
771
787
801
28
774
782
806
803
25
779
799
29
771
788
775
242
533
1081
311
770
788
818
826
27
799
810
806
794
23
772
27
746
744
753
735
730
751
784
803
808
23
785
765
779
780
794
787
779
775
34
741
727
38
689
690
708
721
733
733
755
745
22
723
760
780
777
783
789
792
25
768
761
771
782
769
765
783
798
48
751
757
776
793
780
764
779
29
750
752
757
762
763
762
770
775
755
748
762
754
751
756
22
735
750
750
732
718
723
730
740
741
753
752
749
754
755
745
729
25
704
708
725
737
750
763
36
728
763
774
29
746
785
782
784
797
809
809
820
826
814
818
32
787
788
797
783
803
814
807
790
795
817
271
546
1077
288
789
770
761
757
783
788
24
764
781
805
830
827
838
830
24
806
65
742
728
30
698
708
707
707
741
160
581
916
167
750
755
736
732
26
707
727
751
758
743
775
791
817
41
777
34
743
725
737
764
789
807
791
817
853
860
34
827
838
868
848
32
817
826
864
877
861
843
870
904
880
881
909
925
64
861
871
881
887
921
29
893
871
884
892
28
864
858
873
37
836
845
844
844
844
830
824
846
859
850
835
847
865
870
852
883
885
884
893
25
868
874
898
29
870
32
838
853
301
552
1142
361
782
763
750
770
775
787
824
850
869
27
842
843
862
884
871
855
873
891
902
45
857
841
865
885
877
861
878
898
902
880
866
884
901
910
35
875
863
886
902
36
866
847
860
869
866
40
826
848
863
28
835
32
804
815
828
829
809
806
826
830
827
25
802
800
818
839
825
803
797
812
834
848
834
829
853
863
854
325
530
1193
351
842
829
826
827
820
830
834
861
864
866
893
895
878
866
843
829
855
865
869
865
844
847
880
882
867
889
898
874
865
365
500
1291
417
874
856
862
859
846
830
49
781
791
782
764
763
22
741
756
768
809
806
824
814
823
850
858
37
822
837
849
844
840
27
814
821
842
825
823
25
798
813
814
313
502
1125
320
806
792
780
34
747
739
728
725
714
703
693
677
670
677
703
722
769
796
814
886
923
915
896
903
888
898
902
39
863
858
884
886
884
30
855
833
856
868
845
841
891
917
904
39
866
27
839
43
797
807
824
828
820
835
836
32
805
811
830
847
868
876
886
874
855
840
819
810
813
847
874
903
904
881
898
898
32
866
851
851
830
891
890
897
887
891
896
29
867
863
846
843
833
40
794
801
788
27
761
746
24
723
48
675
695
724
726
733
783
811
802
832
877
880
35
846
843
855
863
843
822
845
875
880
865
884
887
25
863
860
847
32
816
842
858
871
30
841
858
884
887
29
859
845
867
881
24
858
339
520
1229
367
863
48
815
807
823
837
850
852
841
857
876
871
853
856
863
866
24
842
854
864
872
859
28
831
812
821
835
850
23
827
826
843
857
867
24
843
860
870
874
860
315
546
1228
355
874
27
847
562
286
576
845
831
29
802
800
808
809
798
787
773
773
780
764
783
792
777
802
827
28
800
813
823
818
810
797
29
769
258
511
1012
250
763
747
745
778
762
762
802
839
851
833
872
895
896
27
869
894
906
32
874
872
893
895
874
872
888
902
887
884
908
896
892
892
882
398
485
1171
390
782
22
760
796
815
819
846
850
873
855
888
905
897
900
878
867
876
878
38
841
834
849
858
843
837
857
882
885
26
860
850
868
880
876
379
498
1234
369
866
863
27
836
837
864
874
871
862
874
889
895
899
876
878
883
878
857
859
880
894
885
866
874
884
878
28
851
294
557
1163
308
855
28
828
183
645
944
141
804
807
820
819
810
828
833
831
814
817
833
840
841
843
853
857
848
865
871
873
867
860
872
885
881
874
891
904
885
864
189
675
1117
231
886
27
860
861
875
877
867
872
892
900
886
899
901
44
857
883
885
884
54
831
840
834
822
814
827
854
845
840
868
36
832
833
836
850
855
244
611
1090
249
842
823
833
846
876
889
895
875
874
858
855
25
831
841
841
852
844
832
842
842
845
837
837
855
872
875
880
330
551
1121
337
784
793
780
765
757
744
761
770
758
783
792
800
811
793
790
799
821
30
792
772
772
811
822
25
797
789
791
786
810
802
824
851
850
866
872
30
842
864
894
881
875
882
875
879
171
709
1059
197
863
863
869
877
893
882
901
915
928
908
885
905
896
893
878
881
887
880
24
857
869
888
884
875
865
860
877
892
896
874
863
259
604
1153
300
853
837
839
855
874
883
878
862
876
887
891
39
852
848
853
868
874
33
841
840
863
875
859
848
847
864
895
873
856
855
878
880
26
855
846
329
517
1190
329
861
45
817
825
838
854
849
828
828
857
857
844
827
849
860
883
40
844
833
853
870
878
28
851
848
870
891
878
856
852
853
875
870
851
854
859
882
891
32
859
865
859
875
883
30
854
853
845
858
874
861
857
24
833
845
848
836
33
804
806
830
831
27
804
811
834
869
872
897
34
864
862
871
875
873
862
844
850
866
882
875
861
858
876
892
893
875
868
878
898
899
900
876
872
875
876
882
875
872
858
842
858
867
862
861
847
850
861
868
877
859
236
623
1092
229
864
869
855
845
852
868
877
888
885
24
862
843
855
855
861
854
835
852
861
861
847
839
850
859
862
848
839
862
873
880
865
864
891
887
888
875
870
874
921
1028
1024
73
951
934
400
534
1334
381
954
76
878
44
835
860
882
895
880
873
888
898
26
873
852
856
873
884
868
864
873
874
871
865
878
902
908
895
877
890
906
912
362
550
1208
339
869
873
875
24
851
881
891
895
875
869
888
895
879
32
848
856
878
865
30
835
839
854
872
42
830
833
848
871
873
27
846
854
870
875
865
846
833
849
855
871
303
568
1097
286
812
839
830
825
814
828
857
860
847
853
875
882
875
858
847
861
874
879
863
849
863
878
891
880
26
855
871
885
890
873
868
877
880
880
866
848
861
881
895
877
855
872
877
892
878
857
877
882
886
872
868
882
882
873
856
877
884
34
851
267
584
1050
547
504
614
618
665
690
698
688
24
665
668
664
666
668
662
670
688
711
728
749
731
731
729
726
728
734
735
742
744
740
750
770
786
790
791
798
45
754
49
706
688
28
660
663
28
635
633
632
628
613
611
614
614
610
609
606
608
603
592
583
578
578
572
571
570
569
571
562
555
562
563
565
558
555
554
545
546
545
548
551
547
98
450
646
100
547
542
540
539
539
534
537
75
462
609
140
469
605
78
527
528
64
464
464
632
110
523
519
58
462
574
93
482
556
45
512
511
510
516
514
510
503
505
507
507
507
500
498
501
500
500
494
491
492
491
492
43
449
514
27
488
487
485
485
480
480
31
449
507
27
481
474
475
474
469
477
470
474
466
465
468
466
468
467
459
464
465
462
463
457
462
458
457
459
451
461
452
451
456
453
447
449
450
448
445
442
445
441
442
442
439
435
440
441
439
436
74
362
508
74
435
437
436
433
432
435
432
430
435
430
429
427
429
427
429
425
423
426
423
427
427
423
422
422
423
424
422
418
419
419
420
421
418
417
413
413
419
417
73
345
492
80
412
416
418
419
417
414
412
416
416
418
413
408
416
412
416
414
409
51
358
458
48
410
414
412
405
406
405
404
411
55
356
444
38
406
401
401
407
404
400
399
401
401
402
398
402
395
392
400
400
398
397
394
396
401
401
395
394
396
399
397
397
394
395
391
395
399
786
392
394
389
392
397
393
394
392
389
388
395
393
394
389
389
391
397
396
396
392
398
398
392
400
394
399
393
402
397
395
386
395
395
395
396
399
398
396
397
403
406
405
403
402
402
404
410
410
411
413
410
414
414
417
417
422
421
420
416
417
421
424
427
430
433
431
430
428
432
437
437
442
438
436
433
433
439
443
441
446
448
443
442
443
448
452
458
460
460
456
454
451
456
460
462
470
468
466
459
459
466
474
470
472
464
460
454
449
452
458
466
471
476
480
478
476
478
500
494
506
510
499
497
501
498
506
501
499
499
505
507
512
506
507
514
515
523
514
512
518
519
530
532
527
521
543
564
566
564
569
19
550
546
562
560
583
570
588
29
560
570
566
583
586
583
18
566
576
581
582
585
583
19
564
585
581
586
590
580
571
599
843
64
780
772
40
733
715
718
732
736
28
708
698
716
730
733
22
711
706
729
749
750
21
730
22
708
718
734
747
733
720
714
736
761
772
763
750
762
763
26
738
22
716
723
741
758
763
749
747
766
780
771
24
748
754
764
761
745
732
750
762
758
745
745
760
774
757
167
591
916
163
754
756
738
737
751
773
770
757
773
792
801
23
779
766
780
781
771
753
740
192
548
997
215
782
768
753
749
752
764
758
761
775
759
741
36
705
721
745
747
756
28
729
722
715
743
750
752
759
788
802
32
771
782
799
793
29
765
758
779
775
281
494
1029
262
768
758
759
22
738
748
776
791
797
778
773
783
796
784
27
757
765
748
744
25
719
713
706
692
36
656
669
655
657
660
673
19
655
641
632
643
658
648
649
663
679
672
20
652
28
625
24
601
602
612
632
656
648
660
667
706
710
29
682
676
672
699
706
711
701
718
760
29
732
741
22
720
726
726
728
717
730
760
744
725
755
751
760
759
753
748
750
757
757
754
750
748
754
758
748
742
745
756
750
746
744
266
479
1026
282
744
738
737
745
748
745
751
754
764
763
762
761
777
786
775
767
771
779
217
562
1000
250
750
756
765
746
746
33
713
732
743
738
749
754
753
752
763
771
775
767
767
780
788
788
780
764
756
754
222
533
996
233
763
768
779
781
782
784
784
769
767
759
753
755
759
761
776
778
784
787
790
787
776
774
780
779
777
778
767
770
774
772
776
766
764
772
772
775
763
761
768
768
766
764
760
768
768
763
757
753
754
750
741
738
731
733
735
730
733
731
732
731
734
258
477
960
257
704
701
62
639
628
630
619
610
619
615
632
624
624
610
623
634
636
635
636
636
636
623
631
624
629
641
639
642
642
655
672
671
673
21
653
664
124
540
772
164
608
611
616
611
610
619
611
597
597
597
584
580
582
582
586
594
609
613
622
616
636
627
625
634
19
616
616
616
642
636
643
651
651
664
677
691
676
679
694
703
710
711
718
721
720
730
735
733
734
736
740
745
741
740
737
746
750
746
747
746
749
750
753
751
750
753
757
751
750
750
754
759
752
750
747
746
751
753
750
747
750
759
768
762
758
762
761
766
237
530
988
240
748
753
750
746
744
752
759
750
756
757
763
757
753
750
748
737
729
728
725
724
718
720
708
703
687
671
28
644
22
622
615
625
633
639
639
648
658
659
692
31
661
654
672
691
695
698
690
697
705
703
689
685
691
689
682
677
662
657
20
638
638
631
642
633
634
19
616
607
614
613
608
619
624
618
614
634
666
676
672
25
647
633
650
663
26
637
626
627
650
640
627
617
622
631
633
639
645
643
666
653
639
638
649
632
626
172
455
812
198
615
605
610
600
625
616
20
597
617
617
628
628
625
614
613
621
22
599
594
583
589
602
95
508
740
122
618
640
318
323
320
665
654
662
674
668
670
278
393
110
284
276
282
297
306
1106
850
256
291
893
2986
3999
3905
94
3999
3999
3999

