28-07-2022 - 9:20 - Correr
Ermelinda Andrade
Intervalos entre latido y latido
999
1003
519
484
2629
1630
1000
79
921
966
103
863
1126
138
989
81
908
1001
1001
1000
1002
184
819
529
290
799
1014
1010
999
691
308
377
65
313
13
300
325
334
600
152
449
479
187
293
355
34
321
313
50
264
491
493
234
259
462
69
394
137
257
325
72
253
303
48
256
267
500
250
250
267
267
291
337
63
275
342
71
271
272
363
80
284
1952
1202
750
446
305
330
466
148
318
328
64
264
383
92
291
1383
808
576
969
477
493
127
366
493
232
262
336
74
263
472
130
342
25
318
399
118
281
19
262
454
18
436
96
341
412
413
40
373
459
1055
680
375
625
88
538
151
387
667
352
316
64
252
417
545
858
529
330
2951
2600
351
51
300
416
28
388
389
669
257
412
151
262
502
197
306
1044
775
270
652
680
426
254
259
602
28
574
272
303
413
72
341
731
482
250
531
240
291
388
139
250
735
424
311
12
299
399
69
331
75
256
482
188
294
320
357
83
275
379
440
129
311
1086
595
492
167
325
475
168
308
429
140
290
543
914
497
417
163
255
629
285
345
477
202
275
19
256
358
458
3999
3155
844
3999
3954
45
2004
1134
871
316
555
1256
257
1000
98
903
1000
1021
219
803
799
1025
1002
1003
999
1001
1102
204
899
145
754
1024
1000
145
856
1147
147
1000
117
884
1021
389
633
264
369
1010
210
800
507
294
903
919
1021
1022
43
979
1002
1001
1003
999
1004
1000
92
908
1013
1079
73
1006
1002
998
1006
1001
1002
999
1000
1004
122
883
866
1117
208
909
1001
1001
1003
1001
1003
999
1000
96
905
955
1130
231
900
1004
1000
998
1007
997
1002
1001
1000
1003
1000
1002
1000
1002
1000
1002
1000
389
612
196
416
974
1001
1000
1005
998
266
733
1024
1002
1009
999
1002
996
1001
1001
1000
1004
1000
1001
1000
1000
1015
201
814
1025
42
983
1021
1000
1001
1000
1000
197
804
30
775
1131
244
888
998
309
689
963
142
822
1126
120
1007
107
901
546
355
664
977
1102
199
904
1000
1004
1000
1000
1002
1000
1002
1002
1003
1000
1001
1002
999
1002
189
814
1013
1007
167
841
42
799
1027
154
874
1026
1100
98
1003
103
900
1002
999
1004
1001
1003
1099
221
879
1127
230
898
1000
1000
268
733
1023
1000
1003
999
1001
1001
1002
1004
1000
1001
1004
1000
144
856
1027
54
973
1020
1106
206
900
988
1116
216
900
1002
1105
210
896
1004
1000
1005
1000
1124
246
878
144
735
980
1028
1001
1000
1012
993
1004
1101
200
901
1008
266
742
1014
1116
119
997
94
904
1108
214
894
1000
1008
995
1000
1002
1003
998
1006
998
1000
1103
205
899
1000
1108
203
906
72
834
985
1126
728
399
487
2815
2511
304
1001
97
905
296
609
217
393
884
522
363
850
1001
238
764
447
317
625
1014
759
255
252
284
325
2082
2068
1237
831
1012
222
791
464
328
3999
3999
1921
2078
1304
774
1864
850
1015
1102
102
1001
1003
991
301
690
731
775
430
345
999
97
902
494
408
420
1101
189
913
1003
198
806
370
437
588
625
351
274
789
93
696
848
175
673
1114
787
327
677
1002
99
904
217
688
346
342
342
440
152
288
1002
728
275
404
83
322
560
291
269
584
588
766
127
639
850
479
372
394
404
514
54
460
125
336
452
643
321
323
25
298
770
232
538
908
1125
545
580
777
240
537
707
381
326
933
1685
720
966
693
273
1442
1015
427
678
1098
1275
224
1052
1083
1142
1167
585
583
1073
378
695
240
455
625
121
504
54
451
1191
692
499
578
666
673
932
254
679
35
644
26
619
163
456
1969
2263
1247
1016
588
429
553
555
90
466
634
124
511
40
471
604
168
436
62
375
549
176
374
661
157
504
60
445
460
1041
1170
830
341
1072
747
325
600
711
304
408
864
325
539
3458
3000
458
197
261
306
28
279
991
486
505
570
108
462
108
355
1426
1065
361
1517
1171
346
526
69
457
522
205
318
646
355
292
12
281
379
503
83
421
960
586
375
563
1381
914
468
1326
1043
283
575
71
504
546
267
280
985
645
341
956
583
373
487
546
994
535
459
521
257
264
741
276
465
655
309
346
546
953
271
682
1341
283
1059
623
437
686
73
614
761
1133
834
300
629
772
499
274
322
2405
1247
1159
1780
1164
616
208
408
156
253
329
699
202
497
634
1901
1128
773
3999
3627
372
624
1129
713
416
42
375
17
358
668
174
495
1069
544
525
636
2402
1803
600
87
513
139
375
1781
1504
277
458
575
1867
1553
314
456
446
132
315
3999
3999
3709
290
323
69
254
295
3999
2978
1021
309
713
1002
432
571
811
96
715
66
650
771
230
541
687
231
457
39
418
83
336
37
299
464
524
794
1413
1067
346
88
259
278
271
307
46
261
290
761
1074
816
258
337
459
1928
1623
305
50
256
350
82
268
465
474
722
353
370
381
32
350
1247
764
483
640
1156
853
303
1672
1323
350
46
304
744
280
464
131
334
580
123
457
159
298
1398
1143
255
860
1278
734
545
711
419
293
531
257
275
298
465
156
310
650
970
113
857
1507
380
1128
810
319
313
2051
1441
611
1752
1237
516
198
319
470
205
266
292
1120
807
313
494
1344
971
374
32
342
53
290
443
436
154
283
414
1283
647
636
1168
3999
3836
163
3999
2972
1027
2837
896
1942
955
988
1119
315
804
946
150
796
84
713
830
261
569
228
341
34
308
18
291
543
29
515
219
296
990
657
333
49
284
893
512
382
666
1107
104
1003
196
808
338
471
491
749
787
835
546
290
350
412
584
641
184
458
126
333
15
319
481
68
414
440
149
291
12
280
354
83
271
287
23
265
614
271
343
88
256
283
793
1595
1263
333
558
554
93
461
152
310
32
279
327
889
631
259
617
216
401
718
1030
559
471
137
335
75
261
373
382
909
604
305
49
257
341
361
72
289
2252
1879
374
109
265
304
393
75
319
2809
2114
696
381
315
925
566
359
681
666
386
280
321
33
288
24
264
12
253
541
225
316
907
958
971
660
312
333
388
428
594
139
456
795
85
710
1013
738
276
350
370
36
334
350
1063
370
693
259
435
779
1131
224
908
981
90
892
439
453
121
333
11
323
498
225
273
1038
1098
805
294
573
816
381
436
582
119
463
539
70
469
484
806
275
532
232
300
328
35
293
612
297
315
310
1282
456
826
950
539
411
37
374
31
343
436
672
202
471
1012
387
625
264
361
490
516
517
591
1000
672
328
23
305
983
665
318
38
280
564
276
288
464
1127
827
301
504
707
419
288
966
392
575
79
496
977
190
787
462
326
799
1001
1000
1000
1004
1002
998
1002
1005
999
1002
191
812
1125
123
1002
127
876
1041
248
794
82
713
810
1134
137
998
1001
1006
998
388
610
217
394
60
334
561
822
1127
400
728
1110
400
710
447
264
865
98
768
1028
722
307
517
241
277
1001
1000
642
358
523
129
395
619
973
1033
235
798
838
552
287
1002
1000
1004
311
694
390
304
661
338
323
345
55
291
956
263
693
261
433
46
387
130
258
356
998
561
437
180
258
307
610
646
1022
314
708
744
1127
128
1000
1002
1001
159
843
847
194
654
678
677
771
780
138
642
765
969
1034
443
591
86
506
596
192
405
898
996
219
777
106
672
135
538
247
291
760
1127
549
579
1024
98
927
924
924
140
785
1131
147
985
308
678
19
659
1128
149
980
219
762
1120
121
1000
96
905
1100
100
1000
694
306
32
275
418
122
297
378
47
332
322
359
36
324
74
250
306
13
294
1141
759
382
622
121
501
84
418
630
86
545
145
401
585
262
324
830
283
547
269
279
432
129
303
601
217
384
69
316
21
296
708
409
299
531
176
356
757
396
362
100
262
525
131
394
139
256
558
565
302
264
268
17
252
412
406
118
288
351
94
258
542
188
355
769
1357
968
390
957
416
542
96
446
1050
283
768
1030
304
726
3805
2803
1003
999
1004
347
657
1128
128
1001
1001
1001
317
685
1128
127
1002
272
731
949
242
707
1130
262
868
78
791
34
758
1132
148
985
1007
744
264
273
301
450
26
424
616
1029
1104
847
257
253
283
390
81
310
345
31
315
527
520
267
253
286
824
505
319
431
3999
1994
2005
1339
667
995
1986
1202
785
277
508
625
101
524
230
294
20
275
595
163
433
458
724
320
404
813
999
702
297
653
241
412
67
345
86
260
649
394
255
517
691
341
350
397
396
137
260
458
923
622
302
705
103
602
224
379
518
114
405
82
323
603
331
273
317
436
533
171
363
390
61
329
427
158
269
13
257
297
27
270
670
335
336
331
415
96
319
25
294
2647
1647
1001
1005
1000
214
786
227
560
1129
128
1002
1000
1003
151
853
1125
216
909
128
782
906
1131
131
1001
994
251
743
41
702
910
526
384
821
1017
602
416
138
279
1127
127
1001
1000
1003
1002
985
219
766
809
147
663
1129
243
886
53
834
1126
126
1001
218
784
1129
130
1000
1002
170
833
1126
125
1002
1000
1001
1001
148
854
548
306
509
708
89
620
651
785
1132
133
1000
1000
999
162
837
979
436
544
952
1133
132
1001
150
852
853
106
747
823
918
77
842
1128
129
1000
1000
1003
134
870
951
1011
1118
122
996
1008
1001
1002
1000
1002
1001
1000
1002
1002
1001
106
896
1000
165
836
971
1125
120
1005
1000
1003
138
866
1127
294
834
133
702
1128
127
1002
1001
1002
230
773
1125
233
893
123
771
1115
103
1012
121
892
1111
113
998
1002
1005
1000
1001
166
836
1114
420
694
687
690
76
614
1125
126
1000
499
502
500
1005
998
1002
1002
1001
1000
1000
1002
1001
1000
281
720
99
621
1126
126
1001
125
876
1121
390
732
716
857
1128
127
1002
135
868
1017
157
861
995
1130
131
1000
986
1000
430
570
582
886
1127
125
1003
263
741
36
705
40
666
125
542
1128
127
1001
1003
999
179
820
37
784
1130
131
1000
193
807
1013
1111
756
355
83
273
375
609
230
380
1012
1002
994
645
349
355
1124
272
852
1002
170
833
554
279
329
688
332
357
800
429
372
372
114
258
676
1158
2320
1037
1283
537
746
490
256
548
96
453
1006
999
1003
198
806
520
287
838
501
338
663
92
571
243
329
356
750
1003
514
490
506
55
452
164
288
377
386
32
355
69
287
392
49
343
1130
609
522
113
409
15
395
488
21
467
136
332
323
439
45
395
597
249
349
460
178
283
578
323
255
298
306
328
27
301
27
275
11
264
273
295
381
87
295
320
12
309
319
374
781
111
671
922
1129
127
1003
113
891
121
771
933
1130
130
1001
1002
1000
1004
999
989
271
718
51
668
823
326
498
246
252
862
29
833
1131
305
827
1126
242
885
248
638
1125
123
1002
171
832
1125
125
1001
309
693
1038
1091
216
875
1125
346
780
1125
330
796
290
507
93
414
1132
417
716
1122
122
1000
300
700
400
300
905
144
761
745
1128
128
1001
1002
98
905
144
761
938
1000
385
615
1130
131
1000
1003
100
903
1099
97
1002
402
601
1138
260
879
112
767
1023
1104
213
892
253
640
1108
372
737
721
753
996
309
688
1125
122
1003
1005
1000
1000
1001
997
219
778
1123
467
656
396
260
1057
58
1000
1005
1000
1000
95
906
1086
393
694
1022
1105
230
876
1125
264
861
1125
124
1001
991
274
717
1125
126
1000
1001
1001
1002
121
882
876
275
602
222
380
1127
146
982
1022
205
817
1123
371
752
1124
677
447
31
417
747
72
675
1128
503
626
252
375
788
155
633
1006
167
840
86
755
936
1124
118
1006
1000
1002
998
1005
149
857
978
32
947
1128
128
1001
220
782
1124
436
688
380
309
1005
1003
1000
218
783
782
835
143
693
764
1014
1116
116
1000
122
878
939
1190
189
1001
1002
661
342
657
1003
1000
136
865
921
978
1126
127
1000
1002
1001
1000
229
771
1014
1109
108
1002
1000
346
654
1122
455
667
791
96
695
363
332
625
707
926
1127
127
1001
1000
1004
249
756
999
1025
135
890
929
1006
196
811
1125
229
897
1104
101
1004
184
821
927
1127
319
809
1125
124
1001
1000
272
729
1122
301
821
1124
120
1004
1000
215
785
48
737
1126
406
721
890
1125
292
833
814
120
695
1114
353
762
1124
423
701
88
613
742
980
1128
570
559
910
109
801
66
736
873
1126
431
696
708
733
36
698
892
1128
128
1000
1000
1006
243
764
775
435
340
444
954
989
1125
249
877
1125
128
998
1003
296
708
1003
377
627
137
491
1003
1000
1005
999
1000
137
863
1123
121
1002
1001
181
821
1124
123
1001
1002
185
818
181
637
1136
136
1001
1001
1001
133
869
1125
226
899
120
779
453
326
465
29
436
846
978
707
271
15
257
349
43
307
508
234
274
335
1343
1421
521
900
586
315
790
462
328
571
93
479
625
54
572
247
325
799
508
291
808
1014
664
351
586
324
263
322
404
1005
684
322
582
115
468
473
210
264
270
318
40
278
452
132
320
770
361
410
841
487
355
414
122
292
341
456
127
329
40
289
325
406
502
189
314
317
853
584
270
482
61
422
69
354
74
280
332
322
332
414
60
354
365
100
266
332
702
249
453
442
40
403
25
378
85
294
42
253
516
252
265
362
429
168
262
522
240
282
398
121
277
328
567
288
280
383
124
260
265
305
308
416
160
257
260
398
438
103
336
383
455
194
261
484
911
421
490
236
254
270
332
516
265
251
333
351
410
126
284
382
586
196
391
16
375
373
79
294
412
150
262
414
414
49
365
483
198
285
19
266
937
606
331
59
272
520
897
469
429
125
304
368
766
486
281
957
610
347
610
900
950
1123
118
1005
1000
1000
156
844
50
794
1131
471
661
369
292
695
864
409
456
89
367
547
121
427
95
333
80
253
416
831
2125
1123
1002
1001
113
889
1113
333
780
46
735
393
342
351
2222
1966
257
583
167
417
811
389
422
580
212
368
688
55
634
359
276
430
148
283
275
957
656
301
32
270
1091
745
347
708
838
513
326
55
271
1144
596
549
571
555
89
467
983
651
333
455
2270
1944
326
1207
518
689
695
919
3913
2966
947
166
782
56
726
849
1126
121
1006
998
364
634
347
288
302
480
634
863
389
474
470
142
328
555
620
220
400
116
285
820
419
401
137
264
262
306
40
266
959
664
296
301
534
713
909
587
322
16
306
31
276
658
319
339
56
284
350
392
92
301
31
270
565
310
255
268
354
790
980
545
436
179
257
472
631
296
335
389
46
344
32
313
497
92
405
511
67
444
475
480
188
293
551
45
506
230
277
540
756
218
538
235
304
345
67
279
546
170
377
424
788
448
340
336
39
298
309
379
126
254
643
1127
269
859
1122
120
1002
991
331
660
988
289
699
737
153
584
42
543
241
303
762
497
265
654
833
362
471
663
321
342
649
1001
410
592
297
296
335
14
322
937
165
772
516
257
1100
357
743
485
258
581
728
394
335
901
578
323
429
487
143
344
74
271
468
1000
104
897
1110
393
717
951
1127
127
1001
161
841
1024
480
544
962
688
275
527
164
364
791
109
683
393
290
31
260
536
773
50
724
1126
125
1002
270
733
464
270
897
905
467
438
486
193
294
393
456
90
366
411
156
255
330
326
319
50
269
287
24
263
312
901
581
320
30
291
383
121
262
624
248
376
511
522
559
276
284
293
1302
316
987
1016
32
985
295
690
399
291
15
276
462
864
940
646
294
405
397
112
286
620
364
256
258
668
414
255
264
362
28
335
23
313
573
1011
116
896
916
386
531
196
336
74
263
686
413
274
549
156
394
635
160
475
127
349
536
250
287
304
323
63
261
2974
2677
298
308
1678
1390
289
1044
507
538
281
257
419
115
305
495
625
113
512
160
352
68
285
654
769
1692
1438
254
1032
504
528
1625
1335
290
389
116
273
501
155
347
354
563
172
391
136
256
758
507
252
287
507
3186
2259
927
446
482
179
303
414
71
343
73
271
20
251
289
26
263
333
665
345
320
1029
2542
2251
291
3999
3089
910
60
850
531
319
514
263
251
1276
985
292
311
624
850
79
772
403
369
451
126
325
63
263
267
599
288
312
58
254
252
281
1567
246
1321
751
571
285
286
348
69
280
539
210
329
538
266
272
290
797
225
573
590
310
281
558
1354
979
375
557
545
290
256
353
412
1666
1080
586
323
264
338
22
316
3999
3831
168
329
321
3999
3941
58
497
130
367
89
278
478
139
340
43
298
307
1164
885
279
2104
1600
504
146
359
1450
1009
442
161
281
442
2742
1617
1125
855
270
376
368
640
388
253
384
77
308
29
279
342
577
310
267
670
284
387
478
60
418
54
365
28
337
672
339
334
26
309
326
1405
1431
2101
755
1346
991
356
94
262
497
560
180
381
638
1041
1079
441
638
25
614
1135
199
937
51
886
865
408
457
175
282
517
167
350
26
325
318
68
250
252
321
1305
1047
258
323
65
258
281
25
256
346
79
268
273
289
319
317
324
19
305
382
125
257
255
260
278
371
66
305
457
703
1293
3324
3999
3999
3181
818
503
316
458
141
317
12
305
2066
1209
857
592
266
700
417
284
515
264
251
310
23
288
33
255
1708
559
1149
587
562
28
535
246
289
602
353
250
282
310
506
862
421
441
623
330
293
40
254
371
375
73
302
485
152
333
418
106
313
27
286
374
58
317
25
292
3999
3969
30
3999
666
3333
2209
1125
460
666
870
244
626
110
517
208
310
19
291
511
251
261
483
580
3999
3898
101
1393
1089
304
304
29
276
1046
1233
935
298
14
285
19
266
840
571
270
296
2966
2630
337
507
762
139
623
369
254
341
51
291
1841
3999
3621
378
982
641
341
1007
2002
1463
540
286
254
542
243
300
346
490
208
282
322
3999
3135
864
262
602
266
337
391
489
635
164
472
554
259
296
449
577
236
341
347
413
141
272
375
32
343
390
862
490
372
693
778
337
441
172
270
411
1004
378
627
341
287
986
55
932
671
261
607
254
353
378
379
866
211
655
982
99
884
590
294
11
284
498
669
377
293
19
275
303
632
364
269
798
537
262
689
1164
834
330
530
589
1149
254
895
475
421
63
359
38
321
1312
523
790
415
375
57
319
619
310
309
429
515
739
435
305
23
282
470
1798
1461
338
1703
1380
323
48
275
17
259
441
716
1269
1000
269
2858
2495
363
908
549
360
2083
1378
706
287
419
133
287
291
18
274
1259
1865
1578
287
520
120
401
74
327
343
471
214
258
327
321
28
293
3999
1055
2944
2221
723
346
378
885
468
418
148
271
310
308
595
321
275
419
417
588
329
260
291
293
25
269
587
123
465
73
393
90
304
919
58
862
1362
862
500
710
885
517
369
118
251
412
140
272
348
512
113
400
27
373
498
2228
375
1854
2035
1781
254
379
91
289
458
155
303
1125
1958
1243
715
1039
1869
764
1105
102
1003
305
699
1017
170
848
553
296
500
881
600
282
275
763
1959
1421
538
1210
2450
1798
652
379
273
721
232
490
236
254
307
482
213
269
1689
647
1042
1578
1034
544
628
283
346
582
322
260
1188
635
553
3763
3513
251
273
304
1015
485
530
141
390
467
22
446
123
323
410
483
204
279
1847
1194
654
896
1050
436
615
71
544
2104
1739
365
642
167
476
16
461
558
627
104
524
211
313
41
273
329
41
288
797
198
600
776
903
584
320
49
271
321
31
291
299
416
162
254
3999
2801
1198
2185
2158
619
1539
1158
381
127
255
521
185
337
598
68
530
2386
1926
461
44
418
32
387
524
125
399
32
368
359
37
322
361
467
80
387
108
280
334
577
239
339
2231
1716
516
731
350
382
603
223
380
102
279
358
20
339
36
304
667
351
317
346
17
329
548
191
358
374
68
306
738
306
433
2149
1618
532
128
404
843
478
366
517
230
288
657
386
271
329
56
274
278
272
330
55
275
3999
3483
516
1837
986
852
2045
1043
1003
998
1005
1000
1000
1001
1012
141
872
48
824
1108
106
1002
1002
1001
1000
91
909
204
705
730
1106
321
785
844
868
220
648
1105
101
1004
999
1001
1002
1005
691
315
678
40
639
367
273
303
34
270
480
205
276
313
36
278
1976
1366
610
882
934
1039
30
1009
1000
1014
129
886
1097
92
1006
1000
134
866
1108
107
1001
244
758
1109
365
745
750
1118
110
1008
154
855
45
810
33
778
860
1121
593
528
65
464
705
419
286
778
293
485
176
309
1117
129
988
180
809
1111
265
846
908
1112
112
1001
179
823
1106
113
993
249
744
738
1110
110
1000
1010
355
656
1106
108
999
395
604
1104
259
846
1000
1108
238
871
103
768
1109
109
1001
1003
1001
999
1003
103
900
1103
101
1002
999
213
786
1104
100
1005
1000
177
824
1106
105
1001
1000
1002
1014
105
910
1090
97
994
1000
1000
1002
1002
999
674
325
681
1001
1003
1014
285
729
1110
271
839
168
672
1109
103
1006
428
579
258
321
641
916
1106
105
1001
1014
292
723
857
1113
210
903
1114
112
1002
980
266
714
1109
97
1013
118
895
1093
90
1003
387
617
216
402
1000
989
1006
153
854
860
182
679
1013
310
703
1108
109
1000
147
854
982
1091
56
1035
156
880
1109
111
999
1002
1007
671
337
550
149
402
709
998
405
593
182
411
105
306
422
151
272
856
64
793
1107
476
631
257
375
854
1095
415
680
1104
246
858
1107
603
504
100
405
64
341
753
389
365
93
272
359
1002
107
896
76
821
1091
279
813
1103
97
1007
1018
37
982
1008
339
670
937
287
651
805
199
607
1044
45
1000
1012
350
663
678
682
36
646
929
1126
417
710
224
487
1013
1109
113
997
1020
31
989
99
890
204
687
712
414
298
916
1122
324
798
1103
87
1017
33
984
1001
196
806
174
632
1105
234
871
175
697
1109
109
1000
1003
1006
250
757
1106
200
906
1002
137
866
937
104
833
190
643
889
255
634
1045
45
1001
1000
68
933
397
536
1108
207
901
1119
267
853
115
738
752
1110
111
1000
1020
29
991
85
906
238
669
961
657
305
800
1005
992
1007
1004
1015
34
981
1017
133
884
1104
102
1002
443
560
719
1108
108
1000
1001
1000
206
795
1095
91
1005
97
908
27
882
166
716
704
812
165
648
923
959
252
708
249
460
121
340
2317
1326
991
1014
1000
1010
578
433
44
389
394
426
1125
367
758
1117
131
986
1005
1002
570
432
589
136
454
543
634
272
363
747
289
458
35
424
166
259
916
149
768
903
1991
1231
761
60
701
871
103
768
786
1088
382
707
841
2102
1522
581
691
1108
356
752
1123
138
985
139
847
58
789
1095
70
1025
148
878
1101
279
822
42
780
84
697
729
725
32
694
779
108
672
1109
111
999
177
822
1088
427
662
828
1122
330
792
37
756
849
1937
999
938
1047
369
679
1014
302
713
762
952
141
812
203
609
1105
1859
2034
1398
636
763
958
412
546
2091
315
1777
671
1106
104
1002
283
720
203
518
1111
272
839
164
676
753
817
32
786
830
877
134
744
727
858
984
109
875
1041
243
798
1214
891
324
449
700
366
335
1899
995
904
95
809
193
617
958
222
736
1000
373
628
1057
324
734
952
38
914
453
461
577
143
435
748
420
328
54
274
23
252
518
1101
310
792
67
726
709
749
107
642
353
290
862
570
292
653
2977
2383
595
645
319
326
14
312
763
928
1040
736
304
706
761
908
359
549
76
474
549
1125
865
260
534
184
350
511
53
458
602
211
392
508
933
1042
3007
2215
793
1101
96
1005
1020
999
983
513
470
197
274
275
985
1002
1010
1005
989
999
733
266
358
379
997
1018
1007
737
271
711
1019
34
986
294
692
418
275
19
256
567
2258
2005
254
1272
329
943
306
638
1818
907
912
244
668
1110
342
768
873
876
118
759
1037
38
1000
171
830
2124
1561
563
312
251
1175
165
1011
200
812
1123
123
1000
987
1015
1000
1004
158
847
916
1125
138
988
161
827
80
747
2126
1140
987
547
440
578
983
252
731
1122
122
1000
1000
985
55
930
496
435
45
390
636
1115
371
744
1106
90
1016
31
986
1000
1000
200
800
475
326
770
263
508
1152
167
985
65
920
118
803
850
131
720
78
642
1822
1088
734
1963
1075
889
276
614
811
3036
1028
2008
1006
1003
125
879
1035
689
347
35
312
51
262
353
66
288
364
437
183
255
513
745
1106
1478
2321
2429
1850
579
590
632
240
393
2904
2633
271
281
14
268
323
560
559
648
3736
3445
291
617
2280
1422
858
476
382
89
294
312
1149
857
292
465
693
850
1565
1290
275
314
3608
2177
1431
1146
286
428
3639
2747
892
988
3999
2952
1047
169
879
975
249
727
746
915
131
784
145
640
2028
3999
3016
984
1875
2027
1016
1011
1001
1002
1001
1009
264
746
961
374
588
314
274
279
282
845
1274
2205
1635
571
870
51
819
1002
679
324
360
2491
2197
294
423
155
269
662
67
595
51
545
816
3740
1859
1882
1087
795
114
682
1856
1194
662
927
1274
746
529
63
466
122
345
387
63
325
318
311
449
171
278
320
30
290
284
457
24
433
146
288
21
267
289
17
272
422
1590
3356
3078
278
910
577
333
39
295
42
254
1022
2424
727
1698
367
1331
3999
2394
1605
877
729
2979
2090
890
886
448
439
511
89
423
98
326
70
256
485
142
343
32
312
2758
2321
438
429
1332
970
362
1784
1258
526
1257
557
701
425
276
445
848
898
74
824
59
765
1758
890
869
299
570
301
269
728
236
492
788
483
305
528
267
261
262
333
380
673
301
373
1098
821
277
17
261
261
272
1185
3999
1650
2349
1512
838
849
95
754
756
853
71
782
191
592
636
1853
855
999
977
32
945
1335
878
458
830
2024
176
1849
1301
549
1945
975
971
397
574
776
212
564
552
721
786
89
697
2003
1279
725
86
640
76
564
2018
3027
1366
1662
59
1603
1015
588
713
941
129
812
40
773
974
123
852
900
156
745
910
952
137
815
148
668
669
855
50
805
898
1876
1210
667
923
155
769
977
66
912
908
1813
831
983
3999
2976
1023
378
646
961
337
625
642
714
1008
1004
3028
2026
1002
988
1043
551
493
16
477
804
2100
1097
1004
998
239
759
869
300
569
925
964
2025
3999
3981
18
1002
434
569
2034
1032
1002
79
924
329
596
743
923
183
741
2994
2227
768
1955
1915
1110
805
41
765
953
3999
3959
40
309
688
751
2031
1026
1005
1009
990
1005
136
870
2025
1087
938
224
715
1831
801
1031
1936
1242
694
47
648
3038
2037
1001
1010
995
1001
1000
1000
1003
999
1002
1000
1002
1003
159
845
115
730
723
140
583
2015
2028
1028
1000
1000
1001
1003
997
120
877
1113
114
999
1004
1001
976
1027
1000
1003
1000
1002
988
259
729
1036
122
914
927
1032
1020
38
982
1000
143
858
179
679
677
2024
2012
1007
1006
152
855
96
759
2036
1035
1001
1001
1000
1001
1003
1000
417
583
202
382
1040
747
294
707
20
687
399
289
315
332
1900
1047
853
2041
1074
968
47
922
997
727
270
385
89
296
650
393
258
1520
1105
416
83
333
1023
2095
1140
956
185
771
2377
2488
1688
801
142
660
180
480
220
260
2829
1039
1790
1243
547
919
978
210
768
63
706
2915
2190
725
101
625
3999
3189
810
1029
1005
1003
156
848
262
587
2037
1035
1002
1002
1000
170
831
230
601
2041
1042
1000
1003
209
795
832
850
129
722
97
625
1993
1240
754
2774
2120
655
1008
61
948
257
691
3938
1172
2766
731
2036
1034
1002
1000
128
872
1034
1010
996
136
860
1033
28
1005
999
999
1012
991
1003
180
824
1106
107
1000
1002
134
869
206
663
55
608
712
1022
27
996
2015
1045
970
208
763
1070
1053
772
282
663
325
338
1523
1211
312
1720
1405
316
457
2213
1327
887
3999
1955
2044
1044
1000
85
916
1040
624
416
579
832
2035
1099
936
1033
34
1000
102
898
1924
1291
634
973
1035
2005
1005
1001
27
975
95
881
295
587
158
429
562
31
532
281
251
333
626
252
375
1001
1002
737
266
460
562
294
269
13
256
266
485
1823
1155
668
377
292
34
259
421
434
445
27
419
486
2299
1393
907
488
419
559
819
534
286
903
651
252
457
181
276
3999
3975
24
695
44
651
2819
2470
349
498
225
273
309
600
269
331
341
81
261
256
628
246
383
99
284
313
327
328
1388
1002
387
1833
1159
675
279
396
583
275
308
702
415
287
13
274
291
300
456
823
840
524
317
26
291
500
552
1132
643
490
620
277
343
822
313
509
155
355
2916
592
2324
1528
796
537
260
357
47
311
436
1476
2875
2126
750
189
562
2212
1064
1149
714
435
1134
779
356
88
268
275
301
45
257
253
304
36
269
263
268
987
2348
1742
607
897
99
799
3980
3586
395
96
299
687
373
315
1166
860
307
47
261
517
263
254
2598
1683
916
2841
2254
587
251
337
341
567
1503
1173
331
3999
3158
841
409
433
1539
3038
2338
700
807
140
668
2025
1376
649
765
266
500
1380
2033
1758
275
863
528
335
55
281
286
24
262
259
407
460
179
282
488
1272
549
724
935
219
717
1844
1352
492
499
1300
1008
292
959
561
399
836
3999
2896
1103
99
1004
275
730
767
987
40
947
289
659
3835
3108
728
1047
480
568
297
272
453
441
1070
417
653
3980
3648
333
1701
1317
384
586
250
336
637
940
480
460
528
593
212
381
1497
750
747
320
427
776
488
289
647
876
904
322
582
673
193
481
541
583
288
296
631
161
470
64
407
53
354
52
303
25
278
666
740
225
515
1932
1117
815
511
305
34
271
938
42
896
179
718
175
544
547
193
355
1043
241
803
153
650
2383
1379
1005
514
492
1509
506
1003
402
602
784
2035
1031
1004
357
648
291
358
390
611
746
231
515
100
416
89
327
732
1098
535
564
1030
33
998
427
571
592
282
311
1129
277
853
1034
90
944
210
734
1063
790
273
645
363
283
26
257
3468
1803
1666
1661
816
845
436
410
119
291
319
611
123
488
215
274
500
1681
687
995
1002
376
627
334
294
2007
1737
270
1330
893
437
165
272
332
75
257
648
250
398
102
297
42
256
405
683
2401
1551
851
511
340
2218
1475
744
235
509
184
326
423
31
393
108
285
442
500
231
269
440
158
283
2197
1909
288
694
161
534
1385
1092
293
990
690
301
829
273
557
1234
1250
508
743
487
256
299
334
3517
2915
603
705
81
624
1025
1782
1977
2032
2006
1117
890
2032
1031
1002
1015
742
274
727
445
282
458
145
314
51
264
314
329
375
42
333
30
304
692
236
456
101
355
2160
1291
870
25
845
476
369
52
318
68
250
312
910
965
416
549
149
401
409
636
55
581
138
444
66
378
871
1416
68
1349
760
589
282
308
980
1027
1005
1011
992
356
636
270
367
1010
992
355
637
374
264
553
780
38
743
1034
34
1000
1002
1939
1351
588
296
293
37
257
455
132
323
49
274
267
320
27
294
694
224
470
835
39
797
461
336
773
1100
529
571
297
275
612
240
372
84
288
459
43
417
420
416
26
391
97
295
1247
428
819
539
280
483
107
377
623
159
464
519
103
416
116
300
566
1901
2034
2002
1044
959
68
892
240
652
807
526
281
442
145
297
24
274
296
1524
1505
357
1148
1421
966
456
28
428
417
16
402
458
194
264
750
1008
1025
278
748
907
1039
1509
1023
487
149
338
667
243
425
152
274
301
535
215
320
710
180
531
147
384
842
294
549
269
281
1441
714
727
3020
2061
960
960
268
693
3351
2363
988
620
369
387
934
362
573
2036
1336
700
391
310
560
130
431
688
380
309
1008
997
196
801
498
304
296
295
1269
562
708
1000
501
499
777
1541
536
1006
716
291
3999
3288
711
1039
624
415
561
84
478
106
372
68
304
330
828
298
530
936
357
580
1178
3251
2719
533
277
256
642
54
588
164
425
55
371
498
507
994
353
641
340
302
361
20
342
23
320
59
261
281
279
309
42
268
293
291
332
681
284
398
399
767
403
364
458
83
375
770
768
999
1672
1347
325
2440
1508
932
3211
2672
540
120
420
27
394
35
359
368
69
300
340
1010
635
376
87
290
316
547
209
339
1053
570
484
78
406
2781
900
1882
1561
321
486
220
266
699
57
642
245
397
529
85
444
836
1229
457
773
426
347
91
257
700
66
634
158
477
831
1731
1168
564
1037
3999
3375
624
209
415
1132
600
532
1022
643
379
103
277
346
827
1176
178
999
990
376
614
625
1036
694
342
661
724
436
289
329
62
267
12
256
283
287
569
1000
729
272
718
954
567
387
131
257
293
497
44
453
170
283
726
330
397
569
283
287
29
258
321
959
179
781
116
665
675
384
292
431
741
376
365
90
275
328
2162
1855
308
15
293
25
269
920
146
775
3712
3999
3338
661
936
124
813
3872
2837
1035
166
869
2035
1035
1001
1000
1002
995
1008
1001
1001
202
800
1032
29
1003
1000
1005
265
741
418
323
45
278
658
1003
1001
1001
57
945
127
818
23
795
1036
281
755
1034
33
1002
165
837
960
136
825
1037
60
978
287
691
840
939
1006
376
631
742
781
2037
1036
1001
1001
1002
1001
1001
1001
113
889
1000
1032
30
1003
33
970
1033
31
1002
1001
1000
1002
74
929
1031
1005
1001
1000
1002
1001
1002
1001
301
701
915
941
1038
38
1000
99
901
956
940
1035
32
1003
239
765
1017
1017
175
843
992
1005
82
924
1786
938
848
1790
1935
1951
1264
687
752
21
732
942
3999
3956
43
1003
1000
47
953
345
608
733
733
894
237
657
809
1850
964
887
179
708
888
2017
74
1943
1198
746
805
1819
1010
809
84
726
931
967
90
877
3999
1952
2047
1049
999
1001
1003
999
177
822
192
630
957
220
737
788
835
94
742
945
166
779
2037
1035
1003
999
978
1025
46
979
1017
1002
284
718
1034
34
1000
1002
79
924
120
805
77
729
1037
37
1000
219
781
136
646
386
260
875
978
989
231
759
1035
78
958
1033
311
723
134
589
1030
79
951
983
113
870
59
811
56
756
102
654
679
939
268
672
2039
55
1984
1137
847
3999
3958
41
999
192
807
2035
1152
883
883
1033
254
779
2035
1034
1001
1001
1003
117
887
935
296
640
737
746
3999
3994
5
1036
38
998
1001
1000
1000
1003
1000
49
952
1034
32
1002
1000
239
762
105
658
1035
30
1005
1001
1093
502
592
2039
1035
1004
1004
1000
43
957
1025
32
994
280
714
147
568
926
1038
35
1003
469
535
273
262
990
1929
2035
1044
991
1008
271
738
140
598
654
658
278
380
1002
1001
35
967
1030
1004
1010
1995
1537
458
148
310
325
693
1030
135
895
294
602
2272
1271
1002
606
397
456
724
2036
97
1939
1252
687
374
314
1070
76
995
1005
443
563
168
395
1033
35
998
278
720
2202
1540
663
371
292
967
1017
342
676
1034
36
998
445
553
101
453
1000
41
960
486
475
203
272
1029
1006
1001
104
898
895
127
769
858
221
638
637
1000
2016
994
1023
1000
151
850
209
642
374
268
870
1023
669
354
666
994
424
570
133
437
970
680
291
12
279
18
261
884
46
838
177
662
1006
506
501
892
2555
2271
284
2303
2010
293
2556
1840
717
1624
1340
284
1752
1916
942
975
80
895
601
295
2741
2480
261
629
833
849
196
653
271
382
1158
394
765
424
341
968
611
358
56
302
53
250
983
319
664
379
285
371
88
284
342
792
253
540
733
335
399
482
722
890
564
327
575
1120
392
728
470
259
270
768
39
730
147
583
683
293
391
460
205
256
536
170
366
82
285
422
168
255
329
37
293
291
495
167
328
37
291
295
327
414
32
382
586
849
560
289
874
433
441
478
53
425
28
398
386
1739
681
1058
1089
130
960
69
892
920
232
689
1352
346
1006
322
685
761
501
260
598
811
145
666
1958
1508
450
128
322
609
325
284
306
666
842
546
297
1164
588
576
170
406
94
312
54
259
259
361
104
257
2935
2502
434
477
1005
725
281
718
709
419
291
404
416
155
262
306
356
493
99
394
451
38
414
444
143
301
346
55
291
349
58
292
27
266
1186
577
609
59
551
257
294
629
322
308
782
392
390
548
758
503
256
317
900
614
287
1028
1756
1506
251
426
551
31
521
243
278
294
396
539
144
395
558
1586
1133
454
73
381
95
287
328
1000
1000
334
666
292
374
76
298
44
255
772
1220
533
688
740
837
3041
2075
966
185
782
400
383
477
1155
505
650
1033
226
808
1196
197
1000
1006
182
824
371
454
108
346
1036
259
778
934
648
286
1007
695
312
454
839
475
365
656
284
372
663
957
3039
2039
1000
406
594
185
409
769
1114
253
861
913
449
464
1484
1203
281
326
1016
745
272
1316
1833
1280
554
964
1004
1946
3730
3420
311
31
280
719
999
178
821
835
1037
37
1000
1002
1000
1003
1000
1002
1006
280
726
50
677
894
964
175
790
76
714
719
2038
1038
1000
1004
1000
1003
55
949
114
835
151
685
736
1038
36
1002
1001
1003
1000
1001
1002
1001
1000
212
789
1029
53
977
44
933
1031
1004
1000
1001
1000
1002
1001
146
856
1105
246
860
160
700
779
1821
1188
634
2038
1038
1001
77
924
243
682
998
95
903
959
90
870
914
2003
1273
731
844
404
441
25
416
505
1347
1049
298
821
875
606
269
2639
2747
2169
578
989
238
751
308
444
561
974
286
689
419
270
552
1269
476
794
2473
2105
368
528
665
386
279
1357
1101
257
301
400
66
335
449
152
297
646
386
260
1500
1244
256
298
43
255
276
601
1034
232
802
500
303
1352
1040
312
305
441
1119
862
257
835
540
296
289
1788
802
986
635
351
24
328
935
585
350
416
875
612
264
741
317
424
109
316
25
291
380
119
262
485
1195
653
542
988
666
323
40
283
1284
313
971
118
854
534
320
411
586
213
374
1868
1018
850
571
280
283
2377
3999
2960
1039
39
1000
1002
1003
1001
223
779
1110
463
647
807
22
786
77
709
1041
47
995
1003
1000
1000
1001
170
832
1031
28
1003
1001
1001
276
726
1104
105
1000
29
972
992
1032
106
926
1035
1978
966
1012
361
652
1033
31
1002
110
893
875
1036
145
891
47
845
2050
1070
981
1017
992
148
844
1032
31
1001
1002
1000
1001
1000
1002
1000
1000
1001
1001
1002
1000
1000
167
834
1101
100
1001
1001
116
886
1005
1035
38
997
1000
1002
126
877
926
67
860
1008
1028
1002
1002
1001
995
107
888
212
677
58
619
1745
709
1036
36
1000
1000
247
754
1031
29
1002
1003
1001
127
875
242
633
738
40
699
3041
2041
1001
1001
1001
213
789
196
593
1037
39
998
341
657
1036
34
1002
999
1000
58
943
245
698
804
1036
33
1003
1000
1000
1004
1000
998
99
899
931
1036
34
1002
154
849
66
784
1034
30
1004
1005
1003
995
1002
139
864
1036
57
979
144
836
111
726
1035
152
884
1031
28
1004
1003
1001
1000
133
867
1032
31
1002
1002
262
741
806
1037
35
1003
1000
1000
1000
1002
1003
1004
995
325
670
1109
384
726
1031
30
1001
1001
1003
1000
1011
1000
992
1000
1003
1000
1000
57
944
189
755
841
155
687
1106
95
1012
993
1008
1013
1001
224
778
1101
99
1003
1000
1016
30
986
78
909
1100
83
1018
201
817
1103
85
1019
114
906
1081
62
1019
1001
993
149
844
1006
178
829
370
459
57
403
862
256
607
2107
1085
1023
999
986
1020
256
765
995
267
728
777
854
59
796
160
637
1106
103
1003
1015
475
541
103
438
509
225
285
601
346
255
277
333
69
265
485
44
442
542
232
311
1150
162
988
292
696
435
261
745
875
456
420
67
354
457
1303
289
1014
747
268
305
376
628
93
536
223
313
387
112
275
296
288
830
852
1888
1504
385
747
833
847
112
736
378
358
361
669
1538
960
578
924
590
335
763
144
619
252
367
723
448
275
1016
563
453
155
298
1253
252
1002
224
779
444
335
888
172
717
751
1129
260
869
1102
483
619
222
397
660
274
386
442
146
296
638
304
335
804
284
521
130
392
1020
1018
239
779
514
266
304
460
1026
70
956
936
673
264
322
398
566
565
134
431
148
284
435
110
325
69
257
1119
688
431
111
321
632
344
289
375
501
529
528
1001
397
605
335
270
292
840
197
644
292
352
19
334
659
991
565
426
135
292
2305
1988
317
26
292
374
983
52
931
1035
43
992
225
767
210
558
121
437
1598
1329
269
281
348
71
278
424
736
739
930
116
814
41
774
23
751
363
389
630
796
57
739
410
330
793
2200
872
1328
2218
1705
514
223
291
296
42
255
1000
730
270
306
581
277
304
45
260
254
306
28
278
26
253
334
68
266
355
671
198
473
630
221
410
713
307
407
843
568
276
891
203
689
189
500
218
282
359
21
338
69
270
1148
893
256
540
101
439
187
252
489
212
277
370
616
262
354
31
323
354
49
305
36
270
769
1126
781
346
348
54
294
468
126
343
358
391
399
48
351
1466
974
492
504
22
482
167
316
555
635
238
398
97
301
11
291
283
371
666
359
307
14
294
467
213
254
332
43
289
623
62
562
133
429
676
367
309
312
460
210
250
313
54
260
317
14
303
296
622
75
547
789
947
3999
2928
1071
726
345
772
491
281
12
270
320
343
1175
1368
353
1015
3872
2808
1064
1820
2110
1110
1000
1000
112
888
1104
104
1000
36
964
1041
43
999
1000
1003
1002
217
786
959
1124
138
986
1001
1005
1009
397
613
753
1108
89
1019
35
985
1006
175
832
85
747
21
726
830
1103
101
1002
406
597
326
272
425
115
311
584
201
384
906
1038
2022
1023
999
284
715
879
1030
273
757
1006
2032
1033
999
84
915
1096
428
669
324
346
63
283
338
355
445
436
168
269
577
58
519
206
314
41
273
292
495
532
188
344
881
556
326
470
458
741
870
587
283
290
2896
2437
460
1124
117
1007
319
689
245
444
187
257
612
870
580
291
843
381
462
118
345
337
450
172
278
928
188
741
62
679
735
832
889
960
126
835
1524
976
548
818
1107
85
1023
152
871
102
769
859
133
726
314
413
430
164
267
296
338
449
196
253
338
46
293
288
339
751
150
602
124
478
1146
2348
1531
818
873
398
475
194
282
1264
283
982
64
918
634
285
356
462
862
569
293
819
130
689
347
343
440
1089
592
498
492
146
346
750
494
257
257
316
1195
214
981
558
423
581
1001
392
610
317
294
570
1253
963
291
710
313
398
147
251
360
774
261
514
253
261
449
34
415
592
142
451
544
223
322
18
305
644
210
435
508
184
325
375
371
1262
393
870
199
671
967
1029
1016
107
910
85
825
90
735
1126
586
541
102
439
1005
374
632
268
365
1000
1006
81
926
59
867
538
330
774
103
671
351
321
17
304
712
804
995
547
449
75
374
1283
604
679
1504
941
564
979
638
342
1752
1310
443
137
307
2395
1568
828
112
716
453
264
14
250
282
552
927
555
373
1013
124
890
572
318
660
3103
2269
834
922
1114
119
995
1016
730
286
312
391
413
3453
2545
909
3999
3954
45
1013
1006
985
1003
1000
1005
997
1014
992
705
287
726
787
1106
291
815
47
769
1109
278
832
1015
605
410
678
130
548
272
277
361
676
999
1010
998
1000
995
172
823
241
583
166
418
935
1167
526
642
788
872
109
763
1105
110
995
1009
999
130
869
1133
130
1004
1002
1000
234
766
1104
103
1002
1001
1002
140
863
259
604
111
493
763
750
1103
257
847
1099
96
1004
338
667
1045
46
1000
95
905
1050
55
996
1006
988
1002
1003
999
1017
27
990
1004
998
1001
1002
1000
1001
995
185
811
1103
103
1001
1001
1002
998
1004
1000
1003
1003
119
885
1102
98
1004
230
775
1104
104
1000
1009
999
159
840
106
735
1108
105
1004
215
789
1102
340
762
1103
99
1004
1010
993
999
1002
1003
1002
191
812
100
712
824
543
281
934
136
798
972
1688
1303
385
693
1014
2031
1031
1000
164
836
1107
112
996
1007
998
202
797
246
551
255
297
1105
312
793
316
478
611
345
266
277
342
411
422
639
355
285
13
272
1001
107
895
2040
1036
1004
1001
998
1004
1016
248
769
821
109
712
1107
106
1001
217
785
159
626
1013
143
871
945
686
259
393
458
499
704
851
536
315
436
3435
3150
286
282
274
829
497
332
54
278
2643
2387
257
381
771
269
503
128
376
1583
3203
2142
1061
2000
1982
971
1012
342
670
338
333
989
1013
343
670
340
331
848
1138
513
625
211
415
88
328
13
315
481
53
429
179
250
548
201
348
471
519
236
284
1057
737
321
327
757
120
638
3999
3484
515
3999
1970
2029
1244
786
1091
80
1011
1002
459
544
90
455
822
416
406
673
142
531
1759
1386
373
70
304
2122
1553
569
315
255
521
1940
1477
463
74
390
1252
861
392
401
507
86
422
678
258
421
139
283
296
342
598
241
358
946
1041
299
742
416
326
586
245
341
494
39
455
471
920
624
297
341
92
250
262
577
309
269
570
272
298
3398
3999
3368
631
2038
1036
1002
1003
999
1001
1000
180
820
1177
167
1010
1001
1000
1002
1001
1001
167
835
1102
98
1004
999
97
902
1103
103
1000
1001
1000
1003
1001
1001
104
898
998
294
704
916
1028
371
657
695
1104
409
696
392
304
42
263
634
1103
92
1012
414
599
665
1631
325
1307
577
731
1056
773
284
450
21
429
44
386
631
357
274
295
308
320
28
293
296
785
847
1153
340
814
284
530
546
174
373
421
639
263
377
74
304
1000
1045
168
878
588
291
449
134
315
794
1010
69
941
363
579
108
471
116
356
469
212
258
267
965
686
280
400
92
309
331
50
281
287
37
250
569
272
297
17
281
407
546
266
281
272
583
1340
584
757
444
313
31
283
279
1223
82
1142
2125
1726
400
2129
1855
275
268
332
893
610
283
292
586
282
305
572
950
1563
860
703
233
470
2612
826
1786
1261
525
1429
1420
905
516
258
259
563
224
339
379
1130
110
1021
36
985
1000
1000
239
761
828
555
273
321
1685
680
1006
227
780
1105
205
900
208
693
1097
533
565
1103
105
999
1002
276
727
845
1104
101
1003
304
700
1103
213
891
1101
100
1001
135
867
1109
116
994
237
757
921
958
1108
109
1000
89
912
1092
91
1002
1000
1002
73
930
195
735
1106
106
1000
1003
1002
1000
39
961
600
362
538
844
2041
1041
1000
1000
1003
1000
1003
1000
1003
1000
1001
1000
1001
1003
1000
1002
1001
1000
1001
1002
291
712
425
288
1004
498
507
16
492
819
72
747
306
441
758
509
250
461
81
380
1037
154
883
546
338
409
119
290
323
322
40
282
384
49
336
518
228
290
447
177
271
434
461
831
859
58
801
1373
1008
365
1124
862
262
688
794
500
295
478
583
226
358
1759
325
1435
1159
276
476
1008
644
365
2654
2067
587
199
389
924
628
297
751
1037
315
722
346
376
89
288
1427
1123
305
564
1002
984
999
588
411
595
1000
1004
751
254
332
27
305
33
273
655
180
476
75
401
1186
331
855
942
1034
1059
75
985
1019
234
786
1214
232
983
692
291
329
38
291
522
570
1004
150
855
598
257
901
190
711
1101
101
1001
721
281
717
1004
999
131
868
938
125
813
122
692
417
275
267
279
450
25
426
85
341
414
410
840
315
526
541
1004
629
375
375
784
365
420
853
534
319
34
285
503
253
250
694
885
1486
1216
270
384
435
180
256
343
984
1233
885
348
32
317
329
413
94
319
35
285
329
1014
141
873
1061
610
451
68
383
648
393
255
370
426
450
140
310
715
426
290
394
79
315
64
252
333
58
276
421
686
108
578
296
283
334
19
316
311
407
157
250
425
425
1258
263
996
81
915
1112
403
710
417
294
653
97
557
126
431
1103
770
334
375
83
292
862
120
742
453
289
303
827
489
338
562
682
150
533
138
395
53
343
341
60
282
879
509
371
80
291
24
268
2042
3999
3954
45
1012
992
323
669
832
824
1105
105
1000
1014
1994
989
1005
1013
1000
170
830
974
1101
97
1005
1002
1002
230
773
1106
107
1000
1000
177
824
1099
95
1004
1000
1006
105
902
970
227
744
75
669
2106
1103
1004
1000
1002
1003
1005
996
506
490
903
1130
142
989
1003
158
846
1101
407
695
852
1110
110
1000
1002
1004
1001
998
1003
1000
1001
198
804
1111
118
993
1001
1002
254
749
1100
99
1002
997
267
730
820
1104
105
1000
1004
1002
1009
991
1000
153
848
1069
34
1036
37
999
1002
149
854
44
810
1123
141
982
1004
94
911
1105
111
995
997
1000
1006
356
651
1105
106
1000
171
829
1102
100
1002
1000
100
901
107
794
218
577
1105
328
778
1007
396
612
1103
105
999
1001
1003
1026
29
997
510
487
1268
813
455
169
286
1510
529
982
1018
29
990
998
137
861
1103
101
1002
253
750
971
1120
283
837
1024
102
922
61
862
980
124
857
1016
3095
2080
1016
265
751
1013
1091
90
1002
1000
1006
999
1000
1000
126
875
161
715
794
1113
122
991
212
779
1002
293
710
906
569
337
345
535
987
1007
1012
1000
1004
1000
1002
347
656
1094
239
856
1097
90
1007
1007
994
1023
42
982
1002
999
1001
1002
154
849
1118
115
1004
92
912
1071
48
1023
192
831
1108
111
998
1002
114
889
164
725
861
119
742
764
1025
1083
83
1001
1003
1004
995
1025
157
869
376
493
123
370
371
1673
815
859
2039
1388
652
181
471
172
300
2583
2283
300
387
118
270
337
55
283
1719
2638
3061
2306
755
781
359
422
766
1071
37
1034
400
634
256
379
416
564
915
621
294
346
66
281
26
255
369
100
269
318
644
302
343
757
889
2999
2419
580
690
1868
205
1664
987
677
411
266
1966
2019
1071
948
278
671
333
339
1141
57
1085
1824
2977
1977
1001
699
303
710
882
174
709
357
353
1750
727
1023
765
258
259
482
801
846
506
340
35
306
19
288
38
250
274
879
1021
685
337
515
1110
315
796
486
310
44
267
270
1099
704
396
1852
1409
444
134
310
37
274
271
11
260
711
227
485
1116
739
378
58
321
893
613
280
702
1673
1147
527
1745
1404
341
62
280
16
264
288
35
253
599
753
421
333
462
143
320
362
1599
1309
291
381
654
819
1469
939
531
114
417
135
283
754
482
273
291
401
3999
2896
1103
705
398
15
384
531
219
312
15
297
323
19
304
1029
2021
1008
1014
321
694
405
289
511
104
408
533
276
257
345
337
429
751
2127
1127
1001
1002
1000
1003
1000
1001
1000
317
683
1121
120
1001
1003
1000
1001
1000
1002
195
808
1122
122
1000
1000
1002
1002
1000
160
840
112
728
405
324
373
417
109
309
735
915
305
610
165
446
685
334
351
88
264
272
18
254
1789
347
1442
1516
1490
490
1000
592
409
592
1138
524
615
275
340
78
263
529
971
612
360
448
20
428
780
499
281
625
309
316
333
53
281
27
254
283
462
786
534
252
335
43
293
486
59
427
178
250
317
43
274
740
416
324
35
289
755
465
291
336
22
315
430
518
129
390
116
274
321
2663
2242
421
501
831
508
323
628
289
340
84
257
822
819
538
281
435
705
756
319
438
1726
1033
693
721
1515
740
776
1780
1300
480
152
329
461
38
424
108
317
422
579
813
2321
1338
983
285
698
125
573
31
543
603
196
407
73
334
358
59
300
363
408
461
531
132
399
74
326
74
252
259
308
360
18
342
478
198
281
292
373
105
268
296
295
423
73
351
427
105
322
30
293
1031
647
384
429
815
552
264
1061
796
266
386
436
105
332
62
270
705
250
455
464
590
336
255
323
67
256
542
265
278
21
257
349
94
256
276
1436
1138
299
824
352
473
122
351
1339
864
476
117
359
357
629
359
271
540
694
1684
1370
314
519
46
473
91
383
416
39
377
74
304
334
402
145
258
490
750
281
470
485
215
271
876
622
255
1084
710
375
899
416
483
883
543
340
354
563
268
295
450
187
263
3999
872
3127
2223
905
1098
99
1000
187
814
1001
212
790
806
1125
125
1000
1002
1000
999
1004
1002
1000
1000
124
877
963
698
265
321
576
180
397
87
310
503
84
419
159
261
261
271
335
24
312
532
582
252
330
804
498
307
52
255
644
1185
694
491
83
409
159
250
843
2093
1195
899
1099
581
518
1491
1077
414
587
1000
1002
1000
388
613
321
292
32
261
295
525
201
324
494
1199
572
628
254
375
118
257
742
994
725
269
261
2489
2224
265
318
979
718
262
3999
366
3633
3214
420
815
490
325
337
58
280
398
1956
1653
303
376
88
289
2429
2134
296
3352
3101
251
375
462
174
289
970
67
904
1079
286
793
1120
119
1001
1002
1001
1001
105
897
1099
365
735
1120
118
1003
1000
999
1004
1002
176
827
1122
121
1001
1001
1000
1001
1000
1002
1001
991
1013
1001
1001
1001
1001
1002
1001
1001
1001
1001
162
840
898
1124
123
1001
1002
1001
216
786
33
753
1125
126
1000
1002
1002
346
657
314
343
1000
1001
1002
98
905
1098
97
1001
1000
1002
1001
1002
1001
1001
987
167
820
1119
531
588
1128
128
1001
1000
1001
1001
1001
1002
91
912
1090
90
1001
1002
1000
1001
1004
1000
1001
1001
175
827
156
671
1124
124
1000
564
437
82
355
81
275
819
1120
120
1001
1002
337
665
378
288
388
135
253
345
1001
1002
1001
1000
1000
1002
645
358
69
289
355
837
1118
118
1001
366
636
1126
125
1002
1001
1000
1001
1004
230
775
1122
126
996
1005
1001
1002
91
912
1090
91
1000
1002
1000
1001
1001
1001
294
708
1122
122
1000
1001
1001
1002
1000
999
1006
1000
1000
1001
1001
1002
1000
1000
1003
1000
1001
1001
1001
1001
1002
143
860
862
1123
122
1001
1000
1002
1001
98
903
1100
99
1001
1001
1001
1001
1001
96
906
1098
103
996
313
683
1120
279
841
1119
119
1000
1001
1004
997
1003
1000
1001
1002
1001
1000
688
313
441
572
677
876
520
357
61
297
41
256
526
226
301
388
16
373
455
533
580
188
392
42
351
88
264
273
366
356
29
327
41
287
333
587
127
461
625
328
298
340
13
328
22
306
56
251
745
473
272
381
114
268
268
263
307
37
271
321
546
243
304
24
281
685
829
1758
1285
474
75
399
634
329
305
554
202
353
90
263
626
230
397
36
361
884
127
757
380
378
840
488
353
798
876
393
484
565
830
197
633
121
513
132
382
73
309
46
264
400
76
324
425
633
275
359
109
250
458
908
578
330
1064
63
1002
542
461
129
333
429
137
292
416
130
287
382
103
279
364
47
317
317
823
523
300
725
791
369
423
111
313
508
39
469
131
339
346
1020
687
333
463
452
486
134
352
57
296
310
766
407
360
894
1000
721
280
825
242
583
165
419
154
266
339
41
299
378
373
23
350
67
284
349
96
254
338
633
348
285
343
66
277
337
908
62
847
417
430
153
278
274
335
41
295
345
1045
689
357
83
275
270
450
695
695
92
603
167
437
718
312
407
527
51
477
509
233
277
325
451
130
321
321
329
40
289
293
367
91
277
538
534
520
580
65
515
248
267
441
179
262
339
411
145
266
319
904
1643
1320
324
800
320
481
152
329
52
277
335
13
323
832
565
267
425
595
304
292
41
252
425
93
333
596
1106
788
319
27
292
286
404
44
361
423
546
176
371
121
250
256
307
314
12
303
2054
288
1767
1148
620
1125
773
352
650
1003
996
442
555
207
348
423
501
127
375
609
113
496
199
297
402
826
375
451
81
371
909
342
567
289
278
277
1004
1000
1000
1003
1018
417
601
223
379
886
1121
121
1001
130
871
134
738
345
393
430
574
852
861
598
263
724
871
984
268
716
411
306
848
593
256
377
621
709
418
292
670
403
268
1064
64
1001
1000
1001
1002
1002
1000
1000
1004
494
511
143
369
1120
120
1000
1000
142
859
499
361
762
1001
628
374
89
285
338
412
462
102
361
464
23
442
60
382
870
570
300
479
199
280
868
1003
1001
1000
107
894
1110
248
862
609
254
346
939
244
696
412
284
374
87
287
357
106
252
284
1555
864
692
2785
1086
1699
754
945
623
323
37
286
393
1537
1232
305
14
291
289
411
555
764
469
296
911
659
252
390
592
631
646
343
304
330
694
62
633
304
329
59
271
2006
1506
501
800
188
613
156
457
626
353
274
313
3088
3999
1124
2875
1804
1071
1515
727
789
871
374
497
1633
642
992
220
772
151
621
355
266
551
247
305
30
275
756
210
547
145
402
98
305
811
919
66
854
1121
413
708
81
628
894
107
788
875
1492
1006
486
848
326
523
976
675
301
338
625
935
445
490
1766
1051
715
703
750
191
559
48
512
904
31
874
865
216
649
149
500
602
788
77
711
454
258
322
580
681
35
647
152
495
656
772
501
272
717
45
673
394
280
329
79
250
666
117
550
250
301
681
669
952
487
466
572
68
505
685
668
711
134
578
214
364
675
355
321
385
720
176
545
548
663
152
512
896
332
565
75
490
501
881
369
513
544
659
651
157
494
551
677
134
544
37
508
495
871
322
549
50
500
761
201
560
701
30
671
130
542
553
614
113
501
646
648
196
453
640
775
34
741
78
663
53
610
604
38
566
45
522
769
49
721
217
504
720
177
544
591
161
430
626
95
532
652
119
534
644
686
744
820
229
591
53
539
52
487
572
768
130
638
193
446
604
653
181
472
590
76
515
20
495
484
719
183
536
582
219
363
97
266
680
827
360
467
655
708
843
369
475
664
82
582
682
128
554
758
195
564
91
473
741
247
494
908
247
662
36
626
713
180
533
723
792
46
747
290
457
761
292
470
199
272
833
352
481
926
78
848
949
436
513
586
303
284
1021
711
311
377
779
295
484
1455
1143
312
305
912
260
652
730
790
1781
836
945
401
544
838
74
765
788
87
701
446
255
489
208
281
599
347
253
476
630
749
478
271
533
85
448
606
287
320
596
117
480
125
355
44
312
490
649
393
257
306
12
294
288
378
567
622
357
265
1730
1178
553
866
1014
325
689
864
73
791
42
749
2027
1324
703
693
159
534
258
276
16
261
389
414
507
709
46
664
994
983
222
761
747
351
396
779
357
422
40
383
851
311
540
250
290
856
393
464
154
310
1178
745
434
689
845
531
314
686
265
421
576
1189
879
311
3999
3795
204
2125
1308
817
192
625
2873
290
2583
1473
1110
502
608
974
205
769
1872
952
920
242
679
2118
1351
767
799
792
82
711
3999
3080
919
100
820
955
993
239
754
3999
3951
48
993
128
865
926
128
798
2882
3038
2265
773
1033
237
796
1018
189
829
1932
1974
1139
835
1020
3021
2018
1003
1001
1000
975
1029
1003
999
1004
1000
68
933
1034
34
1000
749
252
3685
1958
1727
1013
715
785
790
783
3041
2042
1000
1000
75
926
2034
1279
755
996
114
882
403
480
158
322
333
65
268
725
400
325
500
224
276
734
458
276
358
559
245
315
691
178
514
209
305
369
601
250
352
766
392
375
76
300
530
144
387
507
78
430
552
105
448
72
376
591
266
326
506
176
331
18
313
1875
924
952
1043
386
658
729
84
646
3955
1920
2036
1129
907
925
1030
90
940
2036
1036
1001
2003
1003
1001
116
886
60
827
138
689
416
274
23
251
347
97
251
386
927
3999
1296
2703
1985
718
775
519
256
465
120
346
60
287
751
770
465
305
3999
2781
1218
699
520
189
331
384
1546
557
990
1033
1994
1066
928
907
3999
3958
41
1001
1001
1001
1000
111
890
281
610
669
1037
33
1004
1000
1003
1000
1001
1002
1001
147
855
977
290
688
945
1038
28
1010
322
689
831
2041
1041
1000
1001
1000
1002
156
847
1155
154
1001
28
974
1030
29
1002
1002
83
919
1035
79
957
114
843
1038
36
1002
997
1007
1000
1002
1004
95
910
1040
45
995
1002
1000
155
845
969
84
886
892
2043
1048
996
1003
1003
1000
27
974
141
833
1034
34
1001
1001
132
870
1000
1035
34
1001
1001
1006
997
1002
998
386
612
1034
159
875
1034
32
1002
1002
999
1001
173
829
1104
105
1000
81
920
1033
328
705
411
294
297
708
979
304
675
1105
178
927
1041
199
842
830
826
866
3950
1913
2038
1039
999
128
871
1032
205
827
2035
1035
1000
1000
1003
120
884
1029
67
962
169
794
1039
344
695
2001
1214
788
1878
2037
1071
966
1035
150
885
1034
33
1001
1001
1001
105
897
1033
31
1002
1001
1001
1006
998
1001
990
1012
1000
1002
53
950
1035
34
1001
1001
1001
1001
1002
1000
1002
1002
1000
347
654
923
3946
3133
814
921
2040
1039
1001
1000
1000
40
961
959
58
902
1902
2924
2308
616
808
3041
2041
1000
1004
49
956
932
1035
34
1001
1002
977
973
230
744
1949
1171
778
67
712
924
175
750
2036
57
1979
1161
819
1036
207
829
155
674
981
1984
3027
2059
968
952
43
909
1874
983
892
1038
3003
2001
1003
999
1001
30
972
971
157
814
1037
65
972
139
834
959
956
991
388
603
736
1011
96
915
2000
3028
2166
863
1844
809
1036
102
934
273
661
911
2039
1039
1000
36
965
1034
212
823
1034
97
937
968
1034
78
956
40
917
1961
2034
1035
1000
1003
155
848
1035
65
970
1032
35
997
1005
1009
248
762
2037
1036
1001
1002
1000
1000
1001
1003
1000
1000
623
377
575
1101
102
999
1007
1000
999
1002
999
1003
1002
1001
199
803
873
51
822
993
1121
118
1003
1000
1001
224
778
1040
1083
81
1002
1001
1001
227
775
166
609
192
418
541
541
687
74
613
937
977
535
443
174
269
407
761
984
728
257
816
848
1122
121
1001
1000
259
742
983
95
888
106
783
868
588
280
652
698
776
373
403
492
658
1120
120
1000
133
868
999
1117
116
1002
1000
141
860
1117
117
1000
169
831
812
175
638
783
873
29
845
871
612
259
260
497
2261
3999
3999
3999

