27-07-2022 - 14:47 - Correr
Blanca Vera
Intervalos entre latido y latido
999
996
975
960
958
979
969
988
1017
1014
992
1013
1004
1007
998
995
1014
988
982
1004
995
34
961
977
1013
1018
1029
1033
1028
29
1000
1017
1001
990
973
993
990
979
986
976
1000
993
1006
981
27
954
937
938
953
932
922
952
952
27
925
35
891
917
918
912
33
879
925
947
30
918
935
949
956
960
954
969
967
947
971
988
973
975
990
984
38
946
987
1000
1000
1004
1000
981
992
975
28
948
35
913
941
942
926
28
898
922
921
945
942
37
905
943
955
935
943
969
960
957
963
959
940
919
929
953
947
40
907
914
945
30
916
47
869
887
901
921
33
889
889
909
921
939
945
964
958
947
968
951
926
922
941
935
919
948
954
961
959
30
930
958
960
960
955
990
986
984
984
31
953
964
958
28
931
951
979
966
970
34
937
946
963
958
988
972
966
968
980
959
944
961
940
26
914
914
928
917
923
31
893
884
931
952
960
978
996
1003
984
1017
1014
1019
1001
32
970
987
31
957
954
57
897
875
903
917
921
916
922
916
897
937
954
965
973
965
992
30
962
959
986
990
42
948
935
944
939
915
905
927
951
939
965
1000
992
37
955
947
972
989
996
983
987
64
923
963
961
948
946
31
916
928
925
929
32
898
875
926
916
48
869
866
915
918
914
891
943
948
945
32
913
961
977
971
953
978
976
965
32
934
955
959
958
942
953
976
964
53
912
943
970
953
43
910
925
959
960
40
921
976
26
950
934
951
956
969
957
971
990
975
950
993
970
956
981
974
972
36
936
968
989
976
26
950
31
920
948
966
978
974
961
950
945
958
975
956
969
1007
996
994
987
974
986
989
990
39
951
956
964
944
88
857
30
827
817
797
793
794
36
759
748
22
726
718
721
20
702
700
704
688
681
681
686
696
716
709
711
707
734
782
772
775
790
779
828
862
35
827
805
819
863
889
899
904
892
880
912
37
875
33
843
904
38
866
868
870
881
863
876
895
891
896
896
38
858
844
836
828
821
813
825
25
800
23
778
759
756
807
815
32
784
780
815
875
863
25
838
76
763
34
730
717
709
693
689
687
680
683
679
671
668
667
663
659
656
654
650
655
648
646
642
640
639
631
629
625
620
618
620
625
621
618
614
617
614
613
612
611
610
609
608
608
611
611
605
607
605
603
603
599
599
598
594
595
595
591
588
588
585
583
583
583
582
580
581
581
575
575
574
572
572
573
573
570
567
567
567
563
559
560
560
561
562
559
559
562
559
565
576
572
568
564
566
563
560
559
560
559
559
553
551
553
551
549
548
544
541
544
541
541
536
538
536
533
531
527
526
522
522
517
522
523
521
520
521
521
523
522
520
522
523
523
525
524
522
521
524
517
521
517
520
521
522
519
522
524
526
521
524
521
521
520
517
520
520
514
517
515
514
512
510
513
511
513
509
509
510
508
505
505
507
506
506
506
505
507
508
505
507
505
507
508
511
505
508
508
507
502
503
507
501
503
502
502
503
500
501
501
501
501
501
499
499
498
497
499
495
496
497
493
494
492
496
498
509
506
504
506
501
497
505
510
511
525
536
532
536
540
559
564
566
572
595
595
587
583
590
601
599
599
612
630
646
654
643
655
656
674
718
813
80
733
777
64
713
26
688
685
685
710
748
49
699
794
67
727
791
51
741
25
716
741
759
807
803
40
763
786
28
758
840
91
750
48
702
685
680
703
749
25
724
811
861
116
746
792
805
784
35
750
830
836
53
784
797
832
817
44
773
899
925
954
89
865
916
911
890
874
26
848
36
812
1035
91
944
961
984
968
946
949
944
993
979
968
944
972
996
54
942
946
967
953
59
894
935
929
907
907
921
934
33
902
924
926
25
902
959
982
961
975
1042
66
977
970
989
63
927
908
919
933
26
908
917
960
942
937
978
32
947
996
983
969
30
940
32
908
938
55
883
969
962
46
917
957
962
940
1034
1017
36
982
1025
41
984
1009
1003
1026
1024
40
984
993
1001
33
969
980
977
973
965
34
932
969
977
41
937
44
893
936
930
51
880
891
942
920
902
956
40
916
970
969
994
38
956
994
1005
994
988
992
32
960
1004
110
895
928
25
903
884
898
904
35
869
916
928
909
936
956
945
962
996
1008
993
969
987
1042
1030
55
975
983
976
37
940
918
944
929
58
871
915
931
53
878
880
938
943
26
918
950
983
31
952
955
987
968
33
936
970
951
1013
56
958
967
1009
43
967
958
958
41
917
902
939
978
70
908
941
918
1004
982
44
938
972
992
999
976
1002
990
990
45
945
984
979
32
948
945
958
948
41
907
923
948
969
952
972
952
39
913
947
968
986
990
980
958
984
967
47
921
916
996
994
34
960
978
979
966
949
970
958
962
52
911
955
960
41
919
938
958
32
926
916
926
968
53
916
945
955
42
914
974
975
975
36
939
962
955
962
41
922
940
982
1002
986
35
952
980
985
962
970
972
958
974
47
927
944
959
957
940
963
956
944
924
945
969
995
1020
34
987
963
984
982
53
930
58
872
910
28
883
868
869
867
864
881
894
879
883
922
901
32
869
851
62
789
773
800
822
822
817
813
29
785
772
765
761
776
762
787
772
31
741
726
26
700
694
701
696
698
692
680
676
672
672
665
656
670
687
682
19
663
669
673
679
677
687
703
698
703
706
714
708
718
753
770
794
809
797
786
27
759
21
739
735
734
728
767
795
821
815
799
849
47
803
798
778
22
757
743
731
720
717
729
743
743
724
732
722
733
733
749
759
761
777
783
798
778
794
783
32
751
750
730
714
720
718
704
722
738
742
24
718
724
722
710
713
709
706
710
740
750
786
792
811
806
41
765
24
742
755
761
793
813
815
37
779
764
765
745
739
771
787
771
794
783
34
749
735
756
752
770
23
747
754
777
778
29
749
737
740
743
762
799
805
804
844
861
58
804
28
776
30
747
747
782
811
915
117
798
873
908
33
875
891
61
830
856
891
53
838
830
830
916
48
869
881
878
876
24
853
904
902
903
930
954
976
45
931
936
949
926
916
38
879
958
945
974
968
958
980
40
940
948
949
950
984
975
984
959
36
924
937
937
51
887
910
928
32
897
26
872
925
928
47
882
899
919
28
892
883
889
910
32
878
863
909
887
884
916
908
890
912
916
912
914
926
25
902
879
45
835
853
833
833
831
820
836
892
143
750
743
733
729
726
732
721
719
724
724
724
730
746
746
27
720
716
723
707
708
703
717
720
725
707
712
21
692
684
676
667
667
660
661
657
646
646
644
635
641
648
648
651
663
670
686
687
680
685
694
698
696
695
705
708
703
709
694
680
675
669
665
660
668
681
675
677
679
695
698
699
691
695
708
696
706
712
703
703
705
687
703
697
686
672
656
660
651
635
631
629
637
636
642
658
658
672
679
672
676
680
683
680
676
679
673
671
673
669
670
669
666
674
668
666
674
28
647
652
656
656
655
656
668
669
674
670
672
690
684
676
684
670
681
685
725
759
767
767
936
87
849
860
867
862
28
835
826
822
866
867
867
881
900
892
924
29
895
887
901
912
44
868
865
874
865
877
875
853
873
880
864
841
865
41
824
802
23
780
820
811
814
862
860
846
879
36
844
844
864
878
859
47
812
801
789
770
783
802
830
839
820
833
818
828
871
890
28
862
874
902
897
886
53
834
845
36
810
817
830
827
879
870
37
833
845
842
832
885
38
848
875
873
865
46
819
23
796
788
807
858
838
910
942
31
912
937
930
928
917
37
881
900
877
871
40
831
868
855
878
924
912
919
27
893
899
914
895
38
858
855
843
837
860
882
874
872
892
874
859
847
863
878
874
907
912
896
915
937
919
937
958
81
878
885
927
31
897
893
887
28
859
30
830
859
861
856
851
861
872
877
888
893
894
905
29
876
880
883
890
882
873
54
819
822
831
812
796
26
771
790
795
784
809
817
822
832
835
849
836
850
856
866
862
38
824
850
853
833
24
810
812
798
809
834
867
901
916
911
943
50
894
51
843
858
854
863
37
826
833
1087
119
969
959
953
946
957
941
50
892
915
976
41
936
951
69
883
860
950
962
952
931
939
41
898
892
880
881
28
854
859
845
853
835
834
842
822
898
962
35
928
915
926
917
32
886
32
854
896
921
922
32
891
29
863
843
30
814
861
33
828
817
42
775
772
755
751
742
781
928
78
851
905
921
904
897
889
34
856
869
884
885
866
28
838
829
835
828
28
800
802
802
786
808
855
862
845
847
867
847
850
843
837
36
802
833
30
804
797
781
788
791
789
826
826
820
28
793
801
28
773
759
765
804
834
831
842
862
878
880
24
857
44
813
826
815
37
778
784
786
769
782
815
835
875
45
830
846
866
858
886
904
920
927
54
874
869
28
841
865
854
852
30
822
860
849
831
815
838
827
806
842
841
820
37
784
803
810
24
787
816
802
790
858
845
869
33
836
831
846
855
894
921
916
909
28
881
881
889
873
30
844
826
822
843
864
893
895
904
924
911
905
38
867
867
861
864
847
41
807
831
833
826
830
39
791
794
800
811
797
821
838
28
811
841
873
881
862
858
864
32
832
848
872
870
854
871
862
48
814
800
801
816
826
821
820
823
833
814
849
868
24
845
844
838
852
844
869
876
875
877
24
854
858
835
845
870
878
867
898
920
911
894
875
903
919
26
894
44
851
888
898
875
858
28
831
849
846
875
878
880
870
860
879
33
847
890
910
888
866
874
860
866
878
893
28
866
26
840
848
862
38
825
833
843
823
824
820
847
875
860
881
888
872
885
883
876
859
845
860
845
834
854
846
846
839
847
844
851
844
37
808
822
846
321
525
182
344
857
847
844
864
863
888
911
910
904
918
40
879
905
905
29
876
860
1007
981
972
958
31
927
936
925
916
915
929
30
899
915
897
38
859
871
874
904
921
934
34
901
901
933
940
930
918
908
46
862
859
865
32
833
848
854
843
830
827
28
799
819
813
806
833
836
856
848
851
873
863
863
845
874
31
843
884
899
883
33
851
847
858
40
819
827
843
841
827
23
804
813
800
809
828
815
819
813
798
793
802
820
29
791
805
827
830
837
829
844
860
876
856
882
881
916
946
953
950
32
918
906
910
896
884
31
854
831
839
831
827
24
803
826
836
850
858
858
845
833
818
848
854
845
865
861
867
888
886
876
871
895
886
24
863
841
854
850
839
818
853
845
853
840
856
852
836
823
828
825
836
819
834
829
821
810
831
813
831
842
845
829
833
837
858
842
845
824
844
840
851
24
828
843
836
348
489
145
345
814
828
834
837
818
842
835
862
875
878
869
864
852
867
863
901
924
936
925
931
912
924
26
899
31
868
849
828
849
855
858
28
830
866
849
872
30
842
890
873
872
885
875
886
874
870
912
918
936
917
27
891
52
840
828
840
837
25
813
843
847
829
863
33
830
845
837
847
853
851
862
844
870
33
837
839
866
867
1077
96
981
961
26
936
938
925
964
972
965
955
947
959
958
934
31
904
901
37
864
860
847
26
822
833
852
31
821
836
836
29
807
797
821
832
831
829
26
803
822
833
844
846
847
27
820
820
845
842
835
824
34
791
780
795
813
833
813
857
852
43
810
831
865
875
898
906
31
875
41
834
854
850
846
24
823
817
817
807
811
35
776
783
794
790
787
803
802
809
824
841
834
821
825
817
37
781
801
836
854
31
823
825
842
859
857
842
31
812
808
34
775
768
765
748
765
791
799
804
807
28
779
791
794
788
794
790
829
846
856
867
852
851
36
815
803
832
830
844
842
859
857
856
26
830
862
34
828
25
804
820
828
810
807
835
819
823
827
814
817
29
788
786
812
833
841
32
810
833
847
850
849
842
859
26
833
842
37
806
829
859
866
26
841
856
872
851
855
862
849
857
855
863
863
849
853
850
831
33
798
813
816
822
838
26
813
791
901
891
907
895
921
907
933
949
945
49
896
29
868
847
849
846
854
845
845
855
24
831
824
813
829
860
850
862
898
917
925
925
934
29
906
903
908
25
884
867
886
881
25
857
863
36
827
806
842
862
840
835
851
841
847
831
838
866
869
865
850
833
855
869
897
914
41
873
891
45
846
833
853
859
850
855
832
820
849
847
833
820
818
806
826
816
826
820
804
803
820
845
877
875
901
916
902
885
886
33
853
878
888
875
875
878
884
863
867
47
820
851
894
34
860
875
902
27
876
877
881
867
871
853
861
880
868
860
881
901
901
898
909
30
879
898
896
896
41
855
927
928
947
927
946
37
910
927
922
917
902
30
873
899
907
915
911
894
875
875
885
901
922
918
913
894
913
921
68
854
852
860
869
862
873
855
846
857
843
29
815
806
833
855
875
889
898
908
892
902
905
897
923
947
935
930
917
33
885
916
923
44
880
46
835
859
856
26
831
853
865
884
35
849
833
829
846
825
886
894
907
922
951
935
954
959
38
922
933
27
906
31
876
863
880
865
858
872
894
872
872
901
916
895
919
916
51
866
901
919
942
51
892
895
919
39
881
913
928
934
69
866
845
866
36
830
825
852
861
861
887
912
889
922
906
960
979
995
979
975
979
971
31
941
916
918
916
46
871
878
887
868
864
39
825
837
832
832
846
837
824
24
800
826
819
843
950
1018
38
980
999
993
35
958
959
961
974
993
969
31
939
928
923
926
908
890
909
39
870
860
860
868
916
923
53
871
851
872
876
885
28
858
862
887
887
889
24
866
29
837
837
833
850
854
852
884
871
868
34
835
825
824
23
801
797
802
810
819
837
850
865
32
833
865
864
875
862
32
831
832
839
829
809
812
842
822
826
825
831
827
26
801
802
791
791
794
805
813
839
842
840
871
870
870
37
834
856
873
859
26
833
844
841
829
807
789
774
770
761
761
765
22
744
765
760
758
760
756
773
803
834
877
855
870
887
878
923
914
945
969
973
66
907
928
916
49
868
29
839
840
850
863
880
876
858
877
869
856
871
861
867
888
883
901
904
896
57
840
837
851
863
854
842
863
28
835
27
809
791
800
802
790
813
824
823
26
797
838
850
833
855
882
889
875
27
849
866
859
849
850
851
847
28
820
822
842
850
836
874
36
838
863
875
53
822
871
872
850
876
894
34
860
900
920
901
928
40
889
884
993
51
942
926
916
906
922
34
889
896
877
875
891
32
860
901
910
897
39
859
879
860
856
879
865
844
838
827
805
798
814
840
860
867
885
30
856
842
830
819
833
875
909
899
912
891
894
887
910
892
887
894
905
916
917
922
918
909
930
931
933
921
28
894
910
910
893
874
873
859
880
879
875
868
867
864
31
833
818
832
856
902
891
899
901
923
914
916
910
924
916
916
904
904
915
39
876
889
891
875
869
868
27
841
844
853
853
25
828
841
839
844
848
826
34
793
791
773
784
791
804
823
835
826
833
855
856
853
907
913
942
33
909
925
914
909
33
877
886
45
842
834
860
36
824
814
827
813
813
831
826
831
849
888
914
36
878
876
905
914
908
33
875
893
907
895
896
891
50
841
855
851
24
827
835
864
865
852
832
850
849
829
821
822
23
799
788
807
794
829
844
850
849
30
820
852
866
862
880
901
911
896
874
898
33
865
852
856
872
29
843
838
835
818
816
829
842
831
821
843
850
858
885
927
27
900
914
31
883
889
890
878
893
884
941
949
935
60
875
894
898
587
311
526
817
964
949
939
952
945
949
962
60
903
941
934
74
861
870
921
1015
76
940
961
959
939
34
906
40
866
29
837
23
815
815
812
814
820
807
22
786
36
750
790
834
890
880
898
894
24
870
894
896
884
881
869
881
896
877
29
848
841
843
28
816
833
818
810
814
804
833
24
810
813
817
829
830
834
864
868
863
863
34
830
809
799
782
780
797
817
850
832
876
894
921
916
919
928
927
38
890
885
883
881
880
883
861
867
848
874
870
862
851
840
851
857
853
23
830
838
851
846
841
859
876
27
850
887
895
887
901
39
862
887
890
873
898
901
904
54
850
844
875
868
868
872
32
840
837
828
820
820
806
832
825
811
818
23
795
821
840
864
885
383
503
154
350
863
881
885
899
980
976
991
992
975
977
33
944
947
59
888
930
928
933
939
46
893
874
869
547
322
562
619
342
277
949
32
917
913
34
879
24
856
902
923
43
881
934
925
904
927
947
944
26
919
901
884
864
877
873
30
843
865
897
907
37
871
891
900
883
866
877
882
870
898
909
28
881
896
882
860
865
870
890
901
887
903
921
921
919
926
30
897
909
901
903
59
844
842
882
32
851
838
826
886
871
898
26
872
879
886
880
873
42
831
877
877
863
29
835
874
856
865
885
891
883
864
32
832
827
809
809
827
834
847
852
866
873
864
845
847
858
854
845
879
996
973
58
916
921
918
895
893
891
891
896
879
873
900
916
926
29
898
908
41
867
875
899
883
886
898
891
884
26
859
878
25
854
867
858
856
855
845
847
825
825
826
815
820
834
869
879
875
899
905
926
910
36
874
884
881
37
845
863
852
875
858
854
848
869
874
880
53
828
831
820
838
832
37
795
801
814
816
806
791
812
843
850
874
31
843
839
849
27
823
813
825
848
853
860
837
849
857
32
826
828
837
854
862
856
888
922
899
30
869
856
850
863
860
29
831
833
830
813
831
842
852
833
863
861
864
862
856
845
24
821
813
827
818
815
825
827
826
827
824
814
808
33
776
762
775
767
782
786
769
789
826
806
813
817
834
829
827
835
847
25
822
840
881
880
24
857
931
942
935
937
916
923
920
901
881
39
843
860
860
856
836
819
25
795
815
834
36
799
799
818
31
787
781
793
813
839
833
871
884
882
902
903
26
877
870
865
860
892
895
33
863
854
871
873
854
861
880
31
850
839
839
833
855
29
826
814
811
834
896
29
868
854
922
916
899
25
875
876
866
868
45
823
801
833
844
844
866
907
938
931
934
914
899
912
31
881
901
907
90
817
831
864
969
31
939
939
926
904
892
883
880
859
26
833
852
877
888
899
31
868
868
876
902
930
927
925
920
943
963
952
26
926
936
922
30
893
900
889
881
880
230
650
1018
82
936
1037
42
995
31
964
32
933
939
53
886
886
904
890
899
945
943
958
28
931
943
954
937
29
908
899
930
946
950
954
948
50
898
919
927
943
960
966
43
923
937
954
959
938
932
958
938
965
947
957
70
887
916
961
937
41
897
945
941
950
953
63
890
912
39
873
866
878
892
881
876
892
878
866
875
898
882
883
884
899
905
882
904
883
32
851
873
906
921
937
28
910
913
897
877
890
889
907
953
967
975
992
977
54
924
920
34
887
31
856
863
44
819
842
855
868
881
874
857
882
892
914
910
51
859
890
910
899
927
915
907
40
867
898
903
884
867
25
842
842
846
860
944
942
945
957
984
61
923
967
968
959
956
956
939
926
916
924
65
860
885
925
922
910
42
869
891
890
895
891
43
849
27
823
825
825
842
852
848
876
896
890
897
935
939
43
897
943
30
914
909
912
907
901
54
847
843
924
902
894
925
919
96
824
851
836
825
24
801
809
29
780
788
793
28
766
773
31
743
739
764
796
833
817
809
847
846
845
853
857
862
853
861
871
31
840
869
860
841
829
844
26
819
28
791
815
805
797
832
832
822
835
839
855
857
863
891
901
26
875
916
906
931
939
44
896
49
847
833
864
869
873
858
858
855
856
841
830
828
832
825
825
832
845
862
852
864
882
868
865
909
922
38
885
894
889
887
31
857
918
27
892
878
33
846
869
867
856
834
865
50
816
816
800
808
799
34
766
778
758
804
840
879
27
853
843
852
842
828
846
853
873
893
25
868
905
33
873
857
849
852
839
853
864
848
852
880
873
886
877
32
846
833
840
821
808
791
801
791
32
760
22
739
727
744
742
750
741
802
803
818
801
31
770
771
772
755
791
844
32
812
823
835
853
857
920
918
921
958
973
979
981
972
980
990
1019
1031
1017
27
990
964
49
916
916
895
887
876
855
873
25
848
835
833
821
812
802
795
788
26
762
788
775
795
808
830
815
823
853
869
29
840
850
874
863
41
823
859
24
835
834
843
830
859
869
875
872
852
850
50
801
816
30
786
765
761
770
754
775
809
832
863
872
861
909
915
32
883
890
888
879
24
856
867
873
882
32
851
846
831
835
859
853
855
32
824
864
26
838
879
860
845
843
837
862
896
916
947
941
947
966
999
33
966
959
954
57
897
916
25
892
877
884
862
879
869
24
845
871
40
831
861
882
31
852
881
876
878
906
892
870
899
25
875
42
833
860
897
916
926
915
36
879
919
25
895
904
926
923
933
935
916
928
935
919
933
937
59
879
859
860
859
866
862
865
850
852
867
873
875
901
898
902
938
31
908
931
921
897
922
926
915
934
931
915
921
910
922
909
896
898
53
846
494
352
600
629
324
305
953
956
979
975
1005
987
975
958
988
1002
1003
28
976
967
966
29
937
972
949
34
916
941
38
903
896
893
874
875
867
913
914
899
932
958
934
912
40
873
37
836
828
830
836
850
31
819
815
841
36
806
787
813
804
30
775
797
22
776
777
775
809
24
786
771
827
823
807
829
858
855
859
902
922
58
865
868
865
868
880
912
899
903
898
916
933
924
908
928
931
928
908
929
933
30
904
59
845
117
729
1037
152
885
35
851
882
864
850
863
873
873
883
888
881
917
915
916
915
910
917
907
894
29
866
905
890
869
24
845
879
892
54
838
869
887
29
859
906
892
28
864
897
905
52
853
875
895
891
875
913
916
34
882
901
895
903
69
834
849
842
830
872
855
25
830
859
851
830
814
827
825
828
837
831
859
868
53
816
835
822
840
827
821
838
860
864
900
892
45
848
876
908
896
33
863
24
839
860
25
836
841
822
850
856
26
831
39
792
789
33
756
762
810
797
794
832
818
858
884
862
848
899
51
848
39
810
27
784
791
791
824
859
33
826
834
37
798
794
826
850
853
836
847
872
869
33
836
851
834
855
32
823
814
827
824
824
819
813
797
807
43
765
795
793
783
794
803
830
862
850
894
906
888
24
865
846
26
820
809
840
859
840
46
794
809
854
859
854
856
854
30
824
823
846
833
851
862
902
878
881
884
905
914
935
929
921
53
868
878
882
872
888
867
35
832
834
818
824
26
798
800
819
834
29
806
813
827
807
843
856
852
848
851
838
844
824
825
25
801
826
29
797
783
791
791
786
773
811
831
810
852
869
29
840
842
870
873
866
883
865
877
875
49
827
823
834
38
797
840
850
840
25
816
849
849
852
839
879
890
887
42
845
867
873
852
856
880
887
29
859
872
39
833
23
811
832
814
792
829
833
39
795
836
865
871
896
59
837
913
38
875
905
913
36
877
894
875
854
887
32
856
24
832
830
814
44
770
842
70
773
789
801
838
859
861
870
858
42
817
845
828
827
827
822
823
833
827
829
35
794
791
796
788
788
823
818
820
821
812
804
788
790
771
794
799
811
800
833
825
845
848
848
828
889
884
894
872
59
813
820
27
793
482
312
473
792
774
784
792
797
23
774
771
768
790
808
794
816
813
830
830
847
40
808
811
819
29
791
801
825
810
827
29
798
817
822
838
833
30
804
813
805
36
769
757
762
766
767
771
775
788
30
759
790
809
827
23
804
841
30
812
837
842
837
820
804
22
783
811
809
826
826
821
25
797
822
823
26
797
822
854
851
837
28
810
834
831
48
784
805
814
845
864
870
875
43
833
863
840
842
855
29
826
25
801
796
794
801
797
802
790
801
795
806
800
811
32
780
808
30
779
809
800
802
804
816
805
805
813
817
818
801
811
814
816
29
787
774
794
804
826
861
862
843
829
845
873
578
296
549
846
829
822
820
27
794
789
25
765
367
398
54
345
749
30
719
739
747
772
788
34
754
870
875
887
883
884
869
893
935
33
902
52
851
26
825
846
860
847
875
28
848
840
833
850
842
844
847
844
845
868
854
853
40
814
833
826
831
33
798
824
806
803
23
781
795
797
29
769
786
808
811
798
803
816
827
811
840
844
37
808
830
839
827
845
864
844
835
833
848
833
843
36
808
812
826
31
795
782
795
803
814
830
864
889
867
37
830
854
841
848
864
844
36
808
814
842
847
826
819
808
810
813
806
786
787
789
789
808
39
769
797
823
806
820
831
858
881
888
35
854
866
871
856
866
875
888
893
898
881
27
855
836
825
822
848
57
791
779
764
781
30
752
742
751
752
783
804
849
869
890
918
933
969
960
47
914
918
916
60
857
838
856
36
821
842
835
26
810
839
872
877
44
834
854
856
847
885
898
875
868
849
841
850
876
899
890
902
878
27
852
987
1010
74
937
934
966
975
991
998
997
991
1011
988
993
973
37
937
945
933
910
919
924
916
52
864
876
886
35
852
879
873
850
846
859
854
875
860
33
827
823
816
819
831
837
827
828
825
834
838
875
883
891
33
859
870
860
881
864
886
870
849
867
867
865
854
864
883
24
860
878
868
139
730
993
153
840
832
851
875
872
874
899
918
918
29
890
910
921
904
40
864
870
882
891
884
903
896
921
34
888
28
861
25
836
860
849
49
800
257
544
281
264
817
802
806
27
779
803
795
807
36
772
23
749
772
785
794
814
807
841
825
844
866
860
27
833
846
853
843
37
807
808
840
837
24
814
846
844
856
887
881
34
848
875
902
918
906
889
906
905
914
916
916
904
892
870
893
884
904
881
890
903
914
914
899
914
900
899
921
916
914
905
913
924
903
912
930
933
930
932
48
885
895
885
885
929
907
40
868
902
914
39
875
894
902
41
861
855
896
24
872
890
890
881
870
885
894
880
889
902
909
603
306
556
879
891
31
861
853
25
829
845
24
821
838
837
40
797
801
821
841
864
857
886
919
928
916
933
938
32
906
63
843
869
898
915
41
874
897
906
908
912
921
929
948
972
961
954
33
921
935
919
901
34
867
861
882
869
851
859
854
855
872
856
850
879
872
885
875
894
914
30
884
910
900
899
902
912
30
882
906
898
903
884
48
837
864
881
876
882
866
32
835
839
850
857
31
826
821
844
846
842
865
893
889
28
861
887
911
913
910
929
909
911
891
43
848
874
909
894
892
34
858
861
864
899
900
897
891
888
41
848
860
865
866
861
875
862
854
851
839
844
842
823
833
844
850
45
806
813
819
833
837
837
32
806
821
853
832
819
814
842
29
814
847
836
826
852
833
866
872
864
844
846
850
862
849
863
857
891
876
44
833
851
858
872
864
875
864
849
43
807
837
840
25
816
844
848
852
46
806
798
786
24
762
754
769
793
799
835
839
859
423
436
430
973
1007
30
978
34
944
952
937
917
897
910
925
924
948
951
957
960
950
934
920
940
72
869
878
885
874
858
246
612
123
489
104
386
1075
237
838
829
832
810
809
822
839
838
820
833
829
831
836
832
853
849
859
838
825
860
870
865
865
875
892
24
869
846
849
853
846
843
833
850
23
828
815
822
839
831
819
816
831
857
849
877
891
30
862
858
878
33
846
834
814
801
795
786
786
784
766
763
791
784
773
797
813
798
793
795
812
828
836
831
860
881
880
885
894
907
50
857
861
858
37
821
25
796
799
818
838
821
837
823
833
852
857
877
90
788
952
229
723
410
313
640
819
818
555
263
538
791
772
37
735
35
701
710
711
716
717
736
787
845
35
811
796
781
806
828
833
865
862
853
25
828
868
24
844
865
863
871
865
872
28
844
825
857
834
856
843
851
847
859
854
864
890
888
43
846
27
820
803
828
866
851
844
882
916
25
892
37
856
875
26
850
26
825
30
795
811
812
795
813
841
841
830
868
886
865
27
838
881
24
858
869
885
907
893
871
858
886
887
874
864
860
864
867
869
850
829
830
852
853
833
828
817
832
851
854
863
893
886
874
865
860
853
37
816
829
852
842
833
825
36
789
818
798
791
791
814
834
833
836
831
811
818
819
818
810
814
796
809
813
812
825
827
856
890
900
879
900
896
30
866
854
30
824
25
799
800
809
846
841
863
851
857
890
903
907
923
928
940
46
894
891
912
922
916
918
899
916
913
919
945
932
919
958
941
936
933
946
961
948
941
935
35
901
905
916
925
48
878
888
877
880
862
870
884
24
860
883
894
902
905
26
880
913
901
926
934
35
899
920
905
916
933
934
914
930
935
911
934
913
26
887
926
942
948
944
51
894
881
895
28
868
886
891
891
34
858
885
891
898
886
903
47
857
875
867
850
850
875
910
904
912
888
922
927
937
916
916
916
895
899
923
931
35
896
905
909
889
913
26
887
32
856
888
868
880
897
893
894
880
901
27
875
904
897
901
908
919
906
924
914
904
928
36
893
911
901
916
916
939
945
948
975
980
986
995
1008
989
31
959
941
962
958
936
925
940
33
908
898
933
60
874
898
908
926
908
912
896
877
27
851
864
890
40
850
847
861
892
909
30
879
883
895
907
937
37
901
912
304
608
317
291
878
36
843
847
863
34
829
836
817
853
870
870
895
921
36
886
948
962
938
920
908
910
915
29
886
883
30
854
865
856
846
857
861
844
855
32
824
816
815
836
850
835
853
896
880
913
929
921
909
901
894
916
933
909
904
892
891
32
860
845
843
837
834
24
811
836
831
827
827
838
24
815
846
886
894
924
41
883
913
898
880
875
861
881
896
887
24
864
430
434
26
409
870
896
945
31
915
927
914
912
895
889
902
879
25
855
860
881
900
901
901
919
928
927
920
937
945
943
940
947
39
908
892
912
29
883
899
888
34
855
849
850
845
868
884
883
901
894
878
881
29
852
851
833
851
843
827
810
827
821
814
824
832
832
830
826
841
837
817
837
835
859
862
859
882
35
848
883
888
898
893
874
885
884
891
879
857
25
832
849
830
834
852
859
842
858
25
833
837
834
837
852
849
843
849
829
854
888
899
47
852
835
833
832
836
26
811
817
822
834
832
860
28
832
867
885
869
875
878
891
916
905
883
882
878
907
894
25
869
877
892
876
857
870
861
27
835
855
882
868
913
25
888
935
932
33
900
899
30
870
859
859
848
868
33
835
842
844
845
850
842
835
863
869
875
902
912
911
895
902
891
887
921
916
50
867
890
891
884
864
34
830
844
843
846
845
27
819
828
837
816
824
803
807
832
846
845
847
879
28
851
854
861
872
870
24
846
886
889
896
26
870
876
894
906
33
873
875
853
909
938
958
975
30
945
951
990
1003
1002
48
955
979
49
930
922
923
906
918
919
905
883
880
883
904
885
872
852
836
861
46
815
432
384
446
447
72
375
831
831
24
807
792
811
821
826
843
881
881
921
902
884
865
881
875
881
916
49
868
867
1064
123
942
917
919
922
88
835
996
118
878
901
904
464
441
455
17
438
453
847
847
868
897
32
866
846
868
881
870
885
885
917
930
918
930
909
935
957
958
51
907
929
933
941
919
923
48
876
859
867
845
838
858
892
907
897
909
902
906
906
912
923
31
892
38
855
874
877
875
899
888
880
903
909
918
908
912
37
875
901
889
869
859
888
902
896
906
907
889
40
849
885
866
30
836
819
812
801
804
808
835
821
823
858
909
930
917
41
877
909
919
931
931
30
902
907
923
41
883
946
36
910
922
932
936
35
901
910
920
27
894
879
923
936
46
890
883
902
916
29
888
27
862
892
892
903
900
27
873
906
915
928
34
895
922
927
930
36
895
910
914
912
892
41
851
891
901
884
25
860
889
900
27
873
869
920
946
931
29
903
931
948
943
944
956
948
947
966
976
960
961
52
910
925
920
937
39
899
908
927
924
53
872
897
920
948
937
946
953
961
958
38
920
918
927
916
926
917
59
859
901
30
872
868
885
898
39
859
880
902
945
50
895
894
889
869
916
63
854
899
920
927
916
935
919
916
903
46
857
25
833
906
64
842
1597
782
815
850
875
916
912
961
978
1007
1027
37
990
970
973
978
988
990
999
42
957
988
991
1003
1013
64
950
950
932
942
35
907
934
915
914
909
899
935
936
27
910
912
904
959
43
917
926
929
938
44
894
892
908
907
945
103
842
843
833
851
850
853
858
869
877
881
908
37
872
898
914
927
914
42
872
896
923
928
932
929
913
925
925
915
916
912
916
912
901
29
873
43
830
27
803
787
770
752
742
742
741
766
809
849
33
816
871
927
922
942
27
916
923
929
956
956
945
944
950
946
938
916
896
896
907
935
29
907
25
882
918
919
41
879
906
940
945
45
901
922
927
912
903
50
853
876
129
747
1023
159
864
890
894
872
892
907
923
920
36
885
932
924
921
921
37
885
923
914
907
913
45
868
907
884
880
860
903
914
59
855
869
910
914
895
931
943
27
916
901
930
923
912
890
934
940
926
912
945
966
948
933
932
937
38
899
925
925
934
915
947
954
976
26
951
54
897
901
897
917
47
871
870
293
577
327
250
801
801
805
791
784
792
779
760
750
765
759
762
21
741
27
714
722
723
732
738
24
714
699
709
707
727
720
734
745
736
734
736
725
728
722
730
782
833
25
809
813
812
53
759
755
764
746
743
747
751
748
745
737
725
721
718
724
715
710
706
710
708
711
703
704
707
700
702
691
688
690
681
677
671
667
675
671
670
674
667
668
663
664
659
653
650
645
646
643
637
635
637
637
636
627
626
625
627
624
621
616
613
612
607
602
599
595
589
589
586
582
582
578
578
575
576
573
572
571
570
567
565
566
566
563
556
557
558
553
558
557
554
553
555
556
554
553
553
551
552
552
548
553
554
551
549
550
551
547
546
547
548
544
540
538
540
542
540
540
540
540
538
537
540
540
542
541
541
541
538
540
538
537
539
536
533
533
536
534
537
533
533
536
537
532
535
537
538
539
533
538
538
541
539
537
540
541
540
539
539
538
537
534
540
541
532
533
538
533
530
528
530
531
532
527
526
532
529
530
525
526
528
525
527
526
526
525
524
524
525
523
525
530
531
529
530
527
531
531
530
528
526
528
525
524
521
523
524
523
522
523
526
529
531
530
535
531
530
531
529
536
541
553
551
560
547
546
550
551
568
576
583
583
573
573
565
571
570
566
562
562
568
581
597
606
611
623
627
630
647
705
722
706
738
750
747
789
800
783
854
47
808
794
945
134
811
855
867
76
792
872
32
840
49
792
848
833
849
832
821
833
880
869
26
843
903
41
862
49
813
925
57
869
863
882
869
879
903
50
853
860
885
38
848
860
906
27
879
25
855
882
882
862
899
885
875
876
875
884
886
877
907
900
914
903
935
948
40
909
929
977
31
946
951
978
960
33
928
920
897
877
914
28
886
889
889
27
863
886
939
938
952
937
960
961
36
925
933
932
920
930
913
940
951
28
923
951
946
32
914
931
936
927
962
960
942
958
968
948
29
919
947
942
957
956
38
918
939
948
931
965
941
34
907
935
960
937
922
966
956
941
985
989
1019
1045
1031
1041
1050
1030
1037
1048
1036
1025
1016
1027
36
991
1005
1005
1010
1023
1019
1030
30
1000
979
986
1005
994
32
962
984
972
948
958
971
948
939
958
935
918
966
973
958
973
979
32
948
30
918
978
50
928
915
931
908
897
914
946
33
913
934
923
30
893
947
961
35
927
947
946
945
954
967
32
936
38
898
950
940
34
906
923
941
923
916
928
942
26
917
915
927
916
901
957
937
931
957
939
925
969
968
53
916
970
947
932
931
924
922
916
936
937
914
944
957
932
953
959
33
927
916
948
948
53
895
919
933
914
927
953
938
930
956
943
929
967
953
932
948
969
955
38
918
946
947
38
909
942
949
36
913
920
933
943
939
949
958
949
32
918
920
916
898
910
925
916
925
958
954
27
927
992
986
1006
998
973
973
988
965
963
975
955
959
968
955
937
955
944
941
950
948
950
964
955
31
925
934
957
954
951
950
963
958
37
922
987
31
956
970
37
934
915
90
825
36
789
27
762
756
761
867
891
33
859
870
921
908
915
891
917
917
915
55
860
862
861
47
814
806
796
810
819
71
748
862
76
786
787
805
810
824
28
796
812
818
797
784
810
808
821
30
791
781
820
834
42
793
833
827
842
870
879
868
880
901
892
900
27
873
901
907
890
892
917
901
903
922
930
28
903
900
901
915
915
913
48
865
885
885
878
26
853
879
891
34
858
862
882
907
36
872
26
846
884
910
33
877
888
911
916
922
33
890
901
904
920
900
886
875
874
885
888
27
862
870
879
865
867
876
859
851
844
837
826
810
828
29
799
805
806
825
40
785
772
784
795
778
776
771
755
751
744
29
715
714
722
265
458
180
279
768
778
776
791
25
766
782
792
811
802
816
834
829
810
851
865
33
833
853
876
35
842
843
835
839
832
24
808
819
27
792
34
759
763
762
26
736
762
765
772
32
740
740
27
713
706
704
708
717
721
725
726
728
727
36
692
437
255
257
419
19
401
708
402
306
333
706
97
609
3999
3999
3999

