08-08-2022 - 10:03 - Correr
Rosa Ule Carcamo
Intervalos entre latido y latido
1039
1066
1042
1032
1045
1039
1029
1061
1037
1021
1050
1043
551
493
67
426
1033
1089
49
1041
1034
1049
1023
1044
1044
1029
1033
1054
1031
1047
1055
1034
1036
1061
1035
1050
1050
1039
1054
1047
1039
1050
1049
1030
1043
1037
1032
1041
1045
1034
1062
1053
1042
1059
1070
1052
1051
1061
1063
1055
1054
1056
1048
1044
1048
1060
1048
1038
1037
1056
1042
1034
1058
31
1028
1033
1035
1031
1023
1036
1035
1014
1035
1029
1015
1031
1035
1017
1024
1033
1028
1020
1031
1032
1015
1020
1040
1016
1027
1035
1036
1020
1039
1033
1022
1020
1031
1038
1025
1028
1035
1031
1037
1043
1057
1042
1044
1060
1035
1037
1052
1039
1037
1034
1040
30
1010
1017
1018
1028
1010
1031
1035
28
1008
1020
1030
1022
1009
1036
1034
1018
1014
1041
1033
1031
1041
1041
1033
1045
1040
1030
1025
1025
1027
1008
1010
1026
1025
1009
1016
1023
1032
1021
1037
1042
1022
1023
1038
1040
1022
1029
1025
1010
1028
1031
1007
1013
1039
1024
1024
1030
1041
1032
1034
1053
1041
1031
1037
1047
1041
1037
1037
1060
1052
1035
1045
1050
1053
1042
1044
1058
1040
1041
1061
1038
1024
1032
1031
1007
1023
1009
1029
1025
1000
1024
1026
1010
1013
1031
1022
1016
1041
1028
1021
1026
1029
1026
1021
1026
1031
1010
1018
1041
1037
1037
1037
1046
1044
1041
1059
1063
1041
1062
1058
1052
1047
1050
1055
1033
1037
1053
1036
1031
1043
1048
1045
1034
1041
1059
1040
1041
1058
1049
1039
1044
1058
1038
1047
1056
1042
1044
1048
1051
1042
1039
1045
1042
1034
1044
1033
1027
1039
1041
1052
1041
1051
1054
1038
1041
1044
1031
1029
1041
1042
1023
1029
1041
1050
1042
1048
1058
1067
1059
1079
1085
1068
1079
1082
32
1050
1057
1036
1078
32
1046
1046
31
1016
1005
1011
1006
997
986
999
990
971
984
27
958
969
956
960
961
970
970
970
985
980
979
998
996
974
988
975
967
974
970
971
968
963
966
980
976
961
966
987
965
963
966
954
954
959
957
960
961
958
970
978
953
952
948
925
935
927
928
920
925
921
920
914
916
908
908
903
901
892
892
887
895
890
886
891
885
880
873
865
862
859
856
849
845
844
833
827
831
830
827
818
817
810
810
806
806
801
796
791
788
781
788
780
779
776
765
768
763
770
767
767
766
758
759
756
759
745
758
755
755
752
751
751
757
754
750
750
750
751
747
746
746
748
743
744
743
744
736
732
747
740
744
741
740
742
738
733
734
731
734
735
725
732
736
731
739
734
730
732
734
726
732
730
736
736
733
729
736
733
733
734
728
717
731
736
733
730
740
740
738
738
727
734
734
732
737
730
731
746
739
754
747
746
747
737
739
733
717
732
725
717
721
722
717
712
718
712
725
735
749
754
768
763
763
768
769
777
781
796
804
23
781
798
796
800
797
789
780
807
803
810
812
803
800
801
813
806
817
826
820
830
811
815
831
833
847
886
888
890
919
35
885
899
899
897
923
903
904
896
929
39
891
888
899
915
925
914
929
911
927
921
914
936
922
916
947
931
930
952
941
979
33
946
968
979
970
975
971
983
1009
1009
991
1023
1011
1001
1024
1031
33
999
1011
1035
30
1005
1026
1038
37
1001
1037
32
1005
1038
1017
992
1038
38
1000
1014
1021
1021
1005
1041
1042
1020
1044
1028
1023
1052
36
1017
1032
1038
36
1002
1026
1026
1023
1013
1018
1022
1016
1041
42
999
1028
1013
65
948
940
958
1022
34
988
998
1006
72
935
964
952
961
1006
983
964
976
979
970
967
951
972
35
937
975
1041
33
1008
32
977
1003
60
944
971
36
936
932
928
920
928
911
948
942
955
952
963
982
1045
1027
1007
1024
1013
1018
1044
1025
1049
1031
1020
1035
1032
1033
1056
1036
1026
1057
1038
1043
1051
1054
1036
1050
1045
1037
1035
1048
33
1016
1046
1028
1014
1021
1020
56
964
976
971
984
988
1001
1046
56
991
1051
51
1001
1012
1020
1030
1009
1034
1031
1019
1041
1044
1043
1030
1055
1045
1041
1039
1050
1041
1032
1041
1052
1035
1033
1051
1025
1012
1040
1036
1014
1012
1032
1033
1013
1036
1051
1036
1031
1055
32
1023
1031
1040
1038
1031
1015
1046
1024
1014
1035
1008
1001
31
971
1034
1062
49
1013
1056
31
1025
1036
1029
1019
1027
1024
1022
1023
1049
1034
1033
1035
1050
1057
1053
1041
1063
31
1032
1047
1045
1048
1050
1031
1035
1038
1028
1025
1027
1015
28
988
989
991
1071
61
1010
1020
1025
1036
1009
1029
1023
1007
28
980
1010
45
965
948
938
946
942
941
921
912
911
914
911
913
1731
825
907
27
880
884
883
862
882
886
875
880
902
25
878
890
882
883
886
894
904
896
894
27
867
882
880
874
888
898
897
900
883
903
898
919
27
893
904
898
898
905
894
904
896
898
912
902
910
900
927
32
896
906
909
907
903
904
903
901
950
36
915
932
940
937
928
956
26
930
953
950
937
955
931
953
34
919
923
910
927
913
916
896
887
907
887
894
898
27
871
902
886
906
892
897
896
893
889
905
885
881
880
875
876
880
894
885
892
934
35
899
915
910
900
904
909
916
917
909
909
904
896
892
897
879
871
887
880
877
877
878
861
874
873
867
856
860
874
866
860
861
849
843
891
39
852
876
870
862
859
857
854
864
854
854
842
852
854
850
835
844
834
827
821
813
827
816
834
813
809
820
820
805
817
801
827
813
817
824
827
814
816
811
806
810
813
804
805
833
826
830
841
838
834
831
821
833
819
833
822
820
835
826
824
813
825
818
823
824
803
809
801
803
796
790
791
797
802
805
814
820
838
827
828
840
829
834
850
842
846
850
853
871
854
842
849
844
839
827
830
833
827
847
830
833
831
827
828
824
832
837
831
839
835
834
833
833
830
832
831
826
820
822
827
817
828
828
818
833
838
836
840
837
843
831
834
831
837
831
826
831
835
834
827
823
827
825
830
842
821
835
842
853
853
844
851
843
849
845
840
847
24
824
869
858
852
860
853
41
812
842
839
863
868
877
892
898
28
871
925
922
943
929
918
930
918
923
924
916
912
911
908
898
905
904
900
907
913
907
916
927
911
921
926
910
919
936
913
929
936
922
954
941
945
967
954
961
999
983
980
989
981
998
995
1030
44
986
989
1039
38
1001
993
1023
1000
1015
1033
33
1000
1007
1036
37
999
1013
1021
1005
1024
1017
1003
1020
999
1009
993
981
984
991
988
1017
1009
1017
1011
1040
1023
1038
1024
1020
1052
1032
1010
1039
1022
1005
1005
997
1009
1024
36
988
1017
994
989
1009
993
1003
1027
1004
1008
1045
1043
28
1016
1021
1042
1027
1031
1034
1023
1031
1043
1022
1054
1029
1016
1032
1020
1007
1000
990
999
1019
35
985
996
1001
1014
1024
1008
1017
1001
1025
1018
1023
27
996
1013
1013
1002
996
1003
988
990
1010
997
998
1000
1031
32
999
1021
1024
1018
1011
1034
1016
1022
1004
1019
1025
1006
992
1003
1005
63
943
938
932
926
910
906
898
883
888
875
883
897
896
887
896
907
916
935
924
943
985
979
971
1000
1005
982
989
1024
57
968
975
994
36
958
1004
44
961
958
945
941
961
31
931
957
956
990
976
993
1011
1016
27
990
1015
1023
1002
995
980
997
986
1003
981
1006
1041
45
997
1021
1046
1020
1004
1066
61
1005
1010
1039
1017
1058
1035
1012
1030
1040
44
996
1059
53
1007
993
1008
1024
37
987
1017
1000
993
1024
1044
40
1005
1014
1014
1043
42
1002
1005
1020
31
989
1042
57
986
992
1062
70
992
1014
993
1013
1006
993
1005
992
993
1019
996
996
1003
1012
29
983
1006
985
997
1010
31
980
998
1005
1010
31
980
994
27
968
982
958
1032
69
963
971
964
947
957
40
917
1127
90
1038
1037
1028
1028
1034
1047
1026
1017
1027
52
976
995
29
966
956
946
940
949
935
937
963
949
949
947
934
941
959
959
1044
36
1009
983
1018
1011
1017
1031
1011
1008
991
93
899
1018
105
914
902
887
875
879
859
848
855
834
825
831
826
814
821
813
801
801
791
785
789
784
780
779
774
768
778
776
773
779
782
783
795
792
804
814
824
813
817
823
813
818
814
820
811
815
811
816
817
832
829
829
851
851
864
886
876
892
28
865
886
884
872
898
906
907
921
928
940
926
931
385
547
1250
351
900
909
909
890
905
895
886
884
898
887
911
897
916
927
934
942
917
957
953
948
952
973
980
959
974
962
958
972
971
958
987
979
967
974
992
986
991
980
992
980
988
997
994
1031
1014
998
1036
1040
1031
1043
1047
1028
1034
1050
1031
1032
1035
1023
1030
1035
1044
1028
1021
1024
1024
1012
1029
1006
1008
1035
29
1006
1019
1011
1013
1025
1039
1029
1015
1018
1020
1049
1042
1023
1029
1039
1039
1024
1034
1043
1041
1028
1052
1053
1040
1041
1067
1060
37
1023
1040
1057
28
1029
1025
1012
1015
1032
1036
1013
1024
1044
1030
1024
1032
1044
38
1007
1033
1022
1028
1012
1005
1012
1022
1024
1022
1037
1042
29
1014
1032
1044
1042
1017
1022
1043
1034
1021
1028
1016
1000
1015
1023
1017
1014
1007
1022
1023
1040
1037
1040
1072
1069
1042
1068
1048
1062
1043
1047
1069
36
1033
1041
1045
1030
30
1000
1020
998
987
1008
28
981
972
981
976
993
991
989
983
988
1013
1018
1024
1019
1017
1037
1035
1030
1018
1042
1047
1033
1031
1033
1044
1042
1039
1023
1025
1036
1039
1047
1033
1021
1018
1044
1036
1034
1018
1019
1027
1028
1031
1005
1012
1029
1019
1040
1018
1061
1055
1050
1042
1055
1041
1060
1057
1062
1046
1041
1069
1055
1032
1047
1043
1032
1055
1045
1033
1036
1041
1048
1028
1022
1041
1022
1014
1013
996
992
1006
1008
995
993
997
1004
1008
1011
1002
998
1014
1050
1027
1033
1033
1043
1036
1032
1026
1060
1046
1038
1032
1027
1024
1026
1034
1036
1036
1018
1016
1028
1021
1025
1009
1013
1025
1013
998
1010
1000
984
994
997
973
978
991
1000
992
1007
1027
1016
1043
1046
1026
1064
1044
1040
1052
1041
1031
1036
1024
1026
1024
1007
1005
1008
1004
1000
998
978
978
971
978
970
960
977
994
979
975
970
990
979
997
1001
990
995
996
1008
1003
1001
990
1008
1004
1019
996
999
1020
1007
1001
998
1010
1015
1005
985
1000
1003
1016
1001
1011
994
1008
1009
998
1002
1019
1000
997
992
993
991
980
986
983
970
988
970
962
970
988
970
977
966
979
994
994
974
996
986
990
987
998
1007
989
989
995
995
990
990
984
992
998
997
983
989
973
979
986
976
970
966
980
979
984
983
987
1018
998
996
1011
1009
1005
994
991
1017
1005
990
984
987
1010
994
996
987
990
1014
1009
1015
1007
1011
1014
1014
1016
1002
1012
1023
1016
1003
1000
1006
1025
1009
1004
994
1000
999
990
981
974
983
982
985
975
991
999
991
984
985
998
995
992
991
1024
1021
1015
1015
1007
1029
1013
1025
1003
1014
1022
1020
1016
1009
1012
1019
1002
1016
1016
1002
1015
1002
999
1000
990
990
983
999
977
976
978
999
983
976
994
987
981
988
1000
982
990
998
976
979
973
997
980
983
999
985
983
992
981
981
972
987
979
978
989
989
985
1009
989
992
1000
992
992
989
1000
980
994
987
1002
982
985
987
972
975
987
988
964
985
988
975
986
992
989
977
984
986
962
990
979
984
977
988
977
968
985
1000
1000
989
1016
1031
1039
1016
1069
35
1034
1022
1036
1052
1041
1022
1034
1030
1021
1012
1028
1035
1013
1013
1041
1033
1013
1027
1011
1035
1030
1026
1007
1024
31
993
1012
1010
997
1001
1017
1013
1003
997
1024
1040
32
1008
1022
1037
1041
1028
1021
1036
1039
1043
1049
1031
1038
1033
1034
1048
1034
1030
1042
1063
40
1023
1026
1046
1024
1022
1012
1018
1020
1010
1001
1006
1001
1045
1034
1052
1036
1025
1076
1070
34
1036
1049
1083
1061
1039
1051
1071
1051
1042
1051
1069
1060
1051
1070
1079
1068
1047
1054
1059
1062
28
1035
1068
1057
1037
1033
1057
1059
1048
1047
1051
1064
1044
1045
1069
29
1041
1036
1047
1044
1038
1028
1052
1039
1020
1026
1046
1038
1023
1030
1054
1031
1021
1036
1031
1022
1023
1042
1016
1017
1029
1035
1016
1013
1037
1025
1023
1057
1045
1040
1017
1056
1048
32
1016
1036
1038
1029
1024
1037
1041
1025
1026
1028
1033
1015
1034
1028
1021
1016
1024
1016
1000
1003
45
958
959
957
963
1009
67
943
960
948
932
958
956
950
965
981
992
987
1008
993
1000
1027
1024
1067
1040
1037
29
1008
1050
1036
1037
1017
1030
40
990
1033
50
984
1006
1006
1011
28
983
982
987
32
955
980
969
1026
1018
993
1000
1011
1048
38
1010
1010
27
984
1063
40
1024
1047
33
1015
1002
1050
1024
1000
1011
1000
987
998
998
982
995
977
988
996
986
1048
40
1008
1007
986
996
994
980
975
994
980
1007
34
974
980
999
30
969
978
983
976
971
977
1031
58
973
994
989
980
1003
28
976
990
972
967
966
966
971
964
966
958
958
942
946
956
945
931
971
965
968
997
973
972
977
1003
49
955
975
1025
40
985
1022
1019
1095
68
1027
1027
1046
1062
31
1031
1060
1053
1035
30
1005
1030
1042
37
1006
1014
1018
997
1053
50
1004
1009
1018
1014
1004
1014
28
986
984
1000
36
965
968
1003
988
1008
989
1054
47
1007
1008
1005
1053
32
1022
1016
1054
32
1022
1005
1027
1020
999
993
1025
47
978
1041
38
1003
998
1028
39
989
1015
991
1005
27
979
975
994
974
982
971
979
974
996
30
966
983
1006
1002
998
989
975
966
967
958
976
968
971
971
982
960
942
982
970
960
962
996
34
962
993
1039
57
982
988
978
992
993
978
973
971
961
997
987
982
995
1001
980
1013
990
1001
1006
995
994
1017
1037
1020
1006
1031
1029
1015
1030
1042
1025
1023
1026
1026
1025
1016
1018
1008
1001
994
1001
996
975
1016
990
987
34
954
967
994
987
1020
1095
61
1034
1044
1077
35
1043
1026
1017
1056
36
1021
1055
1044
31
1014
1043
33
1011
1032
1019
1015
1035
29
1006
1014
1023
1000
1010
1003
1001
1004
1001
993
1000
998
990
994
1005
1001
983
985
1005
997
983
992
1003
994
994
1006
990
1004
1010
994
1020
995
1002
1000
1000
1000
988
999
1004
980
986
997
976
981
985
972
974
973
996
29
967
977
981
975
979
991
987
988
978
1007
1009
1016
995
1001
1016
993
997
1018
1005
998
995
1012
1014
1005
1003
1011
997
1029
1018
1015
1009
1025
1008
1015
1006
1020
1016
1027
1042
34
1009
1012
1025
1005
1009
1010
1002
989
992
997
987
980
993
979
976
998
987
989
1003
985
1009
1016
1011
998
1016
1003
999
995
993
979
1000
986
982
974
991
984
973
992
1002
1007
985
1001
1004
1001
1003
997
1008
989
1021
1024
1000
1035
1032
1030
1019
1038
1020
1029
1025
1022
1034
1021
1024
1031
1008
1011
1014
1010
1011
988
977
974
975
961
958
953
944
940
939
958
957
950
972
995
994
1002
1008
1024
1020
1031
1024
1032
1039
1022
1013
1009
1007
999
1016
1000
1008
27
981
992
999
987
998
1015
1017
998
1000
1018
1037
1028
1027
1005
1011
1013
1017
1034
1027
1024
1005
1041
1021
1030
1024
1037
1035
1035
1012
1040
1044
1019
1023
1045
1039
1027
1031
1054
1052
1044
1041
1052
1035
1018
1050
1050
32
1019
1030
1010
1037
1023
1022
1020
1012
1031
1026
1024
1036
1024
1021
1008
1021
1028
1028
1013
1016
1001
1000
1006
999
994
975
992
977
1000
1000
977
989
1000
979
979
980
989
977
979
1000
998
978
999
1002
997
993
979
978
986
963
979
961
972
958
970
970
958
966
968
978
977
973
986
992
1017
1020
1022
1010
1013
1042
1028
1022
1016
1038
1035
1025
1028
1043
1047
1026
1030
1048
1033
1040
1036
1030
1027
1037
1025
1023
1007
1005
1004
1002
996
1015
1000
988
998
1005
1004
997
1009
1006
1008
1033
1041
1037
1027
1056
1058
28
1031
1064
1046
1042
1032
1030
1029
1025
1009
1013
1004
1003
1005
1009
994
1003
994
1008
998
999
1002
1014
1011
997
1024
999
1014
997
1024
1007
994
1000
999
1012
27
986
996
999
990
978
991
998
998
986
991
1000
993
985
995
987
980
992
991
976
982
986
976
973
1015
998
994
1002
1003
1013
998
1005
1002
989
1006
1003
989
1002
993
993
1001
993
989
1000
990
1003
983
983
1000
1000
985
1001
1000
992
991
997
978
999
981
980
978
964
980
997
990
975
977
1002
998
996
979
990
1001
991
987
992
993
994
980
978
983
990
981
980
976
971
964
963
994
973
974
968
1003
992
980
1004
1016
1004
1016
996
1000
1012
1015
993
991
1012
1001
996
996
999
1013
994
994
1021
1014
1006
1008
1021
1016
1004
1041
1038
1030
1025
1016
1045
1027
1013
1017
1041
1017
1016
1022
1032
1017
1020
1025
1033
1010
1002
1025
1032
1008
1001
1000
1022
1005
1001
991
1006
989
980
999
992
988
991
991
1004
1002
996
999
1004
990
1010
998
1006
986
1017
999
998
1022
1017
1007
1024
1030
1032
1016
1027
1022
1010
1012
1018
1025
1000
1020
1032
1026
1007
1012
1042
1040
1021
1010
1045
1020
1013
1006
1002
1016
1001
982
1018
1010
1012
1002
1003
1015
1011
1037
1028
1021
1014
1009
996
1019
1015
1000
1000
1013
998
994
992
1023
1014
1002
1020
1008
1030
1015
1024
1016
1009
1028
1023
1015
1009
999
1018
998
1012
999
995
1007
984
986
998
1006
1007
990
995
1018
1008
1003
1003
1000
1019
1014
1001
1010
1015
1024
1021
1002
1013
1011
1019
1011
1019
1019
998
1010
1003
1020
1020
1015
997
1006
1015
1012
1000
998
1010
1021
1005
986
1012
1019
1007
1012
1017
1002
1020
1016
1012
1008
1025
1017
1017
1011
1022
1008
1005
999
1025
1025
1006
986
991
1000
1010
1012
1002
995
1024
1013
1036
1011
1021
1037
1038
1018
1008
1024
1026
1011
1012
1002
1000
1012
1020
1006
1002
1040
1024
1031
1007
1041
1021
1003
1043
30
1014
1001
1029
1026
1015
1009
1010
999
1016
1021
1002
991
1021
1010
998
1004
1000
1002
997
988
987
999
992
993
975
982
976
980
996
1002
993
990
1001
1009
1008
1001
1010
1004
1007
1003
1022
1018
1011
1003
1011
1000
1010
997
987
1009
1010
995
998
1017
1006
1001
1004
1046
33
1013
1007
1010
1022
1013
999
1001
985
982
986
1000
982
978
982
970
984
988
963
960
968
973
960
962
977
991
1004
992
1003
990
1008
1001
1004
992
995
1000
998
981
983
995
981
972
987
1006
989
992
996
989
979
983
985
976
968
964
959
943
978
1019
1002
1003
1005
1032
1051
1058
1048
1040
1055
1076
31
1045
1030
1029
1052
1060
1040
1023
1037
1039
1055
1047
1041
1042
1027
1042
1051
1041
1041
1030
1033
1055
1030
1021
1039
1063
1063
38
1025
1021
1065
1066
1053
1054
1046
1041
1076
1058
1046
1061
1068
1051
1050
1055
1063
1049
1046
1044
1038
1052
1053
1037
1042
1040
1051
1064
1062
1042
1047
1050
1040
1035
1055
40
1016
1029
1024
1005
1013
1003
1003
1008
993
995
1003
1010
1012
1027
1007
999
1010
996
1008
995
1000
1003
1028
1011
1008
1025
1024
1026
1041
28
1013
1017
1007
1033
1035
32
1003
1014
1014
1027
1013
1023
1015
1043
1056
1037
1066
1063
1055
1051
1074
1055
1046
1058
1059
1054
1041
1059
1071
1054
1044
1063
1050
1053
1056
1038
1067
1077
1052
1050
1050
1058
1048
1069
1047
1037
1025
1038
1045
1026
1017
1005
1010
50
961
973
955
958
947
957
952
976
976
1026
40
986
1014
28
987
992
995
989
990
1003
998
28
970
987
31
956
993
1009
32
978
1000
996
1041
49
993
1017
1015
1045
42
1004
1022
43
979
994
968
968
994
986
978
1016
1012
1030
1025
1017
1021
1055
1045
1058
1050
1064
1053
1053
1060
1040
1069
33
1036
1035
1047
1029
1027
1057
28
1030
1026
1000
1012
1080
1054
28
1027
1016
1040
1017
1026
1005
35
971
982
977
972
963
972
965
958
943
969
949
946
972
28
944
949
955
965
963
1036
46
990
1043
1032
1019
1038
1020
1015
1015
1027
43
984
972
966
29
938
961
961
992
983
1040
1013
1012
1087
58
1030
1025
1015
1013
1005
1000
997
971
1004
999
974
1008
1000
1000
997
993
975
977
969
969
969
989
1000
1021
28
993
1007
1033
1026
1019
1041
1024
1021
1027
1046
1037
1048
1045
1049
1041
1042
1059
1053
1065
1043
1059
1043
1064
31
1034
1060
1033
1044
1041
1035
1028
1034
1043
1031
1020
1044
1037
1024
1036
1046
34
1013
1022
1017
1031
1016
1021
1005
996
35
961
964
28
937
938
937
973
32
942
950
947
954
939
1020
75
946
974
979
964
970
979
30
949
950
930
932
911
920
934
942
947
959
954
965
968
991
989
987
981
972
952
977
965
1015
28
988
995
1008
29
980
1000
1048
1021
996
1014
1024
1036
44
992
1021
43
979
1062
1046
33
1014
1006
1016
32
985
39
946
953
961
942
950
945
939
939
930
941
952
981
976
1022
1000
991
996
1014
1029
1017
1010
1021
1018
1024
1020
1026
1035
1036
1026
1020
1020
1031
1025
40
985
970
56
914
945
921
923
915
916
910
916
913
906
890
888
879
884
877
870
887
881
908
909
958
953
980
1000
1073
69
1005
1048
1059
1060
32
1028
1029
1051
1043
1034
1038
1026
1041
1058
1036
1012
1023
1018
1013
1017
55
962
1026
1027
1004
1053
28
1025
1032
1017
1043
1024
1023
1034
1041
1029
1009
1048
1047
1022
1036
1057
1038
1031
1062
1050
1030
1051
1063
1048
1041
1050
1060
1048
1037
1057
1051
1041
1045
1029
1039
1064
1058
32
1026
1044
1055
1050
1029
1029
1048
1067
1063
1040
1041
1030
50
981
977
997
1009
1063
1073
45
1028
1045
40
1005
987
1003
28
975
39
937
959
983
973
1017
1069
1080
51
1030
33
997
976
993
38
956
951
951
926
913
925
922
938
945
986
28
959
951
942
925
918
918
913
908
889
886
926
913
927
928
952
930
941
926
931
928
942
928
929
46
884
878
901
915
925
917
925
932
923
918
926
919
901
903
894
888
877
859
874
893
909
895
919
911
906
888
903
902
911
901
902
894
904
906
910
896
908
915
932
918
928
916
927
945
934
932
935
31
904
900
925
949
936
929
926
931
923
913
920
916
926
915
910
893
33
860
877
892
891
878
891
896
896
901
924
905
917
927
966
963
1007
987
1038
33
1005
990
1000
985
992
995
998
989
995
996
1002
994
989
996
1008
36
972
986
986
36
951
966
944
923
944
957
934
944
994
78
916
939
988
67
921
982
28
954
953
941
951
935
943
940
926
932
987
978
31
948
995
47
948
962
963
945
975
954
968
970
959
964
964
983
28
956
980
49
931
955
952
953
1021
67
955
991
29
962
972
979
28
952
960
32
929
965
27
939
926
938
919
26
894
917
897
921
917
918
942
946
941
969
959
961
979
976
977
987
1000
983
997
1021
1006
992
1009
1004
990
1005
981
979
999
986
977
985
996
978
980
999
992
990
977
1012
999
998
999
981
1004
980
989
990
966
985
972
967
964
988
969
972
993
984
979
1000
33
968
983
994
996
995
1013
34
980
987
1011
67
944
27
918
907
887
890
886
885
894
875
889
884
898
902
911
948
949
958
1027
1060
50
1011
29
982
991
1020
1030
1016
1042
39
1004
1046
32
1015
1003
1018
1009
30
980
973
1010
1006
982
998
1008
994
986
997
992
974
975
984
972
972
981
978
970
979
979
973
981
1008
990
988
1012
1010
1005
1015
1018
1001
1013
1001
998
1001
1003
1005
987
1005
1015
1007
1002
1025
1022
1001
1006
1028
1014
1010
1027
1010
1006
1019
1010
994
1013
987
1000
997
983
993
984
989
968
972
970
963
968
971
976
960
967
976
978
968
983
988
973
987
995
981
989
997
998
984
1003
1013
988
1008
1013
1010
1003
1024
1025
1008
1010
1024
1006
1004
1012
1014
1009
996
997
1000
987
994
1000
1009
988
1006
1014
1017
1003
1037
1018
1014
1011
1020
1023
1012
1028
1018
1006
1009
1021
1006
1006
1012
1000
996
993
1001
987
983
995
981
975
981
979
979
974
984
978
972
974
981
979
975
995
976
971
972
974
955
955
958
940
944
939
926
934
934
940
924
935
943
1017
40
978
967
971
992
1000
996
1002
998
990
1013
997
1013
1023
1025
1015
1021
1031
1027
1013
1025
1029
1004
1007
1009
1025
1013
1029
1015
1017
1024
1020
1048
1039
1038
1038
1025
1038
1029
1026
1036
1024
1009
1037
1016
1023
1025
1020
1004
1019
1021
1010
1010
1040
1025
1014
1037
1060
1049
1037
1058
1058
1041
1053
1077
1050
1041
1069
1044
1042
1059
1041
1040
1071
1063
1058
1042
1042
1035
1014
1047
1039
1021
1018
1028
1018
1016
1025
1008
998
1008
1013
1005
1001
1034
1021
1009
1017
1031
1014
1027
1005
1024
1046
1040
1030
1043
1057
1050
1035
1063
1057
1070
1058
1069
1072
1049
1037
1060
1046
1054
1047
1030
1019
1050
1048
1039
1034
1053
1075
1053
1036
1046
1044
1029
190
839
1080
101
979
967
981
958
937
942
954
940
948
933
927
915
925
918
930
932
925
958
28
930
941
920
922
917
911
910
904
908
916
939
929
935
947
936
958
945
941
932
935
923
938
29
910
926
919
922
926
914
926
933
937
929
908
916
932
909
924
914
920
916
919
914
905
905
898
882
890
884
871
871
864
854
850
847
840
835
836
835
830
835
831
828
825
827
823
812
818
817
818
811
809
809
799
808
802
797
802
796
794
794
798
797
791
791
795
794
791
793
791
792
786
790
792
787
784
783
781
782
778
779
773
775
775
769
769
765
764
765
764
762
757
755
755
756
757
760
757
755
758
759
755
757
757
755
762
761
759
758
763
1531
777
754
759
766
758
765
766
761
756
761
762
758
761
756
760
757
761
760
755
761
761
757
752
757
762
751
760
762
763
761
764
769
763
766
763
762
760
764
765
757
758
761
754
762
763
763
755
758
760
757
760
758
762
767
772
767
768
772
759
753
767
756
767
764
764
775
764
761
762
767
768
766
769
781
776
776
783
786
777
777
788
806
836
846
871
871
885
876
870
877
870
871
889
901
904
891
883
903
915
946
953
43
910
913
906
897
899
885
969
54
916
912
908
884
879
876
875
875
866
873
907
25
882
889
897
30
868
897
894
906
888
890
883
898
904
933
933
926
944
931
919
919
923
915
913
914
907
916
925
925
927
918
925
921
943
966
997
971
966
34
933
923
930
917
907
916
918
921
915
936
999
1069
82
988
1016
1045
1025
1013
994
982
1000
29
972
985
973
963
983
1042
1018
1019
61
959
959
994
989
34
955
1077
38
1040
28
1012
1081
1069
31
1039
1048
1063
1060
1041
1068
1059
1045
1038
1033
1042
51
992
1001
991
988
992
1022
1037
1042
1047
1058
1048
1045
1034
1009
1038
1040
1019
48
972
1085
1059
1053
1033
36
997
39
958
969
993
1031
33
998
1041
46
996
974
988
1014
994
1006
1000
999
995
999
1028
1016
61
956
988
1023
1042
1088
1072
31
1042
1054
42
1012
1030
1046
1111
101
1011
999
1035
1091
50
1042
1055
1058
1041
1040
1053
1037
1053
53
1001
37
965
947
929
988
988
1005
29
977
992
1017
1039
1046
1054
1092
89
1004
1064
1079
50
1029
1018
1007
1023
40
983
971
995
991
985
982
966
1005
1008
1049
40
1010
985
1014
1033
1017
1004
1042
1027
1008
1032
1012
989
1007
1034
1025
34
991
1015
1000
991
996
1054
1080
1077
1059
1068
1062
63
999
1024
1056
48
1008
1035
1048
1026
29
998
1044
1022
998
1031
1011
1002
994
1017
1041
1019
1041
1029
1009
1023
39
985
991
975
999
979
1006
984
1019
1011
33
979
974
979
1004
985
32
954
958
936
933
916
920
940
937
944
949
942
992
971
958
954
977
997
984
976
1027
1040
28
1012
1060
1041
1054
33
1022
1054
1045
1042
1058
1048
1033
1034
1039
1035
1045
1058
1062
1063
1044
1064
1059
1033
1068
1060
1056
1043
1064
1064
1039
1094
1075
1061
1055
1083
1074
1062
1067
1073
1061
1055
1075
1064
1052
1067
1060
1053
1057
1069
1044
1065
1062
1035
1034
1067
1043
1047
1045
1056
1041
1059
1057
1046
1041
1055
1037
1032
1060
36
1025
1038
1031
1018
1034
1067
1047
1036
1064
1059
1046
1063
1073
1047
1048
1056
1040
1019
1006
999
1050
1032
1025
1072
38
1035
1041
1043
1064
1046
1038
1039
1028
55
974
30
944
925
909
905
898
889
881
882
883
876
887
117
771
144
627
378
250
265
258
267
280
14
267
348
3999
2451
1548
974
575
223
352
71
281
2936

