25-08-2022 - 9:49 - Correr
Elice Avendaño
Intervalos entre latido y latido
915
916
903
897
920
919
904
895
909
889
904
883
867
873
877
879
877
898
886
894
885
878
875
860
845
825
26
800
810
837
864
871
30
841
862
891
907
946
988
1000
997
992
40
952
932
37
896
935
935
38
897
874
884
900
906
912
902
888
916
920
25
896
904
905
911
932
939
939
922
929
910
902
33
869
888
907
910
42
868
891
902
924
931
936
940
921
29
892
916
42
875
856
894
913
915
916
932
935
940
940
934
936
916
41
875
871
853
835
860
890
905
882
26
857
866
873
887
890
903
902
904
891
28
863
861
874
864
871
887
887
903
913
912
917
908
906
884
863
856
860
871
886
904
908
918
928
920
30
891
896
887
879
885
871
859
872
895
906
894
903
879
879
908
897
893
914
909
931
940
954
953
42
911
909
926
921
916
909
896
905
891
911
919
928
922
927
916
928
937
937
923
934
931
920
919
911
27
884
899
907
904
33
872
889
893
886
896
913
916
898
891
900
880
863
871
885
899
900
908
903
882
901
914
915
920
945
43
903
887
897
910
917
917
918
28
891
881
884
898
906
915
916
913
904
904
26
879
868
874
876
889
891
889
907
912
913
904
31
873
886
901
886
914
923
928
933
31
902
929
930
27
904
923
925
916
917
927
932
912
919
928
38
891
903
928
910
916
917
926
922
915
34
881
890
888
892
898
900
894
875
26
849
857
859
872
883
897
895
910
914
922
935
931
931
924
936
932
940
945
953
952
957
27
930
952
37
915
905
937
938
954
942
936
913
912
897
42
855
844
849
857
869
875
880
888
884
878
873
863
40
823
821
840
862
873
885
907
926
929
933
921
943
938
919
32
888
905
915
919
919
26
893
909
913
912
897
909
911
922
928
916
901
913
921
931
916
925
920
915
915
914
907
898
41
857
848
860
876
867
864
877
890
900
891
34
858
866
869
878
887
888
887
896
891
895
887
890
893
871
859
862
872
901
917
941
950
967
958
961
955
953
30
923
933
934
917
29
889
893
901
899
910
904
889
28
861
877
866
885
901
918
932
921
928
939
933
35
898
906
915
909
917
921
32
890
25
866
881
875
885
888
889
889
888
885
892
882
876
859
853
841
839
850
865
876
904
908
906
927
938
930
919
932
939
949
952
947
927
915
48
867
875
882
883
899
915
898
903
922
926
932
913
929
934
925
905
899
893
893
892
893
897
901
31
871
882
896
913
905
921
912
896
905
909
896
893
918
921
924
912
914
914
936
938
952
52
900
908
910
911
906
924
922
934
940
922
932
940
945
923
27
897
907
909
908
907
37
870
856
856
863
870
856
38
818
848
841
852
866
872
878
897
912
923
939
926
45
881
906
915
922
930
936
937
915
45
870
874
867
874
875
875
895
904
906
45
861
873
889
912
910
913
919
910
889
868
881
883
888
901
911
898
921
925
940
928
922
924
914
34
880
897
912
914
923
910
905
920
928
932
927
25
903
916
916
919
41
879
888
903
912
925
926
918
918
906
906
910
26
884
890
890
877
868
28
841
826
836
848
862
879
894
900
906
899
904
903
904
31
874
888
881
896
893
38
855
847
851
860
882
879
873
882
891
905
921
932
934
930
911
922
925
925
923
914
891
870
884
894
905
925
929
909
900
898
906
39
867
846
871
888
867
885
895
881
891
915
920
916
43
874
895
891
900
907
900
908
885
24
862
869
881
883
864
864
875
886
896
908
918
923
27
897
901
909
912
913
920
898
41
858
863
874
875
888
900
895
884
876
890
890
896
907
917
934
934
931
933
909
38
871
875
873
884
887
881
861
850
873
857
885
893
911
915
923
25
898
916
913
915
25
890
886
897
904
917
899
882
873
881
875
873
863
856
24
833
824
829
829
838
848
860
881
874
884
890
867
49
819
842
868
899
903
924
905
924
917
923
25
899
909
916
916
919
45
875
872
854
875
877
872
885
876
883
24
860
851
856
879
880
883
932
945
944
29
915
909
42
867
900
910
916
928
938
936
931
50
881
861
886
872
894
906
911
909
888
889
892
894
891
877
866
888
912
926
925
926
924
39
885
882
886
894
28
866
865
885
879
886
880
879
884
875
32
844
856
869
866
856
865
881
911
889
910
917
943
26
918
907
912
926
927
923
933
940
942
943
28
915
904
910
916
912
926
936
937
916
914
918
919
908
34
875
886
909
908
927
41
886
891
887
887
899
911
933
952
946
31
916
907
928
919
39
881
885
900
918
920
911
888
889
893
906
913
927
27
901
913
920
928
916
951
53
898
909
898
885
906
903
913
929
934
947
941
926
44
883
875
875
878
895
912
921
927
919
916
913
31
882
887
875
890
887
907
916
919
925
918
44
875
878
889
894
906
917
919
923
916
916
40
877
34
844
845
859
894
903
913
958
964
960
953
955
934
938
935
921
909
890
889
902
908
905
901
898
898
874
863
844
855
872
901
914
909
921
907
916
916
34
882
897
911
913
902
905
26
880
893
881
863
872
906
885
909
918
902
907
932
928
925
906
903
914
914
924
939
938
932
921
908
898
900
919
921
930
926
924
927
918
915
902
894
892
884
87
798
818
824
849
880
902
913
932
912
906
37
869
872
889
904
916
918
901
909
916
919
928
934
914
917
916
897
875
873
24
849
855
880
904
910
936
942
945
62
883
895
891
896
911
921
936
943
931
939
43
897
914
901
896
906
27
879
868
867
869
882
897
914
912
906
900
896
39
857
856
858
869
899
907
927
918
921
900
900
894
900
901
910
911
906
911
904
52
852
31
821
837
843
855
863
881
899
922
936
966
34
932
951
31
920
906
884
885
878
865
26
839
838
852
867
895
897
910
909
916
912
932
929
54
875
877
875
885
897
906
922
924
920
52
869
867
864
862
891
905
920
925
919
929
940
46
895
34
861
879
889
901
913
939
960
974
960
953
952
933
41
892
909
893
900
911
898
916
29
888
897
907
916
941
938
940
933
935
916
914
908
909
886
893
32
862
861
877
884
867
892
908
914
943
996
31
965
969
945
927
909
37
873
878
862
879
901
905
911
905
913
901
899
884
883
26
858
851
842
839
878
898
922
949
958
960
28
933
931
935
923
29
895
905
902
895
901
908
916
906
933
919
923
904
889
887
893
893
911
913
29
885
883
879
880
29
852
871
896
909
925
926
939
946
921
898
881
909
904
919
38
882
898
899
908
894
889
887
894
900
906
902
906
932
937
933
914
906
906
911
903
916
916
920
907
922
927
911
907
943
960
975
39
936
943
941
937
935
34
901
904
899
904
892
880
890
923
930
957
965
968
31
938
930
938
947
949
926
936
32
904
900
898
917
919
913
928
924
902
885
892
902
911
922
923
918
909
36
873
854
863
866
890
910
935
916
913
918
920
28
893
906
896
889
886
902
911
921
917
919
937
933
942
932
41
891
882
877
895
897
919
926
931
926
50
877
881
877
886
891
873
898
899
920
927
927
909
886
866
863
849
874
859
878
904
908
925
936
936
921
918
906
44
863
857
840
849
862
883
35
849
865
889
888
41
848
882
897
912
898
903
911
905
895
886
880
886
905
47
858
868
856
875
886
901
899
895
902
890
890
27
864
883
871
897
894
909
891
880
901
910
37
873
869
900
922
937
950
955
958
958
967
958
948
44
904
907
916
925
934
937
931
923
912
37
875
875
884
898
882
868
863
882
893
902
915
919
908
907
901
892
898
34
864
853
865
877
891
912
914
912
907
916
36
881
891
894
893
902
907
36
871
863
867
883
887
909
913
917
925
917
36
882
880
898
911
924
932
940
954
943
955
946
39
907
922
918
25
894
892
911
892
876
877
892
900
909
906
915
905
41
864
855
857
866
886
908
906
919
940
925
957
40
917
907
892
921
926
942
945
947
53
894
875
885
881
896
911
948
943
946
945
32
914
44
870
899
910
927
919
916
925
919
908
906
45
861
862
880
879
898
906
889
914
905
939
937
916
905
901
903
916
905
888
888
897
39
858
885
890
889
876
886
876
869
893
899
916
897
911
931
940
927
930
930
924
934
946
950
950
935
948
942
947
958
952
958
31
927
919
916
927
930
911
30
881
881
888
900
916
915
894
922
927
919
946
933
916
929
923
933
48
886
891
908
914
924
940
930
27
903
886
898
879
873
868
897
26
871
889
904
917
910
920
907
908
26
882
869
876
894
913
914
919
936
942
943
943
956
962
30
933
917
935
942
26
917
933
915
905
916
924
929
924
921
907
887
898
897
885
903
907
897
902
925
924
913
943
932
944
935
931
36
896
27
869
868
873
890
898
909
930
931
939
943
944
950
953
954
929
905
913
900
25
875
903
28
875
874
899
907
914
934
942
957
955
939
958
956
958
937
956
960
950
946
941
49
892
893
905
910
916
920
27
894
887
880
889
877
904
31
874
873
891
933
938
940
48
893
870
893
887
884
917
910
925
933
951
957
961
959
941
951
945
956
951
938
933
948
934
925
924
936
939
926
923
910
38
872
877
886
896
923
921
928
918
937
26
911
895
904
914
943
933
28
905
909
929
907
912
897
902
907
892
912
892
906
919
932
909
911
926
936
930
929
928
940
50
891
881
882
898
911
923
909
913
927
922
930
907
909
889
883
890
887
882
875
889
905
920
930
932
934
959
969
963
987
966
971
988
990
37
954
938
972
27
946
43
903
886
876
28
849
837
831
833
863
862
890
909
885
893
894
891
886
867
896
926
964
986
1001
29
973
978
28
951
44
907
912
890
914
926
943
60
883
871
906
935
935
940
920
948
958
952
938
954
966
974
979
960
981
994
998
978
983
987
980
66
915
38
877
40
838
835
829
821
825
831
833
852
874
868
866
873
881
890
885
875
877
902
912
926
938
942
954
940
31
909
893
896
875
868
860
850
850
851
846
846
867
872
888
915
920
908
898
883
887
894
903
909
917
930
929
26
904
922
916
895
916
927
909
922
918
30
889
891
897
897
922
936
929
33
897
902
907
901
892
888
891
870
873
876
880
900
895
895
885
901
885
875
874
875
33
843
853
858
866
27
839
851
839
841
838
830
833
841
845
862
851
836
820
848
840
822
830
833
838
844
843
835
868
880
874
28
846
860
852
27
825
879
869
889
875
901
909
909
931
928
931
932
919
934
936
930
953
941
940
40
900
886
868
845
860
885
873
889
900
902
906
897
888
876
875
855
859
878
908
886
865
848
866
886
893
903
883
40
844
855
862
851
854
851
870
873
873
895
893
900
903
895
889
28
861
886
911
32
880
907
929
29
900
53
848
851
888
903
915
905
884
864
862
34
829
830
841
862
888
904
906
918
945
960
968
50
919
912
939
944
924
38
887
915
943
963
943
949
969
975
986
988
1007
1005
988
52
936
949
969
979
985
963
37
927
938
29
909
925
937
924
936
961
963
946
974
980
961
49
913
957
966
959
947
938
944
929
921
958
970
967
991
976
968
991
27
964
965
1002
1026
57
969
973
1000
42
958
46
913
941
40
902
903
883
876
874
885
873
875
900
884
874
864
861
871
874
871
880
882
35
848
847
858
840
854
857
852
858
860
870
27
844
26
818
804
791
780
782
806
824
835
36
800
817
809
841
871
880
881
892
900
889
24
866
879
889
867
903
919
33
887
875
906
914
927
924
938
923
51
873
871
849
857
837
833
823
823
846
867
887
880
875
897
893
896
883
907
894
887
913
914
918
909
886
889
25
865
865
873
880
872
853
841
842
831
826
840
29
811
808
813
808
809
826
822
826
839
847
26
821
810
815
805
800
790
797
811
798
801
797
803
793
786
781
767
763
783
772
787
794
791
818
833
845
844
858
880
916
898
921
907
914
906
883
903
895
889
902
912
902
894
888
25
864
851
863
873
860
864
875
868
855
879
863
850
863
860
853
844
858
843
859
859
27
833
836
845
844
831
854
854
836
837
849
860
865
865
861
845
851
831
848
846
832
862
863
849
858
865
891
897
905
917
929
920
915
899
25
875
891
915
918
935
945
939
919
948
942
919
941
948
29
920
913
936
940
923
913
918
922
28
895
907
914
894
879
890
875
899
903
884
27
858
879
879
866
870
875
853
855
857
856
875
26
850
858
850
853
28
825
821
837
824
807
797
786
784
779
779
775
786
785
797
807
792
785
775
763
764
760
765
770
784
789
810
795
775
774
771
773
775
779
777
793
791
779
823
39
784
770
779
803
801
824
831
848
835
829
823
813
792
786
770
750
783
791
774
772
777
777
795
808
816
842
821
807
811
803
811
807
812
804
794
806
796
798
797
797
794
787
791
787
782
776
769
767
768
762
766
764
759
768
763
769
774
771
768
769
771
780
783
783
781
779
788
791
795
785
777
773
788
781
769
782
776
776
771
789
797
807
817
834
849
868
24
844
859
842
841
861
842
836
845
839
855
860
843
23
821
812
816
795
785
784
807
822
829
826
854
832
831
848
839
853
863
875
24
851
842
854
857
889
890
903
33
870
853
870
891
898
878
882
884
885
865
869
890
897
915
935
913
39
874
870
885
895
909
898
899
31
869
28
841
849
875
895
882
900
910
927
36
892
901
916
926
912
935
938
929
948
948
939
951
956
934
928
948
948
32
916
901
929
938
922
948
937
929
948
930
914
908
945
939
933
931
922
915
928
919
941
946
936
28
909
908
926
928
914
892
874
908
931
949
931
923
904
901
912
929
920
961
965
969
964
950
957
968
988
28
960
36
925
942
951
955
950
933
938
964
964
941
958
970
963
27
937
946
959
941
955
939
916
922
924
910
936
941
929
951
949
945
955
943
946
935
944
944
925
910
923
935
931
953
958
954
959
957
954
979
969
956
955
944
945
943
930
939
935
945
957
946
960
969
46
923
906
918
936
941
920
924
924
908
916
943
939
924
948
39
909
904
933
925
939
961
950
36
914
956
964
964
959
958
935
918
948
950
948
45
903
936
960
951
969
34
936
939
963
958
960
961
958
957
34
923
906
916
898
939
939
940
938
931
938
975
966
62
905
947
28
919
927
935
942
953
947
942
26
916
913
914
905
916
935
954
958
975
957
956
957
961
959
947
29
918
947
960
983
965
941
918
941
951
944
928
40
889
907
908
918
916
942
959
947
953
964
30
935
924
933
924
944
961
962
981
968
953
964
951
956
944
938
951
959
949
947
959
965
941
942
958
936
916
943
937
955
966
960
968
46
923
924
931
942
931
924
948
958
941
946
961
27
934
956
965
966
961
958
958
940
916
902
918
914
931
954
953
30
923
918
943
956
943
35
909
935
938
39
899
876
909
899
900
930
932
954
964
949
971
983
979
35
944
938
957
958
972
957
30
927
913
912
916
909
897
891
907
935
936
945
939
40
899
885
888
908
916
929
923
940
929
924
941
56
885
24
862
858
862
876
881
893
916
908
918
922
941
956
950
59
891
902
918
944
936
956
962
956
948
943
941
955
956
952
931
928
962
961
944
936
937
938
942
930
50
881
879
889
893
905
931
940
919
908
943
945
960
973
958
957
49
908
26
882
869
893
903
916
929
938
919
917
936
27
909
931
934
921
921
908
915
919
912
33
879
29
850
869
887
902
928
936
947
38
910
922
942
926
906
914
914
929
942
957
949
950
927
927
923
913
927
911
929
921
942
920
916
952
956
40
916
903
931
27
905
893
955
981
34
947
939
961
970
39
932
962
52
911
892
929
947
944
975
1000
975
991
987
28
959
967
959
946
962
978
987
37
951
994
999
989
975
998
993
979
956
931
983
984
974
979
974
968
974
965
966
980
979
974
985
960
974
991
994
32
963
968
995
45
950
950
959
43
917
927
930
924
911
914
906
910
902
45
858
850
851
864
888
911
916
946
940
49
891
885
885
883
891
893
904
913
918
928
924
922
919
916
47
870
852
842
849
891
890
908
900
885
933
959
969
975
972
30
943
27
916
938
921
31
890
33
858
871
860
857
851
889
25
865
861
870
857
838
857
871
894
913
922
935
28
907
892
897
900
911
903
908
907
895
903
903
896
895
892
879
883
894
875
886
880
885
867
888
868
851
860
847
851
849
853
849
850
849
25
825
820
807
809
818
824
26
798
811
847
853
31
823
28
795
792
831
872
875
855
871
849
850
862
865
855
864
870
874
879
879
877
36
842
846
862
877
898
891
896
911
898
883
860
857
859
859
848
32
817
806
791
796
798
807
841
857
888
893
890
875
857
30
827
29
799
802
815
827
843
842
862
860
863
857
27
831
817
808
836
872
859
870
873
869
863
29
834
854
862
879
26
854
833
827
40
787
793
34
760
775
792
23
770
810
821
837
836
830
863
869
862
32
830
836
837
828
836
833
825
849
862
897
882
863
893
884
889
911
936
65
871
54
817
72
746
784
767
781
792
789
784
41
743
756
749
771
795
813
801
836
852
840
824
864
848
831
853
842
842
3999
3999
3999
3999
3999
3999
3999
3999
3999
3999
3999
3999
3999
3999
3999
3999
3999
3999
3999
3999
3999
3999
3999
3999
3999
3999
3999
3999
3999
3999
3999
3999
3999
3999
3999
3999
3999
3999
3999
3999
3999
3999
3999
3999
3999
3999
3999
3999
3999
3999
3999
3999
3999
3999
3999
3999
3999
3999
3999
3999
3999
3999
3999
3999
3999
3999
3999
3999
3999
3999
3999
3999
3999
3999
3999
3999
3999
3999
3999
3999
3999
3999
3999
3999
3999
3999
3999
3999
3999
3999
3999
3999
3999
3999
3999
3999
3999
3999
3999
3999
3999
3999
3999
3999
3999
3999
3999
3999
3999
3999
3999
3999
3999
3999
3527
979
984
988
986
990
1003
1001
989
54
936
955
61
894
34
861
887
926
948
983
1005
998
1007
1003
981
987
979
968
979
988
988
992
1004
989
1026
1041
1051
1050
40
1011
1035
1039
1021
1010
1044
1059
50
1010
1054
1065
52
1014
1047
1037
73
964
1022
1033
1010
62
949
978
969
961
959
65
895
897
903
930
940
968
951
49
902
923
921
973
1003
1034
1041
1044
1039
1031
60
971
34
938
919
920
25
896
893
901
35
867
873
24
849
457
392
470
856
867
850
840
831
859
905
908
931
938
928
956
946
953
938
946
939
949
941
955
965
947
36
911
899
891
961
37
925
929
931
927
928
911
909
896
907
911
35
876
860
882
913
936
943
951
49
902
915
915
25
890
67
824
829
828
826
841
844
33
812
822
815
818
838
840
836
862
871
888
888
38
851
864
865
866
888
890
900
905
902
907
901
896
889
40
849
837
836
856
870
884
871
852
31
822
830
25
805
800
799
801
830
842
847
35
813
825
818
870
852
856
855
862
856
859
859
875
882
892
888
39
850
835
838
850
862
873
872
880
252
629
1097
262
836
842
855
870
871
875
37
839
24
816
806
842
868
892
910
44
866
871
872
857
24
833
834
833
835
845
840
861
884
887
888
886
898
897
891
895
898
890
884
33
852
86
766
931
68
863
889
902
887
877
55
823
835
843
835
834
851
862
855
885
97
789
989
93
897
896
900
37
863
24
839
862
885
891
897
116
781
984
94
891
885
51
835
843
873
883
893
892
919
49
871
858
864
875
868
889
902
914
905
895
40
855
861
862
847
868
882
902
37
865
34
832
846
32
814
808
810
840
843
846
29
817
807
816
834
850
864
851
842
872
874
879
857
906
898
879
875
29
847
838
853
859
846
869
858
849
890
900
913
928
927
923
52
871
869
900
916
34
883
904
954
949
30
919
939
958
960
965
972
40
932
926
922
921
911
35
876
877
875
873
871
889
916
944
935
923
47
877
881
897
924
951
967
984
976
989
1000
990
62
928
28
901
918
929
28
902
943
34
910
918
936
933
969
976
980
1002
982
63
920
933
955
959
979
987
1004
31
974
971
29
942
929
936
915
924
948
965
988
985
997
1000
34
966
952
952
48
904
918
928
25
904
894
926
949
977
998
980
1003
1002
999
999
978
64
915
909
930
936
960
952
991
976
1011
1021
1014
70
945
943
967
966
947
963
988
981
994
1012
1006
986
1015
1012
1011
993
976
53
924
322
603
319
284
917
930
953
980
1000
976
973
978
1000
38
963
978
1008
1024
1023
1022
1006
1017
1011
992
62
930
937
959
996
1006
54
953
972
982
988
1001
990
991
36
955
952
43
909
914
933
919
905
891
915
915
931
968
966
952
937
951
959
945
928
955
988
967
965
956
953
945
949
958
950
937
954
35
919
906
925
966
953
963
999
1010
1018
996
1000
1024
1024
1001
981
1015
1023
1000
1022
1042
32
1011
1029
1027
31
997
1016
1017
993
1017
1027
1002
1010
1025
1010
993
54
939
944
965
975
990
973
1003
1005
996
1021
1029
1026
1010
1018
999
987
1006
1018
993
1014
1036
1009
29
981
1008
1004
1014
34
980
982
1001
59
943
951
969
970
964
968
967
962
61
902
906
925
937
932
949
974
982
996
1012
1012
1005
1000
40
961
948
946
969
963
948
966
958
967
994
994
994
1000
1005
1009
998
993
43
950
27
923
929
936
958
974
30
945
949
986
997
1005
1002
1011
996
984
958
51
907
908
920
923
948
971
990
1012
1034
34
1001
1006
992
975
954
969
945
962
30
933
944
965
988
1001
981
66
916
921
925
945
962
986
1008
1023
1017
1000
989
1002
990
999
1003
1005
1002
1004
56
949
976
58
918
909
919
901
930
972
949
978
989
1002
1006
982
31
951
972
987
996
983
964
955
972
997
1009
999
1009
61
949
945
947
959
989
981
41
941
920
943
956
958
186
773
1172
194
979
44
935
922
934
963
940
942
957
961
978
961
943
930
932
910
913
939
958
982
996
1000
27
974
44
931
957
979
974
988
990
1000
1008
987
985
39
946
951
963
989
1017
1015
1028
1051
1049
1023
1041
1026
44
983
968
1010
47
964
943
963
973
973
951
945
965
992
1020
1035
1025
1036
1024
1021
1014
1002
40
963
990
993
1008
1028
51
978
968
994
1013
1039
32
1007
1025
1013
35
979
980
995
979
28
951
947
976
978
977
26
951
28
923
964
979
37
943
958
980
986
967
991
41
951
954
976
989
995
982
969
951
955
954
967
974
28
947
956
943
939
957
947
930
938
927
938
961
969
969
975
988
1003
1009
1030
34
997
1002
1000
1001
993
982
996
983
36
948
988
967
47
921
935
954
934
927
969
981
965
989
998
993
29
964
950
969
975
960
975
991
1005
50
956
982
959
28
932
934
923
942
945
937
38
900
897
56
842
930
57
873
871
888
918
923
964
986
993
1009
1009
1024
1025
1030
1039
1035
1033
1025
1007
1024
1033
1007
991
1030
1030
32
999
1022
1037
38
999
35
964
941
33
908
31
878
879
891
921
923
960
967
989
64
926
991
1008
1002
984
1000
1004
38
967
985
1002
27
976
965
1004
28
977
37
940
984
973
953
985
993
36
958
975
994
27
967
982
995
976
991
989
32
958
989
1002
31
972
991
993
971
984
993
968
972
991
974
981
981
978
28
951
980
987
27
961
950
974
959
956
986
994
37
957
982
978

