11-08-2022 - 9:35 - Correr
Mirtha Soto
Intervalos entre latido y latido
843
851
861
840
859
857
841
858
863
32
831
837
847
831
826
841
850
833
844
851
839
830
838
843
838
825
838
843
846
844
848
858
854
839
847
850
840
841
852
862
846
844
850
843
823
813
827
832
826
824
833
837
824
822
833
836
841
831
834
842
832
819
828
829
817
812
814
820
815
808
814
824
804
800
807
812
799
805
812
811
803
813
811
809
794
798
799
793
792
798
800
791
791
799
809
796
803
804
803
797
794
791
781
786
793
788
790
795
796
792
787
793
799
791
794
796
797
792
803
798
796
800
798
794
792
801
797
791
791
798
796
797
792
793
797
795
792
802
809
804
809
813
821
822
830
835
835
826
833
838
823
811
807
798
789
790
793
792
788
794
799
791
792
791
799
793
789
795
804
799
805
804
814
810
817
819
823
811
821
819
806
803
807
815
801
805
800
797
790
791
785
773
777
779
790
781
788
793
794
791
800
798
795
810
817
813
812
818
820
810
813
812
814
810
808
816
806
807
816
819
809
810
821
820
803
808
806
807
796
807
812
807
811
814
819
806
807
805
806
799
805
810
822
809
816
824
823
814
824
828
818
816
818
824
815
822
821
815
805
808
801
785
790
796
800
798
804
806
799
798
800
806
801
808
811
806
797
800
792
789
784
790
792
791
792
803
801
801
797
809
816
810
817
809
800
796
804
805
798
816
816
816
814
827
822
822
831
824
814
817
824
816
812
818
822
815
815
811
801
785
782
783
769
769
773
772
768
769
783
788
792
805
809
809
810
821
809
806
808
804
800
811
814
813
813
815
818
807
810
814
822
810
817
817
827
811
824
824
819
815
822
819
812
818
817
808
802
803
795
789
792
796
793
803
810
815
809
810
811
818
809
819
827
830
828
840
839
839
846
852
852
843
851
849
846
851
842
829
823
822
829
818
822
821
814
820
828
831
821
833
835
833
835
839
839
837
847
842
828
838
838
843
840
844
845
830
834
829
823
820
828
832
824
830
837
819
822
825
825
816
826
820
804
803
811
810
816
23
793
789
778
769
773
780
780
23
757
25
733
718
730
24
706
697
694
683
679
673
668
663
665
666
668
666
674
673
678
680
678
674
680
672
671
668
666
667
669
669
667
664
673
667
667
668
667
669
668
669
667
657
652
650
647
646
645
637
642
636
637
633
634
641
639
640
647
646
657
660
666
677
682
691
694
697
702
700
697
694
697
688
692
684
682
675
20
655
647
637
633
628
624
619
619
617
617
612
609
612
608
604
606
605
604
599
597
599
595
590
598
595
589
586
594
587
585
588
591
588
583
594
589
591
589
588
585
587
587
590
591
583
587
588
591
585
586
594
585
579
586
587
581
580
584
582
575
574
583
574
573
577
575
570
570
568
572
568
562
564
573
561
562
561
561
559
554
563
557
551
557
553
549
554
549
551
556
551
550
560
549
546
556
553
545
552
552
546
548
549
552
544
550
547
547
547
540
547
543
539
550
547
537
542
541
538
539
539
540
539
538
542
540
533
534
539
536
532
533
529
538
532
527
532
535
527
528
535
529
525
527
524
523
529
523
527
528
524
525
525
515
530
524
519
528
526
519
523
517
526
525
516
514
519
523
516
521
522
516
517
523
517
523
526
521
519
518
516
29
487
566
25
541
533
533
535
538
547
548
551
551
546
548
553
549
549
550
554
548
554
552
548
552
555
554
554
559
560
554
556
558
559
561
567
567
573
576
571
569
577
577
579
588
593
590
597
599
600
599
604
608
610
608
616
620
623
620
622
625
623
617
625
617
613
612
613
616
609
620
625
623
625
638
639
640
642
638
640
642
640
637
641
644
640
644
645
646
645
649
656
654
658
661
657
660
665
660
660
662
649
655
656
651
659
663
658
665
667
673
666
668
667
670
659
649
650
655
664
663
670
676
691
689
697
712
712
708
716
725
719
721
727
722
712
721
731
721
732
742
749
743
755
762
748
756
763
747
763
760
741
750
756
744
755
763
752
763
768
756
771
774
757
765
766
749
750
755
739
746
750
744
744
748
754
750
750
760
769
755
762
777
767
770
783
784
773
784
792
776
781
789
783
777
790
798
785
791
793
779
779
786
773
767
770
764
753
764
766
772
762
772
775
761
764
766
761
755
760
768
761
770
776
22
755
758
751
750
755
782
786
786
789
780
768
780
786
778
768
776
776
776
771
776
783
777
771
784
782
772
774
782
775
761
768
771
772
764
768
775
770
770
771
775
767
774
774
769
757
761
764
759
763
770
774
766
774
780
781
780
784
789
787
781
786
787
778
772
781
784
773
780
784
790
778
787
790
787
787
782
776
764
768
773
772
768
774
777
773
771
778
780
775
775
784
784
783
793
796
802
801
803
811
794
795
796
786
766
753
24
730
715
715
719
725
742
745
754
760
762
764
766
755
750
751
757
754
760
762
762
761
766
769
772
770
774
784
778
779
783
793
784
781
773
23
750
772
31
742
23
719
703
688
683
682
22
660
646
641
637
631
627
625
620
619
617
618
614
611
612
613
612
613
611
613
614
613
613
615
620
628
632
639
640
649
655
655
657
658
663
664
664
662
664
664
662
662
663
667
670
670
668
671
671
666
671
672
700
28
673
670
666
657
653
648
642
641
642
642
643
647
652
657
663
665
668
669
675
679
678
676
676
679
675
670
666
669
666
667
665
667
671
668
666
669
673
672
672
676
679
681
681
682
684
684
682
683
688
686
688
688
693
691
692
693
697
697
695
695
700
697
698
700
704
704
707
705
708
708
705
705
709
709
706
707
709
714
713
718
720
724
724
727
726
722
724
726
719
712
708
702
691
684
679
684
686
693
695
704
708
717
715
722
722
724
724
731
729
728
733
739
737
739
740
740
745
743
750
745
740
742
740
733
728
731
732
730
728
732
729
726
732
733
731
727
728
727
725
725
721
715
721
723
720
724
724
722
718
715
713
709
711
711
710
716
717
711
706
709
709
712
719
723
723
729
737
738
735
726
729
729
712
709
703
704
700
692
692
696
729
716
721
738
743
751
756
752
749
750
751
750
749
748
745
751
758
759
759
761
755
755
753
749
743
739
746
741
740
743
748
746
745
738
743
747
743
737
737
745
745
742
747
761
765
765
762
768
771
764
759
765
756
751
744
746
739
736
728
737
739
737
733
738
738
742
743
740
742
749
743
749
753
750
746
754
750
755
761
762
762
768
768
755
750
757
749
750
746
751
753
754
752
753
752
750
756
753
747
749
753
759
755
754
762
765
763
774
772
773
783
780
779
772
769
771
770
769
770
771
766
767
772
768
763
753
761
761
761
762
769
767
767
773
767
769
774
769
764
755
750
752
756
759
770
767
762
757
759
763
764
769
775
776
768
769
771
767
769
770
769
762
768
774
775
775
779
772
774
784
786
782
773
774
781
780
773
779
774
783
782
780
783
781
779
776
782
775
773
786
791
790
791
792
784
785
783
768
764
787
776
773
769
783
779
775
779
779
774
771
765
758
754
754
756
750
756
761
753
764
779
778
778
781
772
777
778
770
767
753
740
737
739
738
741
733
745
751
749
762
772
775
770
774
777
769
773
778
778
779
787
788
785
784
789
790
783
791
794
788
789
786
784
776
766
771
768
767
760
770
776
777
782
791
794
799
803
804
805
812
812
807
808
810
798
802
803
809
796
808
807
801
793
794
791
786
791
790
781
787
787
782
775
775
773
771
767
768
773
766
772
781
782
781
784
789
779
782
783
780
774
781
786
780
786
788
781
784
786
780
787
785
788
773
780
780
780
779
787
788
784
785
785
779
782
785
772
778
776
775
774
774
774
773
781
780
778
775
782
785
780
785
791
796
786
795
792
787
791
797
790
790
791
790
781
784
784
775
780
788
778
780
778
780
777
771
769
775
773
776
776
779
779
776
778
779
774
776
773
779
779
780
784
779
785
782
776
783
771
770
765
765
761
751
750
751
755
755
763
772
779
773
788
791
789
788
800
797
795
797
797
801
800
803
805
816
807
816
816
811
803
812
816
802
804
803
795
798
802
794
799
798
793
794
788
791
796
796
798
798
789
796
803
797
794
795
798
789
790
789
798
788
791
795
792
796
798
789
791
799
792
793
782
768
759
756
759
757
777
776
778
775
777
777
782
791
782
777
788
788
788
799
797
791
795
795
793
788
788
791
783
787
793
789
791
791
791
788
792
797
804
791
788
786
775
762
827
830
829
833
820
812
805
796
800
791
791
791
792
789
783
794
796
800
796
793
802
791
790
779
781
784
777
769
770
768
770
765
769
772
766
770
774
774
770
775
779
774
777
775
774
783
786
782
782
784
784
786
776
782
783
779
785
785
785
781
782
786
780
775
779
774
767
775
779
775
779
781
781
789
768
758
744
738
724
721
726
738
737
748
758
765
762
766
769
770
763
766
765
762
758
762
760
760
758
764
773
774
773
770
770
768
771
762
770
769
774
769
768
778
772
775
778
774
775
772
771
762
764
758
761
750
747
761
794
818
26
793
797
811
817
814
823
824
822
829
837
825
836
842
827
832
839
836
821
828
819
812
800
807
801
797
799
798
791
787
791
797
802
792
778
772
771
769
766
767
776
775
779
788
793
785
790
793
791
790
794
801
789
791
791
794
788
793
794
787
795
793
785
784
788
795
795
796
799
803
795
809
806
799
800
804
800
795
798
800
791
793
797
800
792
796
796
790
790
800
790
794
791
791
803
803
796
800
807
805
802
808
813
804
803
806
801
790
791
795
791
787
791
792
790
791
789
785
781
778
783
782
791
791
786
794
802
795
793
796
800
787
788
791
791
785
781
784
782
785
787
779
782
780
779
774
768
768
767
766
771
768
777
768
773
781
786
780
786
793
782
789
781
783
790
789
781
782
788
779
786
787
784
780
784
786
779
782
779
780
782
776
783
785
783
787
793
794
789
783
789
791
791
796
796
795
791
791
794
796
801
799
794
792
792
800
807
804
792
805
806
803
792
799
799
791
780
770
757
748
729
787
807
799
806
813
805
804
815
816
817
814
795
803
812
818
830
828
821
820
813
797
807
811
814
801
810
809
807
796
791
792
796
799
786
789
791
786
790
785
795
797
796
791
797
801
804
798
797
802
799
792
791
791
789
784
795
797
789
791
782
791
791
786
795
800
791
795
804
802
800
792
800
791
793
805
810
823
821
811
807
801
814
808
805
803
811
809
808
803
790
784
786
783
773
776
773
768
780
791
792
789
784
785
783
790
782
782
772
775
774
759
771
773
781
796
793
790
789
774
788
788
782
774
782
780
774
775
779
785
791
787
780
790
791
790
799
791
791
794
791
796
780
764
762
763
760
765
782
789
778
787
783
782
782
791
788
791
785
792
786
784
791
784
780
771
757
755
753
763
758
767
779
786
787
786
786
769
782
788
787
782
787
784
793
793
786
797
803
800
797
803
805
815
808
810
805
803
804
802
802
807
798
798
805
805
793
801
791
786
776
784
792
797
795
804
805
798
795
793
795
792
804
804
790
805
814
820
816
829
837
849
838
852
850
840
852
858
851
836
843
845
833
823
804
833
853
840
837
833
825
808
789
25
764
768
772
792
811
826
839
842
848
834
826
810
804
818
818
818
817
814
813
809
800
809
803
808
827
833
824
808
826
820
820
824
830
826
826
808
812
816
822
811
813
817
805
805
803
806
818
807
811
815
810
799
801
795
800
794
793
799
803
791
797
800
807
802
798
805
806
806
799
798
791
781
778
784
778
778
788
790
780
786
792
787
786
793
800
788
789
794
793
792
796
803
811
797
806
810
811
804
809
811
801
786
783
790
791
787
789
792
789
792
801
809
800
796
805
797
788
778
779
779
775
778
790
775
781
782
786
778
781
792
773
780
787
778
767
776
782
782
777
786
796
790
788
786
789
786
788
784
779
789
784
776
780
786
770
771
780
779
774
777
788
783
770
765
770
762
765
774
781
769
769
779
778
771
781
797
791
799
806
793
792
790
794
796
780
781
783
782
774
783
787
792
780
783
791
782
786
792
788
781
789
784
778
776
776
766
770
767
765
774
778
769
770
776
767
770
771
767
762
768
766
763
772
780
770
774
772
780
787
783
788
798
803
793
798
797
783
783
790
778
773
779
778
774
782
790
777
784
790
787
784
787
775
774
778
788
779
774
775
766
768
776
774
770
775
783
778
774
785
780
771
771
779
771
762
761
785
766
762
751
735
745
754
771
775
779
776
769
752
748
751
758
751
750
751
766
752
761
769
785
775
778
784
787
783
784
786
780
783
789
793
784
785
789
782
783
791
796
785
785
792
780
782
789
791
778
773
777
771
765
762
767
759
762
762
769
761
762
768
771
771
772
782
776
778
783
789
780
770
779
785
773
779
787
787
783
794
804
791
789
795
802
791
785
790
792
780
772
778
778
764
760
770
761
767
774
776
773
780
786
780
786
791
793
786
785
793
791
785
792
791
779
775
783
778
773
771
778
765
764
767
764
761
765
772
769
763
765
778
778
778
780
784
775
779
787
780
780
782
783
772
774
779
773
773
781
785
773
782
775
774
776
773
770
773
775
759
763
766
761
762
768
763
757
755
757
751
755
760
765
756
760
765
758
760
752
754
747
745
746
749
746
750
758
761
756
763
763
758
759
767
762
769
768
772
767
766
775
768
765
772
770
765
771
774
773
778
787
775
771
779
775
773
776
781
772
773
781
773
768
776
778
764
767
776
781
775
779
784
777
778
786
779
781
785
777
779
788
781
780
784
772
776
786
791
781
783
789
781
780
788
785
780
782
776
778
761
754
746
732
727
736
748
747
750
761
774
767
776
781
780
768
761
757
743
742
757
772
768
770
783
807
794
803
822
831
813
828
835
833
818
822
835
838
24
815
819
829
834
822
835
836
831
820
822
821
805
803
820
834
820
828
842
843
825
832
836
831
821
824
835
827
812
808
813
23
791
789
793
802
792
799
811
825
812
827
839
844
836
850
857
861
26
836
850
852
832
822
824
834
824
826
834
841
821
833
836
823
824
821
25
796
781
785
779
772
778
786
801
794
807
820
805
811
820
819
802
803
796
786
780
788
784
784
783
786
778
782
791
778
780
785
783
785
794
798
789
791
794
793
783
787
791
801
788
22
766
804
794
788
794
801
801
795
801
788
777
774
772
775
779
781
785
787
791
784
787
788
794
790
772
768
31
737
724
729
720
714
717
720
719
722
718
711
711
707
699
692
685
684
682
684
672
670
665
661
652
650
650
648
646
638
642
635
631
628
630
620
625
625
617
633
629
632
627
638
633
644
642
646
653
656
657
664
663
667
669
670
670
670
663
665
661
662
650
646
644
640
642
642
647
646
652
651
639
646
649
639
645
638
636
626
621
619
617
616
615
611
610
607
607
611
604
613
616
617
628
631
632
633
640
641
644
643
641
643
639
635
639
633
631
628
625
625
625
627
623
621
618
626
618
619
617
619
616
614
612
613
615
617
615
618
625
624
625
628
625
622
624
623
619
623
624
625
626
626
625
622
624
621
620
620
620
618
614
621
615
617
615
613
608
606
606
606
607
609
605
606
607
607
609
605
606
605
610
607
601
607
609
606
599
604
606
606
609
612
613
609
608
608
608
607
611
610
610
608
613
618
620
619
624
626
626
625
629
630
637
634
638
639
641
642
644
644
649
648
654
658
657
657
659
656
654
651
656
649
647
647
644
646
648
655
663
664
665
666
670
669
670
670
671
668
666
659
659
651
657
660
660
658
668
667
669
672
676
673
675
672
671
670
667
668
652
651
646
648
654
656
656
655
653
647
645
650
653
648
647
651
643
648
652
654
656
661
662
657
647
671
657
652
652
651
657
657
658
654
654
660
659
661
664
666
664
665
667
667
666
668
671
669
664
665
662
658
654
653
656
656
655
654
650
652
648
648
644
651
647
646
645
657
662
663
665
669
671
676
673
676
675
674
674
673
676
672
673
671
666
670
675
660
660
662
660
659
666
668
669
665
663
662
665
671
667
666
657
656
653
657
664
650
650
646
641
644
643
643
648
648
652
651
653
650
650
647
647
645
641
646
645
645
644
655
658
655
661
662
659
659
658
656
658
659
663
664
663
665
663
663
664
663
662
662
662
660
661
659
660
663
660
662
662
665
662
661
664
662
665
664
659
658
661
659
660
663
667
666
666
670
669
668
665
667
668
662
655
658
659
663
657
657
660
652
655
651
640
644
640
636
638
632
631
628
635
639
645
655
648
655
652
662
671
676
682
691
691
694
692
691
691
689
687
683
667
655
651
649
646
649
648
654
661
662
665
665
662
666
669
665
666
665
661
668
661
658
658
662
659
655
655
651
651
652
656
656
656
659
661
663
664
666
666
668
668
673
672
672
671
669
674
671
676
673
671
668
667
666
666
666
668
666
665
665
665
663
661
661
658
658
656
658
656
654
657
654
656
660
664
663
663
662
661
663
663
662
664
665
663
661
650
644
647
655
655
654
654
642
635
632
630
625
615
621
621
618
620
631
633
633
636
631
625
631
633
627
635
637
630
636
639
632
630
627
615
611
608
605
598
594
596
599
596
599
595
596
595
595
593
587
590
590
588
585
588
585
583
584
586
581
588
584
586
591
583
582
579
572
571
572
568
565
563
563
564
568
563
562
563
562
568
566
568
571
566
569
574
574
574
579
579
577
580
583
582
584
572
578
576
575
580
583
583
588
589
594
595
602
602
608
607
598
613
611
610
609
610
610
605
601
603
603
595
595
593
583
595
594
593
597
605
608
609
614
618
617
620
622
622
618
623
620
612
622
623
625
631
643
673
21
652
659
666
666
661
660
663
663
657
655
649
640
635
629
627
624
623
618
614
600
603
599
597
596
590
588
589
584
586
585
585
586
585
584
588
590
590
592
591
597
597
596
597
598
591
590
587
592
587
587
584
585
584
599
584
578
582
580
578
579
580
580
586
582
585
585
582
585
583
583
592
593
593
593
596
593
593
593
595
597
592
596
603
602
605
609
611
613
613
617
625
625
628
631
631
633
639
641
645
643
646
649
648
646
641
641
642
644
645
643
648
648
651
653
658
660
660
658
661
660
663
661
664
663
660
664
670
673
670
670
671
671
666
668
667
667
671
672
674
667
670
658
648
655
649
654
652
666
679
681
690
703
710
710
715
722
714
715
723
719
713
715
715
708
708
709
702
707
708
716
721
726
732
735
738
733
732
728
730
730
719
716
718
719
715
712
719
723
713
709
699
688
690
695
702
708
717
713
711
701
705
708
696
686
689
676
668
658
654
648
647
640
639
639
633
634
640
653
659
669
679
682
675
680
685
680
666
665
663
667
666
670
673
678
670
678
677
675
667
675
679
674
670
667
664
654
652
651
655
654
652
656
662
658
656
654
654
650
648
651
652
655
645
654
649
637
637
635
639
641
652
661
669
672
679
678
681
678
681
686
688
690
694
700
700
704
714
718
720
731
737
733
741
742
746
738
747
750
747
745
745
744
737
742
744
740
748
759
755
749
754
754
747
748
750
740
727
727
730
727
729
739
751
743
747
753
762
756
763
771
778
773
781
790
786
774
775
780
772
773
763
746
744
751
761
752
761
771
773
777
786
795
779
761
766
21
746
737
742
732
733
735
734
736
742
755
755
757
769
779
767
772
783
786
773
776
785
778
774
781
779
768
762
767
769
778
787
784
783
789
787
786
796
797
791
796
791
791
787
796
797
789
792
784
766
766
773
786
775
782
780
776
779
787
792
785
786
784
768
754
765
773
783
791
800
809
807
800
807
794
774
754
783
784
792
801
794
788
792
791
792
787
793
791
790
787
779
786
768
32
737
740
34
707
709
710
703
704
702
688
690
685
678
674
672
665
658
651
655
649
643
643
643
647
647
645
652
653
652
655
655
658
661
666
666
668
666
665
666
660
657
653
650
649
647
643
641
646
651
652
660
666
674
674
675
674
673
668
666
663
662
655
653
649
649
647
644
646
647
640
634
631
630
625
628
634
634
643
648
653
653
655
659
655
648
649
647
644
641
643
645
641
645
647
646
644
648
647
645
642
642
644
644
640
643
643
642
636
636
635
635
635
629
632
637
645
651
657
667
672
679
690
696
696
690
693
695
695
695
691
692
692
695
692
697
697
693
689
694
689
687
692
698
706
707
715
724
731
733
737
740
739
741
740
744
741
742
743
749
742
749
751
747
753
761
752
749
750
747
738
742
747
740
743
747
749
746
747
756
755
760
764
770
759
755
756
761
755
758
772
765
767
771
766
760
770
768
766
769
767
762
765
768
763
753
755
755
746
753
755
746
755
763
762
763
775
786
772
783
787
775
781
772
759
759
756
758
761
756
759
759
762
769
768
768
759
767
768
766
770
776
780
785
790
791
793
794
797
791
791
794
795
793
801
799
796
808
807
795
778
24
755
26
730
743
750
751
776
794
787
806
809
805
802
796
797
790
781
789
786
778
776
778
786
785
780
791
791
794
788
785
786
786
774
780
782
772
778
784
772
779
776
774
776
774
771
768
763
756
754
761
770
763
751
782
807
23
785
787
792
785
777
769
764
757
23
734
724
720
722
728
740
746
740
754
754
750
757
761
756
753
753
750
739
743
746
742
751
758
752
753
763
767
768
765
770
770
767
775
776
767
778
780
778
773
777
771
768
769
766
760
758
760
757
757
761
754
756
751
753
747
750
756
750
750
748
747
743
743
744
746
740
748
753
750
753
757
753
760
763
758
750
752
745
737
739
730
727
724
725
728
724
724
721
719
711
708
702
697
699
708
705
707
710
712
724
731
736
738
741
748
750
747
750
745
743
746
744
738
738
731
731
729
728
729
729
728
729
730
723
734
734
726
728
727
723
727
735
733
735
735
735
730
736
739
736
739
737
731
731
734
731
732
731
731
725
729
729
723
724
724
719
718
719
719
719
723
717
717
719
724
732
731
735
744
750
745
748
749
744
753
744
735
741
738
729
728
730
725
728
732
735
735
736
737
738
743
743
741
742
740
738
745
746
742
743
741
736
744
745
750
750
752
752
752
751
756
754
757
766
761
758
761
760
763
768
768
752
753
757
751
750
753
750
743
746
742
743
743
741
739
737
744
745
741
743
745
742
748
756
761
758
757
757
758
754
765
765
765
767
764
772
769
771
762
765
760
761
768
768
764
760
764
755
750
755
754
753
753
767
766
761
771
764
764
768
767
769
766
758
770
767
767
763
768
763
760
765
762
760
766
771
772
761
766
762
756
758
758
759
754
758
760
763
757
763
763
754
758
760
750
750
747
742
739
744
738
733
734
735
732
735
746
752
749
755
755
748
740
739
737
737
736
733
741
748
748
748
750
759
762
763
759
761
767
772
773
768
767
776
772
758
757
760
758
755
755
754
750
749
753
747
749
747
752
757
756
747
738
737
729
735
743
747
750
751
756
764
768
761
763
777
775
771
766
761
756
748
748
749
748
743
750
751
747
758
756
755
757
763
766
767
763
755
755
760
757
754
750
758
760
766
762
768
771
760
765
763
764
756
752
759
762
759
764
768
769
768
770
772
765
765
768
766
763
764
749
751
747
744
745
743
732
724
715
716
727
718
715
712
718
725
732
741
745
747
758
758
758
768
765
767
769
770
768
763
767
763
758
764
757
758
762
760
757
762
753
751
745
747
741
734
732
727
726
727
727
724
727
728
721
727
727
726
727
731
728
730
731
731
729
734
726
727
729
726
723
726
721
725
724
723
722
725
728
730
728
729
735
731
735
735
739
746
742
748
753
750
752
756
757
749
749
750
750
746
749
742
737
739
729
726
722
722
718
720
720
721
722
730
731
724
730
735
739
733
736
738
731
730
730
728
725
727
724
724
727
724
729
732
737
730
735
737
733
731
735
737
733
739
743
738
736
734
725
725
725
724
722
732
729
726
727
731
735
738
750
749
750
756
753
743
742
737
732
727
727
726
723
725
719
708
711
718
720
723
731
733
735
742
744
747
746
750
752
751
755
750
739
736
732
729
724
724
721
718
724
724
722
724
731
732
730
729
729
730
726
733
732
731
730
729
727
728
731
733
735
735
740
738
738
744
741
739
741
741
743
737
741
736
729
732
731
726
729
731
735
744
745
749
749
751
751
748
752
753
745
746
740
736
740
735
736
739
726
728
727
721
724
723
723
720
721
723
726
722
724
726
730
728
738
742
737
737
742
738
737
737
735
741
733
730
22
708
714
701
691
698
690
694
695
696
694
682
675
679
672
669
670
672
669
661
656
647
648
646
636
637
640
647
652
662
665
666
668
674
682
684
678
685
685
687
683
683
678
675
667
661
653
654
649
650
655
675
684
693
695
702
706
732
757
759
758
762
751
25
727
714
712
710
704
701
690
684
681
684
685
684
688
696
702
698
701
696
696
692
678
669
669
676
688
702
708
713
719
717
718
716
710
695
682
674
659
328
331
13
318
648
642
643
658
665
663
683
711
708
716
724
726
727
721
718
21
698
685
669
654
643
637
642
639
636
655
677
688
710
717
727
728
734
731
722
716
703
22
681
666
649
634
631
631
625
640
658
670
673
681
680
673
673
677
675
677
679
674
675
660
54
606
678
36
643
633
635
649
654
661
657
682
690
707
712
721
710
712
708
702
696
679
666
650
637
629
628
627
636
641
652
658
666
684
698
700
703
696
693
686
675
665
660
647
634
624
620
621
617
626
629
635
651
656
659
659
670
682
708
714
722
725
723
722
712
706
691
691
28
663
20
643
632
621
618
616
621
630
641
639
664
665
684
692
695
701
702
697
690
686
680
664
647
632
627
620
618
620
625
628
642
635
646
666
672
686
696
704
708
708
700
692
691
25
667
658
645
635
635
633
628
636
641
643
639
649
646
654
655
654
662
657
658
660
667
666
666
676
679
681
688
692
693
699
705
708
709
713
717
712
711
715
717
721
729
727
722
727
735
733
730
726
728
728
728
733
738
735
739
740
731
730
732
729
725
725
723
719
719
717
722
731
735
732
734
744
744
741
747
747
741
743
749
745
736
730
722
719
714
714
720
717
722
728
725
732
729
730
733
737
742
742
746
750
748
752
754
744
743
750
741
738
744
732
732
739
730
739
732
737
737
734
732
732
721
712
712
706
698
698
697
684
693
694
692
699
702
695
699
698
695
696
693
695
691
691
699
692
686
698
699
704
711
723
721
734
735
734
735
730
719
716
721
713
711
710
708
703
701
706
699
703
702
696
697
703
697
700
707
704
706
709
707
704
702
703
697
698
701
704
708
712
724
719
726
730
722
725
724
726
719
721
721
715
720
718
713
709
711
700
707
700
694
693
697
700
696
700
698
697
704
708
705
706
705
706
705
706
703
699
702
698
699
696
702
702
700
701
699
706
704
705
707
711
705
708
712
705
712
716
710
708
708
706
700
702
693
676
680
686
689
691
673
661
657
647
642
638
633
636
640
639
638
632
633
632
629
631
632
625
627
639
640
635
638
639
636
632
635
638
639
630
628
631
623
623
624
629
623
625
627
625
621
624
622
615
615
618
620
611
610
612
609
607
607
611
606
613
613
611
612
617
613
609
604
614
607
612
3999
3999
3999
3999
3999
3999
3999
2128
577
578
583
586
587
585
592
592
591
596
594
595
598
597
599
601
600
601
603
607
607
607
606
610
610
610
611
613
620
622
623
623
625
626
629
631
636
636
635
633
632
628
623
615
606
604
599
589
589
587
584
586
585
583
585
583
577
578
569
565
568
564
556
556
554
558
553
548
554
559
553
552
553
549
543
549
555
555
556
563
560
562
560
561
566
575
573
578
580
577
584
585
584
583
583
587
589
592
595
595
600
605
604
612
607
610
605
606
604
600
599
594
596
586
586
586
583
583
583
579
577
578
576
574
571
575
567
573
579
575
574
576
580
583
579
586
587
591
600
603
607
608
608
600
609
609
605
604
606
610
608
608
602
608
609
607
610
611
610
615
613
617
619
620
614
621
612
607
612
604
600
603
600
598
601
601
594
595
598
594
595
599
596
594
598
602
600
600
605
604
602
610
613
607
609
608
601
601
604
607
599
604
602
601
596
595
594
586
593
616
600
601
595
594
597
596
600
599
597
598
602
598
596
592
594
596
585
598
600
598
603
605
604
603
604
598
596
604
602
600
600
613
613
616
625
626
630
633
636
639
639
640
643
647
651
651
654
660
663
664
668
666
671
667
670
669
673
668
669
670
673
673
676
677
674
676
676
675
675
678
680
682
685
690
693
695
699
704
712
708
710
715
718
716
720
725
735
728
736
740
745
741
748
752
746
755
761
757
754
764
769
759
767
771
775
769
779
789
779
785
786
787
781
792
791
781
787
793
797
786
791
787
769
770
772
762
760
759
763
758
765
765
752
760
768
764
759
763
764
769
785
790
778
792
809
811
797
800
799
781
790
797
798
791
805
818
810
814
818
819
805
812
819
816
808
821
805
800
810
807
806
815
820
812
811
795
794
791
789
780
765
774
775
780
760
764
747
753
750
731
720
727
744
756
754
773
797
819
812
828
834
839
828
842
854
833
838
846
838
817
822
818
802
792
794
798
791
789
800
806
794
801
811
807
792
803
802
786
781
782
781
772
778
777
781
772
779
784
786
779
791
793
796
791
802
811
800
808
818
814
807
808
818
803
804
813
817
806
821
829
813
809
821
818
807
810
811
799
810
821
819
809
819
818
812
819
828
829
821
825
813
805
828
838
825
831
840
838
829
840
835
825
835
837
824
835
839
827
831
833
825
819
833
832
818
832
832
816
830
827
815
814
821
822
810
824
822
815
821
830
817
825
832
827
826
830
832
823
833
832
827
836
834
830
839
833
832
827
835
833
831
835
837
824
832
833
821
828
830
832
826
831
836
822
830
833
818
816
819
824
814
828
829
815
825
822
817
831
826
822
816
797
804
816
802
802
796
777
783
785
774
773
787
798
796
801
812
810
807
819
824
817
827
833
823
818
821
824
807
814
821
817
807
815
820
808
806
799
791
789
774
756
744
748
748
760
778
794
797
807
826
817
816
814
805
795
805
802
792
805
816
801
806
813
816
814
824
834
835
820
830
841
833
826
838
848
24
824
826
833
817
822
825
815
795
810
811
815
811
828
840
841
825
834
847
851
838
838
845
851
837
836
851
844
824
843
847
846
28
818
809
808
800
789
794
799
799
791
791
804
810
805
818
832
813
819
824
823
802
804
817
804
809
814
794
776
762
772
23
750
750
739
763
767
21
746
757
753
739
730
732
724
708
708
708
703
700
697
687
689
683
678
676
671
671
664
658
655
657
653
652
656
658
665
665
665
663
663
659
647
642
636
627
621
627
623
621
608
607
605
610
609
605
602
601
602
600
601
595
599
596
592
594
591
588
583
585
587
586
582
583
581
580
579
583
580
581
579
576
569
577
578
573
570
571
577
571
565
571
573
574
572
575
579
573
578
579
572
575
579
577
570
578
574
567
572
571
569
566
570
571
569
562
570
568
557
563
566
558
557
563
562
558
561
559
558
561
552
553
549
549
549
552
542
545
556
541
540
541
543
547
543
539
544
548
539
540
540
540
535
536
541
531
527
543
534
529
534
543
534
532
534
532
526
534
525
529
526
524
526
234
292
766
239
528
525
529
522
520
531
525
519
524
524
522
529
524
519
537
531
530
532
530
537
539
538
540
544
546
546
547
544
558
562
560
560
563
563
569
576
575
575
582
586
585
583
591
595
586
588
588
588
597
595
596
597
596
599
595
590
589
591
593
594
592
596
593
586
583
594
589
584
594
594
593
596
602
601
604
603
614
615
618
625
630
631
637
642
641
639
638
631
629
626
619
623
624
628
632
640
648
651
655
661
657
660
665
666
664
667
677
677
675
680
683
676
677
685
689
683
682
687
690
684
686
691
692
688
685
686
685
695
691
681
687
696
694
693
705
706
704
709
719
716
721
735
725
720
727
734
723
725
737
743
733
739
759
749
752
759
751
755
759
758
755
767
772
759
760
772
760
760
773
757
765
775
764
758
759
773
770
755
754
765
759
748
754
762
769
768
757
771
777
768
775
779
767
759
764
762
750
761
765
769
759
768
768
768
768
774
777
773
777
786
784
781
781
783
777
764
775
779
769
764
767
768
758
759
761
754
752
760
757
755
770
772
766
759
764
760
759
757
764
752
24
729
729
736
745
739
750
763
763
774
783
796
780
790
795
785
777
779
780
774
778
779
774
772
779
781
773
779
777
769
771
778
777
778
781
783
774
776
775
769
776
781
773
779
783
791
785
785
791
783
784
789
792
790
792
799
791
791
791
789
782
780
781
774
776
781
782
786
787
796
787
785
792
794
795
789
794
791
782
789
793
787
790
794
793
787
796
795
791
792
788
790
791
792
790
793
796
788
789
791
787
783
786
782
779
783
781
778
785
784
778
768
768
760
765
771
768
768
773
776
778
780
779
776
786
790
795
798
804
795
789
795
788
785
788
783
776
776
778
773
773
778
773
774
779
782
773
780
776
776
779
780
771
774
773
767
757
756
759
751
753
754
762
762
762
767
768
773
783
779
781
779
779
778
786
786
785
787
791
790
788
788
787
783
784
783
778
776
777
774
775
775
778
777
780
778
772
771
774
766
763
767
762
757
753
752
751
751
756
762
757
762
769
779
779
790
800
796
794
795
792
782
774
772
776
768
771
775
780
774
779
775
766
770
772
776
771
781
776
770
767
778
785
786
789
791
792
784
782
783
785
772
765
772
766
769
768
771
762
761
756
758
751
746
748
746
737
737
743
743
735
736
743
745
739
739
736
740
734
732
734
733
729
736
738
737
732
733
737
732
730
732
729
727
727
726
726
724
726
728
734
735
738
736
735
742
746
746
744
752
753
756
750
753
757
759
751
754
751
744
741
745
752
746
750
754
757
755
757
766
765
766
771
776
770
771
772
768
765
769
772
764
768
769
770
762
760
756
751
755
755
750
748
753
750
747
748
751
742
731
730
725
715
709
708
707
709
712
725
728
730
737
747
743
745
748
744
745
742
744
738
733
740
743
746
743
748
750
735
728
723
715
716
712
710
708
708
719
717
715
709
731
718
20
699
701
712
710
696
687
678
666
654
657
287
370
89
281
647
650
645
52
594
325
270
329
50
279
605
235
371
1335
3999
2384
1615
1036
579
3999
3999
3999

