17-08-2022 - 15:04 - Correr
Julio Nancuante
Intervalos entre latido y latido
911
960
1012
55
958
967
1008
1030
108
922
953
969
994
78
916
924
950
981
76
906
922
952
967
52
916
941
950
960
26
935
944
965
946
932
961
956
29
927
946
959
32
928
937
958
944
925
963
957
932
957
965
34
932
957
967
28
940
924
953
936
914
946
951
30
921
932
986
81
905
927
979
59
921
927
998
67
931
932
946
1019
120
899
927
997
62
935
943
946
963
26
938
919
943
990
112
879
916
967
73
894
901
949
43
906
913
914
953
42
911
915
948
949
925
919
979
74
906
918
983
982
991
65
926
952
963
1017
106
911
940
1008
83
926
939
945
944
26
919
919
936
916
898
921
25
897
889
908
940
73
867
929
25
905
883
876
867
859
909
60
850
920
905
32
873
932
931
40
892
922
971
78
894
926
980
70
911
916
935
982
90
893
925
980
73
908
926
934
977
89
889
934
937
921
917
942
927
915
948
943
925
946
947
926
939
957
27
930
935
965
951
932
957
970
27
944
951
966
29
937
921
943
923
927
946
944
28
916
940
951
935
932
955
932
919
944
983
80
903
944
995
80
915
918
943
991
101
891
931
988
103
885
967
954
57
897
958
40
918
976
75
902
999
27
972
62
911
1008
79
930
956
1036
98
939
1002
66
937
1032
96
937
945
957
959
31
929
948
947
929
916
986
82
905
918
968
51
918
929
906
918
983
111
872
960
65
896
966
93
874
973
27
947
68
879
968
950
63
887
958
952
947
59
888
985
964
75
890
991
79
912
993
98
895
1010
109
901
922
934
993
127
866
906
978
122
856
876
882
864
847
915
100
815
910
26
884
880
883
908
914
46
868
933
26
907
41
867
877
916
68
848
892
49
844
896
42
854
920
901
42
859
885
936
927
48
879
945
934
933
63
871
966
76
891
949
79
870
976
33
943
72
871
986
94
892
987
111
877
997
129
868
973
99
875
957
125
832
946
102
844
930
916
926
52
875
953
937
45
893
907
956
58
899
893
904
953
53
900
906
955
50
905
948
54
894
973
84
889
958
952
36
916
921
931
994
79
915
980
974
982
69
913
1006
983
60
924
990
981
973
70
904
1001
86
916
965
61
905
993
96
897
921
990
970
72
899
926
977
78
899
910
922
959
70
890
911
960
72
889
916
970
946
53
893
971
957
51
906
972
966
959
45
915
990
110
880
896
893
32
861
842
24
819
826
824
24
800
855
64
791
821
817
819
801
815
814
796
790
22
768
809
24
786
781
788
778
758
802
803
802
805
834
821
839
831
830
30
800
786
791
786
774
768
74
695
849
97
752
747
740
743
762
750
733
743
753
744
740
754
749
748
746
759
750
750
758
755
752
767
763
750
753
774
35
739
748
749
766
28
738
744
749
746
737
738
747
728
731
739
730
721
727
734
732
719
729
723
724
718
721
725
716
720
717
718
711
715
716
714
718
718
708
713
710
719
709
715
706
701
700
694
691
697
698
689
702
704
693
692
702
695
681
694
695
681
680
683
674
676
683
686
683
680
22
659
709
31
679
680
694
682
678
683
695
681
680
686
687
672
683
686
682
675
680
693
680
678
683
687
675
677
687
680
674
677
685
677
676
684
686
676
676
686
679
679
679
687
684
675
680
672
680
674
666
674
672
664
660
652
652
656
650
652
657
647
649
654
657
647
656
655
653
653
653
661
658
658
664
669
669
681
682
675
661
667
678
671
674
692
697
698
700
707
710
713
713
730
727
711
724
725
715
719
726
726
724
741
751
747
758
762
767
775
766
771
780
774
765
770
775
767
754
756
754
751
752
743
750
767
758
759
775
784
777
777
797
790
782
794
788
781
788
797
789
790
808
818
808
294
515
1059
205
854
840
846
868
863
845
860
32
829
842
24
818
805
790
808
813
802
812
839
832
833
860
852
848
876
874
856
887
884
24
861
887
880
858
874
882
862
871
871
24
847
831
850
867
846
842
870
866
852
874
890
869
868
902
884
874
896
889
875
907
919
37
883
892
913
900
879
915
902
885
913
913
891
922
941
39
903
928
943
32
911
912
946
930
907
943
922
903
930
911
892
914
903
887
923
911
893
926
915
899
928
921
911
931
955
931
942
966
950
931
971
959
31
929
953
940
916
945
941
27
914
942
932
916
934
940
26
914
937
952
931
965
953
932
974
955
938
959
27
933
39
895
914
906
886
865
892
905
916
904
910
918
26
893
901
891
912
925
902
916
921
906
898
930
924
916
949
931
925
935
32
904
908
915
902
895
924
936
918
936
961
949
936
943
39
904
881
895
893
914
911
906
938
941
922
947
951
26
925
941
948
928
944
956
934
950
957
934
948
965
947
958
971
947
955
968
26
943
953
973
956
947
958
965
37
929
957
970
949
935
953
950
928
955
948
27
921
929
938
917
930
946
923
936
945
925
923
934
925
926
932
36
896
888
904
893
27
866
873
871
878
903
915
900
917
939
918
927
944
925
917
949
943
927
954
941
932
956
940
941
959
26
934
949
959
29
931
947
949
27
922
945
951
30
921
942
941
922
947
951
29
922
946
958
935
955
970
31
940
933
964
957
937
957
954
31
923
936
952
930
950
964
943
948
965
27
939
950
974
29
946
946
972
959
28
932
940
949
29
920
928
928
912
903
902
879
889
878
875
897
889
880
896
912
901
895
916
910
897
923
921
900
918
933
917
911
927
916
901
916
911
902
887
908
893
910
932
31
902
906
927
927
908
925
930
912
907
926
923
903
917
930
920
919
922
922
914
102
812
833
838
36
803
822
821
28
793
809
809
788
807
30
778
793
777
784
788
777
781
768
781
775
22
754
770
777
26
752
779
774
760
767
778
764
766
793
25
769
782
787
784
773
783
786
769
782
776
785
23
762
775
774
761
787
766
770
769
766
774
773
766
774
788
774
793
794
776
802
26
777
802
784
789
800
22
779
792
807
793
22
772
787
773
767
754
741
756
741
746
737
743
727
721
716
721
26
696
689
692
695
703
696
691
692
706
382
714
722
749
765
765
782
23
760
782
786
765
791
781
773
797
786
781
810
798
788
810
799
793
812
805
797
804
806
793
802
790
780
791
780
766
772
771
778
773
763
766
33
733
735
721
721
736
739
737
742
763
756
777
780
769
788
768
762
774
772
773
768
3891
755
784
777
23
755
777
766
751
765
747
742
753
734
733
748
736
733
749
22
727
736
746
740
756
775
786
778
783
794
787
775
778
763
781
761
746
767
754
746
755
760
759
769
782
771
784
799
24
775
782
780
765
766
770
754
756
763
749
751
761
752
750
764
750
743
759
749
737
749
762
761
762
777
787
780
797
801
815
796
818
816
23
793
817
810
797
821
802
791
801
783
768
782
769
753
775
761
750
752
766
26
741
764
759
740
740
728
744
745
731
734
749
736
755
745
742
761
25
737
747
750
741
768
764
750
772
762
762
781
763
782
782
762
791
784
776
773
793
778
778
798
778
791
782
780
787
777
779
788
22
766
795
784
777
782
791
787
791
804
804
793
805
812
801
801
819
820
812
830
823
823
834
829
816
828
817
796
796
794
808
809
798
811
803
805
815
811
808
828
833
818
838
852
837
853
877
870
862
885
870
857
877
864
844
853
858
836
848
849
832
840
854
847
852
871
873
867
886
881
868
890
24
867
850
880
875
858
875
884
872
881
909
894
883
900
877
878
897
882
875
899
898
27
872
890
27
863
856
869
852
867
878
874
888
904
883
900
924
25
900
913
923
26
898
905
901
894
893
914
890
906
914
893
906
924
909
901
912
913
892
893
885
24
861
846
859
862
887
885
883
902
899
895
913
904
887
907
900
883
877
888
875
881
893
878
900
915
899
910
925
902
917
928
31
898
910
922
42
881
889
904
888
896
918
904
895
908
890
879
879
873
875
875
891
884
894
910
893
886
872
860
866
873
888
886
875
895
899
882
895
893
886
903
896
882
890
880
873
888
887
878
896
903
888
910
910
892
918
918
907
916
910
28
882
904
893
888
872
881
868
861
870
874
854
866
870
862
850
859
836
845
844
833
868
870
849
886
887
866
871
883
863
866
875
872
854
855
875
893
903
901
898
921
933
910
937
938
914
939
938
945
926
932
941
923
916
929
916
901
918
916
899
905
914
912
903
921
928
907
925
915
25
890
898
907
909
892
900
918
916
911
926
926
918
913
917
919
916
929
934
914
920
939
928
921
937
921
916
920
41
880
869
870
873
861
874
885
872
886
873
856
875
881
883
900
904
888
907
914
25
889
890
877
860
857
856
844
846
840
836
845
846
840
855
858
857
876
878
888
879
879
897
896
899
879
898
903
894
897
893
874
879
858
870
867
882
888
870
886
900
889
878
904
902
885
884
896
874
888
888
896
901
885
905
908
908
914
907
910
917
894
903
915
31
884
894
898
887
876
886
881
885
876
873
889
883
881
898
889
874
890
899
886
896
913
892
904
904
890
877
892
890
881
877
876
875
868
851
850
832
837
841
861
855
852
870
865
859
866
873
866
878
883
869
887
896
885
892
906
908
886
913
913
25
888
901
914
891
897
898
899
889
896
885
872
892
897
877
894
896
886
914
906
889
899
907
889
906
912
895
907
910
897
883
898
891
889
916
901
895
916
905
893
914
902
893
909
900
887
893
884
877
898
896
892
877
890
887
875
891
880
868
879
869
858
855
873
867
860
877
883
867
880
884
867
868
884
875
872
892
892
27
866
852
857
868
860
866
881
868
873
865
875
880
888
865
878
883
866
887
890
878
897
905
900
911
925
903
921
912
910
924
916
906
923
925
911
923
908
916
924
915
901
913
910
895
908
901
889
931
923
35
889
913
914
26
889
905
911
25
887
887
904
881
874
882
870
865
875
875
862
881
875
858
878
871
866
890
883
870
889
892
873
898
901
885
910
899
884
901
906
885
886
878
867
847
859
861
866
864
876
878
873
884
877
882
874
890
898
890
883
902
892
871
882
879
894
889
891
878
859
871
850
864
862
850
873
859
853
871
862
857
871
866
863
885
881
871
889
895
874
903
884
896
912
902
897
906
911
916
905
918
896
887
892
898
885
900
893
879
899
25
875
871
882
865
874
884
862
868
875
861
858
869
867
854
870
879
862
885
898
876
895
899
882
900
901
884
904
892
899
890
881
897
899
880
876
897
879
875
889
24
866
848
855
856
875
859
872
883
873
885
889
24
865
862
879
868
867
889
879
873
897
882
877
899
889
872
901
902
886
893
913
893
901
909
894
872
868
894
884
882
896
900
900
907
910
922
926
928
912
930
927
930
943
927
928
935
29
906
913
923
900
896
905
884
887
909
886
888
905
885
896
898
878
891
898
877
892
899
911
895
905
914
901
886
905
903
25
878
898
894
879
881
893
25
868
854
855
851
835
827
815
828
833
841
861
869
859
876
874
879
905
906
910
26
884
902
883
874
888
899
883
898
907
887
879
891
888
876
881
896
875
892
896
886
905
914
894
905
902
891
914
894
897
901
884
895
891
882
903
889
899
912
890
908
916
897
916
910
890
894
904
884
895
894
876
892
876
898
980
114
866
918
906
903
916
916
893
902
903
884
884
874
871
881
871
872
889
875
899
904
891
917
926
911
916
935
916
932
933
912
924
918
909
929
909
907
917
897
918
910
893
904
916
904
885
899
890
876
898
903
885
908
897
883
906
899
889
907
908
885
900
890
26
864
847
861
859
853
876
878
858
881
882
869
876
889
868
875
886
870
867
879
882
882
871
888
881
871
885
886
879
900
896
884
905
894
881
891
897
904
889
906
918
910
904
917
925
907
907
915
919
896
910
890
885
902
878
880
885
878
24
855
878
865
866
875
875
868
885
895
878
887
895
897
883
897
903
885
891
893
896
877
882
886
872
884
884
31
853
842
854
852
863
869
855
876
874
881
863
866
871
862
860
880
868
865
881
876
866
876
881
864
889
892
871
883
898
890
883
904
907
894
898
913
904
892
918
924
911
896
904
894
915
898
883
904
899
892
887
875
892
875
884
900
880
891
883
874
893
904
28
877
897
903
26
877
891
898
881
879
888
879
873
903
887
876
895
898
882
879
903
26
878
905
887
871
889
875
893
890
875
878
887
878
879
890
880
870
892
887
78
810
958
64
894
25
870
864
880
869
861
881
874
868
872
872
27
846
854
852
869
857
868
875
875
875
863
861
874
859
863
869
852
863
852
872
880
859
871
870
895
25
871
889
902
901
901
901
897
884
902
903
886
879
890
888
871
890
883
887
895
889
878
902
891
877
891
875
869
887
889
873
888
900
26
874
884
886
889
874
888
896
885
882
902
905
27
879
901
898
890
890
868
877
876
869
867
881
872
865
885
864
882
882
885
870
893
891
875
888
896
874
875
881
870
872
861
852
862
839
838
833
837
831
828
834
866
59
807
837
843
835
838
856
858
849
870
872
859
865
873
864
863
889
870
868
868
874
862
855
857
847
843
857
869
849
875
886
27
859
879
890
882
877
909
919
898
912
926
915
891
918
913
896
909
910
30
880
883
29
855
853
835
814
810
872
64
808
899
72
828
896
47
849
879
857
866
850
874
860
850
874
869
855
877
869
858
886
890
878
889
905
899
888
913
907
886
911
927
907
894
908
900
889
908
894
886
906
885
883
900
881
909
907
886
914
892
903
909
890
891
897
878
887
903
27
877
887
876
895
897
901
885
902
919
28
891
900
913
890
907
912
907
912
899
908
893
913
917
25
893
914
924
31
893
915
910
893
904
916
25
892
896
895
887
896
881
904
891
880
906
890
895
911
890
908
888
890
906
888
880
903
894
879
904
912
903
888
910
912
26
886
900
893
872
855
874
885
899
888
905
889
905
896
897
910
926
914
892
915
915
25
890
896
901
32
870
850
843
852
854
850
917
62
856
868
893
887
872
880
890
875
888
875
885
899
889
882
903
895
882
892
901
891
889
896
908
901
894
909
905
886
910
903
888
911
899
887
904
889
894
908
896
883
908
906
884
901
889
896
881
898
899
878
901
905
883
888
906
896
884
896
896
875
894
875
876
882
892
877
880
903
901
899
918
906
908
898
907
906
890
907
919
25
895
903
908
897
892
901
886
894
902
885
910
897
901
907
906
886
900
898
878
888
899
876
890
903
881
899
914
901
890
901
911
891
892
901
887
875
890
876
866
881
872
873
884
875
901
881
891
907
899
897
913
893
889
903
26
878
900
887
874
884
877
870
885
24
862
866
852
854
857
858
860
842
836
819
816
816
850
36
814
858
52
806
847
853
853
831
883
870
861
866
879
31
849
865
875
868
860
875
876
861
860
886
925
61
864
891
907
898
883
894
900
908
884
900
908
892
889
895
885
889
902
28
875
875
874
867
866
878
866
868
885
875
883
935
76
859
885
890
877
880
903
902
892
916
915
892
907
921
912
903
934
929
909
926
941
26
915
910
935
933
25
908
927
943
33
911
924
941
925
920
950
934
923
951
957
36
921
918
946
933
916
932
938
923
923
949
937
916
939
943
44
899
904
890
71
820
842
840
823
225
598
967
146
821
816
845
833
813
849
829
818
831
27
804
809
795
791
798
40
759
815
57
758
808
791
788
810
47
764
819
808
45
764
831
62
769
791
819
56
764
823
48
776
784
800
22
779
780
803
795
26
770
795
791
770
792
27
766
776
788
33
755
785
770
783
798
43
756
782
800
35
765
806
789
24
765
808
30
779
781
794
798
791
810
797
33
765
816
52
765
815
25
791
770
812
809
48
761
820
814
42
773
833
24
810
806
816
807
798
797
44
754
787
790
781
785
779
771
782
781
782
788
785
30
755
803
787
775
34
741
753
754
752
734
753
734
750
58
693
692
49
644
944
286
659
872
119
753
780
778
769
751
773
765
758
757
745
747
744
736
730
733
746
729
724
741
739
742
755
748
748
758
745
765
764
772
763
785
789
792
775
796
793
792
806
795
783
802
795
22
774
773
787
793
30
764
752
763
777
766
794
784
767
786
809
36
773
791
839
55
785
816
858
27
832
840
34
806
823
815
826
852
52
800
825
867
53
815
823
861
54
808
818
827
826
811
821
853
57
796
819
861
57
805
823
863
51
812
823
867
52
815
825
844
828
816
830
829
811
826
860
61
799
823
874
55
819
837
856
850
838
872
34
838
26
813
817
836
845
828
854
849
851
894
64
831
860
914
72
842
879
883
26
858
916
49
867
870
880
876
859
858
31
827
848
848
857
857
847
847
878
871
877
933
60
873
883
903
931
58
874
895
915
48
867
887
887
897
52
846
866
907
55
853
888
921
56
866
931
915
904
923
902
928
927
925
37
888
888
875
875
880
883
913
913
901
927
943
922
936
952
929
948
945
923
947
951
34
917
933
925
902
36
867
862
883
869
869
883
908
41
867
889
933
910
33
877
896
906
37
869
883
917
62
856
875
926
48
879
33
846
900
877
854
843
847
840
867
870
908
916
924
965
973
48
926
987
982
33
949
983
962
943
959
942
930
938
931
919
955
957
936
966
968
946
959
967
946
953
33
920
907
909
912
30
882
870
873
873
854
865
849
23
827
836
851
830
850
851
872
889
901
888
916
928
913
945
957
39
918
930
933
25
909
900
902
896
907
909
926
968
68
901
931
942
31
911
926
952
931
918
930
939
919
931
931
30
901
895
891
909
891
898
908
901
906
938
917
916
924
916
900
916
920
904
890
886
878
874
868
854
872
858
24
834
883
893
897
897
928
939
923
932
921
907
26
881
882
885
891
916
921
904
900
922
902
896
905
29
876
898
925
68
858
929
917
929
914
943
962
948
963
976
956
971
977
961
962
974
54
921
898
916
911
909
891
875
896
893
916
918
925
926
957
959
959
945
955
987
31
957
947
961
958
958
966
958
954
957
28
929
907
897
917
227
691
1100
176
925
942
930
923
942
948
935
950
957
936
952
1011
99
912
931
947
949
27
923
926
948
931
942
966
961
948
964
971
952
958
980
959
945
948
927
905
918
932
910
916
966
91
876
907
32
875
890
887
25
863
887
881
862
881
904
890
882
902
912
919
899
948
51
897
969
976
986
61
925
935
949
979
83
896
930
927
926
27
900
921
945
38
907
926
908
890
878
897
890
902
913
898
910
917
918
943
922
932
922
930
25
905
929
935
920
970
72
898
921
920
927
905
894
910
894
875
883
883
862
864
872
853
878
869
34
836
882
876
898
918
916
903
959
63
897
963
56
908
906
956
53
903
907
904
910
39
871
873
858
27
831
849
845
834
827
855
26
829
865
883
885
888
904
944
52
892
914
912
888
892
27
865
40
826
64
762
798
777
787
794
24
771
825
35
790
779
819
799
41
759
797
812
50
762
791
775
773
810
55
755
791
49
743
841
194
648
930
149
782
821
810
107
703
867
42
825
815
808
823
841
843
855
842
28
815
876
27
850
44
807
847
860
55
805
842
863
854
836
26
811
883
862
862
843
856
867
855
854
861
860
842
860
862
860
27
833
825
835
844
837
856
857
863
866
857
60
798
1508
634
875
58
818
849
848
840
23
818
865
863
844
859
866
877
857
883
893
872
884
887
867
865
881
875
860
883
907
26
882
901
929
36
894
916
941
916
918
937
929
916
931
931
30
902
909
887
884
878
890
918
910
894
924
945
930
938
974
37
938
928
947
947
926
935
958
934
915
932
952
26
926
932
923
917
928
28
901
912
25
887
893
903
911
887
916
927
907
931
33
899
928
927
38
890
929
922
919
903
886
917
905
912
904
922
908
920
38
883
881
895
912
904
30
875
894
907
888
883
903
887
874
899
906
891
905
935
927
925
41
885
913
913
25
889
910
909
905
899
876
865
886
875
877
884
910
888
897
903
883
866
869
873
874
891
886
869
863
880
877
929
74
856
877
26
852
850
867
872
880
865
864
845
845
861
874
870
871
885
28
858
887
896
900
25
876
900
897
887
920
907
902
890
896
905
910
898
887
906
25
881
902
896
891
873
926
35
892
901
898
899
928
930
924
918
899
902
891
878
884
896
25
871
898
893
883
885
863
867
845
854
849
843
824
833
847
844
839
824
833
841
826
831
851
839
846
851
861
843
837
861
866
26
840
867
861
857
851
844
853
835
868
864
852
877
871
867
869
854
845
871
865
868
863
845
863
875
870
862
866
845
33
813
817
34
783
802
785
810
797
781
803
800
28
773
799
800
795
777
770
774
786
792
776
22
754
774
776
32
744
757
782
770
765
759
796
814
808
828
845
32
814
833
856
867
851
857
839
828
841
25
817
842
842
845
26
819
847
836
859
866
859
860
846
836
848
842
840
824
863
866
854
840
871
850
883
882
903
45
858
884
905
38
867
863
872
897
25
872
863
869
882
926
37
889
905
906
902
887
899
919
29
891
902
917
918
895
920
939
936
920
929
941
26
915
911
927
916
894
916
933
32
901
915
943
27
916
903
956
946
954
976
39
937
963
945
933
956
943
926
964
988
39
949
953
991
42
949
960
981
44
937
955
975
950
948
949
945
925
948
960
982
979
29
950
973
1000
991
28
963
984
971
951
975
979
955
974
980
961
983
1001
44
958
57
902
934
937
946
954
30
924
956
953
979
986
981
969
1001
1012
36
977
996
1028
35
993
997
989
990
967
33
935
957
41
916
908
27
881
918
919
28
892
897
903
29
874
880
875
872
865
856
891
882
872
878
906
897
891
918
70
849
855
868
866
845
872
919
38
882
901
926
968
88
880
925
931
931
907
925
903
920
29
892
903
887
24
863
857
868
860
883
916
908
25
883
893
940
931
922
27
896
895
918
25
894
890
893
878
858
877
908
906
909
897
902
889
905
921
903
25
878
902
903
28
876
868
868
860
897
46
852
875
927
57
871
886
916
921
905
912
954
29
925
926
976
972
41
932
930
934
958
944
928
38
891
912
919
902
912
927
938
914
940
919
937
945
925
912
938
929
919
918
939
925
920
940
964
956
951
984
990
32
959
964
968
982
32
951
948
973
985
972
966
985
990
30
960
968
958
949
960
953
945
935
916
903
880
874
891
894
30
864
881
868
861
868
875
917
911
919
901
906
887
877
886
892
881
877
911
918
914
916
950
931
923
953
941
933
951
955
932
935
965
962
946
964
959
948
927
923
923
904
942
955
935
949
957
947
927
949
953
26
927
918
909
891
913
925
911
943
955
941
945
937
953
958
37
921
920
939
920
925
925
946
38
908
927
25
903
924
942
939
930
26
905
906
921
908
902
925
919
898
901
924
978
91
887
939
936
912
907
923
928
927
940
925
938
979
59
921
941
923
917
31
887
887
906
909
910
891
893
885
901
911
31
880
893
901
877
885
897
874
890
888
892
916
909
894
873
871
38
833
812
830
818
817
831
812
838
817
844
25
820
844
833
828
813
834
30
804
809
814
809
805
798
819
822
821
816
803
794
810
797
809
25
784
813
35
779
811
806
791
824
26
799
814
844
58
787
823
821
815
862
59
803
813
833
836
33
804
833
819
798
828
30
798
793
817
47
770
780
794
791
782
780
790
795
788
774
771
784
780
781
791
783
810
793
801
837
824
835
842
23
820
838
28
810
817
810
25
786
807
807
788
813
821
30
791
817
28
789
805
813
26
788
813
31
782
801
791
778
770
765
773
759
772
776
759
784
770
775
789
770
33
737
865
64
802
784
804
788
797
783
797
31
767
778
782
23
759
780
53
727
814
23
791
798
779
789
804
801
817
826
822
807
805
799
806
28
779
807
794
783
807
22
785
799
806
789
800
832
42
790
815
846
62
785
851
57
795
810
850
844
48
796
837
883
68
816
844
877
43
835
822
823
823
858
843
838
876
867
856
893
892
31
861
873
882
875
25
850
881
889
897
873
874
896
901
28
873
891
898
897
876
907
917
28
890
880
916
921
29
893
923
920
36
885
923
944
28
916
902
894
27
867
872
885
881
908
891
884
909
899
890
903
26
877
896
895
895
884
912
889
916
919
900
917
910
50
861
886
886
863
870
891
26
865
876
897
883
891
888
896
889
39
851
861
855
866
870
27
843
864
870
848
843
852
870
25
845
852
874
859
865
894
873
854
850
879
864
843
867
861
886
903
886
886
908
901
894
924
920
902
919
928
905
910
925
903
904
911
913
29
884
885
895
30
865
886
875
886
895
914
919
32
888
886
898
896
907
917
910
896
915
901
901
918
907
907
933
916
895
904
880
873
899
886
26
861
880
880
875
890
894
889
925
922
907
928
943
29
914
911
940
931
909
918
931
916
919
939
941
28
914
938
954
934
934
954
949
33
916
931
25
907
890
910
910
31
879
893
903
879
900
899
881
904
33
871
873
879
860
851
850
24
827
812
808
815
837
831
829
843
833
846
825
840
831
816
847
833
25
809
856
836
832
847
847
842
846
841
823
821
819
805
827
812
795
806
823
844
23
821
837
854
840
847
862
857
840
869
863
843
832
836
846
835
832
849
853
842
859
865
875
856
866
849
851
836
852
866
879
864
24
840
837
842
24
818
813
808
807
787
781
769
805
69
737
750
742
770
52
719
751
754
753
22
731
754
748
756
745
750
782
44
738
763
783
39
744
787
43
744
777
769
769
31
739
771
803
47
756
820
805
804
828
34
794
815
857
28
830
819
810
805
808
815
827
849
847
848
868
853
857
870
851
874
877
861
870
880
859
870
859
852
873
878
862
872
879
873
870
891
890
880
916
916
897
916
925
31
895
908
911
894
905
917
25
893
896
904
29
876
890
883
870
902
893
889
913
925
913
938
953
26
927
936
950
29
922
922
944
29
916
927
928
30
899
912
917
899
905
914
896
907
919
27
893
918
929
36
893
899
918
902
916
920
910
917
958
49
910
913
924
902
889
919
32
888
898
914
910
896
921
942
26
916
934
945
928
944
959
937
954
946
926
940
932
930
945
922
943
929
932
950
930
918
938
933
30
903
922
918
30
889
881
867
872
880
891
900
876
894
885
863
897
882
875
914
31
883
877
893
902
891
907
917
905
914
939
916
920
937
37
901
912
925
907
918
938
36
903
917
910
902
887
869
870
859
847
870
870
850
865
893
35
859
899
880
859
912
906
40
866
917
923
900
916
912
913
925
918
901
915
911
27
884
878
899
948
103
845
889
873
879
881
872
871
921
59
863
883
919
70
850
858
877
878
871
893
897
25
873
902
909
887
900
920
957
61
896
971
55
916
972
86
887
992
89
903
953
42
911
962
90
873
900
939
54
885
895
948
73
876
883
906
946
84
862
913
945
71
875
891
944
56
889
893
914
919
898
903
911
889
896
959
90
870
894
901
886
864
855
848
858
845
858
908
45
864
875
899
907
897
896
921
923
900
924
923
34
890
902
922
30
893
921
987
119
869
924
985
79
906
911
932
922
905
924
934
916
912
936
922
900
925
923
27
897
922
919
29
891
910
943
58
885
907
918
900
897
925
25
901
890
915
909
897
916
916
26
891
921
923
904
930
945
27
918
905
924
911
887
913
897
882
907
906
889
908
907
897
893
884
892
875
871
862
26
837
839
838
891
56
836
845
876
33
844
863
865
857
847
864
873
39
834
846
852
861
846
861
873
851
856
870
868
858
897
37
861
864
871
920
53
868
888
898
896
876
902
912
899
903
928
917
25
893
917
922
910
905
926
920
897
901
901
879
894
908
886
891
952
98
855
890
889
31
858
855
859
851
27
824
842
841
831
846
848
851
856
877
861
869
878
860
865
869
857
35
823
847
842
855
847
840
855
880
871
871
870
871
881
891
957
80
877
977
83
894
923
934
914
936
930
915
928
911
895
908
888
875
893
942
76
866
897
912
896
912
925
914
901
917
898
882
895
909
905
885
909
916
895
907
914
897
890
901
26
875
868
878
866
865
881
870
860
876
856
845
863
876
854
879
915
50
865
898
949
49
900
910
938
927
917
932
946
922
932
939
922
915
926
912
905
920
911
894
896
896
883
885
879
878
26
853
844
30
815
819
26
793
794
794
801
818
33
785
834
24
811
829
836
833
841
853
845
856
866
31
835
877
880
875
854
876
889
893
875
880
878
862
876
875
866
872
855
849
870
849
860
882
867
859
891
903
889
904
913
902
903
921
923
901
921
926
907
915
930
913
898
925
922
27
896
926
936
913
907
924
35
890
928
978
108
871
897
899
876
885
884
875
895
888
35
853
872
866
860
881
865
867
884
871
873
927
75
852
892
880
908
897
893
903
893
911
31
880
893
889
32
858
858
861
838
863
858
835
867
893
37
856
887
884
862
888
887
872
896
900
882
901
902
900
909
912
890
911
916
900
907
917
898
892
909
904
884
881
899
877
881
887
886
873
886
905
887
870
887
866
879
882
890
950
86
864
899
910
913
892
909
924
923
35
888
896
902
32
870
872
888
891
875
900
912
901
896
925
916
894
916
921
910
909
926
925
904
916
916
29
887
909
921
36
886
892
900
889
885
909
913
896
905
922
928
31
898
903
908
29
879
887
900
899
905
961
74
888
893
920
929
32
898
906
920
906
891
919
913
890
912
914
25
889
895
898
885
880
901
898
884
899
903
892
891
914
908
900
922
926
29
898
906
919
902
893
903
905
885
901
900
26
875
903
891
886
896
881
871
897
883
25
859
909
39
870
891
905
890
880
906
890
889
916
918
900
909
920
910
907
921
921
29
893
911
914
896
889
917
923
36
888
939
943
42
901
945
941
922
919
948
934
916
938
935
29
907
918
926
30
897
900
921
901
884
921
910
891
902
921
26
896
898
919
906
897
916
920
901
928
931
911
928
929
909
908
914
901
904
916
892
887
912
911
36
875
919
912
900
906
916
902
892
914
904
894
916
912
891
906
914
894
901
914
903
896
909
908
891
899
884
887
904
882
887
906
896
885
905
889
32
857
856
24
832
831
829
873
852
27
826
880
869
851
887
891
873
883
905
903
882
904
900
28
873
876
880
872
853
885
876
857
882
891
870
872
893
890
872
904
908
891
914
922
31
892
908
908
896
907
916
30
886
892
900
26
875
880
876
854
854
840
828
818
813
839
39
801
848
846
838
851
875
873
868
893
901
879
897
913
914
890
904
914
28
886
903
903
26
878
891
882
877
863
882
868
861
904
35
870
873
872
32
840
27
814
835
832
812
791
786
796
799
804
798
839
57
783
840
827
824
52
772
821
845
41
805
819
869
27
842
47
796
814
859
65
794
824
833
28
806
818
839
53
787
804
830
54
776
831
822
810
817
839
834
835
852
852
846
855
865
855
872
884
38
847
870
884
890
877
874
878
869
880
865
886
876
887
28
860
886
879
35
845
861
849
874
862
846
873
55
819
877
29
849
849
36
814
863
847
832
840
823
823
833
820
828
841
835
843
837
851
853
840
846
856
845
848
861
843
848
863
851
846
870
866
849
874
864
862
886
884
47
838
901
882
865
867
875
859
859
868
856
853
872
863
859
869
869
852
872
867
854
853
854
51
804
826
853
51
802
821
826
823
820
843
49
795
807
821
28
793
809
806
787
797
794
774
788
831
53
778
800
834
833
834
853
904
56
848
862
889
922
66
857
876
901
891
886
912
917
26
892
898
906
889
871
883
884
879
877
905
896
887
902
883
906
917
909
900
893
28
866
875
25
850
859
846
827
822
834
36
799
816
815
28
788
792
141
652
967
178
790
810
792
793
791
780
191
590
979
165
815
875
53
822
834
822
815
794
795
781
771
754
758
755
756
750
755
745
745
742
734
735
733
23
711
69
642
810
94
717
718
46
673
764
28
737
745
742
793
41
753
759
780
766
769
772
766
771
773
766
777
808
50
759
790
797
795
787
784
783
779
790
802
28
775
790
791
776
786
769
775
771
763
758
751
753
767
763
752
752
756
769
755
762
772
770
763
775
762
762
754
750
747
755
742
735
737
730
718
736
26
710
740
21
719
713
719
741
739
736
764
770
759
782
786
769
778
782
769
788
790
776
798
806
791
814
828
815
825
843
835
835
858
864
850
855
848
28
820
846
30
816
799
823
813
801
823
818
808
825
817
801
816
797
790
797
786
781
776
758
764
770
771
761
771
791
796
798
802
832
816
813
818
803
794
791
809
813
801
811
813
804
820
829
826
834
861
848
846
871
852
862
895
889
872
894
879
905
28
877
908
913
905
888
912
911
892
919
918
911
894
910
896
876
855
877
856
870
887
867
886
904
886
901
929
32
898
914
921
43
879
897
26
872
878
891
871
882
892
902
879
883
898
878
886
878
25
854
868
876
875
914
920
26
895
930
917
907
937
922
921
934
28
906
924
941
926
920
944
29
916
925
940
951
927
952
958
941
930
938
919
897
910
917
899
913
929
31
898
919
938
26
912
923
945
931
935
944
932
959
945
931
966
962
947
959
959
35
925
950
956
27
929
944
955
930
944
952
31
922
942
945
923
950
935
940
945
28
917
945
953
30
923
958
968
944
958
968
31
937
944
959
30
930
952
960
28
933
959
964
940
961
961
30
932
947
953
937
942
952
947
922
953
965
38
928
958
967
39
929
942
955
930
948
958
30
929
941
956
29
927
940
958
944
927
954
27
927
920
909
896
910
926
931
914
928
932
28
905
923
912
891
902
886
897
908
35
874
855
875
866
29
837
824
807
806
819
853
865
907
931
27
905
920
916
26
891
918
926
930
933
935
913
935
928
30
899
919
896
903
900
28
873
891
887
875
900
891
899
919
931
916
951
949
953
944
955
960
951
938
931
935
938
44
894
26
869
31
838
822
834
836
862
871
878
916
920
916
909
925
915
904
892
889
28
862
861
884
893
888
895
902
889
907
889
887
896
886
900
911
902
902
916
914
908
921
933
916
924
915
919
926
917
929
924
919
910
901
909
908
897
898
892
901
38
863
844
825
833
831
875
890
942
950
956
935
947
956
954
972
959
938
944
941
927
934
938
916
915
927
916
903
916
898
902
910
897
886
903
881
880
894
902
27
875
868
849
829
819
799
809
822
898
878
884
940
953
930
927
28
900
937
959
967
970
986
972
960
954
965
944
955
945
929
947
923
913
929
26
904
906
926
29
898
922
934
923
919
942
936
29
907
33
875
853
846
833
869
908
938
951
966
980
983
975
982
987
991
999
985
27
958
27
931
922
921
911
924
932
919
935
926
911
932
25
907
922
952
50
903
931
959
47
913
957
27
930
942
951
931
927
931
918
918
901
922
26
897
894
884
896
899
912
892
898
910
27
883
878
905
895
888
914
901
897
924
916
897
913
914
896
903
916
30
886
896
904
886
890
912
891
886
906
893
889
904
890
886
904
903
888
910
889
874
916
25
892
882
891
896
873
892
880
881
882
895
899
887
898
893
890
905
897
909
905
910
923
909
924
912
905
920
911
892
910
926
33
894
895
914
34
880
885
892
878
877
892
882
882
940
83
857
891
910
889
876
899
908
887
908
899
901
949
72
878
913
909
886
903
898
878
882
896
878
877
912
894
884
907
897
915
923
911
922
919
907
910
926
34
893
897
910
25
885
888
887
873
872
875
854
866
856
861
859
869
863
906
50
856
898
890
879
907
883
898
875
887
877
896
938
70
869
886
904
900
899
910
912
891
901
890
891
916
899
894
912
28
884
877
892
25
867
864
878
875
889
901
887
881
913
893
883
892
875
907
892
912
907
910
925
916
904
906
891
905
916
898
918
913
38
875
888
875
876
868
856
887
874
891
912
895
911
911
908
922
903
901
914
895
912
905
29
876
886
881
867
884
893
26
867
887
877
865
886
873
853
872
855
878
938
70
869
902
969
99
871
915
933
914
916
937
916
939
919
918
932
911
922
918
901
920
902
888
912
916
29
888
903
883
885
913
923
915
925
928
907
919
922
30
893
916
912
888
903
928
33
896
907
942
922
928
958
965
34
932
953
966
35
932
930
953
941
926
948
953
932
940
985
70
915
929
943
922
928
947
928
915
942
918
913
946
928
917
949
936
919
966
980
60
920
982
972
952
1007
56
952
958
959
984
969
35
935
931
912
907
38
870
869
868
871
879
875
878
903
922
32
891
909
916
897
900
921
911
900
922
927
910
926
931
917
946
944
933
957
939
939
952
928
943
940
934
956
954
936
959
960
943
954
943
943
960
949
927
948
929
921
942
920
903
928
920
909
935
918
902
927
915
893
922
908
905
933
915
903
917
918
900
915
920
29
892
927
914
907
930
910
925
937
926
907
924
922
901
915
918
898
915
925
30
896
910
929
909
897
921
920
907
926
935
916
929
942
920
919
943
929
916
928
934
912
918
959
51
909
927
962
46
916
922
945
947
922
942
966
59
908
932
929
911
906
913
26
887
873
895
889
882
913
898
900
921
900
914
917
902
920
918
27
892
924
912
29
884
916
893
884
920
902
909
928
917
927
944
925
917
939
27
912
902
919
908
896
919
37
883
879
919
47
873
897
903
892
40
853
925
48
878
886
938
26
912
910
967
964
50
915
944
992
81
911
929
951
950
32
918
937
932
921
944
962
61
902
956
931
923
953
31
922
911
924
937
43
894
933
933
914
932
933
917
944
958
50
908
964
965
947
937
974
954
940
981
962
54
909
963
944
52
892
946
946
927
944
961
943
969
978
29
950
975
989
28
961
965
1006
46
961
961
984
976
951
990
964
956
970
28
942
949
959
937
938
959
935
950
966
27
939
964
953
941
961
963
939
970
982
30
953
958
962
968
30
938
955
976
979
42
938
943
966
958
29
930
950
952
32
921
940
945
38
907
944
30
915
911
924
904
908
931
938
914
941
942
70
872
869
849
23
827
842
838
818
853
39
815
851
833
44
790
844
823
820
29
791
833
27
806
809
816
24
793
801
805
38
768
832
810
816
35
782
839
838
829
836
867
891
40
851
834
835
824
31
793
790
780
771
766
764
769
756
756
767
775
45
730
756
775
53
723
746
762
40
722
743
744
725
737
740
720
727
741
26
715
721
739
22
718
720
744
731
723
34
689
773
53
720
741
726
719
731
729
714
729
729
714
722
729
21
708
715
727
707
707
719
702
703
716
704
703
715
708
702
713
710
699
708
706
702
709
705
701
705
701
694
696
699
690
693
690
697
696
690
698
701
695
708
20
688
689
703
689
684
696
690
694
688
691
692
690
696
695
684
690
680
671
684
672
666
675
673
668
671
675
666
660
676
670
667
676
677
675
674
681
673
672
683
672
671
681
671
669
670
674
663
673
676
665
671
676
667
676
670
675
668
672
667
665
668
662
664
664
657
668
660
649
664
656
653
663
661
659
659
667
661
659
668
665
670
685
679
691
699
689
695
703
702
710
725
712
711
728
718
711
729
731
719
741
739
722
746
758
758
750
773
755
767
765
758
785
781
776
811
805
799
807
811
804
824
813
814
825
24
801
818
805
794
812
797
805
802
796
791
783
799
801
788
806
812
797
804
817
796
815
812
795
804
23
782
794
775
765
763
753
764
776
767
777
787
776
799
798
794
819
822
813
836
831
820
851
869
25
845
843
860
25
835
848
862
26
836
858
871
31
841
858
867
31
836
859
863
844
873
882
25
858
879
888
24
865
888
922
904
901
893
33
860
880
864
844
866
858
843
868
875
25
851
879
860
853
877
855
854
885
870
873
893
882
880
905
27
878
890
912
26
886
892
916
29
888
900
913
32
881
913
920
37
884
899
912
30
883
898
897
877
914
913
890
920
914
895
905
29
877
871
889
882
867
886
875
869
889
885
872
904
880
892
900
888
873
903
897
879
911
914
895
926
906
896
917
905
911
913
892
904
906
892
907
928
37
891
908
915
27
888
904
906
29
878
902
906
27
879
891
913
892
904
932
917
917
933
916
901
918
896
910
918
901
900
902
892
914
930
25
906
911
927
27
901
894
912
893
889
915
896
897
915
27
888
893
914
893
886
914
903
911
933
931
28
904
934
938
914
932
936
26
910
902
883
886
888
909
916
895
917
929
30
900
894
905
895
893
908
929
913
922
940
934
940
967
949
931
958
948
940
958
31
928
906
913
899
906
907
40
867
859
875
29
847
830
841
860
869
869
859
873
890
874
877
889
882
868
897
912
27
885
902
919
910
921
939
27
912
924
953
928
937
945
30
915
924
942
31
911
891
912
896
29
867
896
890
875
892
902
888
884
896
892
890
912
901
890
921
28
894
895
893
886
899
896
886
914
922
909
916
919
915
934
38
896
899
887
896
915
951
939
954
964
953
956
952
36
916
938
947
931
936
958
943
920
937
915
906
932
933
919
942
954
939
946
960
946
952
954
940
946
960
28
933
941
952
939
947
961
948
934
955
958
936
960
972
954
955
974
976
955
972
977
26
951
975
986
28
958
965
980
962
955
972
953
934
954
958
27
931
946
948
939
924
923
36
888
905
911
892
930
28
903
915
911
897
905
906
30
876
882
883
62
822
833
840
353
488
147
341
821
812
25
788
811
32
779
791
779
780
785
781
769
773
776
768
775
776
89
687
684
361
323
68
255
1494
2907
2656
252
1300
980
320
40
281
3999
3999
3999
3999
3999
3999
3999
3999
3999
3999
3999
3999
3999
3999
3999
3999
3999
3999
3999
3999
3999
3999
3999
3999
3999
3999
3999
3999
553
281
24
257
281
281
24
257
281
281
24
257
281
24
257
265
257
257
281
24
257
281
281
24
257
281
24
257
265
257
257
281
24
257
265
257
257
281
24
257
281
281
24
257
281
24
257
265
257
257
281
24
257
281
281
24
257
281
281
24
257
281
281
24
257
281
24
257
265
257
257
281
24
257
265
257
257
281
24
257
265
257
257
281
24
257
265
258
257
281
25
257
281
281
24
257
281
24
257
265
257
257
281
281
25
257
281
25
257
265
257
257
281
24
257
265
257
257
281
24
257
265
257
257
281
25
257
265
257
257
281
24
257
265
257
257
281
24
257
265
257
257
281
25
257
265
257
257
281
24
257
264
258
257
281
24
257
281
281
24
257
281
25
257
265
257
257
281
23
258
265
257
257
281
24
257
265
257
257
281
24
257
265
257
257
281
24
257
265
257
257
281
281
24
257
281
281
25
257
281
25
257
265
257
257
281
281
24
257
281
24
257
265
257
257
281
281
24
257
281
24
257
265
257
257
281
24
257
265
257
257
281
25
257
281
281
24
257
281
281
24
257
265
257
257
281
25
257
281
281
24
257
281
281
24
257
281
23
258
264
257
257
281
281
24
257
281
281
24
257
265
258
257
281
24
257
281
281
25
257
281
281
24
257
281
281
24
257
281
281
25
257
281
281
24
257
281
24
257
265
257
257
281
24
257
265
257
257
281
25
257
281
281
24
257
265
257
257
259
281
279
281
281
24
257
281
24
257
281
281
320
63
257
281
281
24
257
281
24
257
281
281
24
257
281
24
257
265
257
257

