03-08-2022 - 15:09 - Correr
Raul Uribe Leiva 
Intervalos entre latido y latido
955
32
923
950
933
940
26
915
932
963
947
939
963
951
935
56
880
1022
82
941
955
31
924
933
952
929
929
946
27
920
939
950
926
931
950
932
925
946
935
925
942
928
917
933
943
39
905
921
928
920
917
25
893
915
927
916
928
942
26
917
935
950
958
956
970
962
955
948
936
939
953
951
939
960
31
930
936
956
940
940
953
934
956
959
944
947
954
949
954
965
946
945
954
938
963
965
954
976
958
943
959
956
937
952
954
932
936
946
931
928
954
29
925
945
950
929
945
960
28
933
950
956
939
963
963
949
973
979
31
948
965
962
958
977
970
951
952
960
947
951
956
949
948
945
942
947
956
942
944
963
942
952
959
947
965
966
954
952
958
953
949
958
945
952
947
947
953
948
943
958
940
945
972
38
935
944
971
955
945
969
27
943
951
966
28
939
951
955
941
946
951
927
934
943
930
936
941
932
935
941
927
934
947
935
936
949
933
934
948
932
933
948
31
917
940
944
924
939
944
930
931
939
932
921
933
934
943
947
936
958
937
936
947
935
935
943
26
918
947
947
927
946
962
29
934
951
950
940
953
949
935
950
940
936
945
952
941
951
941
938
961
945
942
954
937
943
958
26
933
938
950
937
941
946
934
929
957
943
944
956
940
943
953
938
945
958
938
950
939
927
938
930
930
938
930
929
955
27
928
931
942
920
928
953
28
925
943
937
28
910
957
934
919
933
924
921
938
923
924
916
945
943
931
935
931
928
931
923
932
942
928
944
940
929
951
941
936
942
944
936
946
928
938
943
923
936
945
922
939
928
944
948
932
939
953
26
928
946
937
943
937
939
914
925
925
67
859
953
944
77
868
976
41
936
33
903
923
939
30
910
908
908
37
871
886
898
899
890
895
885
896
912
27
885
41
845
26
820
843
834
827
825
810
826
45
781
788
787
775
24
752
748
738
724
709
703
691
683
676
673
667
663
659
658
654
654
652
653
660
656
658
683
707
696
227
469
808
799
818
822
835
836
27
810
801
792
29
764
767
772
752
777
770
766
773
775
786
795
775
780
795
778
781
760
789
775
788
790
788
794
798
808
804
824
828
823
819
812
49
763
789
27
762
757
771
763
770
781
793
780
787
792
25
768
784
784
783
773
23
750
771
763
756
737
771
767
772
779
796
797
799
47
753
789
22
767
747
768
764
747
736
769
35
735
779
772
754
751
771
758
750
767
752
759
762
780
785
769
808
809
827
835
821
833
34
800
820
799
38
762
790
793
39
755
785
777
763
781
787
783
767
752
788
27
761
779
790
778
764
790
27
763
756
779
768
756
779
761
770
774
772
767
24
743
754
762
758
33
726
768
30
739
741
763
774
765
25
741
747
765
30
736
745
767
21
747
736
768
25
744
751
764
789
51
738
755
765
757
26
731
767
29
738
743
758
772
22
750
769
768
775
769
784
778
772
789
790
778
774
759
747
751
738
767
760
766
35
732
752
30
723
741
750
761
759
751
765
767
769
762
783
765
766
779
828
811
816
813
807
838
860
849
926
934
36
899
34
865
899
883
29
855
886
882
863
897
26
872
905
897
65
832
918
44
875
904
885
914
906
79
828
1843
992
852
923
73
851
928
917
915
76
839
951
928
81
848
956
35
921
73
848
962
39
924
83
842
960
38
923
63
860
951
91
860
965
40
926
920
60
861
887
979
57
922
84
839
964
41
924
74
851
979
49
931
86
845
992
45
947
91
856
990
51
939
82
858
1000
123
878
922
983
44
939
83
857
993
114
879
926
990
116
874
984
34
950
83
868
977
29
948
937
44
893
985
107
878
975
33
942
951
958
952
943
80
863
977
42
935
68
868
984
41
943
936
81
855
975
41
934
931
83
849
962
109
854
961
36
925
73
853
956
945
80
865
956
936
61
876
978
36
942
72
871
977
34
943
69
875
973
948
84
865
971
36
936
78
858
983
28
956
88
868
1001
40
962
78
885
1023
68
955
938
969
62
907
988
30
958
80
878
1001
40
962
30
933
961
70
892
983
965
962
952
987
29
958
956
975
960
959
963
949
962
945
942
953
63
890
992
31
961
26
936
964
962
957
978
34
944
969
967
944
985
37
949
963
968
34
935
954
31
923
934
952
946
941
923
958
941
926
948
933
918
958
82
876
982
31
952
934
957
973
35
939
958
948
944
961
947
949
938
939
955
78
877
963
954
26
928
934
949
934
929
953
35
918
942
947
28
920
939
942
929
946
29
917
929
940
916
946
32
914
45
869
991
973
958
945
950
969
36
934
957
954
937
956
950
930
944
959
29
931
951
938
952
962
34
929
968
949
959
966
947
971
961
964
977
28
950
969
983
958
973
957
971
981
958
963
967
954
964
955
957
967
26
942
958
963
944
966
961
958
964
947
972
960
31
930
959
981
37
944
963
967
951
962
953
953
979
35
945
955
965
31
935
955
940
971
973
57
917
939
971
961
38
924
940
942
958
35
924
943
951
35
916
939
944
924
941
961
36
926
949
959
28
932
971
964
31
933
970
973
36
937
952
941
934
957
983
1900
938
963
48
916
935
956
29
927
950
957
27
930
951
946
940
964
948
937
958
29
929
958
959
935
965
33
932
945
958
27
931
949
80
869
992
48
945
30
915
943
921
926
950
29
921
939
936
26
911
955
937
86
852
934
47
888
927
936
919
942
940
935
935
925
957
958
950
953
947
934
80
854
963
940
926
930
945
930
926
945
930
944
955
32
923
943
947
81
866
964
33
932
929
939
948
930
938
928
951
958
936
959
952
30
922
929
54
876
879
955
35
920
921
901
898
901
914
899
912
951
948
38
910
936
931
929
958
946
931
957
952
29
924
967
28
940
46
895
968
945
32
913
977
953
939
38
901
947
74
873
969
50
920
928
931
938
941
28
914
946
935
918
948
929
929
965
983
986
73
913
1008
56
953
80
873
965
950
43
907
931
953
39
914
925
952
953
953
945
924
934
921
907
947
953
37
916
948
927
954
947
33
915
966
99
868
993
28
965
65
901
977
94
884
990
30
961
962
964
968
47
922
53
870
997
123
874
973
954
961
959
38
922
931
935
30
906
909
935
924
913
943
943
938
951
958
968
968
28
940
923
944
936
922
947
27
921
929
928
922
939
951
944
936
917
943
72
872
964
946
76
871
958
33
926
919
951
959
90
870
875
1022
142
880
946
922
923
940
947
72
876
983
37
946
962
66
897
973
26
947
73
875
975
32
943
930
947
948
76
873
975
961
26
936
91
846
956
952
79
873
958
937
63
874
961
956
934
933
949
40
910
928
968
960
956
938
969
38
931
936
78
859
977
27
950
962
968
950
958
938
919
929
911
924
66
859
965
65
901
950
942
939
950
27
923
927
941
109
832
989
57
933
934
912
896
25
871
898
920
34
887
918
939
919
899
941
952
954
946
977
979
38
941
958
93
865
950
69
881
904
883
34
850
969
37
932
37
896
915
951
37
915
952
944
931
951
944
32
912
891
909
904
897
951
43
908
935
932
930
40
891
939
954
939
926
44
882
866
894
906
909
898
878
919
919
912
917
910
944
927
917
925
74
852
965
941
82
859
980
48
932
932
76
857
958
86
872
943
932
911
28
883
903
923
932
917
33
885
916
936
933
916
32
885
911
907
895
901
892
870
886
24
863
28
835
886
908
897
937
926
926
928
930
26
905
929
940
931
910
910
906
884
901
914
891
918
935
941
49
892
942
921
899
921
928
905
945
931
928
81
848
963
91
872
874
879
873
890
882
912
930
909
896
942
32
911
900
936
42
895
895
889
81
808
948
937
937
942
27
916
914
904
916
911
922
933
27
907
884
893
919
917
916
907
908
45
863
876
883
894
921
908
952
949
956
966
34
932
920
921
926
918
72
847
968
37
932
61
871
31
841
984
45
940
927
944
923
934
926
28
898
922
930
918
926
944
27
917
927
919
934
922
935
945
38
907
930
934
82
853
960
46
915
896
910
913
894
918
915
896
909
916
908
937
915
920
943
931
929
929
934
922
937
924
922
934
916
931
938
86
852
980
43
937
914
933
932
26
906
938
926
939
945
85
860
1000
42
958
40
919
945
67
878
1003
49
955
938
70
868
955
942
918
963
943
948
47
901
931
957
939
926
919
900
925
908
929
25
905
929
27
903
890
928
916
909
925
911
913
927
915
913
928
920
897
935
938
942
931
73
858
976
1875
942
933
928
926
920
922
937
949
926
922
938
934
912
913
961
970
968
960
32
929
916
966
943
941
30
911
936
31
906
918
940
33
908
920
906
943
957
965
979
965
87
879
1029
47
983
36
947
942
956
946
922
907
928
936
919
938
946
28
918
916
950
942
932
917
935
917
939
964
947
937
959
954
932
929
942
934
955
959
35
925
938
917
948
938
941
971
35
937
922
962
88
874
967
29
939
916
938
915
942
947
945
64
881
962
964
39
926
42
884
907
917
916
915
904
891
911
895
905
913
947
955
27
928
952
933
929
919
904
925
908
920
956
951
35
916
950
942
928
930
35
896
910
919
901
28
873
894
87
808
946
76
871
872
885
902
39
864
871
925
928
932
943
919
931
35
896
894
895
909
913
889
884
872
850
47
804
878
867
845
857
844
876
896
904
903
915
891
920
930
946
29
917
959
965
955
956
943
964
944
29
916
926
929
933
35
899
914
932
914
922
25
898
915
919
924
936
959
947
931
948
953
945
937
923
930
970
957
948
32
916
934
931
918
935
925
932
946
31
915
974
963
953
940
80
860
952
26
926
905
946
949
942
45
898
897
922
56
867
906
942
932
34
899
28
871
875
927
928
948
972
973
953
933
25
908
940
934
31
903
926
917
906
958
957
113
844
967
102
866
68
798
817
49
769
778
767
27
740
759
767
750
753
756
762
761
763
759
751
750
755
759
760
778
769
794
808
828
854
865
894
888
870
867
864
852
837
826
826
824
820
838
840
836
853
852
840
842
829
832
816
815
811
805
817
817
824
820
820
831
825
826
808
807
803
26
778
783
790
789
804
816
806
803
809
817
816
820
830
831
833
833
833
837
837
839
837
850
844
846
851
842
835
838
841
843
844
843
855
859
862
859
859
869
864
28
836
837
846
830
821
815
832
833
846
847
858
849
848
26
822
843
832
845
826
812
793
780
769
82
687
812
32
780
809
831
840
837
833
828
827
828
831
845
840
867
872
857
102
756
933
62
871
28
843
852
868
851
877
864
874
25
849
853
865
29
836
822
26
796
798
785
790
771
783
790
796
799
806
34
773
799
806
793
802
804
806
802
821
817
804
830
846
24
823
814
82
732
743
756
744
735
742
755
763
762
788
777
786
791
29
763
782
801
801
824
816
829
819
36
784
826
820
809
799
790
783
774
820
806
829
29
800
31
770
785
789
782
826
828
866
886
899
924
968
952
57
896
81
815
938
31
908
83
825
956
47
909
899
63
836
965
41
925
87
839
959
947
95
853
961
41
921
931
91
841
967
140
828
806
804
803
807
803
816
33
783
781
774
764
772
761
754
750
747
727
724
745
732
763
32
732
750
738
741
737
745
754
752
785
770
790
790
769
766
778
790
791
807
813
802
815
815
38
777
810
791
782
829
827
830
838
844
845
855
845
41
805
795
814
43
771
776
806
795
806
797
809
841
826
823
811
818
813
818
807
821
820
815
813
818
812
818
820
813
807
798
805
26
780
819
23
796
801
799
838
817
813
818
820
835
833
827
834
826
823
831
825
819
826
836
837
839
828
843
833
849
858
890
880
875
862
45
818
44
774
800
41
760
765
760
753
739
741
801
780
767
765
763
768
759
755
757
750
744
748
753
753
742
742
730
726
749
748
750
755
739
754
740
728
732
727
714
737
762
763
743
747
751
758
770
26
745
758
740
736
729
720
721
716
700
718
703
699
711
711
706
715
736
721
734
741
735
742
733
717
718
726
727
730
742
742
747
760
753
756
772
757
753
755
750
755
766
777
786
792
788
795
797
791
802
800
787
792
781
796
784
772
782
776
776
790
800
808
823
813
802
794
793
35
759
765
791
794
776
787
829
853
854
898
947
97
850
893
94
800
917
161
757
833
837
35
802
803
804
833
812
814
808
817
817
815
828
850
854
862
870
44
826
826
35
791
774
782
784
818
809
815
841
823
805
846
831
820
25
795
801
793
791
798
810
832
27
805
837
858
835
868
887
881
900
906
895
881
872
868
859
857
851
845
841
837
834
841
834
833
841
843
836
827
836
820
804
794
782
788
800
812
800
791
820
831
827
825
830
828
831
849
848
854
867
859
860
850
852
839
853
868
862
854
852
845
855
865
862
872
901
892
902
32
870
876
855
875
24
851
859
852
858
840
834
840
858
869
876
892
911
31
880
896
884
72
812
804
786
771
31
740
759
34
726
743
263
480
951
160
792
26
766
778
786
795
788
818
849
33
816
834
874
856
875
853
851
877
939
973
1006
54
953
54
899
913
912
898
923
912
921
937
932
927
919
942
26
916
921
172
750
1088
109
980
38
943
89
854
995
53
943
94
849
1001
76
925
937
30
908
921
943
945
961
94
867
985
42
943
936
61
876
979
30
949
938
932
950
930
949
73
877
970
38
932
920
947
941
946
930
977
90
888
988
111
877
1003
36
968
37
932
970
960
83
878
1007
48
960
77
883
1015
117
899
1025
59
967
87
880
1020
73
948
356
592
979
119
860
853
27
826
47
779
791
790
36
754
781
27
754
755
760
767
791
791
797
807
827
830
835
833
814
803
793
783
798
781
795
794
797
779
770
769
774
780
791
837
964
1084
153
932
42
891
49
843
104
739
789
49
740
754
42
713
708
708
715
728
730
733
727
733
720
720
710
723
717
720
754
751
741
743
735
739
725
729
733
724
723
748
733
724
727
720
709
725
715
751
771
791
799
22
778
776
773
771
783
42
741
745
730
742
754
752
759
767
780
781
794
787
774
758
771
22
750
738
724
716
708
700
700
719
712
725
716
719
739
747
751
22
730
750
26
724
729
726
722
754
738
735
736
739
739
727
743
263
480
917
126
792
24
769
771
783
777
767
829
819
840
29
811
826
35
791
801
819
810
811
810
800
824
833
827
833
821
800
816
826
805
857
883
886
885
885
901
33
868
861
888
899
891
928
966
947
992
966
133
834
965
953
103
850
986
47
939
74
865
905
912
973
48
926
948
105
844
978
35
944
75
869
911
1002
149
854
1020
63
957
85
872
1004
39
966
88
879
1016
46
971
87
884
1008
35
974
83
891
1000
30
970
92
879
1001
976
95
881
1009
987
94
893
1029
104
925
947
1046
1891
877
1014
90
925
941
1013
86
928
950
1032
107
925
1024
32
992
90
902
1012
1020
71
949
958
1028
43
986
80
906
1024
1001
97
904
1028
93
935
1018
39
979
63
917
1010
38
972
59
914
997
976
74
903
995
29
966
54
913
994
979
72
908
1004
990
77
913
1010
30
981
65
916
1016
994
83
911
1009
84
926
950
988
92
896
971
81
890
958
944
937
929
950
967
31
936
957
974
28
947
948
976
30
947
959
973
954
970
960
953
974
973
69
905
1018
994
81
914
1036
1902
956
946
1004
114
891
1010
40
971
951
961
989
40
950
966
967
953
968
986
76
911
1021
42
979
974
986
29
958
987
984
972
974
972
61
911
1012
35
978
961
965
965
964
971
58
914
1002
37
966
952
954
968
949
960
977
29
948
964
983
964
995
981
965
990
974
970
985
965
972
982
972
996
999
983
996
973
984
984
963
968
990
991
72
919
981
995
977
1828
900
929
27
902
958
968
975
1015
1026
1013
1000
72
929
1028
42
987
75
912
1036
51
985
961
983
983
976
980
67
913
1028
51
978
64
914
1011
29
983
57
926
1015
33
983
968
981
971
983
989
72
918
1016
1005
94
912
1020
29
992
985
982
1007
49
958
978
1000
44
957
966
985
27
958
981
975
31
944
961
962
952
977
972
27
946
975
970
973
26
948
970
976
951
958
972
954
983
972
954
939
979
41
938
953
969
28
942
960
968
949
989
973
84
890
996
1865
919
946
946
925
957
990
975
1005
1017
38
979
962
998
51
947
984
999
45
954
1010
31
979
989
1017
50
968
980
994
36
958
969
983
33
950
959
984
964
973
30
943
945
974
48
926
43
884
988
981
986
38
948
951
928
905
907
932
105
827
967
956
967
959
976
967
971
957
961
26
936
985
73
913
981
957
961
940
948
977
40
938
985
974
967
955
983
1001
976
959
971
968
969
67
903
895
997
82
915
970
958
952
946
958
952
63
889
999
53
946
937
974
81
893
988
964
73
892
1000
30
970
81
890
994
979
74
905
994
970
83
887
1008
29
980
86
894
1015
34
982
74
908
1033
119
914
1003
27
977
71
907
1008
107
902
1002
29
974
970
948
976
975
958
975
979
967
981
959
966
998
981
961
990
31
960
979
1916
915
1001
29
973
81
893
992
29
963
960
962
972
952
968
950
981
962
962
986
961
986
984
977
982
1021
60
961
978
961
984
989
35
954
983
977
954
985
975
962
982
963
980
1001
40
962
970
984
958
973
966
965
973
951
956
974
953
960
986
967
982
978
968
981
981
982
1002
28
975
982
1002
983
993
991
992
1001
83
919
1035
42
993
27
966
998
973
965
983
964
961
974
75
900
1002
35
968
964
60
905
1003
97
907
983
963
971
946
970
965
964
975
958
961
973
953
966
971
973
976
970
964
970
975
975
971
953
962
976
981
977
958
966
977
961
967
951
952
973
954
961
967
955
956
970
958
986
986
75
912
1012
40
973
966
982
974
956
988
975
959
969
975
971
987
970
965
981
959
950
985
967
964
980
982
971
985
986
962
997
987
971
986
1008
46
963
995
985
973
985
985
985
1005
979
981
1000
975
984
986
966
997
27
971
972
997
977
965
990
968
968
983
64
919
1006
991
965
970
990
965
990
996
28
968
991
969
991
990
29
961
982
992
975
984
994
981
1003
988
991
988
968
993
974
963
997
39
958
976
986
961
987
975
973
1009
40
970
982
995
29
966
989
976
970
987
975
991
985
973
985
971
970
997
35
962
972
979
970
980
964
971
973
954
971
978
963
990
976
970
972
958
959
961
954
977
974
957
967
962
964
980
979
71
909
1017
1012
43
970
991
32
959
989
974
962
986
996
35
961
985
984
959
996
981
985
1000
78
923
1021
29
993
970
997
980
995
1012
988
972
996
79
917
1019
42
978
968
998
72
926
1002
986
969
963
981
76
906
994
972
977
971
966
975
965
978
979
978
966
977
976
980
967
963
979
977
979
983
975
982
994
32
962
984
989
83
907
1017
45
972
963
989
974
957
990
964
968
1012
44
968
979
994
974
984
985
976
989
984
967
1000
29
971
974
973
968
1003
33
971
962
983
967
962
987
968
964
964
980
974
36
939
951
968
970
960
981
971
954
989
976
975
960
1001
1008
1000
987
990
976
980
998
42
956
991
981
989
981
976
958
967
986
44
942
967
974
957
972
962
941
967
972
43
929
955
969
33
937
978
965
961
975
958
974
975
31
944
963
987
41
947
977
995
32
963
997
985
961
977
1004
34
971
974
1000
47
954
963
991
38
953
978
976
952
963
970
964
982
976
26
950
963
971
962
990
36
954
984
982
31
951
996
982
40
942
1007
1005
1018
106
913
900
888
33
856
900
946
927
938
955
945
966
991
53
938
951
964
45
920
936
955
29
926
926
938
945
35
911
955
973
991
978
1000
1010
70
941
955
976
38
939
970
981
89
893
1005
993
64
929
992
978
978
958
983
971
978
991
62
929
998
28
970
976
973
977
987
987
1027
95
932
929
1055
52
1004
1002
86
917
1037
51
986
43
943
985
972
65
908
943
942
926
955
1006
41
966
985
1012
97
916
984
988
964
946
970
50
921
980
965
45
921
968
957
52
905
982
99
883
959
959
966
40
927
971
965
58
908
985
962
963
65
899
997
990
80
910
1000
31
970
65
906
1009
49
961
67
895
992
983
96
888
1007
996
84
912
1007
994
68
926
993
993
984
76
909
1035
110
925
995
981
101
880
1020
36
985
992
40
952
966
75
891
957
952
948
71
877
973
957
81
876
981
965
994
95
899
1007
999
98
901
1012
41
972
74
898
1030
40
990
75
915
1028
44
985
75
910
1022
45
978
98
880
895
1025
45
981
987
81
907
1001
58
944
46
898
890
899
915
974
974
987
49
938
946
979
48
931
967
985
970
1023
49
974
1022
1037
30
1007
1000
30
970
966
987
993
984
41
944
960
968
48
921
920
932
39
894
949
983
32
951
943
972
1002
1018
1044
1024
46
978
978
40
938
988
95
893
1010
35
975
984
45
939
996
1000
47
953
983
1006
47
960
984
1009
82
928
1004
987
77
910
1002
1001
71
931
1010
992
39
953
989
989
33
956
971
989
1010
61
950
997
998
64
934
1024
28
996
57
940
1013
1007
108
899
1036
44
992
58
934
1016
1001
62
940
973
1008
986
966
1000
85
915
1034
50
984
28
957
983
975
963
985
74
911
1019
34
986
79
907
986
991
34
957
1000
991
976
31
946
994
27
967
959
999
38
961
961
985
71
914
1029
43
986
69
918
1018
28
990
43
947
1007
1005
53
952
961
945
931
954
962
940
977
972
969
999
36
963
35
929
961
66
896
980
958
72
887
980
967
70
898
990
967
79
889
1002
978
85
894
995
970
58
913
995
104
891
983
963
963
987
29
958
939
961
948
949
970
950
951
966
64
903
997
982
75
908
998
983
74
909
1012
30
982
71
912
1012
996
90
907
996
30
966
51
916
1011
992
80
913
1024
43
981
74
908
1037
34
1003
47
957
1001
993
970
1020
100
920
1025
1007
72
936
1003
1033
44
989
989
46
943
994
978
981
37
945
990
988
99
890
1005
28
978
69
910
998
36
962
981
40
941
966
986
65
922
925
975
31
945
981
973
37
936
957
966
978
72
906
1003
990
975
988
967
946
968
978
966
47
920
1005
981
80
902
1042
38
1005
40
966
959
953
942
49
893
987
33
954
957
958
964
965
969
971
973
982
65
917
933
1010
33
978
62
916
1011
33
979
68
911
1022
90
932
1045
1021
66
955
1001
1011
90
922
1031
1032
83
949
1030
82
949
1002
989
981
979
965
995
84
911
1011
68
944
1028
1018
1042
89
954
1057
126
932
998
1014
1018
1004
104
901
893
1016
993
979
47
933
968
973
986
66
920
1036
57
979
75
904
1035
1014
87
927
984
1082
35
1047
89
958
1103
134
970
1027
1004
1002
86
917
1043
128
916
1042
1024
998
992
106
886
1019
50
970
62
908
1021
33
988
86
902
949
1021
998
63
935
989
977
984
87
897
1013
987
74
914
1042
129
914
1010
985
47
939
1001
996
79
917
1015
75
941
1002
995
77
918
1000
996
72
924
1019
70
950
940
1047
107
941
1011
994
65
929
1018
1005
80
925
1045
42
1004
66
939
1037
106
931
1021
1002
59
944
1024
1008
66
943
1015
1001
51
951
1018
1016
78
938
1034
1019
31
989
1022
63
959
1026
1031
84
947
1058
43
1016
74
942
1050
43
1008
75
933
1052
97
956
1051
1028
85
943
1041
101
941
1018
1013
1012
987
1010
1000
994
1041
94
948
1061
2054
1015
1040
83
957
1032
1032
114
919
927
1059
45
1015
1019
35
984
1000
1019
1013
33
981
990
1011
46
966
986
1023
52
972
1005
1002
34
969
990
993
986
1016
42
975
1009
1036
1013
1021
1001
1010
1021
34
988
1012
1011
101
911
1064
1047
55
993
1009
1022
35
987
1012
995
1006
1004
1016
1006
1002
1009
989
1006
1000
1011
1018
27
992
1000
1029
1002
1008
1021
1005
1013
1017
1010
1025
1000
1016
1028
1011
1045
46
1000
1009
1039
1021
1032
28
1005
1024
1022
1004
985
1018
33
985
1019
1000
1000
1016
1024
999
1015
1011
997
1029
40
989
987
1004
988
1015
28
987
978
998
31
967
987
1011
987
995
987
1006
985
980
994
987
990
967
1000
1005
48
958
998
998
980
983
1007
985
992
982
975
994
993
974
990
970
987
1002
37
966
991
1015
33
983
1001
1017
29
989
1011
985
1000
1017
35
982
1010
1000
980
1011
32
980
983
988
970
991
970
974
994
968
1017
38
980
1001
998
984
1006
1006
981
1007
1001
998
1009
30
980
990
1021
36
985
1010
1015
30
986
1030
46
985
990
1002
982
1009
78
931
1014
1002
1009
35
974
1000
981
968
990
968
992
993
27
966
982
999
984
1002
998
979
1010
987
1027
96
931
925
1060
1040
1030
1013
997
64
933
935
995
1017
1025
1021
1064
94
970
1036
119
917
1056
1034
1019
1015
69
947
1043
1025
1019
1024
80
944
1044
1042
103
940
1066
29
1037
60
978
1059
128
932
1066
170
897
1067
1063
50
1013
97
917
1044
31
1014
36
978
1033
77
956
1020
1013
1003
991
1028
45
984
1028
92
936
1026
1023
1946
932
1014
993
978
1010
995
983
996
974
975
994
1005
991
1001
69
933
1025
1010
1006
31
976
997
1011
96
916
1031
40
991
69
922
1035
41
994
988
977
976
998
978
985
992
989
993
70
923
1030
1009
31
978
1005
999
1004
1003
999
1012
1030
50
980
1005
1021
995
1005
1025
32
994
1006
1012
31
981
1036
32
1004
987
1002
1013
992
1024
998
1000
1012
993
993
991
66
926
1010
987
62
925
1029
36
993
975
990
1008
28
981
993
992
1003
82
922
1031
1006
989
978
1024
999
1014
38
977
987
1024
45
979
1006
1011
28
984
998
1010
994
1013
1022
1004
1005
1022
1003
995
1017
1001
1007
1033
39
994
1013
1004
1000
1003
999
1022
1007
995
1024
36
989
999
1011
1020
1003
1013
998
1027
32
995
1007
1015
1004
1004
1034
31
1004
985
1007
1015
35
980
975
1023
1013
998
991
1017
76
941
1003
1005
27
978
972
49
924
939
975
984
34
951
978
992
1002
993
985
961
977
993
988
978
971
37
934
949
964
987
962
974
990
985
967
976
972
965
979
966
974
967
967
944
962
35
928
904
932
910
894
918
914
893
887
930
962
975
52
923
954
963
967
962
31
932
37
896
889
27
863
856
833
863
912
948
976
31
946
964
26
939
951
969
986
974
972
975
981
102
880
968
953
82
871
971
959
78
882
981
958
78
881
973
969
82
888
982
982
76
906
994
991
96
895
1016
30
987
979
92
888
1022
41
982
28
954
992
62
930
1007
989
90
899
1032
102
930
1000
978
977
953
993
76
917
998
987
73
914
997
977
73
905
996
976
73
904
989
66
923
993
970
68
903
999
978
957
951
975
79
897
1002
32
971
956
957
983
77
906
995
1000
981
958
979
996
973
981
52
930
971
69
903
29
874
877
928
981
1009
992
1030
36
995
975
950
971
992
975
998
1014
118
897
1000
33
967
949
992
983
35
949
1000
987
30
957
1000
103
897
1050
37
1014
1006
135
872
1020
59
962
63
900
885
43
843
836
829
826
837
855
867
849
854
849
859
846
856
861
890
893
932
910
935
921
916
35
882
913
53
860
870
870
950
987
1007
1048
1059
56
1003
978
32
947
994
980
959
993
987
975
62
914
1017
995
28
967
980
31
950
71
879
983
976
84
893
986
972
56
917
1001
992
64
928
1023
999
63
936
1019
993
71
923
1007
1019
102
918
1025
29
996
63
933
1015
998
88
910
1017
992
71
921
1010
1005
90
916
1019
34
985
70
916
1011
27
984
969
987
977
981
1002
79
924
1047
46
1001
38
964
1008
69
940
1022
1004
74
931
1024
1013
81
933
1027
1014
37
978
992
1015
46
969
1013
37
977
991
996
989
1012
1000
39
961
1019
1000
30
970
1001
989
973
1009
86
923
1012
1009
89
921
1027
32
995
73
922
1032
29
1003
981
1001
999
31
968
1006
84
923
1022
1000
89
911
1003
53
951
930
54
876
901
917
909
935
948
954
980
998
985
1002
43
960
43
918
970
961
951
964
981
34
947
998
977
953
974
70
905
1000
977
79
899
1014
36
979
75
904
1001
981
957
970
980
73
907
1027
38
990
984
1000
76
924
1015
992
63
929
997
48
949
985
1010
1003
38
966
991
993
985
982
990
964
989
43
946
1001
978
971
977
80
897
993
35
958
948
977
30
948
949
987
977
968
965
58
907
1008
33
975
77
899
1005
30
976
80
897
999
976
67
910
999
977
58
920
1018
29
989
82
907
1013
1002
77
926
1027
1008
89
920
1018
28
991
75
916
1018
30
988
71
918
1010
996
1005
76
930
1035
29
1006
78
929
1035
41
994
32
962
1000
1011
35
976
1012
1001
976
1015
1008
996
1033
82
951
1037
1013
990
997
1016
42
975
1000
1010
31
980
1005
1009
31
979
1028
1002
995
1037
28
1009
1029
40
989
979
999
992
981
1004
981
968
1011
1024
51
974
1004
1024
38
987
1028
32
996
992
1015
40
975
1009
1005
1003
1045
29
1017
2036
1087
949
1057
1036
55
981
1022
1009
986
1014
1004
987
1007
990
981
1010
83
928
1041
118
924
1017
1003
998
973
992
77
915
1014
170
845
978
957
42
915
947
959
958
28
931
986
975
952
986
981
958
993
992
40
952
1006
984
962
993
975
965
999
996
38
958
1001
985
983
1000
987
991
1002
988
983
1006
988
997
1005
982
981
1015
1005
87
919
1043
100
944
1041
1018
1014
999
1016
1018
36
983
1026
1017
40
978
1015
1018
37
982
1023
27
997
1000
1005
984
1041
1023
1007
1031
1008
1020
1026
28
998
1041
1017
1009
1048
88
961
1047
1034
98
936
1052
39
1013
38
976
1001
999
986
1043
45
999
1000
1023
30
993
1037
1021
37
984
1038
39
1000
989
1010
989
996
1011
43
969
996
1027
38
990
1010
1024
44
980
1029
49
980
995
1024
47
977
1007
1011
153
859
1116
63
1054
56
998
1032
1021
1003
1041
55
986
1012
1041
42
1000
1040
36
1004
1004
1041
31
1010
1016
1034
40
994
1026
1024
27
997
1032
1017
995
1033
1014
1000
1018
34
985
1007
1012
46
966
973
1008
1013
998
1008
1031
52
979
1041
94
948
1025
1014
43
971
999
1007
994
1024
1008
34
975
987
115
872
956
967
77
891
987
971
969
34
936
961
967
38
929
973
969
36
933
988
965
950
980
956
968
995
78
917
1005
988
73
915
1004
28
977
76
901
1001
30
972
33
939
967
975
222
754
1112
78
1034
81
953
982
987
963
1008
32
977
966
994
978
977
1013
37
977
992
1007
33
975
982
1002
38
965
994
997
34
963
983
989
963
977
976
964
978
982
27
955
970
986
87
899
995
998
981
981
993
990
984
1006
92
915
1023
35
989
87
902
1017
36
982
979
993
88
905
1010
35
976
65
911
1003
986
966
967
997
975
979
1015
37
978
979
960
995
983
961
983
1000
31
969
979
1005
44
962
977
985
969
985
983
961
989
990
28
963
976
995
33
962
1000
1014
38
977
1005
1007
40
968
986
1008
46
963
994
990
965
977
1000
31
969
976
991
972
965
1001
35
967
989
1001
984
980
998
29
969
975
1006
37
969
978
992
31
961
975
987
972
984
992
28
964
1006
996
976
988
998
979
987
998
30
968
998
1003
31
973
1002
1000
980
993
990
972
1002
980
989
1009
27
983
984
1009
42
968
970
1017
1014
116
899
879
1035
49
986
49
938
1015
995
46
949
969
991
42
949
973
979
30
949
984
997
41
956
1010
999
27
972
1001
986
986
1000
68
932
1041
1017
39
978
997
1000
29
972
1005
43
963
987
1006
37
970
984
995
36
960
983
990
37
953
976
981
31
950
982
988
977
989
80
909
993
981
989
31
958
58
900
89
811
831
27
804
45
760
795
788
25
763
768
35
734
731
750
96
655
825
95
730
748
763
782
798
795
801
801
814
35
779
778
782
795
781
816
810
840
882
887
884
904
932
946
952
938
922
901
919
931
913
934
942
922
932
958
938
923
949
955
62
893
997
34
963
66
898
994
975
87
888
999
981
81
901
988
975
70
906
996
978
74
905
998
27
971
58
914
991
985
69
916
942
1012
69
943
980
145
835
998
73
925
958
973
998
1032
50
982
990
998
1006
1005
1035
1046
47
1000
64
936
1043
28
1016
1008
1018
90
929
1011
988
74
914
1016
44
973
84
890
1003
981
1000
1021
1021
1025
1038
1062
36
1027
73
954
986
1041
51
991
1019
1001
981
989
990
77
913
1010
1005
1011
1032
1045
1036
1047
1067
1065
1042
1020
44
977
973
1041
61
981
1003
1002
990
80
910
1006
997
997
1007
1018
1028
1037
1052
1031
1005
90
916
1040
101
939
1002
32
971
972
948
982
959
964
974
999
1005
986
1006
1025
1013
1030
1029
1027
35
992
54
938
990
976
976
963
964
958
48
911
969
951
964
957
945
950
966
960
68
893
1002
41
962
66
897
995
970
952
959
964
958
956
941
971
966
969
948
957
960
978
44
935
984
91
894
927
930
99
832
819
801
810
789
797
817
49
769
800
812
47
766
177
589
1034
175
859
841
904
883
887
905
38
867
867
882
910
954
978
1002
989
36
954
34
920
27
894
887
884
26
859
874
858
845
825
810
794
792
828
948
957
933
943
968
995
64
931
917
913
959
935
995
1013
122
892
989
105
885
960
947
65
883
938
980
991
973
966
946
970
89
882
973
962
948
64
885
978
956
951
73
878
985
33
952
75
878
980
965
69
897
982
965
966
93
874
999
41
958
77
881
984
110
874
1004
43
962
969
81
889
998
35
963
31
933
949
964
72
893
1015
128
887
927
1006
91
916
981
966
981
79
902
1006
28
979
75
904
1020
36
985
962
992
1009
43
967
994
1020
34
986
1010
1007
982
1018
37
981
997
1977
993
984
975
963
993
987
27
961
983
39
944
949
959
952
934
958
106
852
963
962
40
923
901
896
891
870
890
34
857
881
864
883
908
939
952
946
943
943
935
28
907
887
875
871
863
868
861
869
923
957
933
964
965
42
924
909
919
904
914
924
925
917
935
920
930
953
75
878
971
32
940
73
867
979
36
943
75
868
993
967
84
883
993
36
957
79
878
990
966
75
891
1000
39
961
84
878
981
31
950
958
964
940
943
938
66
873
988
49
939
916
68
848
871
919
939
969
1006
1018
1017
60
957
958
965
962
962
962
955
59
896
998
41
957
53
904
985
975
81
895
1016
30
987
30
957
978
993
37
956
970
996
37
960
974
992
38
954
969
982
960
983
998
35
963
996
990
27
963
998
983
958
994
27
968
965
975
34
942
975
986
37
949
982
965
958
980
29
952
956
994
46
948
959
986
43
944
958
971
958
971
973
956
980
32
949
961
979
31
948
974
961
953
981
956
973
971
977
981
957
966
994
46
948
958
981
39
943
970
987
969
975
964
959
985
959
948
974
50
924
929
945
972
972
982
971
59
912
946
965
977
980
965
959
943
976
969
947
959
963
973
960
976
974
970
988
987
965
984
70
914
1014
992
35
957
977
972
954
979
965
986
993
976
971
996
40
956
980
969
968
987
972
978
982
977
989
1001
977
975
986
41
945
975
986
36
950
961
948
981
979
959
952
956
989
977
979
967
960
967
966
949
959
970
88
883
986
962
955
978
984
37
947
982
981
27
954
978
979
29
950
986
989
32
957
1003
1004
42
963
982
991
974
979
978
80
899
998
990
986
969
1001
993
986
1019
39
981
1000
995
29
966
1000
979
971
988
976
983
987
30
958
982
980
973
970
975
32
944
996
1000
994
41
953
978
995
31
964
988
978
983
965
975
91
884
88
797
971
112
860
859
839
827
821
801
792
785
777
762
755
752
744
736
735
731
727
726
722
747
763
770
779
815
855
834
858
853
842
27
815
800
804
791
791
22
769
793
784
22
762
790
794
785
782
796
23
774
791
40
752
783
786
770
777
770
788
787
791
795
813
40
774
793
787
784
29
755
754
763
759
762
775
779
22
757
791
44
748
774
764
762
758
771
778
28
750
765
752
759
24
735
763
747
757
32
726
756
752
746
740
761
767
755
776
26
750
762
764
762
24
738
766
759
745
745
764
752
736
769
756
755
757
766
23
744
763
772
767
23
745
778
768
766
782
786
776
776
781
776
26
750
790
782
771
774
793
795
784
790
790
779
790
793
785
792
795
787
791
797
28
770
796
795
32
764
793
791
797
27
771
817
23
794
780
824
40
785
822
23
799
797
803
788
791
819
25
795
801
835
25
811
28
784
808
798
781
775
814
51
764
788
797
792
810
792
802
24
778
806
797
781
818
831
824
821
817
38
780
785
809
43
767
787
794
41
754
758
799
842
881
868
37
832
858
863
32
831
830
833
34
800
803
807
812
829
849
875
878
903
31
872
108
764
976
37
939
52
888
885
882
869
848
855
51
804
871
900
946
38
909
895
923
934
42
893
921
926
37
890
898
894
48
847
831
856
838
862
893
907
983
1009
109
901
982
47
936
77
859
873
980
35
945
936
100
837
983
958
75
883
895
1024
1853
895
958
113
845
984
48
936
105
832
905
930
919
88
832
972
133
840
975
44
932
920
82
839
939
924
34
891
978
126
853
1002
111
892
920
973
80
893
906
1005
131
875
983
67
916
1016
109
908
1019
117
903
938
50
888
991
101
890
902
1034
71
963
958
48
910
1009
134
875
997
30
967
974
50
925
923
1007
87
921
943
1024
84
941
935
1021
99
922
940
1010
93
917
929
945
945
1007
982
990
986
981
971
967
56
912
899
330
570
1071
123
948
72
877
938
991
978
38
941
937
66
872
980
956
81
875
974
28
947
72
875
968
30
939
67
872
922
1000
89
911
907
1027
60
967
976
91
885
1003
32
972
87
886
1003
28
976
71
906
1033
58
975
1000
80
920
945
1015
35
981
977
981
981
997
984
980
983
115
869
947
975
978
65
913
1014
993
75
918
1013
990
103
887
1021
998
94
904
1007
61
946
947
1038
28
1010
95
916
1040
40
1000
78
922
1057
113
944
1040
1014
86
928
1056
1032
86
946
1070
112
958
1041
1016
76
941
1059
1033
111
922
1045
40
1006
85
922
1052
1031
99
933
1035
127
908
1026
1015
103
913
1042
49
994
71
923
1017
1001
984
976
988
60
928
1022
30
993
969
1005
69
937
1034
30
1004
93
912
1040
93
947
1014
1004
77
928
1030
1003
86
918
1050
53
997
32
965
1013
84
930
1035
1014
95
919
1041
50
991
984
1005
997
971
1019
36
983
1011
1004
42
963
1012
1007
31
976
995
1005
57
949
979
1019
49
970
33
938
998
1004
1004
996
1006
1009
50
960
1021
1002
978
1005
1014
38
976
997
998
980
999
992
972
1014
73
942
1056
2000
993
1007
986
979
995
976
1006
989
993
1012
42
970
1005
1014
125
890
1090
84
1007
988
1025
92
933
1061
47
1015
28
987
1032
35
998
1010
1011
49
963
1004
1003
995
1024
44
980
1017
1033
53
981
1026
1009
994
1017
45
973
1012
1031
48
984
1002
68
935
911
955
939
922
971
947
979
973
34
940
990
973
962
969
965
43
923
906
1053
1037
56
982
42
940
947
969
948
958
970
946
990
1005
27
979
1013
1010
1000
1008
989
1007
1023
27
996
985
1052
79
974
1018
1000
1012
1030
48
982
1027
40
987
1021
1018
31
987
1005
983
990
1016
41
976
1002
28
975
30
946
1011
192
820
917
65
853
836
27
810
799
781
774
38
737
757
748
743
744
747
732
343
390
464
192
273
279
26
254
356
3999
3116
883
3999
3125
874
3935
2508
1427
1000
428
65
364
625
3999
1935
2064
3999
3439
560
625
183
442
70
373
85
288
364
503
225
279
408
152
256
586
108
479
3064

