31-08-2022 - 15:22 - Correr
Maria Nahuelhuen
Intervalos entre latido y latido
598
704
695
823
240
583
695
695
822
232
590
704
718
726
854
233
622
735
742
854
249
606
742
727
742
742
742
742
757
40
718
743
742
757
855
234
621
727
750
742
846
248
598
726
726
855
260
596
711
726
718
846
256
590
718
718
823
233
590
718
718
832
249
583
710
718
823
240
583
680
665
718
24
695
709
703
823
119
704
709
120
590
798
95
704
712
139
574
703
822
112
711
696
99
598
703
831
112
719
703
120
583
679
791
119
672
679
672
677
687
688
679
125
555
671
780
109
672
119
554
671
664
688
687
687
679
671
656
647
633
640
632
664
664
664
657
664
671
664
679
687
703
742
742
45
697
764
38
726
718
24
695
687
687
695
695
703
695
687
687
695
687
812
234
578
695
679
789
110
679
118
562
671
789
228
562
663
657
656
656
671
656
664
664
664
671
664
664
664
664
649
664
648
664
656
648
656
656
656
664
671
679
687
671
687
671
679
671
664
648
703
687
687
679
687
687
695
679
679
679
671
656
656
640
640
649
656
695
726
710
734
742
726
710
22
688
695
718
703
710
718
32
687
679
679
679
679
687
703
718
703
704
703
710
695
695
24
671
695
703
798
223
576
671
687
687
679
680
679
695
695
680
687
695
695
710
695
695
695
710
703
687
687
695
703
695
687
703
703
718
709
704
726
742
726
726
727
718
726
710
696
703
695
702
695
696
687
703
695
688
687
695
687
703
688
687
695
703
687
696
687
695
701
687
696
703
718
711
695
688
695
687
696
678
673
679
686
695
688
688
695
821
239
583
706
702
830
120
710
120
591
704
702
814
215
599
697
702
702
815
239
577
695
703
821
244
578
693
697
696
679
679
679
780
109
671
679
688
124
564
683
688
687
680
665
695
718
717
852
109
743
124
619
743
743
750
736
734
25
710
695
23
672
688
24
664
656
656
671
679
687
695
703
703
703
710
710
710
703
711
703
703
687
695
687
679
687
679
671
679
687
710
710
726
726
742
742
726
742
24
718
710
726
31
695
710
695
679
671
671
671
664
656
648
656
655
757
227
531
648
656
657
656
664
679
679
671
664
656
648
640
640
632
617
625
617
617
625
625
632
625
640
640
640
640
648
648
640
632
632
632
648
664
679
679
687
679
695
703
703
687
710
23
688
679
718
23
695
703
688
679
679
679
687
679
695
718
734
718
734
742
742
726
710
734
718
718
31
688
703
703
710
696
695
695
718
703
704
710
726
710
719
718
726
40
687
726
710
719
32
688
695
702
695
694
688
695
703
696
695
710
726
742
750
742
726
727
734
742
750
23
727
749
742
750
735
742
742
734
735
726
727
726
22
704
709
704
708
711
709
824
114
710
734
137
598
138
460
97
364
583
671
671
666
657
656
656
655
664
658
657
770
238
532
677
66
611
756
232
524
627
742
110
632
112
521
733
110
624
124
500
608
648
79
570
635
55
581
628
20
609
609
628
629
616
632
721
80
642
145
497
744
105
640
625
618
624
617
76
542
573
616
609
685
176
510
591
588
98
491
672
89
583
586
951
220
731
142
590
585
585
579
670
106
565
67
498
569
572
193
380
113
268
491
546
576
563
636
154
483
560
562
180
382
727
259
468
173
296
346
502
586
32
555
558
543
553
557
622
153
469
560
1183
862
322
708
156
553
547
560
549
31
519
572
18
554
40
515
581
624
158
466
549
99
451
633
90
544
540
1086
539
548
1058
486
572
33
539
913
653
260
465
548
86
463
621
75
546
551
202
350
732
189
544
539
549
536
539
542
542
543
550
1096
555
542
557
18
540
561
20
541
558
551
540
59
481
583
576
32
544
543
626
338
289
38
251
461
544
534
545
539
81
458
627
107
521
658
341
318
683
176
507
16
492
630
1060
482
579
38
541
200
341
671
62
610
60
550
42
509
574
35
539
27
512
611
111
500
540
37
503
25
479
625
1076
551
525
540
168
372
848
469
380
1084
561
524
540
614
162
452
535
1059
525
535
537
536
1061
532
530
536
1065
521
545
44
502
541
572
559
59
500
574
37
538
548
87
462
622
77
546
550
551
539
546
37
510
1365
580
785
201
584
25
560
238
323
16
307
426
575
31
544
551
47
505
560
546
544
1072
532
540
31
510
532
567
28
540
549
20
530
535
540
29
511
28
484
522
633
182
452
1155
639
516
572
24
548
549
551
1105
1198
725
473
553
18
535
539
578
679
194
485
612
121
491
571
562
571
570
601
601
592
95
497
2527
1203
1324
740
584
577
104
473
570
700
137
563
46
518
614
740
236
504
614
741
224
517
618
657
730
203
528
624
665
19
646
635
646
666
648
641
710
33
678
672
28
645
842
296
547
651
725
68
657
656
679
722
836
279
558
702
717
817
228
589
738
773
213
561
699
680
758
95
664
726
70
656
832
258
574
679
815
210
605
689
686
848
261
588
719
718
849
1336
1597
282
1316
501
815
216
599
678
703
703
695
727
815
233
582
679
719
25
695
680
726
24
702
718
33
686
743
830
216
614
718
735
25
710
703
809
199
611
672
671
657
671
664
656
648
24
625
632
731
212
519
625
747
220
527
632
648
656
640
640
761
226
536
648
640
640
640
625
632
618
609
710
173
538
641
648
671
687
695
24
671
695
726
40
687
679
734
718
750
55
695
797
57
741
774
41
734
718
764
758
63
695
718
741
727
710
734
749
735
32
703
804
71
734
797
64
734
742
773
789
55
734
734
750
750
32
718
718
726
726
710
718
734
765
39
726
718
765
48
718
757
80
678
703
805
88
718
765
32
734
797
48
750
734
750
789
86
703
742
733
23
711
726
711
773
758
41
717
719
765
31
735
734
24
710
718
742
757
63
695
719
718
718
703
718
710
695
687
679
24
656
648
648
664
687
687
679
710
710
718
23
695
718
703
703
806
86
720
36
685
693
720
707
691
95
596
682
703
695
695
679
679
687
687
672
671
687
687
671
671
687
695
695
687
703
710
703
695
703
687
671
671
672
656
656
24
632
625
625
632
648
656
679
679
671
679
798
224
575
672
671
679
671
679
24
656
671
679
671
671
671
671
671
695
687
679
695
687
695
687
687
679
679
671
664
656
664
656
671
679
671
671
679
687
679
687
695
695
24
671
671
679
671
671
664
664
656
687
687
695
24
671
687
687
687
695
703
687
695
687
687
671
679
679
695
679
695
695
695
687
703
687
687
687
695
703
710
24
687
695
703
695
687
687
671
671
687
839
235
605
695
686
688
687
679
678
672
671
687
687
688
671
671
656
648
640
656
664
664
671
687
687
671
679
687
703
687
687
695
703
710
24
687
718
710
710
695
757
742
741
45
696
726
727
726
710
726
733
23
711
742
750
758
33
726
742
750
742
734
719
734
742
734
718
734
726
734
733
29
704
742
831
238
594
835
114
722
130
593
680
671
679
687
679
664
671
671
671
664
765
173
592
665
686
672
695
695
703
687
695
710
703
695
718
710
726
726
742
734
726
23
703
734
742
24
718
718
32
687
703
773
48
726
718
726
718
726
710
703
734
734
734
734
726
718
765
23
742
750
742
734
734
734
24
710
703
750
24
726
718
718
703
687
710
695
710
32
679
695
695
703
687
687
703
791
184
607
679
671
679
664
664
679
671
671
671
679
679
687
679
695
695
703
687
695
703
703
695
687
687
695
703
31
672
703
695
695
679
687
687
703
687
688
687
679
671
671
61
611
748
84
664
679
679
703
24
679
695
687
703
25
679
695
687
694
696
687
710
703
695
704
703
726
39
687
704
703
710
695
696
703
709
703
703
710
703
695
703
695
703
695
687
703
703
695
679
710
718
24
695
704
710
710
695
710
703
808
212
597
679
703
695
695
680
695
800
212
589
688
696
695
687
685
793
221
573
673
680
686
672
678
677
680
688
672
672
664
665
649
647
648
648
664
782
125
657
656
648
670
665
656
655
657
649
663
671
665
655
656
648
642
639
647
657
79
578
734
79
656
673
663
655
672
665
679
662
716
38
679
689
685
687
695
688
25
663
678
680
680
679
663
680
679
680
663
663
688
689
679
669
680
671
672
663
664
680
679
679
679
696
689
670
679
671
672
671
662
681
679
679
663
688
696
687
678
679
680
687
678
688
24
665
655
655
665
665
656
647
665
649
640
639
634
631
633
117
517
755
107
648
671
108
564
671
664
789
226
563
671
788
117
671
101
571
795
92
704
704
703
694
711
735
718
709
726
735
141
594
734
835
101
735
158
578
726
819
116
704
111
593
811
92
719
703
718
703
735
718
126
593
835
118
718
719
127
593
726
835
109
727
150
578
687
710
835
118
718
735
25
710
118
593
828
101
727
734
24
710
111
600
820
110
710
711
711
702
710
710
719
703
703
703
711
694
92
602
803
92
711
25
687
688
670
664
117
547
656
664
774
230
545
656
664
799
225
575
688
679
702
703
718
39
680
734
31
703
718
39
680
687
695
710
695
687
687
710
695
696
695
725
37
688
710
718
710
696
695
741
831
242
589
697
838
121
718
129
590
696
117
579
972
416
557
703
815
232
583
806
103
704
702
125
577
709
808
214
595
701
696
688
695
687
694
717
32
686
682
708
22
687
805
226
579
693
702
703
697
686
708
828
262
566
709
811
220
592
690
686
811
231
580
687
811
225
586
687
802
98
704
710
694
102
592
830
129
701
98
603
716
837
244
594
45
550
1005
429
576
828
242
586
695
710
733
812
204
609
696
711
695
718
734
39
696
703
718
718
704
703
718
23
696
710
718
726
710
696
718
710
703
695
703
726
38
688
718
734
39
695
687
688
781
39
742
750
750
742
742
734
726
734
750
742
726
735
25
710
718
710
718
734
733
23
711
726
718
735
718
24
695
695
718
710
695
687
703
703
687
695
703
24
679
687
703
695
695
687
703
687
687
695
703
695
695
695
695
710
695
726
727
25
703
695
710
702
820
237
584
679
805
229
577
687
679
679
790
102
688
121
568
687
672
680
679
679
695
680
127
553
836
158
679
702
695
695
679
703
703
726
726
23
703
710
718
718
718
710
711
710
717
704
710
718
718
704
708
718
719
704
704
709
703
703
704
703
718
710
820
226
594
717
827
108
719
711
120
592
820
116
704
110
594
696
695
703
710
719
24
696
703
710
703
703
703
703
695
696
703
710
24
687
726
144
582
824
153
671
695
695
734
24
710
711
726
734
39
695
726
718
726
718
710
703
726
24
703
710
734
31
703
710
718
710
703
718
726
710
695
718
710
710
734
25
710
695
703
710
710
695
710
710
703
710
695
726
24
703
703
710
710
710
24
687
703
726
31
695
695
703
687
703
703
695
703
687
703
687
703
718
710
703
718
703
696
710
726
710
703
726
31
695
718
703
703
710
709
22
688
695
710
695
703
695
695
695
695
695
695
695
703
703
688
710
24
687
687
726
726
726
726
726
39
687
726
726
726
710
718
710
710
695
687
695
687
695
680
695
695
702
696
710
710
704
703
703
710
703
710
703
710
695
687
695
695
695
686
679
695
695
695
687
687
695
695
687
703
710
710
695
695
820
228
592
704
717
711
710
23
688
703
703
710
710
704
702
688
702
687
718
703
703
704
703
688
687
694
687
687
695
703
695
694
680
727
734
750
32
719
734
727
718
702
695
688
687
687
687
695
695
695
710
703
718
718
726
718
718
726
718
716
711
703
711
718
710
695
703
695
687
687
687
671
672
671
679
679
679
679
703
703
710
710
703
703
718
726
31
695
703
703
710
710
695
687
694
696
696
687
679
679
687
695
695
679
687
695
696
695
718
23
695
703
695
726
24
703
703
703
710
703
695
703
710
710
703
687
710
24
687
710
695
718
710
703
24
679
703
695
710
24
687
703
687
710
695
695
695
694
687
687
703
710
710
718
710
703
703
687
679
671
679
679
687
695
703
687
710
710
718
710
725
727
719
718
710
710
695
687
687
687
671
671
672
671
679
664
664
671
670
671
671
687
679
687
687
703
695
695
687
695
703
688
687
687
679
687
671
687
671
687
679
679
687
23
664
711
742
734
734
742
742
32
710
695
710
710
710
24
687
679
686
672
679
679
679
680
703
695
702
696
710
703
695
687
688
695
688
679
686
679
680
671
686
688
695
703
687
696
695
695
696
695
687
695
688
679
678
695
29
666
671
665
648
664
663
670
679
781
84
697
687
111
576
806
87
720
38
683
688
695
122
573
664
664
664
657
664
664
695
31
664
665
656
664
664
671
656
648
656
640
632
632
640
656
648
671
656
664
671
671
687
671
679
664
671
664
679
664
687
687
672
687
687
695
679
679
703
695
679
687
718
718
718
718
718
718
710
703
695
726
711
718
703
710
718
726
710
718
718
718
703
710
718
703
703
702
718
32
687
695
710
710
710
24
687
703
710
695
710
703
703
703
703
718
24
695
703
726
710
718
718
710
703
710
24
687
695
703
703
695
695
710
703
703
710
710
703
703
726
23
703
718
710
718
718
710
710
742
25
718
718
718
710
703
710
718
710
718
718
726
726
734
734
742
734
726
718
718
726
734
718
24
695
710
710
695
703
710
710
703
710
718
703
726
710
710
710
718
718
24
695
695
709
694
695
695
710
703
703
718
703
710
718
734
734
726
719
718
703
718
726
710
24
687
695
710
718
710
703
710
727
742
734
726
711
734
30
704
696
703
703
704
687
679
687
687
679
703
703
695
687
710
703
695
710
23
687
718
742
734
750
24
726
734
718
718
718
703
695
703
687
703
703
703
710
710
726
710
703
703
703
710
718
718
703
710
710
718
32
687
671
671
24
648
656
671
687
695
695
687
703
695
710
703
718
703
695
695
703
822
247
576
687
695
688
687
695
703
718
726
171
555
920
226
695
734
40
695
742
32
710
726
32
695
718
710
710
695
718
710
718
703
703
718
710
726
168
559
885
191
695
710
703
703
710
24
687
718
710
726
718
710
726
726
726
726
726
166
561
915
212
703
710
24
687
695
695
695
703
710
710
718
710
703
726
742
726
718
718
734
718
718
710
718
726
726
734
718
718
24
695
710
702
711
703
24
679
703
695
695
695
695
679
679
687
687
687
695
718
710
718
710
718
726
734
726
710
145
566
878
184
695
718
703
710
703
718
718
757
32
726
765
23
742
750
742
734
718
704
695
709
718
734
726
23
704
703
687
687
679
687
695
703
703
696
703
718
726
718
718
711
718
710
702
695
710
718
710
703
710
718
719
718
726
726
717
709
730
726
734
726
718
835
237
599
696
696
703
24
679
802
123
679
688
679
677
688
695
701
719
727
735
735
126
609
688
694
742
24
718
750
757
24
734
750
742
750
742
742
742
24
718
726
710
726
718
718
718
718
718
742
734
742
742
726
734
742
733
842
128
715
729
735
127
608
718
704
710
703
710
24
687
687
671
695
687
703
703
695
679
687
671
679
679
671
679
679
687
687
679
679
695
687
695
695
695
695
703
703
710
718
703
687
687
790
111
679
677
681
679
103
577
679
687
695
695
703
687
710
703
710
703
703
695
679
687
805
228
578
679
679
695
805
228
577
687
703
695
687
695
703
688
695
710
703
688
695
695
703
687
695
680
679
687
687
679
679
687
687
672
671
679
671
687
687
695
695
703
703
695
703
718
703
696
695
695
687
687
679
686
679
798
113
686
694
117
577
798
95
704
106
598
697
710
832
115
717
128
590
710
824
116
709
119
591
710
709
710
839
234
606
703
726
711
742
726
741
838
241
598
719
711
696
687
687
697
703
695
695
687
695
679
687
687
678
695
703
688
703
696
702
696
687
687
687
695
694
696
703
703
695
695
695
695
703
703
688
695
695
710
24
687
695
687
703
703
710
703
711
694
703
695
710
703
695
687
710
710
718
704
710
710
711
710
703
703
718
710
703
710
718
726
32
695
703
703
687
695
703
695
695
695
818
115
703
703
704
703
700
720
719
708
700
697
706
112
594
695
695
695
687
687
687
710
710
726
32
695
710
827
124
703
117
586
695
695
710
820
235
585
695
804
110
695
704
112
592
820
94
726
711
128
584
804
102
703
696
119
577
796
93
704
710
704
120
584
812
102
711
702
710
710
727
24
703
702
711
695
695
695
703
704
686
703
696
695
694
719
143
577
703
695
718
718
812
123
689
678
661
672
666
680
670
689
678
671
670
688
687
687
687
695
704
703
687
695
695
687
685
682
694
24
671
668
682
671
695
25
670
671
680
20
661
100
561
671
789
179
610
685
29
656
694
695
688
672
799
250
550
665
671
791
231
561
666
656
671
678
680
687
703
695
678
704
742
734
735
742
750
734
718
734
843
119
725
721
708
708
115
593
720
704
834
234
601
719
725
727
717
703
704
687
794
99
696
677
688
680
686
686
689
75
614
777
90
687
694
688
695
679
668
681
669
670
672
680
677
687
697
704
686
689
20
670
655
666
26
640
633
631
648
664
656
664
672
679
672
669
673
671
663
672
664
661
674
664
678
665
663
672
671
668
681
688
696
687
676
680
696
687
685
688
688
688
677
696
679
688
21
668
698
695
695
695
694
696
704
710
27
684
697
703
703
695
687
703
685
686
689
687
696
118
578
679
695
687
687
687
696
679
679
679
687
703
718
718
718
718
726
742
750
32
718
710
750
32
718
718
718
718
710
710
710
703
695
710
710
703
695
718
23
695
703
687
703
703
695
695
703
710
703
695
718
703
703
703
710
710
710
719
726
718
718
821
239
583
703
807
217
590
686
680
687
687
679
665
694
695
696
695
710
703
703
703
709
710
710
711
129
583
853
151
703
733
817
221
597
695
710
709
23
687
679
703
718
718
711
710
703
703
695
703
710
718
726
726
710
718
734
726
743
742
24
718
844
246
598
726
829
112
718
718
711
701
695
703
696
686
687
696
685
696
704
703
696
686
688
696
695
696
677
695
696
705
28
677
697
685
97
588
804
127
678
108
571
679
812
126
686
119
568
788
92
696
697
111
587
695
695
695
695
695
687
688
687
671
687
703
703
703
726
710
710
718
718
710
718
710
710
695
695
703
703
687
687
695
703
687
703
703
718
703
718
703
703
695
703
703
695
695
703
695
695
695
687
703
710
710
726
718
726
718
710
703
703
703
703
687
679
695
695
703
687
703
703
695
703
24
679
695
703
687
695
703
710
703
687
687
695
695
687
679
687
695
695
679
703
703
695
695
703
695
687
671
656
718
703
718
703
703
703
695
695
687
695
703
703
703
710
710
703
695
703
703
703
703
710
703
695
695
679
710
695
703
687
679
687
679
671
664
679
664
671
657
671
679
678
665
679
687
687
687
687
671
687
679
679
679
679
671
687
687
679
687
672
687
671
687
679
687
679
679
671
671
679
687
695
695
679
687
695
678
664
780
216
565
655
655
664
782
222
560
670
791
224
568
679
694
687
680
679
671
687
807
239
568
790
109
681
694
117
578
680
688
687
687
687
678
677
666
680
679
687
687
679
679
687
695
687
710
695
710
710
710
819
226
593
718
710
718
710
710
703
696
703
710
703
687
679
687
704
703
703
695
718
710
718
710
703
710
710
710
703
703
703
703
703
695
703
703
703
687
695
703
687
680
695
710
23
687
704
710
24
687
718
718
710
703
710
710
812
110
702
124
579
679
687
679
679
687
679
679
687
695
687
687
710
703
703
703
703
710
695
687
695
710
710
703
694
23
672
679
710
703
718
726
734
726
718
726
734
821
222
600
803
92
712
702
696
709
710
719
734
726
710
709
735
718
718
711
710
693
711
704
710
703
694
704
710
703
695
112
584
695
680
695
806
224
583
797
126
671
680
119
562
790
246
544
783
120
664
665
672
655
664
665
655
672
687
696
684
705
710
704
692
705
703
695
685
697
696
695
120
575
798
96
703
704
710
25
686
711
711
129
583
688
695
687
798
237
561
670
790
110
680
680
662
665
672
657
648
653
643
107
537
643
656
664
679
687
695
695
703
695
687
703
687
687
687
687
703
24
679
679
679
687
679
671
671
679
672
679
695
687
695
702
822
119
704
128
576
695
687
695
24
671
679
665
679
664
671
671
679
679
687
687
703
687
695
703
703
695
703
710
710
710
695
695
704
703
703
703
804
228
577
695
812
118
695
697
130
567
680
805
111
695
696
694
687
677
688
696
696
696
686
686
687
697
678
668
681
102
580
695
695
703
703
695
703
703
703
703
710
813
197
617
821
125
696
104
592
695
703
813
221
592
804
93
712
703
686
702
687
695
118
577
679
665
751
110
642
643
639
657
24
633
640
631
107
525
735
111
624
617
610
610
601
600
601
601
617
632
648
665
672
104
568
680
790
103
688
684
697
686
704
686
125
562
796
109
688
685
679
672
680
112
569
804
118
687
696
126
570
813
135
678
678
687
679
690
687
703
703
135
568
695
798
94
704
29
676
687
679
687
86
601
832
123
709
718
143
575
710
703
838
135
703
129
575
695
815
119
696
29
668
689
688
115
574
806
216
591
816
107
710
719
720
709
121
589
821
110
711
702
704
705
752
36
717
726
708
711
712
703
702
704
703
711
138
574
689
687
694
678
687
671
655
711
710
725
734
726
727
726
710
726
711
718
710
709
827
224
603
837
121
717
111
607
710
727
728
718
726
718
718
718
813
229
584
704
688
703
695
702
703
710
710
703
695
687
687
671
679
679
679
664
671
679
665
671
679
679
687
24
664
679
671
671
664
664
679
671
664
671
671
687
687
695
679
671
679
679
671
671
679
671
671
679
671
671
679
671
679
695
679
671
671
679
671
671
679
679
671
687
671
679
687
687
687
679
671
664
679
671
671
671
679
671
672
671
664
664
664
664
664
679
664
671
671
695
687
679
687
703
687
703
703
710
703
710
703
703
796
102
695
125
570
687
671
671
671
671
687
703
687
695
710
24
687
695
703
695
703
687
703
703
703
695
703
703
703
24
679
687
695
679
679
696
695
695
695
703
687
703
710
703
687
695
703
709
22
688
679
695
687
695
687
679
695
687
687
695
695
695
703
703
703
710
702
703
695
703
687
703
695
687
797
111
687
673
124
550
783
95
688
670
678
696
704
693
687
687
690
689
673
117
557
770
114
657
656
129
527
647
648
658
664
654
758
219
540
650
648
640
632
632
632
640
625
640
648
632
647
747
213
534
641
632
640
664
671
656
773
117
657
640
639
632
118
515
625
640
632
648
632
664
663
24
640
754
213
542
640
734
116
618
625
625
632
631
645
643
647
655
90
566
625
670
679
796
213
584
642
710
749
76
673
145
529
781
135
646
123
524
632
625
609
608
708
118
591
587
86
502
561
571
568
691
747
796
184
613
32
581
728
128
601
69
532
748
100
648
117
531
648
750
106
645
1261
638
624
617
110
507
609
708
99
610
134
477
719
220
500
606
665
77
588
18
571
105
467
701
255
447
584
589
577
311
266
315
602
708
239
470
625
63
562
708
125
584
66
519
563
600
730
252
479
721
119
603
19
584
594
116
479
618
628
678
77
601
593
593
600
585
116
470
703
102
601
603
590
594
583
602
605
592
591
123
469
704
120
584
583
128
456
703
126
577
100
477
570
694
240
454
701
245
456
704
119
586
575
114
462
695
119
576
107
469
687
93
594
18
577
100
477
686
100
586
576
105
471
695
117
578
577
593
578
579
584
592
108
485
710
218
493
709
94
616
107
509
625
625
625
617
632
24
609
602
617
632
631
648
648
680
788
226
562
773
218
555
772
226
546
749
108
641
646
113
533
625
781
103
679
670
147
524
781
234
547
764
210
554
758
95
664
655
109
546
750
92
658
663
664
656
673
664
670
125
546
783
113
670
679
670
21
650
671
24
648
663
30
633
649
664
647
640
666
649
663
646
641
642
657
26
631
634
125
510
623
643
752
410
343
46
298
517
656
650
647
640
769
121
649
640
639
632
118
515
735
117
618
624
23
601
108
494
602
758
128
630
640
631
657
639
665
670
665
672
26
646
664
671
32
640
665
656
671
24
648
640
648
639
672
33
640
655
665
656
639
633
640
639
639
634
631
632
632
618
625
615
632
617
626
617
625
608
602
618
608
617
25
593
602
601
72
529
680
72
608
610
617
618
91
528
698
97
601
615
84
531
576
668
74
595
701
88
613
96
517
684
194
491
637
67
570
640
80
560
602
604
715
258
458
597
594
881
45
837
225
613
599
595
601
625
65
561
166
396
87
309
473
610
604
721
107
615
610
603
624
619
619
136
483
661
95
566
624
748
132
616
617
616
624
608
605
113
493
602
592
705
109
596
24
573
585
118
468
698
119
579
106
473
579
717
115
603
600
1206
609
597
583
109
475
587
702
123
579
579
583
585
122
464
694
109
585
573
92
482
578
702
109
593
591
98
494
702
101
601
602
597
603
595
118
478
592
596
587
707
122
585
595
593
599
592
592
617
619
625
633
22
612
610
612
609
618
608
600
619
625
640
623
635
649
648
646
640
657
672
687
41
646
681
679
680
36
645
666
672
695
41
654
657
688
704
43
662
656
680
695
25
670
24
647
666
679
680
26
655
672
664
688
41
647
679
687
680
663
671
703
688
25
663
704
687
83
605
782
93
689
688
704
51
654
671
688
719
50
670
703
695
711
57
655
680
695
24
671
662
23
639
658
704
34
670
711
702
31
671
719
727
25
702
726
735
745
31
715
96
619
727
851
102
750
59
692
734
726
742
729
22
708
39
670
696
696
685
670
672
679
686
672
712
20
693
23
671
720
32
688
22
667
698
712
709
33
677
720
703
686
696
720
33
688
680
126
555
726
836
129
708
710
719
43
677
67
611
678
773
107
666
19
647
641
648
641
113
528
633
657
26
632
757
227
531
641
632
631
632
625
617
731
230
501
609
603
731
129
602
606
602
590
590
120
471
602
592
884
967
337
631
640
85
556
648
714
73
641
640
84
557
707
74
633
625
625
615
617
617
626
94
533
699
89
610
625
625
616
617
641
633
631
625
632
625
622
618
625
625
624
617
625
625
618
623
609
610
625
617
640
630
641
648
666
143
523
761
122
640
646
647
639
663
671
23
649
639
655
658
27
632
646
632
633
625
617
625
631
625
617
625
642
646
632
632
648
631
618
649
24
625
625
616
631
624
123
501
733
109
625
631
23
609
611
625
610
607
594
601
600
600
594
609
610
600
617
602
617
601
609
593
602
593
601
586
602
600
602
600
593
603
115
488
726
250
476
722
118
604
604
90
514
571
592
610
608
640
633
632
632
680
97
584
625
767
147
620
133
487
618
609
656
39
617
39
579
609
601
609
721
233
489
609
720
119
602
617
82
536
681
63
618
610
633
20
614
619
633
640
631
633
624
633
625
616
632
105
528
672
713
50
664
136
528
641
751
103
649
81
568
639
713
74
640
58
583
640
728
79
649
66
583
720
65
656
657
83
575
719
69
651
657
648
647
639
649
649
655
25
630
650
648
657
20
637
641
672
24
649
640
672
115
558
640
758
101
658
671
89
583
720
82
639
673
92
582
649
736
71
666
679
40
640
664
99
565
731
92
639
657
657
656
640
665
656
647
648
665
665
654
640
666
671
25
647
647
672
665
647
648
671
680
664
656
671
679
680
26
655
664
687
672
655
679
32
648
658
650
647
648
647
640
657
649
655
647
658
665
655
639
656
665
656
639
655
658
656
647
657
671
655
664
50
614
762
230
533
704
814
145
670
678
687
669
664
655
657
639
83
557
704
88
616
610
607
122
486
593
639
625
649
648
680
678
687
720
718
727
718
717
727
718
48
671
834
173
662
680
663
655
132
523
632
758
104
655
133
522
630
625
738
122
617
617
617
616
633
631
656
656
664
672
663
664
664
665
648
658
118
540
687
816
57
759
741
104
637
725
718
784
117
668
653
645
139
506
632
625
632
618
727
237
490
768
145
623
99
524
692
97
595
592
91
502
538
578
578
578
570
845
58
788
87
701
123
578
585
576
576
584
594
594
602
607
603
616
617
617
626
617
633
624
625
640
640
638
634
649
657
645
642
649
649
647
638
650
649
641
628
642
641
641
647
632
657
657
647
647
650
19
632
640
628
642
641
657
654
665
672
679
661
666
688
688
677
671
664
688
670
663
664
672
663
658
126
533
657
648
648
664
664
671
664
664
656
664
671
663
688
33
656
679
680
695
32
664
710
703
695
31
664
671
663
671
664
664
656
656
648
656
664
679
671
671
703
703
704
703
710
32
679
671
24
648
656
671
671
686
688
695
687
687
679
687
703
710
703
24
679
696
687
679
664
664
656
671
23
648
656
641
640
632
625
616
617
625
749
108
641
637
633
641
658
646
641
640
648
648
656
656
109
548
772
226
547
648
773
118
656
655
647
665
671
688
678
671
688
687
679
687
679
703
711
704
685
680
696
696
685
687
687
703
686
680
695
696
685
671
696
687
678
670
673
687
688
686
22
665
696
687
694
687
696
688
693
688
695
678
671
673
670
665
687
687
686
680
686
687
689
694
679
687
696
695
686
688
703
695
694
688
711
711
702
703
727
711
717
23
695
711
704
693
688
688
704
703
687
115
573
671
671
664
671
664
656
664
664
648
648
640
632
665
73
592
625
618
617
617
609
601
609
609
609
617
617
625
640
625
640
632
640
632
632
758
130
629
624
74
550
578
618
632
640
656
641
648
640
656
680
64
616
648
688
728
81
648
113
535
763
108
655
90
566
616
688
721
80
641
132
510
673
713
82
632
73
560
600
754
115
640
640
120
520
762
132
631
631
634
625
631
640
641
109
532
641
755
215
541
764
117
647
648
640
639
632
618
624
632
106
526
742
111
631
625
625
625
624
618
625
624
625
625
625
75
550
625
632
719
166
553
648
648
720
71
650
664
649
656
649
648
639
648
656
647
655
658
666
649
663
22
641
656
639
656
640
649
631
632
625
617
610
608
617
625
625
625
625
632
649
648
656
665
671
680
691
689
696
25
672
671
670
672
657
663
86
577
772
69
704
719
26
694
154
540
657
656
648
732
100
632
641
649
648
671
665
671
671
679
689
671
679
678
704
687
694
711
710
695
710
24
687
688
20
669
663
665
649
663
663
657
665
647
648
641
649
639
631
641
641
639
631
633
649
640
639
640
649
657
649
638
649
640
641
639
639
649
648
648
657
654
648
664
672
655
664
664
665
647
657
656
657
648
646
649
641
632
625
610
617
607
618
633
641
638
649
649
657
647
647
641
640
641
632
641
641
647
639
672
20
653
673
679
696
703
695
687
679
679
664
665
672
655
664
672
665
655
655
672
664
656
647
657
656
657
655
639
649
656
657
639
647
657
649
655
639
657
657
655
664
665
672
664
663
664
680
679
664
665
671
671
126
546
679
704
710
812
219
593
703
811
109
703
704
686
678
671
672
672
655
656
664
657
656
647
657
656
665
647
656
672
665
663
671
664
671
656
655
671
680
665
663
664
679
671
680
26
655
663
687
680
679
678
679
688
688
671
678
687
688
679
25
655
688
695
679
687
696
695
680
678
687
687
688
678
687
679
688
679
686
680
687
672
655
656
640
649
640
647
641
633
633
624
631
632
648
640
647
649
649
665
663
671
679
664
74
590
608
656
759
244
516
625
656
757
101
656
647
658
657
664
657
664
648
665
664
662
665
664
672
679
678
686
672
679
680
679
680
663
655
657
643
630
640
648
634
646
640
666
657
647
639
640
633
633
630
625
641
640
630
641
651
637
626
634
633
625
624
615
625
642
649
647
647
656
672
665
25
640
639
632
649
641
639
114
526
632
632
632
632
632
632
640
656
656
664
671
671
671
703
703
710
24
687
695
695
695
24
671
703
695
688
695
687
679
664
664
671
656
671
664
671
687
679
679
687
703
695
695
703
695
710
24
687
695
703
703
687
703
695
703
687
695
687
695
687
679
703
703
710
24
687
703
703
703
687
695
703
687
687
695
687
695
24
671
679
679
679
671
671
671
664
671
656
671
671
679
671
687
695
24
671
695
687
703
695
687
679
695
687
687
679
687
679
687
679
695
703
703
703
703
25
679
687
695
805
236
570
679
790
229
561
671
789
109
680
127
554
788
100
688
703
125
578
804
102
703
125
578
689
695
703
696
687
710
703
695
687
703
703
703
695
703
710
695
703
710
710
695
703
718
709
696
695
695
703
32
671
687
679
695
686
672
687
703
796
219
578
687
704
695
686
688
802
115
688
109
580
687
679
687
679
680
687
679
679
687
679
679
679
671
687
679
671
679
687
671
695
695
703
703
687
695
710
24
687
688
679
679
679
664
672
671
664
664
656
664
664
679
665
679
679
687
679
679
695
695
695
24
671
687
687
687
679
679
679
679
671
687
679
679
672
687
679
788
225
563
779
223
556
671
679
679
671
664
679
789
119
670
689
20
670
109
562
781
102
679
670
687
696
695
110
585
672
703
687
703
25
679
679
679
679
687
788
224
564
679
671
671
687
679
679
687
679
695
687
687
679
679
687
687
679
703
687
710
726
23
703
695
703
718
24
695
687
695
695
695
679
679
679
687
679
671
679
671
671
671
679
695
695
687
695
703
688
695
702
687
687
695
788
91
697
121
577
679
679
687
805
220
585
695
820
235
585
703
804
111
694
686
689
696
679
671
670
680
679
696
677
695
696
695
677
696
686
116
571
697
695
696
679
680
695
695
679
687
703
695
703
688
695
695
695
695
687
704
687
680
687
703
687
687
687
703
687
24
664
663
719
703
718
710
718
718
718
718
24
694
696
687
696
687
687
687
687
687
679
687
679
687
695
695
679
687
679
687
679
671
679
789
235
554
671
656
664
679
679
687
687
695
25
671
679
687
687
23
664
769
112
658
671
656
654
649
656
657
656
646
657
657
656
653
650
657
647
647
650
657
656
655
107
549
671
664
671
664
687
679
687
23
664
671
671
679
664
664
671
671
664
656
664
672
664
671
671
664
664
671
679
664
664
671
679
671
664
671
679
671
671
679
664
671
796
227
570
796
227
570
679
671
679
671
671
671
671
656
664
664
671
664
656
780
110
671
663
657
665
663
664
672
672
696
679
671
672
663
664
664
664
656
665
656
664
125
539
773
103
671
665
662
665
680
687
688
677
688
679
680
677
665
688
679
696
678
688
695
688
678
695
695
696
686
687
686
695
696
680
686
687
680
679
669
672
680
679
680
670
663
680
671
663
656
672
664
655
656
672
665
670
665
671
688
678
688
687
671
669
673
672
664
653
658
664
657
649
640
632
632
631
625
640
640
631
634
640
649
640
647
664
672
679
671
669
680
680
671
663
680
688
672
119
554
803
125
679
687
670
671
680
687
679
670
681
679
680
676
680
679
688
688
676
689
109
580
687
671
787
108
680
687
679
696
708
696
704
703
711
695
702
695
704
687
686
680
687
688
688
678
679
665
686
671
672
680
671
655
671
671
672
662
664
680
681
669
678
680
672
669
672
679
668
674
680
671
679
662
680
687
679
670
696
118
578
687
672
781
111
670
680
679
678
688
686
676
672
679
681
696
703
696
679
672
671
671
665
670
102
569
687
695
695
703
703
710
718
710
703
695
813
135
678
668
672
666
671
118
554
772
233
540
766
111
655
657
663
671
672
671
686
115
571
813
237
577
695
795
100
696
680
119
561
773
219
554
656
664
782
118
664
672
112
561
782
105
677
672
697
695
695
127
569
797
111
687
119
568
679
806
112
695
25
670
687
687
711
704
686
686
688
687
678
696
696
686
678
689
678
703
688
678
678
672
688
687
679
680
670
665
663
657
665
657
646
648
657
656
646
649
658
663
678
680
671
670
664
665
655
655
641
641
631
632
633
634
638
640
648
649
647
648
665
657
646
649
648
649
631
649
640
631
632
648
656
650
638
649
657
655
665
656
663
650
670
657
664
656
139
517
759
120
640
625
623
625
632
639
649
657
655
647
664
665
663
655
657
656
110
547
640
772
219
554
664
765
95
671
671
672
110
562
778
83
695
683
74
609
688
24
664
648
743
228
515
625
632
764
233
532
756
116
641
662
671
678
672
661
662
649
654
647
643
638
647
648
651
662
654
690
101
590
752
80
673
670
664
665
671
664
664
664
656
664
664
656
662
23
639
657
102
555
650
656
24
632
632
632
741
101
640
666
664
656
664
670
116
555
687
703
703
719
717
735
733
718
836
146
691
31
661
663
126
537
679
703
710
32
679
679
703
32
671
765
118
648
640
633
623
617
610
611
601
118
484
601
702
100
602
618
608
624
626
632
102
531
649
766
110
656
664
657
671
663
665
665
656
671
663
648
665
665
19
646
663
664
672
671
664
680
679
671
664
664
655
688
670
664
688
688
670
664
665
656
656
640
656
665
655
647
665
672
656
654
665
665
648
649
638
633
632
632
623
20
603
82
521
625
609
733
124
609
611
625
632
625
640
633
625
631
624
630
632
641
656
647
648
648
640
632
625
625
83
542
715
97
619
617
615
616
641
641
630
649
641
639
631
642
650
20
631
631
633
634
624
616
618
618
610
616
608
602
610
602
608
593
594
593
585
591
594
602
632
649
638
648
657
648
658
647
656
664
666
655
655
665
672
679
687
678
704
696
696
26
670
679
688
696
679
670
671
671
654
656
640
648
635
641
632
647
648
648
664
665
663
672
680
664
664
655
656
664
649
647
640
656
665
655
647
672
672
663
663
672
680
678
671
688
680
695
33
663
680
681
19
663
655
672
671
664
663
656
665
664
664
655
665
664
680
663
671
671
680
671
663
671
688
671
671
671
680
680
670
664
664
672
671
663
679
671
688
670
664
687
680
663
671
680
679
688
679
669
671
680
670
678
671
680
679
671
664
657
656
648
647
106
541
656
656
759
105
655
640
642
631
631
648
656
648
657
656
655
657
647
647
632
649
89
560
713
82
632
640
633
625
633
625
631
101
530
617
780
124
656
680
671
664
672
656
648
646
22
624
627
625
616
615
609
626
632
649
656
656
656
664
671
672
678
678
671
672
671
656
656
648
640
640
632
625
618
610
607
608
625
649
656
649
657
647
648
648
649
657
19
638
639
649
666
19
647
655
656
665
688
34
654
664
672
680
672
670
662
665
672
665
654
655
665
665
665
654
672
664
672
672
669
671
672
680
671
654
671
665
672
656
655
657
665
656
647
648
649
648
631
640
640
658
19
639
639
649
649
656
647
648
657
657
655
647
650
656
647
648
649
680
671
663
664
665
672
670
664
680
665
671
663
665
672
665
663
656
672
672
663
656
664
671
671
663
679
679
687
678
680
687
679
670
680
679
672
663
671
672
688
671
670
672
672
671
663
664
696
688
694
678
704
688
678
687
679
672
679
663
665
681
670
655
657
672
656
655
648
656
665
655
656
665
672
655
655
671
665
664
663
25
638
642
708
34
675
665
649
121
529
750
111
640
640
648
639
648
641
656
656
648
647
648
648
632
632
119
514
625
640
633
617
625
609
625
632
656
648
664
767
223
545
670
664
679
671
695
687
805
119
687
695
679
670
665
659
20
639
641
635
625
616
609
614
612
606
599
609
592
116
477
594
609
24
585
694
84
611
28
583
577
587
592
32
561
571
569
570
841
34
808
232
577
570
569
563
580
569
573
130
444
695
126
569
561
571
115
456
696
253
444
703
258
445
620
92
528
704
145
559
112
448
687
250
437
553
676
122
554
130
425
676
139
538
547
132
416
659
126
533
75
458
499
643
225
418
531
524
561
77
485
522
653
260
394
530
564
599
77
523
125
398
644
121
524
517
119
399
645
128
518
119
399
636
120
517
124
393
515
636
120
517
86
432
508
35
474
547
72
476
514
630
247
384
515
546
593
204
390
508
631
250
382
515
628
232
397
497
517
629
254
376
507
628
211
418
475
548
572
179
394
498
508
620
233
387
500
547
581
195
386
540
576
162
415
467
510
628
254
375
540
80
460
508
499
549
586
208
378
507
628
350
279
607
630
132
499
114
385
500
507
500
499
500
622
245
377
500
541
581
211
370
500
615
239
377
492
500
616
247
369
500
493
499
492
494
531
79
452
500
532
39
493
41
452
493
492
492
94
398
594
62
532
79
453
491
493
533
90
443
492
496
490
489
493
613
250
364
491
616
124
492
125
368
492
533
87
446
489
496
529
78
451
589
112
478
563
202
361
507
519
21
499
504
516
622
238
384
509
502
544
87
458
500
622
245
377
507
625
250
375
499
545
585
203
383
500
504
500
500
513
535
55
480
501
998
498
500
1000
502
498
509
500
500
499
500
1006
507
500
1008
503
506
550
958
443
515
1531
1014
517
1530
874
656
890
376
515
1078
602
476
1086
482
605
126
480
488
33
455
606
81
526
33
493
578
55
524
536
42
494
532
579
45
535
33
502
583
41
542
537
37
500
546
17
530
541
571
72
499
562
547
553
562
570
572
612
72
541
578
580
621
65
556
601
633
32
602
34
568
625
23
603
654
70
585
625
621
604
609
657
128
529
680
26
655
642
32
611
52
559
765
100
666
77
589
626
797
143
655
93
562
718
735
716
151
565
639
657
655
824
253
571
610
55
555
656
767
184
583
742
34
709
20
689
25
665
35
630
42
589
620
747
273
474
705
63
643
681
133
549
710
27
683
685
80
606
670
725
708
696
697
131
566
735
29
706
67
639
65
575
744
46
698
142
556
649
768
91
678
46
632
18
615
793
180
613
688
862
227
636
703
695
703
687
680
780
195
585
679
679
771
215
556
664
787
207
580
679
800
180
620
689
687
768
154
615
679
760
44
717
134
583
695
802
207
595
671
687
761
41
720
133
588
679
761
41
720
140
581
695
679
679
687
23
664
656
687
679
24
656
664
656
656
664
763
199
564
671
671
695
787
207
580
679
664
671
671
664
664
679
671
779
223
556
671
23
649
664
648
648
656
25
632
640
640
648
671
664
664
664
779
90
689
120
570
679
679
671
671
664
671
749
209
540
640
632
617
609
632
764
80
685
97
588
802
99
704
133
571
687
695
779
199
580
664
780
201
579
664
679
671
687
23
664
671
695
796
219
578
687
687
805
229
577
687
795
107
689
112
577
671
687
781
204
578
687
788
100
688
20
669
671
672
680
663
107
556
772
84
688
678
663
680
696
688
96
592
780
84
696
682
115
568
671
680
671
671
664
648
647
665
648
648
687
679
687
679
696
703
695
695
680
686
681
678
680
671
695
687
671
756
75
682
36
646
80
567
755
114
642
703
146
557
729
147
583
715
116
600
648
648
641
648
640
640
722
60
663
657
664
81
583
641
639
640
648
648
671
671
666
669
680
719
50
670
708
59
649
679
674
113
562
661
783
224
559
671
671
656
671
664
778
75
704
27
677
681
679
667
666
683
113
570
679
776
187
590
679
754
43
712
704
125
579
770
206
565
671
687
680
695
687
679
679
792
96
697
680
679
108
572
779
93
687
696
25
671
100
572
779
129
651
716
48
669
670
673
680
675
674
26
649
710
35
676
110
567
771
101
671
671
654
681
672
672
660
93
567
771
83
688
684
21
663
88
575
772
93
679
672
661
671
673
94
579
671
687
679
679
665
679
679
671
657
664
671
664
671
664
664
679
672
687
24
664
679
671
671
679
687
679
671
671
671
656
664
763
130
634
687
32
655
654
672
671
680
126
555
778
106
672
680
20
661
664
672
665
661
666
672
669
88
582
664
780
217
563
664
665
671
671
679
672
679
664
695
679
703
695
679
718
31
687
718
48
671
671
663
664
695
680
695
703
718
710
710
710
24
687
734
39
695
809
122
687
695
696
101
595
679
786
115
671
680
671
665
661
95
566
671
778
99
679
108
572
784
95
689
108
582
760
89
671
111
561
671
655
656
657
656
646
642
750
213
538
632
625
616
616
617
650
648
663
656
657
664
665
655
657
656
657
656
762
214
549
656
656
657
655
649
648
671
679
679
670
672
679
679
688
679
671
671
664
671
665
664
656
665
671
671
657
664
679
679
665
664
687
679
671
664
671
671
671
656
664
656
664
648
656
648
671
664
656
656
664
656
656
656
664
671
664
664
671
679
671
664
679
664
664
664
671
664
664
648
664
664
656
664
664
664
679
671
664
768
88
681
21
660
93
568
656
656
744
98
647
650
91
559
754
214
541
648
656
648
751
208
544
648
679
761
205
557
728
72
657
644
649
648
687
34
654
665
656
652
634
688
56
632
672
132
541
640
656
648
664
656
648
648
640
640
648
640
648
640
664
656
671
656
648
664
664
648
656
656
664
656
648
656
762
134
628
52
577
657
664
664
665
671
679
787
120
667
85
583
787
123
665
101
564
648
753
96
658
648
649
640
647
641
629
691
27
664
646
657
19
638
698
28
670
670
665
664
38
626
677
665
656
638
96
543
657
657
664
671
679
671
665
679
687
688
687
679
679
777
329
448
155
294
501
665
750
113
637
670
22
649
29
621
651
26
625
22
603
646
50
596
612
617
652
72
581
624
621
626
627
673
65
608
633
627
613
643
63
580
619
637
27
610
40
571
638
30
609
31
578
625
27
599
25
575
622
625
619
653
20
633
640
639
632
649
649
638
19
620
649
655
682
54
628
693
38
656
20
636
666
673
664
672
48
625
685
38
648
646
658
35
623
638
675
658
27
632
662
34
628
666
662
674
40
635
53
583
656
648
656
664
664
656
664
664
679
679
679
679
695
25
671
679
671
656
767
209
559
769
204
566
664
671
760
107
654
665
657
664
113
551
640
737
112
625
653
673
113
560
737
90
647
639
642
29
614
631
633
643
627
39
589
608
636
20
616
611
86
525
716
91
626
639
639
632
634
640
632
639
634
625
624
617
626
615
603
618
606
600
635
641
632
631
625
625
640
625
632
633
640
632
632
640
648
640
638
642
640
656
647
23
625
641
641
648
648
647
641
640
657
647
656
656
672
663
663
665
696
687
680
35
646
672
671
680
28
653
672
671
672
663
648
657
665
663
24
639
649
665
648
639
648
656
640
648
641
648
648
632
649
664
648
639
657
656
665
656
648
657
656
664
664
665
655
664
648
657
655
665
663
656
672
671
656
672
663
649
657
646
642
641
631
639
624
633
625
632
630
618
625
619
615
626
616
625
618
618
614
618
617
633
624
122
502
634
640
640
632
640
640
746
107
639
632
633
632
625
626
632
632
632
630
640
640
657
662
672
688
695
32
663
673
668
29
640
659
657
648
637
637
630
632
625
631
623
625
631
625
633
641
632
630
634
638
647
641
652
647
631
632
632
632
623
626
633
640
631
630
634
641
649
647
640
648
657
664
647
649
655
649
649
649
638
641
657
657
19
639
105
534
641
656
648
648
656
664
788
225
563
671
679
671
664
656
671
779
238
541
656
648
656
756
217
540
656
656
764
210
555
664
679
687
687
679
687
703
39
664
687
679
670
664
656
656
656
648
648
656
648
640
656
656
648
664
656
679
664
664
671
670
665
656
671
664
656
656
664
664
656
664
664
664
656
671
671
664
770
114
657
110
547
664
24
640
656
679
771
92
680
664
664
130
534
746
124
622
618
617
600
602
598
115
484
595
708
224
485
593
989
158
831
240
592
611
21
591
588
581
580
117
463
684
115
570
592
120
473
579
322
257
441
139
303
17
287
368
708
123
586
583
304
280
463
159
305
446
685
377
308
2951
2674
277
295
3999
3999
3999

