04-08-2022 - 15:38 - Correr
Nancy Alvarado
Intervalos entre latido y latido
668
658
691
702
702
22
680
712
717
713
709
705
717
711
696
691
692
713
721
734
26
709
700
730
728
727
722
748
748
732
720
749
742
731
717
722
732
728
724
712
732
714
706
709
717
708
698
699
726
733
32
701
691
708
717
714
709
702
716
717
25
693
687
685
710
726
722
708
22
687
686
698
698
704
711
720
725
718
731
728
750
24
726
732
27
705
690
697
707
724
709
703
721
711
707
704
706
725
715
719
716
28
688
678
693
705
718
21
698
699
709
719
718
712
700
696
704
695
694
692
693
708
737
23
715
701
698
700
706
696
689
718
713
706
705
720
706
706
717
724
731
712
695
699
697
698
691
690
707
716
20
697
699
721
720
712
709
727
744
728
725
728
724
722
715
736
736
722
721
731
739
725
721
727
730
718
721
729
725
714
704
729
715
706
697
720
706
704
708
696
688
693
696
697
698
692
683
690
694
691
683
698
712
704
695
707
716
706
706
711
721
719
706
703
710
708
697
708
716
714
702
701
708
704
695
692
712
712
728
35
694
689
691
696
686
693
691
711
722
738
35
703
696
693
695
704
692
682
697
692
708
689
683
681
674
20
655
651
640
629
629
644
670
686
684
676
44
633
627
640
633
626
633
639
664
670
675
28
647
652
22
630
625
637
674
704
699
775
828
836
41
796
811
809
788
51
737
21
717
720
21
700
707
725
739
750
749
31
718
704
708
723
726
750
737
734
22
712
701
708
725
21
705
728
730
43
688
677
19
659
23
636
635
637
23
615
614
631
624
614
629
618
609
609
610
610
608
599
602
596
595
596
586
580
592
600
620
642
640
642
630
624
609
612
606
596
605
597
589
592
591
593
589
600
604
600
600
615
620
607
602
612
609
604
617
603
611
614
601
605
597
583
586
587
591
604
622
615
604
606
615
625
624
631
652
670
692
710
21
690
674
660
675
680
672
669
682
703
710
712
700
693
702
706
691
25
666
675
695
700
22
678
720
725
742
733
21
713
708
725
723
33
691
694
715
741
771
756
745
750
35
715
34
682
717
738
737
719
748
753
767
21
746
33
713
721
722
706
688
703
729
723
726
744
767
770
767
761
21
740
741
27
714
697
22
675
670
665
696
735
764
784
31
753
49
705
694
708
712
704
705
732
23
709
703
22
681
685
698
722
708
706
689
680
687
704
725
750
747
28
720
717
720
722
728
731
738
751
759
754
21
734
742
746
739
728
734
745
754
760
746
26
720
702
697
697
679
47
633
619
630
659
693
725
723
723
715
724
728
727
727
714
710
716
724
714
734
719
700
706
720
712
738
718
23
696
717
735
730
23
707
746
763
22
742
26
716
729
735
730
720
26
695
709
720
719
708
717
717
705
26
679
674
684
710
748
778
783
22
761
760
22
739
721
24
698
712
737
761
758
742
733
743
757
760
23
737
29
709
712
720
744
749
750
737
720
709
736
749
778
781
31
750
747
34
713
702
725
738
775
31
745
38
707
710
731
754
772
763
760
26
735
737
29
709
696
689
708
718
710
738
761
780
762
744
726
724
720
718
728
737
733
726
22
704
694
705
703
703
708
708
726
742
736
738
738
724
713
34
680
41
640
663
679
696
684
706
718
733
721
717
702
683
678
692
711
718
733
23
711
699
683
33
651
676
699
721
706
687
713
711
705
22
683
669
30
639
666
679
702
703
685
677
668
675
682
668
23
646
23
623
21
602
604
615
637
663
688
675
680
674
674
679
680
685
696
709
717
701
694
677
682
704
712
700
686
707
715
24
692
674
666
681
704
697
693
696
700
712
718
22
697
700
701
703
704
692
699
710
709
727
30
698
696
716
729
726
727
723
731
721
736
31
706
690
701
708
703
690
696
694
702
711
695
682
666
680
688
691
676
682
705
708
712
20
692
685
675
685
694
708
696
683
690
682
699
695
707
700
704
714
704
697
705
712
737
720
713
708
718
706
700
700
720
730
726
722
708
709
709
708
704
703
718
714
724
711
715
23
693
682
675
692
715
734
733
738
736
22
714
698
688
684
697
734
758
748
757
750
750
747
737
30
708
689
684
696
721
711
724
756
763
770
752
736
736
725
723
721
727
22
705
711
21
691
24
668
666
662
674
673
19
655
22
634
716
726
741
739
730
729
25
704
685
21
665
34
631
620
613
636
626
618
629
625
618
612
608
605
597
585
581
572
560
574
578
590
648
663
741
736
743
772
792
798
26
773
775
786
787
791
791
40
751
752
32
721
708
711
715
734
725
732
737
749
753
755
746
734
716
719
717
723
737
743
35
708
714
714
715
696
691
698
705
730
722
738
25
713
20
694
688
703
712
714
720
33
688
678
674
691
703
696
22
674
693
714
753
753
29
725
720
20
701
21
680
683
706
735
754
29
726
734
718
31
687
691
703
689
679
708
708
697
691
701
720
705
689
676
686
675
669
667
682
708
720
707
733
741
34
708
25
683
698
711
705
705
708
724
753
776
41
735
733
727
734
752
750
734
24
710
38
673
679
36
644
24
620
636
672
725
739
21
718
721
736
753
779
42
738
36
702
696
705
694
33
661
664
691
727
758
745
24
721
756
766
22
745
21
724
730
751
770
782
38
744
761
764
769
751
745
753
762
23
740
33
707
724
745
767
763
21
743
737
757
751
26
726
723
758
789
37
752
748
21
727
35
693
21
672
674
662
22
640
641
644
642
639
632
25
608
601
605
612
619
631
626
630
26
605
614
617
637
703
761
790
811
803
802
42
761
26
735
733
42
691
703
704
686
678
691
695
690
701
38
663
650
650
650
664
675
683
679
696
706
726
747
22
725
22
703
708
708
709
706
693
683
686
691
694
711
692
693
697
702
704
22
682
668
20
649
657
657
666
654
667
690
725
737
37
701
686
679
665
23
642
635
647
676
709
726
743
31
712
719
718
719
726
713
697
697
693
712
719
100
619
788
87
701
709
697
688
706
714
727
21
707
690
714
726
732
26
706
696
698
709
731
738
727
721
30
692
703
699
716
724
22
703
23
680
694
718
755
758
745
45
700
696
698
683
671
682
682
679
666
687
708
714
46
669
665
674
664
657
646
656
682
707
744
743
37
706
693
714
713
731
715
699
694
708
696
689
676
680
695
709
731
761
54
708
698
715
702
707
25
682
667
666
668
685
701
709
724
37
687
674
674
671
679
673
670
687
707
723
746
728
711
702
714
709
692
678
703
720
730
748
22
726
23
703
694
709
711
713
707
726
722
732
748
32
716
703
708
709
709
708
702
728
716
713
25
688
708
743
748
31
717
718
729
724
25
700
25
675
676
697
705
700
712
702
699
700
720
715
300
416
953
251
702
712
713
708
708
719
762
775
38
738
735
742
758
777
779
37
742
743
22
721
29
693
28
665
687
679
678
717
744
767
748
27
721
703
717
739
762
767
34
734
27
707
46
661
648
669
665
693
730
746
734
37
697
727
742
776
29
748
29
719
27
692
706
721
712
23
689
716
737
731
749
749
734
28
707
724
742
732
736
750
769
785
23
762
771
755
31
725
725
739
728
722
721
727
757
753
25
729
722
728
728
731
746
31
715
25
691
706
720
710
696
724
748
765
758
44
715
23
692
698
696
697
687
694
703
731
719
705
712
730
720
707
729
736
728
722
717
24
694
684
703
709
732
735
718
709
732
713
22
691
22
670
691
707
750
740
37
703
725
744
753
735
21
715
724
726
741
746
25
721
705
715
729
750
38
712
717
27
691
676
669
688
695
707
721
726
749
26
723
33
690
704
710
723
737
22
716
721
27
694
676
706
719
743
732
718
727
750
750
754
27
728
42
686
694
715
731
739
732
716
702
727
734
26
708
695
721
731
734
30
705
725
733
730
727
736
30
706
25
681
684
691
718
24
695
29
666
675
688
692
678
667
666
667
670
676
694
737
767
764
755
738
24
714
696
691
673
675
682
730
758
770
763
745
733
57
677
672
672
702
718
24
695
48
647
647
660
663
665
651
678
705
707
691
677
697
724
750
24
727
25
702
720
723
26
698
687
674
696
709
700
34
666
21
645
711
708
717
713
713
715
38
677
29
649
683
692
685
667
25
643
631
643
658
650
660
646
648
635
625
634
637
677
702
20
682
667
654
681
694
691
715
745
779
799
45
755
41
715
703
702
705
719
702
697
30
667
33
635
624
630
626
634
644
669
711
725
735
716
720
726
731
746
738
27
711
703
692
681
28
654
661
699
743
783
786
43
743
32
711
724
719
710
697
698
715
754
758
738
742
763
781
807
819
823
60
763
746
749
766
773
771
760
22
739
735
769
784
809
796
27
770
785
769
782
804
49
756
34
723
724
734
727
21
707
718
739
759
768
21
747
25
722
721
715
698
681
666
677
691
681
683
702
740
773
757
757
743
28
715
714
730
738
731
724
764
768
758
26
733
728
738
761
27
735
736
727
713
697
717
734
734
747
728
24
704
711
710
735
741
30
712
708
720
707
699
698
710
736
747
751
25
727
721
728
28
701
686
693
719
709
705
736
754
750
742
732
720
711
701
29
672
689
685
672
655
668
678
666
35
632
632
655
674
666
674
694
724
708
717
711
703
695
716
745
755
750
764
762
26
737
731
729
721
734
30
705
689
711
726
746
27
719
21
699
718
741
759
767
26
741
35
706
20
686
687
699
714
25
690
674
687
704
709
707
711
731
750
765
745
768
29
740
726
745
741
774
758
31
727
750
771
777
24
754
750
760
782
787
43
745
764
24
740
29
712
738
763
802
813
34
780
785
28
757
747
743
750
24
727
708
741
776
797
787
26
761
749
761
761
757
772
30
743
26
717
734
736
750
740
25
715
704
720
737
770
791
796
780
772
760
745
746
25
721
708
722
773
783
766
762
768
778
782
764
771
767
754
757
738
721
724
706
693
688
692
713
752
765
749
745
736
750
778
792
788
791
28
764
32
733
31
702
713
730
765
795
805
791
781
28
753
735
754
754
744
27
718
705
737
777
809
806
796
57
740
746
730
34
697
696
717
750
772
758
24
734
754
761
783
45
739
722
21
702
699
729
735
719
736
759
757
762
763
744
730
750
760
753
752
735
720
723
733
770
774
777
772
765
745
731
32
700
28
672
679
710
738
765
786
23
764
30
734
738
754
768
768
777
27
750
34
716
706
718
738
754
746
743
723
709
706
723
33
691
25
666
673
695
717
732
763
765
34
732
714
729
743
22
721
49
673
22
652
663
697
701
693
678
687
714
739
736
751
745
23
722
727
730
730
749
753
745
742
737
733
28
705
27
678
676
711
756
758
766
775
761
761
766
27
739
736
739
750
770
790
796
789
786
32
755
744
753
760
794
784
781
784
770
23
747
744
761
777
769
781
25
756
751
759
763
26
738
738
749
766
770
788
795
785
771
35
737
726
711
21
691
689
722
770
793
774
30
744
783
798
779
38
742
776
770
759
771
33
739
719
716
736
760
790
804
806
797
798
788
23
765
48
717
22
696
22
674
668
680
713
738
755
29
727
711
738
742
768
761
743
35
708
748
746
22
724
712
732
759
772
779
776
758
35
724
732
744
757
741
729
741
772
765
786
775
759
784
786
786
777
41
736
741
758
773
791
30
762
775
791
812
834
824
30
795
793
37
757
23
735
750
770
805
804
789
781
38
744
21
723
720
730
762
787
768
23
746
31
715
734
728
754
749
740
750
765
753
738
730
730
720
34
686
695
712
728
712
699
716
724
746
745
766
24
743
738
740
26
715
704
724
751
791
813
808
801
785
788
767
23
745
743
753
763
756
767
772
797
785
43
743
33
710
695
705
729
729
724
25
700
725
732
733
720
734
747
764
754
774
758
32
727
727
743
749
763
60
704
39
665
669
679
670
706
723
736
742
745
28
717
36
682
693
719
762
788
798
24
775
28
748
739
742
764
766
752
757
25
733
21
712
730
752
797
803
808
819
809
28
782
779
772
756
32
725
23
702
720
746
737
723
760
794
802
784
790
33
757
35
722
35
688
726
765
815
830
814
26
789
794
27
768
49
719
724
758
789
774
816
816
820
832
23
809
804
783
32
752
739
741
731
757
781
777
28
750
740
756
788
786
775
784
27
758
738
761
772
799
821
811
801
781
775
781
776
29
747
742
27
715
31
685
708
751
760
760
742
46
696
694
709
700
21
680
666
688
731
762
801
812
57
755
39
717
742
747
743
734
750
776
792
817
27
790
23
767
21
747
750
755
782
773
762
790
791
31
760
756
760
784
788
777
38
739
728
735
750
774
781
770
782
771
24
747
737
751
783
802
811
791
39
752
757
755
760
28
733
33
701
718
734
759
768
752
757
26
732
53
679
29
651
637
649
654
701
717
752
770
772
35
738
39
699
711
729
748
733
727
743
750
776
787
25
762
43
720
718
727
737
738
21
717
715
723
750
766
768
778
768
29
740
31
709
28
682
678
694
715
746
751
733
42
692
675
686
725
768
806
799
801
796
26
771
757
761
746
772
794
45
750
22
729
732
739
755
760
21
740
777
782
798
803
27
776
769
777
29
749
29
720
727
718
717
21
696
27
670
668
699
717
736
718
723
750
774
795
807
40
768
29
740
730
712
700
700
707
753
783
775
34
741
760
767
780
29
751
30
722
743
747
781
783
768
27
742
741
755
750
744
737
30
708
737
736
783
773
753
28
726
725
719
22
698
23
675
683
711
736
765
752
747
761
766
769
769
758
33
726
718
712
702
697
880
73
808
787
24
763
47
717
45
673
666
683
683
687
682
690
690
693
683
674
666
22
645
648
647
650
679
687
671
666
668
666
26
641
692
741
740
50
690
24
666
662
655
657
646
20
626
635
638
656
659
651
23
629
627
625
624
628
659
650
664
675
24
652
643
686
696
24
672
663
670
671
690
716
701
696
707
718
734
714
711
717
732
737
739
724
41
684
700
703
720
705
699
721
743
761
50
712
725
784
41
743
742
733
736
723
718
725
726
39
688
176
512
956
171
785
803
827
26
801
66
736
729
772
805
807
801
32
770
53
718
716
777
788
810
826
30
796
48
749
744
819
857
33
824
823
36
788
40
748
790
784
800
795
28
768
763
34
730
22
708
21
688
680
674
696
695
718
724
726
28
699
703
28
675
674
698
703
705
698
702
698
694
680
1370
699
671
707
23
684
673
684
688
698
706
711
712
699
683
703
718
708
695
703
698
680
699
713
725
725
722
736
722
722
722
732
747
752
744
740
733
731
717
715
707
732
757
772
764
24
740
737
40
698
692
693
696
716
729
720
20
701
688
692
694
690
689
708
727
739
728
729
26
703
704
701
687
687
697
693
703
689
701
719
726
734
29
705
726
713
716
716
713
28
685
691
20
671
680
706
695
34
661
643
649
679
688
697
697
678
698
708
709
705
702
725
743
753
28
726
718
743
23
720
42
679
689
684
692
699
709
734
725
741
746
739
735
729
27
703
709
711
711
707
22
685
688
695
702
702
684
693
720
749
780
780
29
751
763
764
775
28
747
45
702
699
712
728
721
731
751
786
796
788
33
755
737
742
743
746
737
717
708
713
737
757
795
809
797
778
772
762
40
723
714
25
690
705
724
734
726
729
734
750
737
719
726
724
20
704
713
734
769
798
794
798
789
35
754
750
731
711
708
704
708
729
750
750
742
36
706
705
695
703
697
696
695
724
730
728
725
755
785
806
797
39
759
747
745
759
783
791
789
774
773
756
738
28
710
693
705
729
792
838
45
794
799
52
748
730
23
708
738
770
788
797
33
764
50
715
713
719
746
755
735
33
703
30
673
662
669
664
666
681
692
689
711
706
52
654
648
655
662
697
719
705
735
746
729
720
740
747
750
778
779
22
757
748
766
769
775
786
25
762
756
775
784
789
25
764
770
791
804
817
825
820
43
777
765
25
740
727
720
29
692
696
696
24
672
681
745
791
31
760
31
730
755
758
743
25
719
717
717
712
710
33
678
706
722
742
758
27
732
28
704
699
26
673
657
643
660
683
691
708
747
755
780
22
759
744
748
734
734
731
754
769
756
759
27
733
721
705
694
20
674
28
647
645
650
654
664
706
720
713
763
24
739
749
763
49
715
739
742
726
744
739
731
713
711
725
729
738
723
705
701
692
689
693
699
690
685
681
677
681
695
726
739
733
730
711
699
690
711
716
723
734
718
701
22
679
685
690
697
688
698
703
713
710
714
708
712
711
724
711
700
703
696
691
702
724
733
731
722
709
713
741
754
737
730
745
758
751
734
740
738
21
717
729
739
30
709
709
724
722
710
708
719
726
731
723
726
717
711
709
715
722
742
758
763
24
739
735
21
715
707
709
721
723
730
741
753
762
754
737
27
710
698
708
715
742
723
713
742
750
763
34
730
710
720
725
736
741
741
24
717
710
724
734
736
25
711
698
699
701
701
33
668
21
648
653
667
692
721
723
709
726
754
742
727
746
786
62
724
32
692
710
23
688
673
665
720
757
786
811
792
777
770
756
753
736
28
708
704
723
756
769
786
22
764
745
746
28
718
20
699
34
665
694
719
25
694
728
763
792
792
792
797
794
35
760
746
748
27
721
739
765
807
846
860
859
44
815
812
833
828
27
801
784
801
803
25
778
778
788
791
770
768
772
760
744
744
761
762
750
740
736
748
745
741
732
754
758
23
736
732
737
754
755
752
755
738
720
728
755
766
751
746
771
776
761
774
774
27
747
25
722
752
768
756
759
779
777
762
750
745
762
745
742
742
755
746
730
723
733
740
734
738
738
751
767
29
739
754
739
736
752
752
22
731
742
750
757
754
759
21
738
733
745
761
751
745
751
769
771
25
746
750
763
769
756
749
755
773
766
758
753
768
766
21
746
744
756
759
753
745
755
757
772
23
750
751
29
723
722
738
745
751
756
780
787
786
781
789
784
24
760
745
749
738
725
718
725
730
747
768
29
740
735
735
739
736
730
740
750
756
750
771
28
743
737
748
764
766
750
743
754
740
738
754
772
775
759
745
730
738
737
727
722
735
744
736
719
724
726
746
737
738
732
742
23
719
719
737
749
750
755
21
735
722
719
724
734
24
711
711
725
731
728
747
22
725
715
719
738
753
742
733
729
746
757
24
733
738
743
742
729
729
729
737
735
722
727
735
734
719
721
729
730
724
728
734
23
711
705
715
719
718
712
707
715
707
728
730
712
696
711
719
727
714
715
722
731
740
25
716
715
714
713
730
711
717
721
728
735
737
723
721
714
718
714
733
747
730
288
443
1024
310
714
702
704
719
739
763
752
21
732
748
755
738
728
717
718
734
721
735
721
706
715
722
727
726
737
743
734
732
736
738
733
732
738
735
720
719
729
735
722
718
732
747
740
738
740
758
746
734
750
750
737
732
744
752
752
22
731
715
730
729
737
718
711
727
725
735
727
727
736
733
720
726
736
742
731
740
725
20
705
20
685
691
709
720
716
727
744
750
748
745
730
713
720
723
715
713
735
735
729
731
719
710
708
725
743
733
750
24
727
716
711
719
730
725
720
731
741
735
720
709
725
734
21
714
707
715
726
716
714
715
719
709
731
719
708
709
725
730
721
728
738
733
722
729
745
742
738
718
733
730
733
714
720
732
740
729
737
745
24
721
724
727
729
716
718
722
732
741
734
755
750
734
27
708
713
725
734
716
729
736
739
727
720
735
741
732
731
736
743
727
720
723
727
722
733
724
22
703
692
697
709
729
709
727
713
706
713
726
732
732
721
104
617
878
134
744
758
29
729
710
742
736
732
728
720
746
754
21
734
733
744
746
732
732
725
730
729
728
713
737
745
731
723
741
740
731
730
736
744
743
740
750
754
748
21
727
731
727
722
717
722
710
711
708
726
731
718
714
723
728
730
743
724
714
705
710
717
709
708
708
729
728
719
715
706
713
717
712
706
703
705
712
706
703
711
710
706
702
704
708
706
698
686
704
710
703
696
709
705
708
693
689
681
695
678
670
672
687
694
703
689
684
684
666
683
31
653
23
630
19
612
600
23
578
583
587
586
590
587
583
588
601
608
606
629
621
621
18
603
604
594
592
587
585
583
591
591
590
585
586
583
583
588
589
588
599
628
645
638
651
668
667
657
640
643
641
632
618
623
606
592
584
583
580
581
577
575
580
573
575
565
572
562
562
558
554
564
549
548
545
545
544
546
541
547
541
541
540
536
534
534
536
539
535
535
535
534
537
534
539
538
538
537
536
536
530
532
530
530
527
531
531
527
529
527
529
530
529
534
534
529
536
530
527
527
526
531
522
527
521
522
521
516
520
519
516
515
515
520
514
514
514
512
513
511
516
510
509
507
510
511
506
506
507
509
501
502
504
505
500
501
506
505
500
503
507
504
502
502
506
502
501
500
504
504
503
500
504
502
498
500
504
500
498
497
498
499
493
495
500
498
495
494
500
497
492
493
495
494
489
490
494
490
490
492
497
491
491
495
497
494
495
498
496
497
496
495
493
494
500
499
499
498
500
503
497
498
499
498
496
493
500
493
492
496
494
495
493
496
492
491
499
494
493
496
499
490
492
496
494
491
494
495
491
491
497
493
490
495
500
498
500
496
507
504
500
507
508
504
508
511
514
509
517
520
514
511
520
527
526
519
516
518
513
507
510
507
504
508
506
510
506
516
527
516
530
540
535
533
541
541
19
522
531
538
538
549
552
562
561
554
554
545
563
562
558
552
561
566
569
567
585
592
19
574
585
623
38
585
616
609
598
613
608
607
611
604
630
650
38
612
619
630
48
583
628
28
601
586
23
564
577
584
593
588
618
602
632
731
21
710
24
687
32
656
674
25
650
37
613
18
595
621
634
633
621
619
627
640
633
663
678
668
654
24
630
655
663
646
27
620
637
643
638
21
618
625
632
20
613
30
583
622
661
702
736
749
737
38
699
35
664
661
685
702
696
694
719
755
816
59
757
49
709
743
26
717
21
697
722
751
31
721
736
751
22
730
29
701
718
711
20
692
699
714
697
24
674
715
746
734
66
669
45
625
629
648
635
663
672
691
716
728
24
704
27
677
718
715
22
694
725
734
729
753
769
29
741
29
712
737
723
722
22
701
39
662
37
625
629
647
654
695
754
778
777
757
49
709
702
704
756
823
843
50
794
24
771
42
730
750
775
806
795
888
918
81
838
54
784
791
27
765
779
816
31
785
779
816
25
792
772
787
792
26
767
21
747
782
801
784
23
761
760
794
27
768
756
769
791
782
764
756
774
768
751
751
766
24
743
723
744
758
759
744
764
768
752
750
757
757
32
726
735
750
763
769
775
33
743
24
719
733
753
749
741
778
788
789
24
765
766
767
763
744
758
787
766
750
781
776
771
22
750
761
766
29
738
729
748
766
23
743
728
751
748
760
743
753
776
776
27
750
21
730
750
753
754
745
777
770
750
750
778
778
25
753
746
755
760
773
753
744
743
751
741
721
740
738
738
743
755
739
737
743
730
714
716
733
26
708
692
695
691
678
669
667
672
662
669
669
162
508
908
206
702
715
715
720
715
726
739
733
721
740
739
23
717
714
725
731
712
701
708
723
713
706
712
723
715
704
704
710
718
736
24
713
700
22
679
710
726
718
732
763
38
726
707
44
663
34
629
21
609
600
589
588
594
601
622
637
654
661
674
698
707
21
686
681
667
666
665
666
653
666
673
688
694
20
675
698
706
708
700
692
694
696
691
686
690
685
697
708
706
688
694
676
661
652
656
660
667
679
662
644
628
616
605
595
608
633
646
641
643
668
673
669
667
656
668
682
688
687
679
681
697
706
697
692
709
720
716
708
713
711
709
699
698
710
711
699
699
699
715
708
700
688
696
691
696
685
675
682
680
674
680
685
679
22
658
661
654
665
667
670
677
686
692
718
24
695
706
29
677
673
667
679
680
676
681
673
694
686
695
678
20
659
645
637
659
671
669
665
657
20
638
639
636
648
672
691
687
684
683
672
656
664
34
630
614
616
638
672
692
687
708
736
732
725
725
732
34
698
679
678
680
671
665
648
635
642
636
625
627
18
610
612
609
602
602
600
589
592
600
611
634
657
675
673
690
702
713
713
705
702
707
707
697
709
709
697
22
676
682
684
701
687
683
697
715
715
722
710
697
706
708
703
705
699
710
712
705
697
701
701
712
25
688
693
690
693
705
691
688
696
717
702
715
23
693
701
698
699
691
714
28
686
696
698
697
693
691
699
700
694
706
702
691
689
689
683
672
678
679
681
675
679
682
689
690
680
684
683
685
677
674
672
669
664
677
670
672
675
676
680
671
674
675
683
694
681
681
665
671
682
672
663
665
671
677
684
692
692
679
667
663
681
699
709
714
32
683
680
669
677
672
26
647
642
654
641
21
621
625
617
608
623
630
645
658
683
697
711
743
768
761
754
761
744
735
747
732
741
722
708
704
705
708
714
705
704
702
696
695
700
706
708
720
723
736
729
734
727
723
730
734
742
736
733
718
725
722
729
723
724
727
731
733
738
735
739
730
720
719
709
710
723
722
729
728
720
726
722
714
709
711
710
696
26
670
679
690
700
699
691
697
704
698
696
696
705
701
690
698
703
711
710
738
742
722
719
708
705
705
704
701
36
666
672
35
637
630
18
613
628
702
23
679
675
695
693
29
665
677
672
657
655
648
656
638
648
648
658
657
650
638
632
617
609
605
609
620
623
615
614
1021
481
541
16
525
260
265
1884
187
1698
1421
277
581
1048
3999
3999
3999

