07-09-2022 - 15:10 - Correr
Teofilo Alonso
Intervalos entre latido y latido
650
651
650
653
658
671
691
702
708
719
729
725
725
740
744
741
745
743
738
730
718
727
726
720
709
696
701
705
710
713
717
715
724
724
727
728
728
723
724
724
716
726
743
753
757
755
760
751
742
766
771
770
771
766
766
779
770
34
736
728
717
719
708
702
689
22
667
181
487
765
89
677
663
659
655
650
640
650
648
642
640
632
628
623
625
629
635
643
646
650
647
646
643
636
637
630
635
637
638
630
633
638
640
636
635
628
637
640
637
635
632
619
626
635
629
637
638
647
643
644
633
629
622
616
617
626
629
619
621
619
618
49
569
645
19
627
627
633
628
634
642
649
655
645
634
644
645
644
638
650
652
3999
3999
3999
3999
3999
3999
3999
3999
3999
3999
3999
3999
3999
3999
3999
3999
3999
3999
3999
3999
3999
3999
3999
3999
3999
3999
3999
3999
3999
3999
3999
3999
3999
3999
3999
3999
3999
3999
3999
3999
3999
3999
3999
3999
3999
3999
3999
3999
3999
3999
3999
3999
3999
3999
3999
3999
3999
3999
3999
3999
3999
3999
3999
3999
3999
3999
3999
3999
3999
3168
777
776
771
772
786
786
780
794
799
801
807
832
842
825
808
810
801
32
770
25
746
747
762
758
750
734
734
741
806
827
813
805
795
787
774
763
757
743
734
726
730
734
738
736
742
750
754
755
755
747
746
752
757
760
762
762
748
730
722
707
695
677
661
660
658
652
649
646
638
627
625
621
611
612
619
621
619
619
621
617
618
623
625
631
631
640
644
638
641
637
638
637
624
626
625
626
629
623
627
630
626
631
633
642
641
637
640
640
647
651
666
664
657
662
256
407
916
253
663
661
658
646
637
633
630
629
625
614
615
604
599
598
591
595
591
584
580
576
577
577
576
573
578
579
577
569
566
567
563
564
570
572
567
577
578
580
579
577
582
582
581
579
587
587
588
596
599
612
612
613
607
602
602
605
603
603
595
593
592
597
598
596
593
590
599
615
615
614
606
601
597
598
597
598
590
588
589
596
598
596
598
601
588
583
583
577
577
575
578
578
581
586
592
592
593
592
585
582
582
587
591
588
588
589
595
589
587
584
586
583
583
582
587
585
590
587
583
583
581
573
572
575
566
566
561
559
566
564
562
561
561
559
558
558
563
566
570
572
574
579
586
588
590
587
587
584
590
589
588
583
577
579
572
567
562
565
571
578
582
586
594
603
599
604
621
650
657
655
653
651
651
650
639
624
612
605
602
599
613
624
618
622
624
622
620
620
623
626
645
657
666
669
662
660
673
679
680
274
407
953
286
667
662
658
662
671
665
669
683
691
686
681
674
670
670
669
666
666
650
644
655
663
665
656
659
664
663
650
647
651
652
650
646
643
639
636
626
617
610
617
638
645
652
657
655
671
677
690
684
693
686
677
679
686
688
692
699
718
734
740
755
763
765
777
767
762
769
757
752
746
738
734
740
734
725
722
714
712
706
708
706
706
704
701
690
679
679
682
704
706
714
717
713
697
686
672
668
667
667
666
671
667
671
666
664
665
662
667
668
669
679
682
691
690
696
702
700
706
707
701
696
686
678
678
669
672
672
663
659
681
691
696
698
702
709
709
708
705
707
698
695
691
684
682
679
676
675
666
662
654
647
641
637
638
640
636
636
640
644
648
646
643
642
648
649
647
648
648
646
646
650
651
649
648
649
644
645
641
638
635
633
638
642
637
639
640
638
645
652
659
670
672
656
644
651
669
691
681
675
658
655
661
23
639
639
627
619
612
602
605
594
593
593
591
591
591
591
589
588
583
582
579
581
582
583
586
589
587
584
585
585
584
583
580
585
583
584
583
582
580
579
572
575
576
578
579
583
595
600
604
213
392
809
201
609
602
602
601
602
602
604
606
608
608
601
602
614
624
633
642
643
645
647
655
656
651
648
646
651
655
650
648
653
653
661
663
668
666
664
664
664
664
656
654
666
666
665
673
679
683
684
683
677
668
666
674
688
699
706
716
729
730
728
725
721
738
746
738
733
739
746
743
728
714
699
714
717
715
721
723
719
721
718
712
721
725
723
728
729
745
751
755
753
755
760
757
752
750
803
818
30
788
807
811
43
768
753
766
770
781
765
31
735
736
26
710
701
698
683
679
674
22
653
665
673
693
710
723
726
734
744
737
736
729
738
734
737
731
734
721
704
705
711
708
714
719
731
733
751
772
778
780
765
764
763
759
746
748
758
761
755
748
748
744
735
725
722
720
716
715
718
719
21
699
24
675
678
705
711
710
711
732
738
750
751
750
758
754
750
750
748
755
747
746
732
718
703
699
690
686
695
694
696
702
697
695
687
676
678
678
683
680
679
681
683
684
686
685
685
681
674
675
668
665
660
661
667
677
686
694
702
720
711
697
681
694
687
670
688
685
696
697
693
710
718
721
723
718
734
741
753
767
768
781
774
769
753
755
768
770
760
763
777
776
773
769
784
776
771
765
767
750
745
736
745
746
747
745
753
753
754
746
741
759
764
765
757
761
774
778
776
759
757
751
752
750
748
771
772
773
766
764
775
778
780
780
771
777
779
781
775
767
785
781
773
754
735
762
767
775
777
776
795
798
802
794
790
797
793
779
768
770
763
757
753
765
769
756
750
759
756
754
751
758
757
754
746
750
757
763
762
750
744
750
753
757
755
763
770
763
758
760
766
757
758
745
741
747
739
736
736
745
745
745
750
758
756
30
727
26
701
714
709
699
684
691
679
672
677
672
664
649
646
637
638
647
643
642
638
630
625
624
617
617
612
612
607
615
612
613
615
611
608
609
678
699
710
714
714
711
709
23
687
685
687
689
692
686
697
700
699
700
703
704
707
704
711
718
721
711
718
721
715
728
731
733
722
709
732
730
722
714
723
741
757
758
753
23
731
742
757
770
775
774
771
750
750
750
742
732
714
699
698
692
686
680
673
668
664
650
652
647
644
641
624
628
624
623
629
637
643
665
694
730
728
728
748
751
748
21
727
724
721
728
751
750
775
790
789
797
792
784
779
791
792
795
781
769
798
783
778
783
782
779
765
750
28
722
739
748
750
752
775
786
780
773
792
791
788
775
781
781
780
771
755
749
741
730
720
708
702
701
704
699
697
695
689
675
696
716
732
724
757
775
769
753
771
767
750
755
21
735
744
748
741
25
717
723
737
746
754
751
747
731
758
766
763
767
755
769
775
777
773
758
740
22
718
700
699
709
712
713
713
735
735
742
741
743
734
748
750
750
750
757
765
768
770
765
750
763
767
774
783
792
789
783
778
776
764
750
735
25
710
725
721
721
721
724
719
716
706
708
728
740
741
745
734
735
748
738
732
718
712
730
738
739
728
711
710
724
737
735
744
741
743
735
745
744
744
737
744
746
746
746
733
738
737
736
734
746
745
747
750
738
724
735
722
708
727
724
726
714
699
692
702
699
688
681
692
697
694
709
717
718
719
719
706
717
716
715
711
710
723
725
724
726
720
736
741
743
737
737
750
760
770
767
761
774
766
756
762
759
749
729
734
724
726
711
711
712
714
709
717
728
727
725
730
726
717
711
692
704
710
713
729
723
719
737
735
734
727
708
22
687
694
767
781
770
768
760
748
745
736
726
724
716
718
716
702
699
694
694
690
689
682
673
667
655
24
631
654
655
647
650
644
648
637
642
639
644
649
651
648
650
650
649
650
654
649
649
654
654
662
667
665
663
656
647
642
639
637
641
644
648
654
657
656
652
649
651
657
666
675
687
698
709
713
717
714
711
713
720
717
715
711
708
713
715
713
713
713
702
696
689
678
662
674
679
683
681
683
675
667
663
662
655
649
643
635
633
625
628
619
619
622
624
628
638
648
657
666
673
681
700
712
740
763
763
755
771
771
769
756
745
750
749
749
740
731
726
721
714
699
20
679
695
697
706
710
712
715
711
700
709
709
710
708
702
689
696
695
689
680
671
663
669
674
682
687
700
709
708
712
710
715
717
714
721
722
726
717
719
708
704
690
681
721
740
754
771
780
770
765
750
756
750
741
735
725
708
690
26
664
687
693
705
703
709
710
714
712
712
712
710
711
707
699
692
686
682
678
672
667
661
653
651
662
671
682
688
689
691
688
686
682
680
670
668
665
665
665
660
657
667
681
697
712
726
734
751
754
750
742
724
730
722
711
702
693
693
708
708
713
722
739
739
738
737
750
757
762
773
802
811
791
814
811
802
793
774
22
752
734
716
718
721
718
714
726
725
723
716
717
728
728
725
718
714
722
718
718
702
715
738
744
750
750
735
749
756
766
753
744
760
757
759
754
742
734
726
724
720
715
704
704
726
738
751
763
769
761
782
778
765
750
771
773
774
768
786
786
786
777
763
754
765
767
762
746
732
24
709
713
713
706
704
713
717
713
727
734
752
763
770
760
763
757
749
730
720
20
700
693
713
721
729
739
733
725
710
20
691
682
681
687
687
680
679
675
672
668
653
667
674
686
703
719
729
730
722
734
733
739
746
746
753
757
761
757
759
766
765
766
764
766
771
769
763
757
764
763
753
741
738
729
721
708
712
719
720
722
725
719
727
732
728
724
735
732
734
731
736
737
718
705
689
681
675
683
673
674
686
696
705
708
709
718
742
750
748
745
756
750
750
740
737
737
724
707
696
704
707
707
710
705
708
708
706
698
697
691
680
676
675
674
674
669
663
666
666
660
651
651
664
664
665
655
658
666
681
686
680
680
680
680
681
678
669
666
659
654
649
635
632
636
635
648
647
654
658
671
677
683
690
688
689
684
675
676
664
656
655
653
656
666
674
679
681
686
685
690
687
694
699
700
698
701
703
709
710
715
707
713
710
710
703
706
705
699
699
699
703
704
702
699
697
697
702
694
693
694
692
690
689
698
700
702
698
704
710
713
718
712
714
716
719
722
717
717
717
714
708
712
718
723
718
715
714
709
705
700
701
708
709
705
702
705
708
704
705
699
705
703
706
704
713
716
718
713
718
720
714
713
708
714
717
710
708
708
720
719
721
721
719
708
705
710
701
692
678
676
685
692
699
709
714
720
722
726
720
715
711
707
709
721
727
733
737
749
754
750
740
742
745
747
742
741
745
743
744
739
737
740
739
730
737
740
740
733
736
735
732
736
730
726
734
733
725
713
709
720
710
708
706
712
715
711
713
708
709
711
710
703
710
715
711
708
714
713
711
703
700
704
698
701
699
706
707
712
714
717
728
727
728
723
718
726
725
715
712
713
705
701
694
696
693
689
682
694
705
706
705
704
709
714
709
710
712
711
711
716
714
716
718
720
714
707
710
713
710
711
712
718
713
717
709
708
711
708
706
708
710
708
707
699
703
703
708
704
707
705
698
697
695
697
702
694
691
687
695
700
701
698
695
702
701
705
704
702
707
705
696
695
686
682
681
682
680
679
694
697
701
700
699
703
706
709
708
705
709
710
708
703
697
699
689
687
682
682
683
685
685
671
667
663
660
657
658
663
669
676
685
688
691
690
685
670
667
669
666
666
662
662
664
665
669
672
676
683
681
681
680
684
684
682
681
680
687
688
691
692
686
688
697
700
704
701
698
703
697
696
698
696
695
697
695
696
688
686
294
393
990
299
692
690
694
701
702
706
707
707
708
711
708
708
708
711
722
721
721
731
733
729
711
700
701
696
690
691
703
708
713
715
717
729
731
729
726
733
737
733
730
724
720
704
696
681
673
671
693
730
747
750
750
746
740
725
718
713
703
693
693
690
685
679
680
682
677
679
673
678
681
679
676
680
677
673
676
671
670
666
663
663
666
666
668
690
688
691
680
20
661
656
652
648
649
260
390
898
252
647
642
640
640
639
632
631
631
634
648
645
644
637
637
638
639
645
649
651
657
662
666
661
664
679
691
698
702
709
725
727
732
717
718
718
703
705
703
701
700
696
700
707
704
708
716
716
723
727
730
739
729
726
718
716
720
714
713
701
708
715
720
719
720
723
728
721
708
699
20
679
675
676
678
678
682
682
685
692
708
713
708
707
718
720
726
722
708
709
708
708
707
698
702
718
722
731
727
731
737
741
745
751
746
750
757
757
742
733
741
749
750
753
744
744
746
735
719
705
703
720
727
730
720
714
714
714
717
726
735
734
721
720
717
717
725
735
725
708
705
693
686
686
681
677
684
685
703
709
709
706
702
699
687
687
690
697
706
716
724
738
747
751
757
757
757
764
765
749
741
748
752
750
744
747
751
751
750
752
757
745
740
726
720
726
723
720
729
737
743
744
750
752
758
755
763
759
753
742
741
727
720
713
708
712
706
710
712
725
727
737
737
746
742
738
731
729
731
730
733
728
728
737
734
735
733
740
747
745
739
734
739
734
728
721
720
726
725
724
727
735
735
733
732
733
736
734
731
729
732
734
727
731
736
736
735
725
728
729
731
730
737
745
748
750
755
754
745
728
709
708
705
707
697
710
715
725
730
733
745
744
748
753
759
765
763
767
775
773
778
774
770
765
792
793
789
785
774
759
744
734
718
715
718
718
713
708
725
727
728
734
733
730
747
746
752
754
760
757
750
752
755
755
751
746
738
745
744
740
739
738
744
738
736
742
742
743
738
740
735
731
727
734
732
735
731
733
728
725
730
739
736
734
738
745
740
735
732
738
746
750
749
746
750
751
747
743
735
735
731
729
728
736
741
741
741
747
754
752
750
747
746
750
745
732
724
726
722
720
720
731
729
729
723
727
726
718
717
731
731
733
734
746
735
730
727
732
742
744
741
749
756
759
756
758
767
765
756
738
739
732
729
728
736
741
736
736
749
748
745
744
738
742
733
733
722
726
717
711
701
687
693
704
710
718
733
742
740
739
751
750
748
744
750
756
761
757
752
762
760
757
756
759
754
745
740
728
727
718
717
720
716
715
720
706
693
685
701
705
709
712
719
718
722
730
730
726
725
720
727
725
723
721
732
739
741
738
746
745
736
755
27
728
722
27
696
705
715
715
703
720
722
736
740
735
762
779
785
789
784
770
778
782
763
762
777
773
761
750
741
762
751
759
759
748
741
755
749
756
751
741
748
767
759
775
781
772
764
772
773
757
756
755
754
736
26
711
696
726
728
732
731
761
761
762
756
780
764
771
766
754
739
736
717
712
718
712
706
719
722
727
747
755
757
749
771
778
788
789
794
791
778
25
753
26
728
732
781
781
778
770
763
760
778
771
758
748
763
762
758
750
767
786
792
798
798
808
807
805
791
790
796
796
785
797
799
787
22
765
785
780
785
791
781
802
798
802
792
800
791
781
780
23
758
758
757
748
739
755
758
756
744
748
746
740
733
745
749
742
730
728
741
733
722
733
741
742
735
748
757
756
745
745
760
756
754
747
746
757
748
735
724
740
731
729
725
719
724
779
846
846
840
839
825
812
796
783
782
772
765
762
755
754
751
749
733
727
732
732
734
736
757
770
780
783
778
793
791
784
779
778
791
794
791
787
796
791
796
786
783
795
790
787
783
800
801
782
764
795
784
772
756
754
762
754
780
791
796
794
797
816
817
807
791
808
797
794
783
804
799
796
783
792
806
805
802
791
815
816
810
795
811
805
787
771
779
772
763
753
769
754
756
754
753
769
765
765
763
776
778
781
770
773
776
775
774
766
784
787
784
774
801
793
790
783
771
761
21
741
735
725
726
737
739
742
738
740
747
749
750
739
733
746
755
757
757
779
785
790
789
799
806
807
796
803
810
813
800
809
815
811
796
805
814
807
796
789
799
792
785
775
788
791
797
803
795
797
800
801
789
789
803
801
802
783
785
791
789
776
790
804
803
803
797
809
805
796
789
797
783
779
764
765
768
765
765
764
781
784
785
786
781
794
796
800
792
788
797
782
787
778
769
781
776
778
772
779
774
764
755
767
773
776
773
776
791
791
779
772
776
771
758
756
769
768
768
759
750
763
767
766
759
759
764
750
747
750
776
788
792
797
821
825
826
815
834
822
811
789
23
766
764
774
774
767
784
782
772
766
781
785
788
785
795
804
791
813
815
808
797
810
802
797
780
783
795
791
782
782
792
786
782
774
789
791
785
767
760
780
771
750
742
727
725
730
737
757
764
774
773
784
790
792
783
792
797
802
801
804
798
793
787
781
769
774
777
775
773
768
789
796
794
801
815
826
823
815
816
825
817
805
798
810
807
804
784
781
785
783
788
790
806
803
800
793
789
808
800
791
775
782
792
800
791
796
818
814
804
799
817
808
802
791
799
798
795
788
782
798
794
789
781
781
779
760
747
742
743
744
748
748
767
772
772
775
788
792
788
788
793
791
784
773
781
779
772
770
762
763
772
768
765
760
769
766
758
753
763
762
22
740
21
720
731
747
749
758
765
767
784
794
794
785
784
802
799
804
796
788
793
787
780
770
764
776
774
770
769
774
785
779
781
777
776
791
787
787
785
794
807
802
792
782
799
793
789
785
788
789
787
780
787
794
799
804
803
817
822
826
821
810
821
814
802
794
796
787
785
771
776
760
26
735
725
711
726
782
807
790
778
780
773
759
750
752
759
760
757
755
757
750
750
744
752
751
752
750
750
754
752
757
757
758
766
760
755
770
772
777
776
783
787
784
775
783
788
788
777
791
789
786
769
780
762
759
755
760
773
777
778
769
786
791
789
787
781
788
789
780
770
771
770
771
769
765
767
773
771
761
756
765
763
762
746
738
740
745
746
747
749
764
768
765
763
775
772
770
760
760
765
765
759
760
773
766
766
768
764
777
767
749
740
764
763
757
753
785
782
782
771
786
777
766
757
761
761
762
763
755
769
774
775
764
757
782
789
788
785
780
799
793
791
777
788
794
794
788
794
801
801
799
810
807
801
798
813
802
791
785
793
790
780
790
792
791
790
779
766
780
777
762
748
741
747
739
750
753
756
750
755
771
774
778
771
788
786
788
779
788
793
791
785
785
797
792
785
790
796
796
789
796
799
791
24
767
755
773
766
761
762
779
787
788
782
791
796
794
785
778
785
785
781
773
777
771
766
754
753
764
765
767
769
776
775
774
778
781
766
760
761
777
778
776
770
783
783
776
763
767
778
771
769
763
775
775
772
767
772
769
762
755
757
760
751
21
731
742
740
739
737
748
766
770
771
770
781
780
775
773
775
776
772
761
762
769
772
771
759
770
769
772
770
773
768
767
761
770
773
769
758
763
760
756
749
760
768
767
764
757
767
759
752
739
746
742
742
732
733
739
739
729
718
733
734
739
736
741
750
748
749
749
757
751
741
742
750
743
740
733
734
736
736
730
737
745
746
743
752
760
749
736
729
739
727
732
728
732
744
744
740
736
742
741
742
735
755
766
769
768
774
788
784
778
778
790
789
787
774
783
780
774
757
760
752
740
727
724
721
734
741
749
750
759
764
761
759
756
766
760
752
750
765
766
767
770
782
783
780
767
782
776
773
767
780
775
765
771
782
780
770
778
767
761
757
769
772
770
766
755
759
755
747
739
742
734
728
722
737
741
742
734
746
759
757
756
758
773
774
766
754
762
770
762
759
750
736
21
715
708
713
758
795
813
825
818
813
801
782
764
760
757
751
747
763
758
757
753
757
753
748
746
741
765
773
782
782
794
795
793
784
776
775
772
760
756
753
750
742
735
746
753
758
764
766
764
754
748
772
778
794
798
802
790
796
796
791
791
785
782
781
801
806
811
803
791
809
800
788
791
798
792
786
791
790
789
780
801
814
814
824
25
800
790
819
820
805
817
830
811
830
833
827
837
840
825
811
825
810
23
787
786
793
785
797
796
25
772
791
792
775
764
751
750
756
750
742
728
736
743
749
767
776
776
775
790
788
782
785
791
791
781
789
793
789
784
794
796
781
785
789
787
780
771
792
792
791
784
802
798
796
786
795
793
786
784
791
790
785
803
802
794
783
783
794
791
785
784
799
797
799
804
808
804
792
796
794
790
781
771
790
783
769
794
790
789
806
811
806
814
813
813
797
798
790
779
771
765
760
756
747
738
724
710
696
719
731
735
748
805
807
800
839
834
28
807
823
825
816
794
832
825
811
829
809
827
820
809
791
778
798
788
22
766
790
800
790
805
802
789
778
791
793
789
781
763
759
760
750
745
742
750
750
749
761
775
768
779
795
806
802
796
807
800
799
790
791
787
777
764
774
782
785
770
788
797
799
799
803
815
814
803
801
818
818
811
809
833
821
804
806
814
809
798
797
811
810
794
799
811
793
788
785
797
796
795
789
804
808
807
805
821
818
807
810
815
26
789
780
787
830
852
846
837
839
829
815
799
796
788
778
775
776
780
773
762
780
788
793
798
802
797
779
791
791
782
762
759
762
763
785
785
791
789
787
805
804
803
798
800
803
811
830
838
838
834
826
25
801
787
767
759
767
767
766
773
780
773
22
751
750
741
750
751
745
732
760
776
784
788
782
768
787
788
791
787
772
777
784
782
782
792
793
795
797
807
809
810
814
806
825
825
822
811
814
801
790
770
793
785
790
783
804
796
794
791
811
806
794
787
786
24
762
750
758
750
741
741
738
734
751
758
762
761
774
792
800
797
804
813
807
794
24
771
800
797
802
787
789
813
798
786
782
805
799
795
790
801
803
802
789
807
813
810
804
804
827
829
814
821
807
36
772
792
781
775
762
790
781
764
760
776
771
766
763
785
31
755
739
750
769
773
787
792
783
26
757
749
760
748
736
724
751
740
725
734
746
746
748
761
773
775
775
782
787
773
784
801
825
826
826
831
818
24
794
24
771
786
784
785
779
774
782
787
787
785
797
795
794
791
796
794
790
787
784
769
766
787
789
784
796
809
811
802
807
812
801
783
780
775
771
757
749
764
760
758
750
762
756
751
751
750
772
786
791
793
818
829
852
850
843
872
869
850
864
862
856
852
849
850
836
835
829
812
791
802
802
795
790
799
799
791
795
806
808
799
792
799
791
781
780
783
777
778
770
768
782
775
772
776
785
783
775
768
772
776
771
764
753
738
745
754
762
768
777
787
782
783
791
795
785
792
779
772
776
786
779
775
767
762
770
777
774
771
771
781
784
784
786
796
796
792
798
808
812
797
789
798
799
796
798
809
810
807
808
822
816
805
812
802
793
787
793
785
775
777
785
784
771
773
786
783
776
783
779
778
774
767
770
761
761
757
758
760
757
755
755
759
747
737
733
753
763
780
778
791
798
796
789
792
791
788
779
771
773
768
768
761
765
771
772
764
769
768
768
762
749
736
25
711
709
710
708
705
700
707
722
726
711
698
693
698
706
718
733
749
759
771
781
785
790
788
786
783
781
779
765
759
744
745
752
762
776
785
781
781
775
805
800
800
794
804
791
789
804
801
790
803
801
804
803
794
803
795
786
779
781
773
765
754
760
757
756
752
756
770
769
772
778
782
791
796
796
793
798
802
800
796
786
791
791
791
783
25
758
778
769
762
773
779
782
776
791
796
793
786
794
795
798
794
796
802
797
794
794
803
800
796
799
803
804
805
810
814
812
806
803
803
798
788
782
778
772
765
765
781
788
797
791
802
804
807
799
808
810
805
787
791
795
790
788
782
791
799
797
789
786
798
796
796
787
793
795
791
790
783
792
793
793
794
794
801
800
793
790
794
796
793
791
788
794
783
771
27
745
749
750
748
749
77
672
822
60
762
753
750
763
770
767
759
774
778
776
766
775
784
784
784
787
790
787
788
793
796
791
795
791
805
808
806
802
805
810
805
799
810
813
804
798
798
801
792
783
782
789
791
792
790
790
796
796
782
782
764
22
743
36
707
696
702
706
705
705
701
714
717
713
715
712
23
690
671
680
674
674
673
680
683
688
683
681
678
677
675
671
666
663
662
659
651
643
639
638
636
641
643
638
642
641
640
638
635
638
639
627
626
642
640
632
638
649
650
657
655
656
654
654
665
668
667
677
678
676
678
691
694
680
666
667
662
650
647
647
637
632
626
624
620
613
608
601
594
591
583
579
576
574
568
565
560
560
557
559
554
554
552
555
556
552
553
553
554
556
559
559
562
564
569
571
577
575
575
576
575
575
574
573
575
575
573
570
571
568
569
569
570
567
565
565
563
565
559
560
559
564
562
566
560
561
562
563
564
560
560
561
561
565
561
562
559
561
561
560
558
560
560
559
556
556
554
554
551
555
549
548
545
549
547
546
541
543
543
545
544
543
542
544
541
541
541
541
529
530
560
20
541
539
537
539
540
540
539
538
535
539
539
541
534
537
536
541
543
543
541
546
550
552
550
547
548
555
564
567
566
562
559
555
553
556
550
547
546
544
545
541
538
536
536
540
535
535
532
534
535
536
532
530
527
532
533
535
529
528
529
527
527
527
525
525
525
524
528
523
524
514
517
523
530
540
543
539
539
533
533
536
533
531
530
528
528
527
525
524
524
525
524
523
521
521
520
522
520
524
527
532
529
531
532
530
537
543
545
546
545
551
559
563
567
569
570
570
580
593
607
616
625
621
618
607
597
612
625
624
622
621
631
630
621
630
618
617
621
645
654
667
664
19
645
659
699
737
28
709
721
738
23
715
715
734
726
709
710
719
710
697
712
730
720
713
725
738
718
24
695
21
674
658
678
680
683
696
726
736
725
713
753
760
759
745
783
778
757
768
767
52
716
24
693
674
701
685
672
675
702
729
722
741
770
783
30
753
777
764
745
728
728
751
757
761
766
756
743
784
793
774
759
794
788
767
765
798
781
26
755
754
771
759
740
751
764
753
742
750
753
29
725
27
699
683
698
698
684
675
676
699
25
674
669
695
762
796
33
764
37
727
710
728
735
719
709
704
696
20
676
22
655
645
665
673
687
692
730
759
740
751
785
766
758
774
765
749
26
723
712
723
721
26
696
679
663
669
704
741
729
732
763
761
762
795
798
41
758
757
785
836
73
764
24
740
743
764
792
774
31
744
780
23
757
738
753
758
51
708
725
761
803
791
771
763
768
802
791
34
758
749
780
833
834
29
806
813
804
807
827
23
804
823
812
812
801
805
798
782
770
777
774
764
764
773
770
763
767
763
753
743
751
761
765
765
766
780
773
28
745
770
760
745
23
722
31
691
675
701
716
714
712
748
752
740
735
727
738
31
708
692
699
694
684
666
661
667
682
694
686
680
676
693
696
685
687
702
711
710
699
691
696
703
692
684
690
702
698
701
707
744
735
728
719
739
743
733
734
750
748
745
755
774
766
778
783
793
799
798
793
790
790
790
783
786
791
795
794
791
796
787
780
776
756
29
727
726
741
736
732
736
733
762
787
794
798
826
830
820
26
794
781
793
779
767
771
778
770
23
748
755
760
765
764
771
794
796
783
791
789
777
760
768
763
750
26
724
733
727
723
714
726
733
737
745
741
750
753
753
752
759
750
748
738
739
720
748
760
763
760
775
778
778
786
801
827
828
807
44
764
751
21
731
726
717
727
732
729
727
733
732
735
738
725
727
739
738
724
735
744
746
743
749
757
760
759
757
757
757
742
739
744
733
729
727
734
748
762
771
784
804
806
787
769
787
789
784
775
781
791
791
782
795
805
804
794
796
806
802
792
787
802
800
792
792
815
806
805
795
815
813
808
799
813
799
24
776
758
745
791
863
38
825
810
812
801
789
774
775
772
767
751
743
740
739
730
720
731
737
740
748
750
752
758
758
750
740
742
738
733
755
749
740
727
724
732
726
721
735
752
755
737
753
766
762
27
736
736
740
732
727
716
708
717
720
720
713
718
716
716
707
693
677
698
700
689
681
681
679
679
684
685
696
726
734
745
749
751
747
736
742
742
739
744
750
740
735
728
732
733
738
748
750
749
752
749
740
741
745
731
733
719
711
737
749
750
736
757
760
761
755
742
742
743
754
770
770
753
765
762
744
733
727
742
740
737
741
747
743
743
739
21
718
705
712
732
739
745
750
743
726
720
719
715
717
721
724
720
712
713
714
20
695
27
668
690
270
420
945
256
690
681
681
692
697
702
704
705
708
713
709
713
711
713
717
718
719
720
719
724
735
727
728
726
727
732
741
734
718
42
676
691
693
694
697
687
701
706
705
701
687
680
20
661
688
688
695
704
713
710
721
737
751
753
759
763
751
737
22
715
719
719
725
723
719
728
735
739
736
742
760
762
765
760
759
773
774
771
758
762
777
771
759
747
750
761
766
759
752
756
767
770
760
742
758
767
765
747
772
791
794
786
801
813
814
795
801
816
801
785
764
760
765
763
753
737
53
684
706
687
680
23
658
656
659
651
650
644
643
1482
779
703
128
575
748
875
522
353
532
3999

