08-09-2022 - 15:07 - Correr
Ludomila Vasquez
Intervalos entre latido y latido
1136
500
636
191
446
19
427
16
412
455
16
439
450
631
166
466
754
71
684
205
479
582
731
240
491
623
773
54
720
134
586
101
486
755
763
306
457
698
244
455
30
425
463
26
438
736
237
499
26
473
565
105
460
43
418
32
387
596
150
446
754
273
482
749
259
490
717
261
457
18
439
442
440
647
140
508
529
708
183
525
56
469
717
93
625
42
583
69
515
46
469
687
249
439
517
548
59
489
661
165
496
694
172
522
760
230
531
667
182
486
713
817
232
585
710
242
469
31
439
633
197
437
483
764
64
701
161
540
596
686
222
464
722
230
493
568
87
481
799
293
506
500
569
972
187
785
328
457
30
427
435
744
187
557
710
771
318
454
664
190
474
606
699
144
555
750
220
531
709
775
33
484
20
464
795
285
511
49
462
717
242
476
747
36
711
277
435
447
46
401
444
59
385
701
779
72
707
252
455
522
733
280
453
446
504
49
456
21
435
768
767
809
338
472
539
556
683
262
422
15
408
427
654
210
444
32
412
417
435
507
627
618
743
221
522
55
467
752
264
489
32
457
466
714
199
516
28
489
837
149
689
149
540
936
314
623
136
487
689
225
465
49
416
523
544
68
477
473
470
711
254
458
626
3999
1011
628
159
470
50
421
445
462
16
447
714
264
451
778
305
474
30
444
781
304
477
470
724
246
479
789
179
610
813
249
564
636
739
95
644
138
507
670
174
497
683
185
498
767
280
488
49
439
43
397
423
468
541
62
480
686
159
528
688
783
61
722
68
654
47
608
102
506
740
69
671
143
529
650
119
532
98
434
444
1075
607
468
704
250
454
655
195
460
751
269
483
634
625
129
496
630
138
493
691
221
471
768
278
490
585
115
471
22
450
452
445
804
101
703
154
549
639
181
459
905
398
507
69
439
459
822
343
480
734
216
518
667
663
201
462
1043
464
580
648
724
132
593
119
475
925
286
640
170
471
559
36
524
651
182
470
41
429
481
36
446
485
755
263
493
829
93
736
272
465
46
420
432
427
785
71
714
173
542
729
303
426
733
160
573
871
372
499
485
731
752
840
838
312
527
576
83
494
658
193
465
671
159
513
587
135
453
678
143
536
614
634
684
53
632
126
507
63
444
498
687
153
534
683
21
662
680
46
635
163
473
774
278
497
518
622
140
482
505
686
179
507
65
443
430
708
205
504
44
461
583
716
715
203
512
37
476
55
422
413
434
437
21
417
13
405
440
441
33
409
397
498
59
439
448
478
541
555
702
171
531
843
117
726
762
275
488
486
755
330
426
437
23
414
432
14
418
19
400
416
15
402
417
503
779
281
498
565
610
645
131
514
673
183
491
712
202
511
684
76
608
806
320
486
483
62
421
440
674
211
464
20
445
737
227
511
646
196
451
32
419
420
740
243
497
747
789
129
660
36
624
667
173
495
765
55
711
41
671
71
601
111
490
36
455
34
421
734
294
440
24
416
13
404
446
637
143
495
28
467
593
142
451
25
426
449
456
77
380
659
212
448
445
483
676
222
454
452
440
430
688
801
311
491
816
26
790
180
610
42
569
58
511
821
285
536
36
500
84
416
429
457
714
762
308
455
491
560
712
179
534
777
844
83
762
749
239
510
630
148
483
791
296
496
746
274
472
674
214
461
467
457
760
1048
512
537
52
485
816
182
634
804
306
499
1082
564
518
42
476
41
436
705
270
435
423
437
456
21
435
448
461
452
710
208
503
770
257
513
729
266
464
675
56
620
150
470
859
369
490
694
227
467
489
705
153
552
742
266
476
484
518
650
173
477
22
455
504
100
404
458
611
135
476
54
423
450
704
272
432
420
739
268
471
590
784
99
685
192
494
486
756
258
499
784
323
461
675
94
582
608
666
160
507
36
472
15
458
34
425
460
471
706
35
671
189
483
491
725
309
416
494
691
196
496
801
336
466
29
438
728
252
477
31
446
508
537
750
277
473
736
221
515
768
232
536
101
436
454
33
421
24
398
697
722
243
479
58
422
680
204
476
716
135
582
764
276
488
720
207
513
26
488
55
433
481
492
626
773
255
518
31
488
19
469
743
814
272
542
697
234
463
461
722
272
451
766
750
42
708
248
461
455
475
579
129
450
733
297
437
823
217
607
22
585
136
450
32
418
746
307
439
434
772
249
524
42
482
22
461
519
656
802
303
500
630
185
446
25
421
456
474
649
169
480
31
450
23
427
453
25
429
650
160
491
822
337
485
678
204
475
36
440
21
419
417
417
416
455
479
22
458
455
469
471
593
739
267
472
716
291
426
671
28
644
40
605
682
883
382
502
21
482
86
396
13
383
443
432
430
506
29
478
21
457
23
434
471
621
170
451
451
467
508
696
80
616
158
458
30
428
474
19
455
461
465
454
505
502
42
461
560
54
507
552
57
496
41
455
20
435
723
285
438
520
39
481
37
445
466
636
43
594
153
441
473
473
17
457
27
430
449
451
19
432
449
18
431
476
677
222
456
446
28
418
415
500
47
454
491
41
451
661
65
596
121
476
507
534
522
544
64
480
644
144
500
74
427
451
518
504
46
459
556
56
500
22
479
478
20
458
459
468
58
411
454
441
516
536
669
215
455
595
96
500
17
483
15
469
461
14
448
572
115
458
474
22
452
22
430
512
50
463
471
486
83
404
427
667
131
537
82
455
525
30
495
563
17
547
548
573
54
519
85
434
471
59
413
421
423
428
668
155
514
61
454
468
461
501
488
31
458
20
439
444
528
541
73
469
27
442
441
500
30
470
38
433
437
441
32
409
435
441
697
196
501
97
405
425
470
32
439
426
23
404
423
526
44
482
83
400
660
191
469
461
14
448
450
27
423
440
542
38
505
56
449
452
449
542
16
527
557
70
488
494
527
34
494
86
408
517
110
408
472
20
452
466
14
452
493
500
647
218
429
567
101
466
550
98
453
474
473
25
448
534
85
450
53
397
448
678
42
636
178
459
482
548
90
459
489
492
655
147
508
602
126
476
666
69
597
105
492
724
271
453
458
476
519
19
500
564
116
449
453
447
438
16
423
438
437
445
991
538
453
449
480
31
449
717
774
313
461
493
515
568
101
468
34
434
541
69
473
35
438
453
454
21
433
563
73
490
57
433
438
23
416
428
425
465
458
452
460
17
444
54
390
507
71
437
583
628
107
522
87
436
480
557
99
458
19
440
40
401
438
427
433
14
420
442
488
43
445
455
450
443
440
456
579
766
259
507
34
474
42
433
438
452
16
436
433
685
215
471
464
31
434
463
453
450
714
286
429
427
845
337
509
45
465
477
591
88
504
525
95
430
444
21
423
414
419
26
394
434
482
634
176
458
472
24
449
499
789
73
716
224
493
699
221
478
642
122
521
571
63
508
708
251
458
662
149
513
48
466
471
648
199
450
731
39
692
237
456
444
21
423
442
592
227
366
433
21
413
452
17
435
483
493
690
235
456
527
553
592
133
460
823
254
569
78
491
488
36
453
474
460
618
746
77
670
682
223
460
467
29
439
29
410
27
383
547
568
696
51
646
187
459
494
848
171
678
715
227
488
754
255
500
20
481
45
436
735
290
445
720
724
245
480
511
68
444
926
290
637
181
456
14
443
707
216
491
56
435
720
334
386
449
42
407
24
384
928
355
574
105
469
27
443
17
426
684
142
543
108
436
445
35
410
416
681
189
492
47
445
474
485
657
190
467
521
518
787
310
477
766
235
532
72
460
456
34
422
428
433
490
685
31
654
155
499
629
168
462
14
449
18
431
428
454
19
435
718
79
640
197
444
437
431
521
601
147
454
459
82
378
704
763
264
500
516
1018
446
572
92
481
720
743
258
485
774
51
724
873
225
648
156
493
677
1145
359
786
808
326
483
24
459
478
23
456
448
987
475
512
29
484
749
284
465
34
432
18
415
757
38
720
260
460
27
434
454
491
21
470
661
165
496
755
292
464
735
88
647
27
621
135
486
485
524
605
130
475
25
451
27
424
447
464
454
711
211
501
61
441
31
410
42
369
395
633
161
473
460
668
254
414
424
458
708
240
469
31
439
27
412
442
41
401
463
735
148
588
47
541
118
423
664
24
640
184
457
466
546
148
399
37
362
395
494
47
447
461
608
58
551
117
434
490
742
253
489
719
244
475
496
602
641
164
477
794
335
460
473
31
442
639
74
565
106
460
546
646
636
158
479
658
179
479
806
373
434
654
227
427
548
122
427
27
401
34
367
807
325
483
26
457
686
166
521
59
462
34
429
541
86
456
58
398
444
40
405
426
469
14
455
452
20
432
16
416
818
362
457
561
767
754
312
443
827
377
450
440
456
447
458
38
420
717
268
450
619
143
476
476
659
169
490
720
873
387
486
538
635
114
522
29
493
691
207
485
581
567
810
324
487
790
888
239
650
121
529
733
295
438
462
712
244
469
458
745
881
228
654
40
614
806
350
456
449
17
432
683
129
555
34
521
608
89
519
64
456
745
250
495
612
158
454
713
697
784
129
655
184
471
34
438
27
411
406
428
440
863
308
555
43
513
673
190
484
633
178
456
670
149
522
710
280
431
484
19
466
578
850
354
496
497
665
119
546
43
504
668
236
433
588
109
480
575
23
552
687
780
86
695
242
453
14
439
429
438
498
929
430
499
28
472
467
782
26
756
257
500
726
241
486
28
458
719
235
485
791
273
519
97
422
414
3999
1240
537
642
179
463
714
707
832
102
730
779
254
525
29
496
45
451
898
184
714
238
477
497
500
706
779
287
492
715
256
460
27
434
728
286
443
494
50
444
766
198
568
760
48
712
267
446
472
460
698
732
76
657
811
198
614
697
145
552
601
64
537
755
294
461
852
190
663
842
355
488
39
449
477
839
211
629
761
68
694
183
512
665
33
632
779
87
692
236
457
781
163
618
783
292
491
715
745
220
526
144
382
753
270
484
3999
1561
880
383
498
780
317
463
460
477
34
444
682
253
430
521
685
242
443
554
85
469
802
164
639
86
553
669
61
609
135
474
657
51
606
175
432
419
40
380
391
14
378
390
433
16
418
37
382
469
547
33
515
590
677
253
424
419
441
569
733
254
479
485
635
156
480
637
209
429
537
87
450
32
418
540
102
438
804
326
479
705
243
462
702
161
541
87
455
721
272
449
796
285
512
710
148
563
570
688
146
542
652
662
167
495
44
451
41
410
645
216
430
467
820
155
666
184
483
108
375
465
1185
543
642
94
549
724
286
438
437
779
160
620
163
457
477
476
472
699
144
556
61
495
713
742
223
519
748
226
522
847
339
508
509
53
457
730
781
276
505
492
635
22
613
841
306
535
76
460
924
442
483
783
277
506
742
310
432
970
419
551
841
31
811
134
677
706
149
557
616
677
862
230
632
99
534
42
492
747
171
576
723
76
648
704
213
492
28
464
471
486
565
1096
296
801
324
477
16
462
42
421
423
419
410
532
101
431
556
616
158
458
733
272
462
455
32
423
431
460
454
442
468
797
240
558
707
833
84
749
846
336
511
801
324
478
812
164
648
132
516
739
245
494
480
636
173
464
465
795
291
505
530
745
840
236
605
28
578
51
527
73
454
680
784
923
362
562
651
172
479
746
256
490
40
451
438
800
353
448
932
245
688
158
530
726
292
434
438
435
503
692
755
290
466
464
22
443
994
451
543
771
358
414
736
140
596
678
96
582
84
498
494
678
208
470
858
348
510
752
304
449
48
401
492
576
625
748
747
265
482
823
43
780
164
616
109
507
963
124
840
48
793
848
200
648
738
78
660
849
170
680
200
481
714
118
597
133
464
494
695
680
123
557
793
287
507
838
329
510
599
45
555
848
365
483
17
467
746
294
453
789
161
628
907
106
801
795
335
461
1171
668
504
740
224
516
529
660
230
431
434
472
633
131
503
500
25
475
793
786
139
647
806
124
683
118
565
861
175
686
188
499
726
756
150
607
26
582
142
440
779
203
576
615
171
445
758
196
563
666
133
533
774
214
560
67
493
755
870
348
522
763
29
735
249
486
42
444
686
218
468
733
76
657
189
469
492
42
451
632
756
266
490
33
458
467
727
203
525
67
458
507
66
442
22
421
601
107
495
483
671
94
578
47
531
78
454
749
271
478
647
727
270
457
786
218
569
94
475
678
197
482
551
95
456
712
782
288
494
753
966
271
695
207
489
620
805
128
678
70
608
625
817
345
472
31
442
22
420
430
748
315
433
710
179
532
748
246
502
74
429
18
411
551
84
468
728
250
478
792
282
511
789
816
163
653
989
480
510
506
24
483
681
190
491
750
280
471
628
127
502
63
440
513
584
100
485
777
770
246
524
582
566
61
505
705
228
477
775
285
490
836
170
667
666
673
727
282
445
463
737
122
615
159
456
458
544
96
449
462
42
421
439
30
410
425
642
195
448
448
781
102
679
180
499
685
115
570
119
451
21
431
758
799
169
631
97
535
59
476
492
809
339
470
55
416
625
167
459
454
629
174
456
485
646
151
496
765
195
570
827
875
154
721
1028
507
522
40
482
614
165
449
482
475
1024
529
496
57
439
571
611
896
105
791
251
540
85
455
679
148
532
625
704
247
457
452
460
763
764
274
491
865
261
604
131
474
632
199
434
437
438
738
251
487
98
389
416
522
764
290
475
606
134
472
759
277
482
490
603
49
555
558
752
72
681
750
42
709
49
661
157
505
778
300
479
544
682
28
655
792
117
676
235
442
435
616
633
711
21
691
71
620
144
476
722
270
452
26
427
525
40
486
37
449
470
460
792
293
500
51
449
23
426
23
404
402
419
425
424
16
409
399
3999
3999
3999
3999
3999
3999
3999
3999
3999
3999
3999
3999
3999
3999
3999
3999
3999
3999
3999
3999
3999
631
600
124
477
505
46
460
712
288
425
432
48
384
396
443
454
37
417
452
599
157
443
658
166
492
53
439
24
416
740
244
496
43
453
33
420
416
419
441
616
32
584
109
476
503
573
99
474
30
445
484
643
111
532
67
466
748
191
557
810
326
485
730
764
259
506
61
446
22
424
810
813
303
510
661
225
436
44
392
427
416
496
552
736
156
580
64
516
71
446
721
112
609
110
500
604
767
111
657
724
241
484
576
83
493
737
269
469
24
445
599
134
465
828
203
625
681
22
660
776
311
466
806
120
687
182
505
788
787
112
676
215
461
1049
579
471
890
264
626
734
25
710
220
491
764
82
682
30
653
731
263
469
459
623
68
556
659
175
484
956
455
501
746
41
705
29
676
174
503
699
766
772
119
654
162
492
1240
484
757
282
475
21
455
770
267
504
600
123
478
52
427
445
28
418
444
1177
687
491
490
745
23
722
149
574
860
172
688
209
480
32
448
22
427
438
22
417
456
810
318
492
775
85
690
747
166
581
65
517
818
299
519
681
194
488
29
459
617
162
455
461
681
863
193
670
211
460
32
429
495
103
393
435
762
177
585
739
265
475
730
735
757
33
725
151
574
111
464
707
738
232
507
594
998
161
837
130
708
225
483
714
737
721
265
456
793
126
667
218
450
440
687
214
474
764
150
615
50
565
757
110
648
186
463
692
220
472
464
34
430
32
399
412
434
458
735
183
553
56
497
623
166
457
448
15
434
437
453
685
737
115
623
720
236
484
49
436
460
43
418
427
497
677
169
509
45
465
782
306
477
29
448
444
655
149
506
766
280
486
643
830
208
622
80
542
95
448
724
232
492
25
467
28
440
25
416
725
258
467
843
285
559
52
507
780
65
715
241
475
700
226
474
38
437
667
138
530
704
720
764
260
505
42
464
811
233
578
116
462
699
260
439
916
278
639
188
451
857
364
493
495
721
58
664
123
541
793
246
548
750
293
457
472
34
439
656
190
466
463
750
754
265
490
53
437
425
441
632
31
601
102
500
554
722
218
504
698
134
564
682
861
360
501
715
55
661
215
446
52
394
725
786
330
456
446
640
105
535
617
158
460
552
612
139
474
604
653
156
497
707
226
481
611
702
201
501
91
411
572
102
470
469
656
142
514
37
478
706
217
489
521
641
27
615
813
338
475
708
110
599
795
304
491
26
466
73
393
404
481
655
856
326
530
653
642
178
465
504
747
750
56
695
254
442
15
427
492
510
837
347
491
487
716
768
249
520
797
791
77
714
149
566
107
459
1030
506
524
635
668
218
450
35
416
454
635
146
490
32
458
479
574
687
164
524
591
115
477
829
155
674
210
465
459
563
819
348
471
35
437
772
848
147
701
273
429
449
704
799
224
575
773
47
726
157
570
105
465
592
133
460
760
178
583
121
462
1114
512
602
145
458
464
647
648
74
575
610
159
451
26
425
618
79
539
142
397
408
451
602
25
578
75
503
60
444
704
238
466
42
425
424
718
752
818
160
659
711
197
515
28
487
640
143
497
57
440
444
476
780
286
494
22
472
717
260
458
459
780
306
474
837
378
460
510
753
249
505
747
280
467
22
446
511
60
452
473
748
319
429
428
746
282
464
41
424
930
339
591
120
472
21
452
15
437
23
414
416
26
390
495
501
585
132
454
30
424
416
651
209
442
458
34
425
432
625
142
484
21
463
58
406
439
23
416
650
204
446
827
871
348
523
722
242
481
646
688
216
472
679
206
474
26
448
637
620
146
474
743
276
467
32
436
779
288
491
699
25
674
693
899
1135
669
467
750
810
157
654
85
569
678
207
471
718
201
518
55
463
625
108
518
42
477
566
619
925
431
494
487
475
48
428
759
35
725
56
670
750
275
475
38
438
429
657
89
568
37
532
719
49
671
59
613
137
476
30
446
659
184
475
473
473
493
685
210
476
41
435
706
228
478
52
426
16
411
28
383
458
454
449
437
444
442
467
876
236
641
89
553
107
446
632
750
323
427
791
317
475
464
510
708
285
424
1084
567
518
625
209
416
417
750
37
714
229
486
61
425
430
28
402
439
466
752
813
873
238
635
132
504
802
795
232
564
103
461
655
153
502
720
236
485
24
461
659
187
472
819
369
450
462
757
267
491
625
198
428
57
372
491
656
76
581
135
446
856
148
708
207
502
651
152
500
518
60
458
503
788
811
293
519
79
440
14
427
706
236
471
60
411
427
760
208
553
572
89
483
715
724
290
435
428
439
627
189
439
454
598
112
486
708
736
201
535
605
618
851
361
490
45
446
24
422
447
16
431
30
402
428
80
349
411
419
44
375
391
406
396
663
226
437
438
20
419
416
413
1105
320
785
290
495
697
878
379
500
718
208
511
718
191
528
747
211
536
57
479
789
25
764
761
817
290
528
768
244
525
796
1015
492
524
983
368
615
121
495
752
89
664
711
781
23
758
282
477
40
437
460
609
142
467
16
452
562
595
131
465
21
445
746
111
635
743
762
70
693
185
508
687
109
579
122
457
743
267
476
55
421
652
195
458
29
429
34
395
712
816
268
548
674
24
651
739
782
773
198
575
136
439
445
447
452
29
424
23
401
433
38
395
405
418
430
432
606
131
476
35
441
452
31
421
433
660
206
454
26
429
442
602
129
473
484
593
34
560
660
111
550
42
508
93
416
31
386
404
432
421
41
381
453
835
363
473
511
54
458
458
706
127
579
141
438
490
512
838
69
769
274
496
689
157
532
602
53
549
84
466
740
758
244
515
773
158
616
76
540
526
744
190
554
39
515
40
476
18
459
840
340
500
582
900
229
672
171
502
21
482
488
757
245
513
1136
644
492
766
130
636
176
461
815
208
607
137
471
646
112
535
690
683
112
572
556
61
496
46
450
580
678
190
489
732
773
279
494
482
570
103
467
485
496
911
351
560
32
529
700
258
442
875
45
830
353
477
771
271
501
708
174
535
796
810
316
494
691
738
297
441
644
199
445
440
22
419
453
466
481
74
407
724
289
436
474
26
448
51
397
670
735
226
509
742
222
520
21
500
555
97
458
445
754
243
511
25
487
757
298
460
457
745
738
167
572
794
62
733
175
558
628
805
266
539
773
254
520
821
313
509
31
478
480
56
424
440
27
414
467
38
430
48
382
400
463
16
448
466
786
819
316
504
841
203
638
154
485
556
29
528
771
302
470
778
147
631
120
512
518
655
153
502
56
447
704
251
454
17
437
715
270
446
727
792
193
600
693
43
651
178
473
598
809
425
385
435
745
803
355
449
458
738
226
513
30
483
53
431
30
401
756
265
491
611
136
475
654
158
496
525
729
788
309
479
851
123
729
230
500
663
146
517
24
493
37
456
453
636
63
573
130
443
536
557
643
191
452
502
638
72
567
667
789
320
469
898
103
795
785
793
302
491
831
370
461
736
136
600
721
803
281
523
714
96
619
82
537
799
24
776
207
570
756
91
666
138
529
714
731
815
355
461
455
657
159
498
577
107
470
64
407
686
219
468
759
309
451
644
203
442
579
51
528
680
60
620
120
500
55
445
14
432
723
78
646
138
509
618
160
458
720
247
474
474
737
267
471
22
449
723
142
581
98
483
720
194
526
519
718
256
463
657
184
473
468
920
302
618
149
470
765
30
736
165
571
602
149
453
521
56
466
502
789
906
251
656
821
124
697
764
311
453
651
746
257
489
794
270
525
701
169
532
703
250
453
21
432
822
394
428
714
261
453
46
408
408
408
404
435
650
92
558
108
451
643
186
458
17
441
23
418
414
498
605
125
481
45
436
435
18
417
34
384
808
279
529
638
626
722
24
699
227
472
487
751
302
450
666
189
478
480
515
643
89
555
61
494
597
18
580
674
232
443
812
112
701
143
558
111
448
447
463
696
756
252
505
29
477
483
861
213
648
142
507
765
252
514
850
189
661
787
170
617
719
301
418
834
231
604
70
535
68
467
541
683
104
579
86
493
624
175
449
464
738
104
634
149
486
50
436
455
613
42
571
740
36
704
220
485
688
162
526
45
482
612
29
583
37
547
165
383
778
283
495
640
168
472
751
781
45
736
208
528
53
476
740
256
484
722
228
494
37
458
687
228
459
554
70
485
640
645
164
481
741
258
483
49
434
736
781
285
496
30
467
471
749
797
832
114
718
966
467
499
768
309
460
16
445
445
536
68
468
678
224
455
462
666
662
190
472
481
803
366
438
796
1049
462
588
131
458
17
442
715
156
560
118
443
560
597
87
510
819
213
606
675
758
131
628
151
477
603
156
447
595
115
480
36
445
781
280
501
706
769
64
706
188
518
561
550
83
468
467
727
228
500
703
296
407
441
611
773
54
720
228
492
668
221
448
39
410
427
517
35
483
701
226
476
516
736
94
642
644
144
500
656
165
491
733
204
529
706
721
238
484
618
713
131
583
638
69
569
95
475
623
757
773
63
710
191
520
791
317
474
53
421
37
385
454
443
21
423
411
412
796
308
489
631
683
152
531
614
135
480
613
140
473
746
293
453
723
244
480
740
52
689
184
505
646
215
431
17
415
15
400
427
728
241
488
792
316
477
660
218
442
20
422
732
262
470
654
206
448
436
500
16
485
538
101
438
52
386
458
728
268
460
464
460
709
237
473
759
834
352
483
766
53
713
131
583
122
462
463
488
519
662
171
491
729
230
500
717
259
458
456
18
438
739
93
646
99
548
689
203
487
36
451
637
630
111
520
731
226
506
16
491
881
165
717
221
496
760
271
489
782
305
477
473
478
612
105
507
736
741
923
471
453
14
439
441
24
417
29
389
420
427
422
446
547
617
626
48
579
727
157
571
77
494
701
207
495
748
42
706
266
440
701
259
442
459
728
245
483
669
246
424
25
399
483
648
223
426
33
393
863
297
566
71
496
38
458
581
129
452
643
674
226
448
457
454
35
419
682
203
479
862
376
486
43
443
450
569
87
482
776
285
491
507
673
186
488
484
726
776
275
501
671
81
591
752
58
695
718
103
616
817
318
500
702
814
310
504
776
318
459
803
320
484
25
460
790
155
636
157
479
1135
302
833
289
545
99
447
485
676
195
482
741
745
278
467
520
718
246
473
725
721
107
614
69
546
655
176
479
782
294
489
712
221
492
688
105
583
666
748
45
703
201
503
678
111
568
64
504
75
430
557
555
762
850
388
463
799
793
309
485
541
552
747
1072
518
555
717
260
458
31
428
828
170
658
206
452
627
675
831
813
341
472
795
185
611
71
540
751
42
710
58
653
644
193
451
442
447
41
406
461
690
732
213
519
779
330
449
690
247
443
438
558
48
511
82
430
459
17
443
880
357
523
28
496
789
73
716
232
485
776
118
659
185
474
26
448
441
702
232
470
21
450
619
140
479
729
49
680
211
470
467
32
435
742
262
480
726
756
792
23
770
794
221
574
107
468
38
430
456
667
195
473
690
267
423
419
414
412
448
483
724
249
475
18
458
652
121
531
735
185
551
88
463
57
407
424
459
588
673
227
447
482
473
57
416
410
443
436
17
419
424
658
198
460
680
214
467
497
799
336
464
34
430
423
45
379
687
770
307
464
42
423
757
747
21
726
233
494
831
92
739
241
498
645
200
446
717
223
495
17
478
51
428
590
114
477
474
58
416
448
660
127
533
572
116
456
40
416
428
704
242
462
30
433
524
616
86
530
833
177
657
154
504
686
181
505
666
200
467
693
227
466
724
34
690
181
510
504
1041
566
476
769
754
834
241
594
673
176
498
494
853
141
713
236
478
468
463
708
253
456
776
268
508
49
460
749
273
476
52
424
41
384
739
240
499
621
56
565
933
134
799
331
469
821
262
559
106
454
446
1024
372
653
769
295
474
656
160
496
532
684
686
143
544
686
224
462
23
440
25
415
483
1020
467
553
66
488
571
763
293
470
474
703
124
579
768
931
1083
533
551
677
694
233
461
750
775
781
277
504
763
241
523
824
319
506
780
142
638
733
258
476
659
39
621
794
280
515
689
993
380
613
758
249
510
823
165
658
138
520
752
761
794
179
616
138
478
612
703
802
233
570
128
442
658
206
452
715
212
504
642
1046
591
456
711
245
467
528
668
148
521
513
652
163
490
859
162
697
790
775
50
725
288
438
434
449
520
521
674
207
468
686
210
476
546
553
766
260
507
729
870
414
456
38
418
457
450
766
229
538
890
393
498
755
263
493
731
183
548
75
474
26
449
35
414
407
416
656
43
613
612
81
531
1023
541
483
17
466
842
352
491
873
398
475
665
184
481
699
45
654
162
493
35
458
489
674
796
356
441
22
419
452
16
436
456
919
357
563
740
750
150
601
802
854
308
546
583
91
492
716
247
470
739
281
458
702
745
785
283
502
763
758
794
778
238
540
931
403
529
550
67
484
693
168
525
63
463
667
238
430
782
293
490
629
170
460
720
106
614
181
434
430
747
297
450
741
266
475
48
428
634
836
328
509
738
30
708
119
590
65
526
838
125
714
215
500
36
465
455
15
440
481
727
242
485
642
152
490
744
819
360
459
805
166
640
194
446
845
371
474
751
50
702
263
439
523
810
353
458
37
422
424
13
412
414
433
692
256
436
14
423
486
656
193
463
608
36
573
621
140
481
787
55
732
293
440
450
791
308
483
691
146
545
636
657
179
478
494
525
615
157
458
458
658
191
468
712
250
463
485
761
245
517
653
41
612
101
511
758
198
561
75
486
473
666
798
271
528
740
59
681
180
501
619
192
427
432
464
482
24
458
25
434
772
318
454
25
429
689
223
466
21
446
451
25
427
414
739
260
480
640
22
619
116
503
29
475
20
455
70
385
642
186
457
45
412
473
735
206
529
69
460
17
444
456
464
461
458
629
168
462
721
284
438
930
361
570
554
648
92
556
67
490
16
474
17
458
26
432
449
24
426
416
484
724
282
442
700
259
441
20
421
642
696
268
428
426
487
485
610
186
425
442
478
757
150
608
634
224
411
475
556
1020
341
679
867
351
516
734
37
697
195
502
685
785
765
102
663
39
625
173
452
442
634
173
462
716
231
486
568
644
709
179
531
90
441
41
400
409
606
136
470
29
442
651
174
477
757
321
437
430
728
791
345
446
30
416
754
27
728
1030
324
706
210
496
545
16
530
690
210
481
41
440
622
128
495
736
270
466
674
789
307
482
507
578
93
485
45
440
459
461
726
300
426
449
480
708
220
489
593
641
667
68
600
625
841
841
368
473
548
98
451
33
418
416
414
645
184
462
718
732
747
141
606
128
478
708
745
788
132
656
168
488
706
819
60
760
291
470
22
448
505
735
756
43
714
748
249
499
791
256
536
576
81
495
789
79
710
295
416
444
475
471
74
397
451
658
218
440
755
82
674
68
606
643
109
534
551
604
651
155
496
773
793
239
555
52
503
681
216
466
646
185
461
33
429
423
467
757
32
726
194
533
84
449
447
452
441
28
413
695
127
568
654
944
482
462
41
422
752
199
554
104
451
40
411
37
374
397
404
431
642
191
452
17
435
23
413
461
36
426
15
412
415
13
402
418
727
171
556
662
728
801
274
528
922
442
481
681
213
469
729
279
451
33
418
464
736
205
531
58
474
737
196
541
808
240
569
579
785
789
328
461
675
806
294
513
647
102
545
770
764
27
737
151
587
806
184
623
119
504
54
451
22
429
452
833
221
613
114
499
44
455
75
380
421
797
322
476
701
62
639
164
475
809
292
517
873
140
733
127
607
111
496
690
210
480
685
250
435
728
844
420
424
433
648
796
327
470
656
37
619
139
480
42
439
440
717
292
426
511
672
204
469
61
408
438
467
734
75
659
224
435
464
464
633
220
414
420
619
142
477
612
802
191
612
673
758
278
481
774
114
661
135
526
68
458
626
790
312
478
641
652
139
514
49
465
22
444
828
314
515
521
722
33
689
124
566
93
473
23
451
443
797
360
438
445
707
216
491
727
202
526
35
491
689
21
669
741
234
507
18
490
679
804
348
456
523
684
29
655
167
489
760
113
648
729
226
504
582
28
554
102
452
31
421
605
162
444
739
280
459
456
628
34
595
85
511
625
658
141
517
775
280
496
746
768
259
510
613
146
468
940
391
550
774
24
750
254
496
769
229
541
93
449
457
43
414
24
390
419
473
21
453
40
413
757
298
460
797
361
437
443
644
176
468
690
775
71
705
153
552
97
456
705
252
453
727
233
494
489
476
471
668
31
638
161
478
707
802
51
752
145
608
143
465
719
202
518
566
130
437
461
17
445
31
415
448
894
228
666
208
459
782
327
456
764
64
700
232
468
612
605
145
460
814
292
522
534
693
795
325
471
631
176
456
463
63
401
617
191
426
53
374
476
485
583
720
264
457
863
395
468
469
661
163
499
23
476
738
279
459
504
72
433
424
31
394
434
449
753
292
462
726
248
478
57
422
36
387
384
549
545
777
840
371
470
28
443
727
253
475
25
450
709
56
654
221
434
512
97
416
483
815
329
487
712
738
263
475
22
454
36
418
435
16
420
427
38
390
459
35
425
444
17
427
41
387
416
445
450
478
695
197
499
619
182
437
27
410
403
443
459
28
432
440
615
184
431
438
822
361
462
685
209
476
36
441
19
422
754
117
638
186
453
470
791
282
509
28
482
743
37
706
849
274
575
580
79
501
715
897
412
486
811
25
787
315
472
658
191
467
660
147
513
48
465
733
283
451
768
63
705
42
663
750
758
259
500
742
238
504
22
483
40
444
431
419
21
399
13
386
435
753
240
514
795
797
308
490
714
176
539
616
666
708
245
463
29
435
455
782
340
443
485
772
294
479
502
628
796
117
680
751
788
153
635
170
465
39
427
528
78
450
849
288
561
36
526
644
175
470
22
448
796
163
633
739
198
541
20
522
784
286
498
521
882
298
584
651
646
164
482
15
468
706
251
455
551
628
813
212
602
809
232
578
703
182
521
739
880
385
496
768
753
133
621
139
482
754
759
759
290
470
756
56
701
745
251
494
776
851
117
735
251
484
53
432
726
710
219
492
701
249
452
742
129
614
143
471
825
343
482
682
231
452
473
760
284
476
15
462
722
243
479
618
128
490
828
391
437
463
716
235
482
509
835
189
647
147
500
776
812
150
662
151
511
654
234
420
461
20
442
485
31
455
701
215
486
689
246
444
28
416
408
422
433
18
416
439
38
401
1205
498
707
239
468
458
19
440
434
443
452
447
21
426
454
28
426
457
463
475
775
324
452
597
152
445
17
429
427
749
138
611
738
76
662
728
246
482
483
775
56
720
855
833
75
758
245
514
800
310
491
18
473
24
450
490
772
254
519
732
200
533
67
466
732
800
351
450
453
659
83
576
771
66
705
186
519
719
793
301
493
670
159
511
668
911
441
470
729
273
456
518
32
487
615
150
466
485
102
384
437
435
751
53
698
833
330
504
622
135
487
604
807
339
469
867
247
620
68
552
781
290
491
681
698
739
296
443
439
578
124
454
456
802
819
37
783
73
710
97
614
18
596
75
522
48
474
744
271
473
800
325
475
712
175
538
109
429
451
462
19
444
431
461
700
264
436
477
707
192
515
672
748
289
459
500
815
52
764
298
466
16
451
445
459
16
444
457
26
431
489
710
759
823
334
489
606
158
449
22
427
415
742
256
486
743
297
446
765
205
561
43
519
624
164
460
514
730
784
105
679
156
524
734
747
760
746
121
625
45
580
579
609
633
48
586
677
182
496
59
437
442
494
678
196
483
707
219
488
24
464
756
292
465
749
255
494
35
459
658
266
392
818
319
499
750
311
439
461
30
431
435
427
23
404
441
434
30
405
466
71
396
400
15
386
433
431
646
27
619
125
494
481
26
456
450
499
112
387
383
444
443
37
406
409
416
28
388
613
161
453
25
428
708
755
159
597
648
58
590
797
356
442
29
414
603
80
523
95
429
15
414
407
406
455
833
373
461
684
31
653
102
552
99
453
665
73
593
771
282
490
678
192
487
74
413
626
127
500
724
225
500
678
122
556
715
86
630
688
116
572
90
482
496
699
33
666
174
493
630
640
167
474
33
441
640
160
480
477
788
176
613
147
466
35
432
447
22
425
918
378
541
50
492
34
458
549
624
721
53
669
207
463
49
415
641
66
575
651
162
490
733
730
152
579
84
495
764
282
483
49
434
430
739
266
474
791
138
653
81
573
65
508
39
470
642
174
469
781
186
595
634
160
474
579
877
396
482
753
784
779
142
637
114
524
626
793
331
463
39
425
905
375
530
750
259
491
486
586
780
249
531
745
245
500
709
156
554
781
57
724
265
460
733
277
456
650
823
306
518
748
99
649
160
490
719
158
562
590
120
471
507
584
819
189
631
833
839
395
444
508
31
478
56
422
46
377
627
698
158
540
796
192
605
597
140
458
779
770
213
558
702
162
541
838
338
501
656
796
784
124
660
155
505
766
272
494
760
858
182
677
787
72
716
795
107
689
93
597
795
217
579
787
226
561
95
467
617
639
129
511
784
811
325
487
722
210
513
661
799
220
580
689
786
203
583
596
741
145
596
124
473
52
421
465
16
450
832
254
578
118
460
659
155
505
31
474
661
227
434
432
457
720
150
571
558
887
228
660
198
462
452
763
342
422
670
198
473
42
432
17
416
715
267
448
451
706
247
459
18
442
745
269
476
549
545
43
503
21
482
510
722
55
667
668
34
635
757
235
523
510
76
435
1008
362
647
132
516
596
776
193
583
117
467
45
423
419
19
401
716
324
393
471
745
48
697
714
212
502
757
824
103
721
178
544
779
172
607
59
549
685
73
612
136
476
100
377
434
432
641
164
478
24
454
716
704
193
511
39
473
538
687
57
630
794
306
489
729
725
251
474
700
194
506
708
251
458
630
718
808
195
613
35
578
26
553
102
451
35
416
715
250
466
516
601
685
882
402
481
706
180
526
791
810
301
510
713
698
203
495
643
203
440
482
110
372
417
443
728
272
456
733
214
520
687
221
467
32
435
625
141
484
642
229
414
426
454
729
262
467
610
746
753
828
341
487
655
77
578
103
475
720
180
541
854
404
450
724
277
448
34
414
595
118
478
682
38
645
787
45
742
161
581
54
527
743
289
454
553
677
715
45
671
700
153
547
35
513
556
38
519
708
224
485
564
34
530
734
114
620
146
474
44
431
593
869
104
765
24
742
160
582
788
287
501
830
120
710
747
311
436
482
524
34
491
15
476
31
445
43
403
416
449
676
664
90
574
126
448
458
45
413
424
458
473
486
60
426
431
20
412
622
110
512
68
445
451
458
446
444
693
253
440
485
745
207
538
615
170
445
33
413
800
346
454
480
550
105
446
444
435
439
492
626
57
570
85
485
25
460
61
400
453
67
386
621
145
477
731
301
431
28
403
545
557
83
475
41
435
495
35
460
31
430
438
461
466
469
19
451
495
38
457
453
456
472
543
75
469
25
445
499
498
500
41
459
451
24
427
544
564
127
437
464
691
254
437
462
41
422
434
510
86
425
686
725
269
456
458
455
41
415
421
477
497
37
460
449
458
452
450
467
20
447
450
489
639
72
568
619
21
598
617
114
503
58
446
34
412
416
685
685
294
391
418
460
23
438
455
455
461
455
729
188
541
65
477
16
462
14
448
483
646
131
516
74
442
465
540
82
458
610
184
427
460
760
285
476
18
459
39
421
39
383
526
57
470
17
453
477
29
448
645
62
584
134
451
722
260
463
1004
446
558
69
490
623
618
99
519
62
458
26
432
490
21
469
24
446
90
356
387
394
648
153
495
22
473
576
60
516
520
38
483
536
60
477
20
457
487
523
36
488
51
437
452
57
395
673
175
499
530
48
482
69
414
425
451
781
275
506
498
43
455
513
68
446
448
481
557
604
58
547
131
417
408
436
436
430
462
504
93
412
463
495
34
461
14
448
462
464
458
26
432
445
438
452
29
423
14
410
443
449
561
166
396
427
455
444
438
466
32
435
24
411
428
446
472
476
483
736
182
554
75
480
41
440
451
442
435
45
390
419
464
538
48
490
492
480
597
26
571
139
432
22
411
431
450
32
418
453
42
411
440
469
478
20
459
18
442
52
390
508
583
94
490
581
154
427
452
520
712
282
431
443
27
416
436
18
419
410
580
135
445
457
460
476
19
458
24
434
599
175
425
419
414
749
217
532
732
164
568
126
443
97
346
430
457
444
470
785
280
505
61
445
500
534
75
459
37
423
482
628
202
427
428
457
3999
3999
3999
3999
3999
3999
3999
3999
3999
3999
3999
3999
3999
3999
3999
3999
3999
3999
3999
3999
3999
3999
3999
3999
3999
3999
3999
3999
3999
3999
3999
3999
3999
3999
3999
3999
3999
3999
3999
3999
3999
3999
3999
3999
3999
3999
3999
3999
3999
3999
3999
3999
3999
3999
3999
3999
3999
3999
3999
3999
3999
3999
3999
3999
3999
3999
3999
3999
3999
3999
3999
3999
3999
3999
3999
3999
3999
3999
3999
3999
3999
3999
3999
3999
3999
3999
3999
3999
3999
3999
3999
3999
3999
3999
3999
3999
3999
3999
3999
3999
2243
517
564
78
487
45
442
53
389
429
473
517
713
115
599
148
452
762
301
461
23
439
750
250
500
39
461
465
24
441
498
90
408
415
434
17
418
463
461
498
752
285
468
480
50
431
715
228
488
23
465
32
434
453
449
457
446
444
530
63
467
513
682
124
559
688
127
561
108
454
443
437
444
688
119
569
87
483
670
677
110
568
121
447
489
54
436
584
60
525
21
505
80
425
452
443
469
465
805
793
262
532
563
89
475
30
445
470
563
23
541
19
522
40
482
525
48
477
41
436
484
618
116
503
494
45
450
616
130
486
478
134
345
446
475
470
18
453
463
460
581
107
474
468
21
447
449
533
692
235
458
458
759
281
478
474
490
523
606
175
432
426
532
57
475
24
452
472
513
25
488
26
462
650
175
476
480
491
612
74
538
76
462
501
492
21
471
460
451
456
512
70
443
18
425
455
453
441
439
29
410
466
503
15
489
42
447
452
477
522
513
662
142
520
613
194
419
544
103
442
887
392
495
34
461
456
596
31
566
589
120
470
482
28
454
667
138
530
31
500
41
460
32
429
431
457
462
457
666
78
589
175
415
435
445
467
666
37
630
172
459
449
43
406
395
501
44
458
15
443
587
105
483
544
120
425
425
464
44
421
433
16
418
435
428
447
466
16
451
621
44
577
582
44
538
572
154
419
461
53
408
421
583
181
403
463
62
402
512
55
458
448
608
76
532
88
445
15
430
445
29
416
19
398
443
435
423
430
27
404
446
25
421
25
397
23
375
441
445
655
114
542
133
410
423
23
401
404
456
459
14
446
33
414
419
409
411
413
584
54
531
108
423
522
73
449
466
70
396
443
444
43
402
48
354
385
427
437
30
407
468
52
416
411
499
27
472
461
704
3999
1551
440
461
633
78
556
807
338
470
27
443
512
593
183
410
769
280
490
483
33
451
34
417
444
449
22
427
15
413
21
392
398
448
524
642
185
457
511
56
456
482
517
624
734
193
542
67
476
615
791
828
349
479
21
459
17
443
443
546
73
474
52
422
450
452
29
423
421
440
444
734
338
396
472
609
613
617
906
269
637
168
470
716
209
508
33
475
512
576
577
98
479
846
389
458
583
57
526
44
483
699
217
482
17
466
592
187
406
696
246
451
464
484
479
527
533
41
492
37
455
457
607
34
574
100
474
618
726
259
467
14
454
468
461
476
18
458
769
229
541
61
481
487
609
724
248
477
466
33
434
502
511
101
410
468
15
454
503
41
463
19
445
435
581
824
239
585
83
503
45
459
25
435
471
460
487
491
500
504
688
95
593
121
473
476
483
19
464
461
497
31
466
457
450
480
34
447
584
623
175
448
453
34
419
36
384
435
431
762
215
548
726
255
471
25
447
476
469
656
99
557
64
493
50
444
443
460
15
446
435
432
438
440
47
394
460
452
25
427
425
422
419
834
190
645
198
448
476
17
460
462
16
447
466
29
438
435
16
420
455
450
438
545
96
450
449
34
416
425
417
16
402
486
19
467
485
31
454
476
66
411
16
395
458
453
488
702
236
466
457
74
383
469
624
139
485
517
21
496
28
468
28
441
67
375
728
180
548
87
462
497
639
98
542
20
522
30
493
54
439
451
645
753
238
516
20
497
39
458
45
413
421
451
472
559
586
29
558
669
105
565
44
521
69
453
480
59
421
605
145
460
599
176
424
435
445
454
458
98
361
449
49
400
27
374
402
451
464
478
25
454
469
68
401
507
563
142
421
593
865
380
485
509
520
50
471
492
502
22
481
27
455
43
412
625
179
447
484
488
485
784
189
595
62
534
70
464
30
435
466
766
266
500
28
473
469
677
250
428
544
605
130
475
26
450
449
450
439
718
264
455
459
44
416
419
442
505
16
490
59
431
425
461
476
505
57
449
449
572
120
453
14
439
27
412
403
454
26
428
656
199
458
759
75
684
80
605
644
210
435
456
566
562
552
604
119
486
51
435
458
35
424
462
21
442
506
590
609
107
503
62
442
441
442
29
414
463
486
29
457
24
433
503
27
477
48
429
436
493
51
442
42
401
679
242
438
689
240
450
54
396
575
90
485
494
25
469
36
434
437
20
417
462
24
439
456
443
463
20
444
454
484
531
629
179
451
443
434
478
56
422
607
638
209
430
455
460
513
576
600
589
663
181
482
545
89
456
469
56
413
14
399
405
450
465
728
218
511
43
468
29
440
427
504
38
467
550
688
200
488
93
395
385
415
422
467
591
590
128
463
19
445
44
401
436
425
446
450
16
434
438
448
451
443
28
415
406
412
425
433
24
410
748
287
461
17
445
36
409
419
425
414
444
521
35
486
41
445
464
487
22
465
497
500
35
465
459
23
436
425
422
14
409
418
35
384
410
574
601
144
457
38
420
427
472
31
442
15
427
460
524
826
360
466
458
38
421
620
122
498
49
449
504
624
677
182
496
499
720
240
481
572
81
492
874
398
476
462
523
814
183
631
164
468
745
66
679
212
468
30
438
451
709
209
501
44
458
508
677
226
451
457
706
253
453
606
144
462
653
25
628
636
66
571
573
565
639
659
59
600
115
485
692
188
504
708
154
555
64
492
806
1245
442
803
230
573
84
490
22
468
456
469
59
410
412
420
429
418
500
651
155
497
15
482
665
86
579
111
468
23
446
33
413
558
741
172
569
22
547
34
514
63
452
14
438
453
450
475
466
25
441
451
744
132
612
137
475
481
33
448
445
650
88
562
98
465
581
20
561
103
458
640
71
570
163
407
422
459
22
438
465
680
88
593
119
475
42
433
450
27
423
758
219
540
44
496
24
472
17
456
449
699
222
477
484
19
465
15
451
544
541
629
173
457
18
439
462
532
56
476
27
450
510
518
549
97
452
15
437
19
419
416
428
434
445
478
40
439
20
419
423
503
27
477
45
433
425
15
411
459
463
493
662
672
195
478
476
15
461
451
451
468
468
926
444
483
537
695
239
457
201
256
631
201
431
450
653
127
526
575
80
495
55
440
451
69
383
893
312
582
590
136
455
458
455
15
440
450
458
17
441
550
587
132
456
21
435
652
195
458
535
86
449
473
38
436
465
31
435
450
692
221
471
97
375
627
43
585
170
416
444
35
409
45
364
416
423
46
378
688
214
475
491
478
490
510
527
59
468
473
462
524
23
501
64
438
444
517
65
452
465
15
451
442
19
424
441
448
459
461
473
19
455
505
67
439
543
538
90
448
438
524
61
463
19
445
435
438
463
507
31
477
541
592
138
455
461
26
436
45
391
431
425
430
493
549
640
186
454
449
34
416
429
437
19
419
411
412
453
749
292
457
27
430
17
414
427
617
118
499
31
468
41
428
444
722
264
458
472
30
443
573
593
116
477
791
337
455
47
408
850
350
501
18
484
605
179
427
595
106
490
60
430
738
286
452
20
432
32
401
39
362
408
415
407
447
746
207
539
76
463
22
442
713
238
476
48
428
538
98
440
453
26
428
59
369
465
469
40
430
440
455
455
443
37
407
395
31
364
555
64
491
46
445
16
430
17
413
423
714
266
449
454
538
591
95
496
604
592
131
462
774
316
458
457
26
431
663
213
450
33
417
411
23
388
430
424
417
440
473
548
102
447
765
336
430
457
646
77
569
114
455
482
478
585
646
142
505
712
273
440
643
64
580
191
389
400
682
73
609
153
457
445
632
143
490
645
726
283
443
447
615
165
450
545
681
156
526
692
243
450
15
435
51
384
830
164
666
189
477
627
137
491
678
160
519
511
1022
514
508
43
466
539
853
387
466
796
288
509
75
435
24
411
413
458
854
366
488
703
293
411
422
503
75
429
476
750
769
45
724
29
696
88
608
183
425
451
511
519
57
463
691
255
436
15
421
658
161
498
54
444
449
436
496
40
456
25
431
622
149
474
462
562
85
478
638
118
521
42
479
482
475
689
219
470
731
177
554
72
483
691
228
464
787
323
464
672
125
547
551
587
138
450
672
205
468
637
708
108
600
115
486
528
695
54
641
141
501
591
72
519
73
447
54
393
727
268
459
721
73
649
151
498
786
75
711
185
527
98
430
419
625
170
456
27
429
454
734
193
542
718
181
538
646
155
492
668
242
427
666
215
452
48
404
500
100
401
458
748
211
538
138
400
500
817
114
703
233
470
24
447
59
388
719
251
469
35
435
442
32
410
410
21
389
534
140
395
400
400
624
643
653
719
273
447
693
85
608
107
502
521
76
445
42
403
423
601
107
495
72
423
491
611
115
496
55
442
32
410
500
626
78
549
600
640
134
507
495
611
111
500
65
435
29
407
736
291
445
454
709
116
594
63
532
97
435
469
626
161
466
455
744
71
673
156
518
750
734
286
449
26
423
745
269
476
759
218
541
75
467
456
518
50
469
14
455
609
759
180
580
144
436
436
749
276
473
38
435
502
51
452
632
121
512
498
57
441
497
39
458
667
693
217
476
37
440
446
444
456
43
413
401
731
103
629
172
458
555
109
446
553
628
170
459
558
132
427
416
437
446
434
524
72
452
567
122
445
442
516
39
477
31
447
1118
615
503
502
69
434
36
399
399
518
61
457
618
167
451
781
313
469
717
193
525
63
463
633
658
85
573
18
556
93
463
24
440
438
961
356
606
148
458
15
443
769
277
492
603
149
454
36
418
444
441
429
668
181
487
65
423
458
480
654
168
486
22
465
28
438
683
203
481
37
444
433
460
689
148
541
565
805
245
560
81
480
713
247
467
625
140
486
758
254
505
724
227
498
40
458
532
708
209
499
538
610
55
555
78
478
53
426
440
664
193
471
509
70
439
737
241
496
67
429
430
428
644
35
610
128
482
700
181
519
639
167
473
531
614
114
500
732
289
443
442
683
718
285
434
28
406
416
498
719
109
611
52
559
124
436
741
58
683
215
468
469
676
229
448
27
421
449
29
420
627
122
506
39
468
14
454
527
534
720
260
461
459
15
445
56
389
471
509
72
438
444
462
814
166
648
113
536
727
241
486
748
260
488
599
617
173
445
446
775
318
458
497
665
204
461
41
421
435
466
14
453
776
43
733
94
640
179
461
765
287
479
627
161
467
54
414
415
445
451
486
592
42
551
860
320
540
84
456
44
412
420
413
416
504
614
711
251
461
450
442
463
655
225
430
661
186
476
27
449
41
408
14
395
481
618
621
163
458
460
637
202
435
454
441
469
39
430
427
436
439
37
403
602
156
446
20
427
18
409
421
781
329
452
468
458
468
14
454
45
410
421
428
456
17
439
630
169
462
42
421
416
416
496
648
209
439
447
453
548
597
150
447
33
415
472
591
67
525
538
95
444
708
211
497
33
464
25
440
71
369
373
402
402
550
551
106
446
796
57
740
262
478
508
852
347
506
91
416
555
102
453
700
201
499
26
473
38
435
442
676
723
754
263
492
699
224
475
33
443
22
421
22
400
460
764
272
493
523
671
58
614
47
568
76
492
748
266
482
39
444
561
118
443
624
149
475
189
286
300
616
803
353
451
35
416
756
33
724
766
88
678
185
494
71
423
708
242
466
24
443
500
679
854
364
490
506
48
459
562
91
472
159
314
569
148
421
768
244
525
26
499
37
462
583
132
452
439
431
743
26
718
185
533
60
473
649
156
494
489
476
780
291
489
18
471
38
434
431
29
403
23
380
635
169
467
664
202
462
596
622
154
468
458
447
449
794
312
482
824
162
662
203
459
23
437
640
166
474
732
140
592
634
105
530
798
281
518
704
207
497
20
477
25
452
462
750
136
614
770
317
453
40
413
437
690
691
181
511
665
176
489
811
313
498
27
471
60
412
436
727
288
440
437
465
781
80
701
219
482
727
260
467
14
454
697
284
413
414
421
425
441
762
43
719
48
672
82
591
36
556
542
694
184
511
646
44
603
140
463
672
660
91
569
806
323
484
474
60
415
700
158
542
101
442
608
133
475
835
274
562
704
146
558
101
458
645
177
468
53
416
24
392
19
374
414
451
460
510
702
48
654
133
521
774
263
512
565
759
206
554
676
166
511
629
174
456
24
432
500
781
870
393
477
713
45
669
819
386
434
428
494
51
443
16
427
695
794
83
712
162
551
89
463
643
145
498
73
425
60
366
387
468
518
61
457
499
895
386
510
50
461
462
643
680
214
467
64
404
532
657
106
551
684
223
462
471
683
219
465
1136
575
561
638
771
768
267
502
668
148
521
62
460
34
427
696
751
135
617
700
266
434
611
825
102
723
230
494
40
454
602
71
532
98
434
521
666
676
750
266
485
15
470
705
211
494
486
26
460
847
300
548
792
339
454
938
166
772
285
488
503
655
158
497
731
233
499
692
97
595
625
687
770
954
401
553
575
73
502
635
167
468
462
461
725
238
488
549
585
76
510
53
457
556
579
714
218
497
724
286
439
707
77
630
18
613
76
537
766
825
40
785
182
603
844
308
537
762
58
704
247
458
659
189
470
764
775
125
650
148
503
22
482
518
891
169
722
191
532
830
138
692
217
476
955
380
575
47
529
685
208
477
712
713
265
449
759
286
474
725
215
511
701
185
516
64
452
698
179
520
788
334
454
477
735
748
250
498
605
646
796
149
648
113
536
657
698
173
525
107
419
14
406
772
294
478
470
608
34
574
604
129
476
623
708
283
426
717
20
698
248
450
491
676
98
579
603
103
501
726
96
630
134
497
24
473
663
182
481
947
485
463
884
200
684
703
726
230
497
490
768
274
494
648
213
435
20
416
721
255
466
460
22
439
27
412
412
642
165
477
477
621
68
553
25
529
748
125
623
688
232
457
703
261
442
883
341
543
770
290
481
771
162
610
198
412
68
344
488
967
468
500
43
457
466
669
67
603
172
431
428
421
438
727
321
406
470
766
117
650
195
455
475
625
610
60
550
743
750
279
471
714
224
491
42
449
456
664
173
491
625
199
427
561
92
470
798
155
643
136
508
666
716
141
575
634
636
632
175
458
686
208
479
704
148
556
79
478
735
30
706
175
531
730
751
277
475
17
459
458
66
393
385
401
418
628
961
437
525
547
109
439
753
287
467
32
436
745
73
672
216
457
456
488
825
531
294
372
449
537
533
689
763
261
502
510
53
458
704
142
562
26
537
779
317
462
753
289
465
650
98
552
716
247
470
486
578
74
504
669
19
651
161
490
40
450
695
218
478
650
659
153
506
39
468
726
303
424
16
409
770
132
638
637
700
217
483
706
783
331
453
455
458
551
676
224
452
48
404
411
633
688
100
588
583
61
522
575
662
214
448
704
236
468
709
194
516
84
432
436
425
29
396
16
381
398
430
829
380
449
745
293
452
622
721
231
491
479
767
302
465
599
139
461
485
544
552
102
451
471
687
171
516
727
208
519
706
170
536
666
33
633
629
761
294
467
707
269
438
32
407
427
942
371
571
641
183
459
39
421
32
390
494
85
410
462
29
434
426
465
637
202
435
767
316
452
761
62
699
220
480
32
448
452
23
429
16
414
436
642
714
194
521
64
458
721
716
258
459
670
214
457
708
263
446
684
714
35
680
201
479
822
32
790
328
462
29
434
713
34
680
232
448
734
744
32
712
170
543
286
258
264
541
692
694
714
133
582
128
454
35
419
458
630
730
284
446
439
460
450
762
251
512
616
116
501
70
432
786
246
540
546
689
232
458
49
409
424
17
408
410
447
658
677
201
476
16
461
654
670
220
451
668
102
567
606
610
149
461
29
433
434
422
544
724
161
564
50
514
570
44
526
650
200
451
14
437
16
422
424
450
22
428
424
693
175
518
47
472
458
445
17
429
445
460
472
636
140
497
87
410
412
507
61
447
20
428
420
427
432
461
453
465
473
31
443
453
440
444
499
493
37
456
462
649
151
499
584
121
464
691
38
653
178
475
629
63
567
71
496
601
126
476
476
20
457
24
433
426
422
463
469
31
439
445
502
39
463
44
420
500
492
541
565
567
100
467
25
443
505
551
547
57
491
492
40
452
21
431
659
161
498
59
439
485
28
457
41
416
407
493
18
475
24
452
477
515
584
57
528
83
446
479
479
22
458
449
693
309
385
461
466
465
31
435
435
423
600
72
528
726
202
524
532
28
504
68
437
456
452
494
37
458
730
228
502
23
480
35
445
450
447
545
538
46
492
45
447
42
406
404
584
50
535
55
480
473
514
89
426
423
539
621
155
466
23
444
449
482
472
464
459
557
75
483
32
451
499
68
431
19
413
16
397
440
70
371
682
213
470
20
450
57
393
552
677
301
376
428
446
564
113
452
494
500
522
50
473
57
416
444
438
434
437
440
28
413
405
440
15
425
420
15
406
466
542
553
125
429
442
30
413
453
27
426
419
455
560
123
437
505
66
440
444
452
26
427
458
27
431
438
14
425
20
405
443
481
708
245
463
39
425
514
83
432
427
453
617
127
490
26
465
72
393
424
13
412
440
464
25
440
438
467
471
466
721
65
657
186
471
538
38
500
104
396
428
442
14
429
440
451
451
23
428
467
576
19
558
115
443
437
444
732
108
625
192
434
452
477
475
476
499
563
585
736
735
288
447
16
432
19
413
538
612
82
531
40
491
29
462
28
435
632
185
447
14
434
423
438
462
31
431
646
159
488
581
155
426
17
410
27
383
477
509
48
462
33
430
607
621
182
439
426
450
476
575
774
317
458
22
436
463
453
28
425
38
388
421
161
260
285
520
569
133
436
554
737
299
439
442
18
425
433
428
419
415
500
641
190
451
38
413
463
578
563
20
544
117
428
14
415
406
516
24
492
34
459
51
409
476
41
435
34
402
393
416
414
427
424
457
54
403
426
503
723
753
313
441
17
424
661
225
436
424
461
44
417
407
402
397
554
569
573
128
445
26
419
19
401
407
520
63
457
16
441
458
468
22
446
499
64
435
34
401
445
650
172
478
35
444
441
41
400
398
389
395
470
32
439
436
480
56
425
421
424
423
432
15
418
521
541
82
460
856
247
609
160
450
493
603
162
442
434
437
667
705
99
606
25
582
65
517
507
62
446
43
403
421
733
340
394
498
666
227
440
760
314
447
458
43
416
37
380
415
15
400
27
373
433
444
477
36
442
687
241
446
452
28
424
464
644
199
445
32
413
701
273
428
498
695
196
500
22
478
714
759
312
448
471
642
145
497
641
151
491
70
421
646
35
612
161
451
486
580
574
40
534
85
449
731
297
435
734
293
441
450
660
292
368
431
686
728
307
421
477
40
438
44
394
416
428
693
259
435
669
227
443
52
391
454
743
296
447
597
80
517
99
419
433
520
738
269
469
594
141
454
666
159
508
703
79
625
652
240
412
21
391
435
429
32
398
17
381
377
378
728
241
487
564
127
437
426
415
34
382
664
244
420
472
656
168
488
791
252
539
556
844
350
495
682
224
459
596
90
506
673
34
640
51
590
681
412
270
627
367
260
387
72
316
675
218
458
658
347
311
458
76
382
46
337
598
141
457
29
428
42
387
395
653
140
513
510
34
477
30
447
666
176
490
686
70
616
164
453
139
314
519
103
417
427
52
375
594
103
492
491
545
25
520
42
479
584
75
510
35
476
63
414
474
497
70
427
436
612
68
544
612
597
95
503
51
453
19
434
20
415
15
400
411
653
191
462
527
41
487
46
441
733
226
508
499
58
441
30
411
720
217
504
620
209
411
31
380
14
367
412
536
95
441
675
219
456
483
19
465
474
50
424
421
689
188
501
88
414
427
431
509
21
489
611
747
252
495
126
369
421
434
464
17
448
15
433
492
722
249
473
784
351
433
795
217
579
787
259
528
99
429
16
414
31
383
397
766
197
570
70
500
54
446
26
420
658
708
78
630
155
475
963
473
491
54
437
666
198
469
461
471
590
55
536
739
205
534
534
600
694
694
222
473
703
721
256
465
40
426
431
459
816
363
454
731
65
666
711
54
658
200
458
596
121
476
735
60
675
205
471
582
120
463
453
670
19
651
73
579
112
467
478
487
774
306
469
15
455
467
18
449
635
173
462
23
440
518
732
784
185
599
843
135
708
238
470
662
221
441
535
140
396
458
683
673
218
456
656
189
467
726
276
450
454
639
772
945
425
520
733
727
242
485
577
125
452
468
511
519
734
73
661
682
142
541
22
520
66
455
442
188
254
600
46
555
701
160
541
691
25
667
227
441
847
394
454
544
728
168
560
593
127
467
570
794
212
583
629
655
192
463
675
738
275
464
693
114
579
840
297
544
104
441
39
402
421
660
174
487
692
242
450
15
435
648
193
455
497
661
74
587
726
220
506
579
121
458
23
436
785
119
666
205
461
689
224
465
30
436
428
549
627
702
216
486
622
797
173
625
126
499
724
60
665
225
440
445
663
133
530
637
837
292
546
809
158
651
142
510
786
82
704
249
455
514
589
577
639
698
202
496
663
173
490
43
448
44
404
480
55
426
444
16
429
431
576
178
398
571
65
506
708
225
484
25
459
499
533
103
430
605
123
482
45
438
60
378
410
25
385
395
689
857
382
475
515
619
818
343
475
82
394
446
24
423
430
49
382
16
367
421
412
677
278
400
429
721
126
596
124
472
496
15
481
707
722
230
493
680
729
217
512
779
803
789
144
645
134
512
31
481
599
137
462
662
216
446
697
270
427
442
507
649
726
737
280
457
627
137
491
583
679
193
487
756
314
443
431
15
416
13
404
409
410
657
224
433
422
649
720
309
412
434
485
723
755
322
434
25
410
426
676
238
438
458
21
437
770
125
646
100
546
532
744
730
179
551
99
453
58
395
759
139
621
137
484
70
415
612
35
577
695
273
423
458
598
139
460
704
40
664
129
535
586
27
560
102
459
756
44
712
248
465
843
355
489
631
175
457
53
404
397
501
738
229
509
647
680
688
234
454
32
423
725
52
674
205
470
653
33
621
80
541
1039
563
476
843
246
597
131
467
607
685
171
515
617
86
531
571
568
157
411
1955
1116
839
54
785
319
467
618
703
221
482
566
633
171
463
29
435
473
93
380
766
372
395
439
485
550
661
204
457
674
791
227
565
740
66
674
189
486
679
174
505
818
193
626
126
500
663
119
545
49
496
52
445
721
744
236
508
947
505
443
430
14
417
718
257
461
712
53
660
793
69
725
806
154
653
657
78
579
723
730
258
472
748
262
486
765
256
510
500
49
451
709
66
644
169
475
594
126
469
45
424
422
19
404
19
385
402
407
738
751
45
707
788
332
456
633
629
177
453
26
427
443
621
828
176
652
94
559
632
701
260
441
650
241
409
18
391
652
183
469
31
439
628
196
433
15
419
632
223
409
83
327
451
22
429
30
400
391
643
662
232
430
456
195
261
748
81
667
177
491
504
570
112
458
14
445
666
121
545
650
234
417
461
619
669
170
500
684
228
456
715
265
451
484
48
437
662
170
492
533
606
149
457
710
166
545
648
180
468
752
298
455
523
602
127
475
821
150
671
229
443
737
289
449
14
435
833
248
586
742
257
485
654
209
445
476
51
426
429
527
720
737
53
685
695
77
619
151
468
727
241
486
658
86
573
794
125
670
189
482
22
460
708
211
498
716
71
646
797
322
476
480
762
141
622
926
277
650
708
55
654
645
695
721
708
801
345
457
48
409
430
18
413
735
747
226
521
666
178
488
31
457
1024
202
822
833
182
652
702
134
568
92
476
766
268
499
41
458
717
263
454
658
683
720
737
76
661
62
599
632
193
440
439
464
49
416
438
637
688
192
496
676
223
454
1628
379
1250
649
602
152
451
660
206
454
462
47
416
754
314
441
463
772
320
452
24
429
470
803
274
530
58
472
31
442
76
366
416
612
165
448
805
331
474
498
770
342
429
466
735
730
245
486
661
693
107
587
139
449
48
401
629
175
455
52
403
394
394
493
537
683
76
607
57
551
722
185
537
753
286
468
520
45
476
25
451
530
772
115
657
72
585
782
118
664
124
540
676
113
564
115
450
450
447
485
747
305
442
454
470
461
654
714
171
544
87
458
765
135
631
184
447
506
646
177
470
722
275
447
455
731
289
442
440
16
424
839
320
520
34
486
581
114
467
456
26
430
443
436
643
196
447
454
442
432
530
740
294
446
441
705
721
155
567
137
430
500
706
250
456
609
642
203
440
435
464
16
449
37
412
416
416
789
377
412
445
24
421
13
409
44
365
431
31
400
439
32
407
424
799
288
512
54
459
52
408
509
90
420
425
55
370
758
500
259
3999
3851
148
796
199
598
131
468
544
661
196
465
469
961
284
678
2570
2131
439
447
182
265
276
306
48
259
309
327
33
294
355
52
304
44
260
260
357
3999
2860
1139
1378
2727
3999
3999
3999

