01-09-2022 - 9:50 - Correr
Ramon Gallardo
Intervalos entre latido y latido
1032
1022
1025
1032
1034
1020
1019
1004
1007
1018
1014
1024
1016
1000
1007
1018
1029
1039
1037
1050
1051
1033
1037
1041
1045
1057
1059
1058
1065
1053
1037
1032
1042
1044
1057
1057
1059
1049
1035
1034
1049
1055
1053
1044
1027
1030
1033
1022
1013
1023
1034
1033
1042
1056
1045
1028
1032
1032
1047
1056
1060
1068
1070
1070
1073
1074
1068
1050
1038
1041
1045
1055
1065
1064
1065
1052
1035
1041
1047
1052
1063
1072
1077
1053
1035
1056
1067
1069
1076
1063
1040
1041
1047
1058
1065
1074
1081
1083
1062
1043
1055
1064
1069
1068
1075
1084
1083
1087
1086
1089
1080
1053
1053
1056
1058
1065
1066
1077
1078
1083
1074
1049
1042
1058
1066
1078
1077
1080
1089
1064
1055
1060
1069
1075
1076
1077
1071
1076
1073
1054
1043
1041
1054
1057
1068
1075
1084
1085
1083
1083
1074
1050
1046
1045
1047
1057
1071
1075
1072
1083
1085
1079
1061
1052
1066
1069
1075
1072
1080
1079
29
1050
1049
1051
1050
1060
1069
1074
1074
1083
1076
1051
1035
1041
1050
1056
1063
1070
1072
1078
1083
1068
33
1036
1033
1036
1041
1046
1053
1059
1065
1067
1075
1075
1078
1081
1080
1082
1062
1042
1031
1041
1041
1051
1064
1069
1079
1088
1087
1079
1089
1073
1078
1078
1083
1088
1087
1092
1097
1097
1095
1095
1093
1090
1094
1084
1082
1063
1051
1063
1077
1077
1086
1089
1089
1093
1092
1090
1085
1073
1060
1049
1059
1062
1072
1077
1083
1086
1080
1084
1086
1084
1086
1086
1083
1088
1078
1083
31
1053
29
1024
1041
1032
1031
1038
1046
1052
1054
1058
1067
1059
1064
1063
1056
1055
1068
1070
1071
1074
1073
1051
1063
1070
1075
1076
1080
1060
1060
1071
1075
1081
1079
1068
1070
1077
1077
1077
1081
1079
1075
34
1041
1054
1060
1059
1059
1048
1057
1060
1059
1050
1055
1063
1058
1045
1054
1060
1055
1053
1050
1064
1062
1062
1046
1055
1052
1064
1050
1051
1056
1054
1052
1055
1060
1058
1073
1079
1068
34
1034
1024
1010
997
1003
991
48
944
928
923
925
30
896
920
928
937
935
941
940
916
916
915
924
935
400
536
31
505
835
952
960
981
508
473
547
960
399
561
47
515
889
1016
992
50
942
28
914
892
47
846
830
876
858
35
823
838
824
822
820
815
822
816
804
799
789
787
24
763
778
782
781
785
791
785
778
780
773
768
769
759
768
777
765
756
750
753
749
745
738
741
743
744
734
732
725
718
723
713
710
705
695
689
701
695
693
694
689
693
700
698
694
690
691
690
689
679
677
670
680
674
674
667
666
666
667
665
661
662
664
659
655
650
646
659
651
647
651
643
646
646
647
644
643
644
650
646
642
639
639
647
643
44
600
679
40
640
646
645
645
644
639
637
645
642
642
639
638
635
641
638
635
632
631
631
638
632
629
628
622
623
624
621
620
616
612
616
618
616
617
617
616
615
614
609
617
615
613
613
608
616
612
611
608
608
610
612
609
608
602
602
608
604
603
602
601
601
605
599
599
597
597
590
595
599
596
597
156
441
766
171
595
596
601
608
608
614
611
615
617
618
617
619
609
616
625
623
628
629
634
636
628
645
642
653
656
659
661
668
677
683
693
696
698
704
714
724
724
716
714
715
722
723
725
716
698
716
727
734
733
725
744
753
781
816
303
513
1117
632
485
482
671
822
877
51
827
852
875
874
859
49
810
813
302
511
1109
625
484
1093
613
480
1046
565
482
1028
542
487
1039
555
484
1041
554
487
1046
560
486
1036
548
488
996
499
497
933
228
706
720
737
733
753
800
291
510
1197
711
486
1194
708
487
1130
642
489
1116
634
482
1087
604
484
1080
594
486
1098
615
484
1090
604
486
1110
625
485
1085
600
486
1099
612
487
1086
599
487
1069
580
489
1107
619
489
1087
601
487
1063
574
490
1086
598
489
1112
615
497
1083
589
495
1054
567
487
1027
534
493
966
455
512
940
388
552
964
469
496
1054
564
490
1113
617
496
1111
615
496
1128
634
495
1142
650
493
1140
647
494
1142
649
494
1126
632
495
1139
645
494
1128
635
493
1102
609
493
1101
312
790
817
324
493
498
721
900
967
1020
1018
1008
1007
1031
1017
35
983
992
1001
1005
988
990
994
984
28
956
967
981
978
972
986
987
32
955
53
902
917
941
967
977
976
972
985
998
974
35
940
957
980
991
1001
997
1005
1011
1004
999
1005
1013
1014
1015
1024
1024
1001
1011
1018
28
990
994
1014
484
530
26
504
946
431
516
1320
363
958
977
989
983
986
996
998
478
520
536
895
386
509
510
964
1005
1009
1009
497
513
523
859
354
506
498
866
321
546
26
521
892
379
514
26
488
925
417
508
18
491
882
342
541
27
514
857
303
554
29
526
823
976
963
26
938
926
948
975
1005
1014
1018
1022
1026
1033
501
532
26
506
983
463
521
526
995
1014
1012
1030
1041
1029
1027
1031
1025
50
975
952
972
1005
1011
1018
27
992
985
1001
1003
994
988
995
33
962
39
924
932
947
955
956
943
943
919
921
935
942
941
955
987
993
30
963
70
894
939
981
1025
1031
1035
1038
511
527
525
1006
475
532
518
997
475
522
520
1002
484
519
544
1011
1049
1053
1047
1055
1060
1056
1061
1059
1055
1057
1057
1058
1040
42
999
30
969
1001
1022
1041
1041
1017
1020
1026
1035
1035
1029
1004
1017
1029
1035
1032
32
1000
990
1005
1025
1036
1045
1054
1052
1053
1056
1056
1056
1050
1053
1045
1041
1036
1020
1002
1000
1006
1009
1015
1023
1028
1039
1041
1031
1032
1032
1023
1023
1021
1008
1015
1026
1007
988
1001
1008
1019
1003
1003
1019
1020
1009
1006
1020
1022
1006
1007
1017
1017
995
992
993
971
973
979
972
965
978
985
989
982
997
1000
989
989
1010
999
989
996
1007
1005
1006
1015
1007
1009
1011
1029
1031
1023
1027
1032
1022
1030
1028
1023
1021
1025
1025
1020
1014
1023
1027
1017
1019
1026
1022
999
42
958
992
1009
1024
1036
29
1007
986
1003
1024
1041
1041
1016
1025
1027
1033
1037
1038
1040
1039
1040
1037
1047
1054
1054
1048
1054
1060
1040
1050
1055
1056
1053
1042
40
1003
988
1013
1027
1032
1029
1015
28
988
979
996
1000
995
1005
1015
1031
1037
1041
1044
1048
1053
53
1000
1089
1070
1072
1067
1039
29
1010
1027
1050
1052
1054
1050
1057
1057
1050
1059
1053
1042
1017
1037
1041
1045
1042
1048
1055
1057
1053
1055
1059
1040
1053
1054
1059
1057
1054
1056
1052
1052
1054
1054
1050
1054
1061
1060
1060
1064
1060
1057
1062
1061
1050
1054
1053
1036
1034
1037
1031
1010
43
968
976
995
1015
1021
1017
1018
1027
1027
1019
1026
1031
1029
1029
1038
1039
1034
1036
1037
1033
1029
1028
1027
1009
1008
1014
1020
1009
51
958
978
990
1000
1006
984
1004
1010
1014
1015
1018
1027
1031
1029
1028
1031
1038
1033
1030
1036
1033
1036
1035
1037
1030
1018
1017
1018
1000
977
1005
1007
1015
1023
1022
1018
1033
1039
1041
1043
1054
1056
1050
1051
1054
1042
1052
1063
589
475
608
1029
1053
1054
1051
1030
1037
1037
1031
1010
1017
541
476
563
987
1004
1016
1005
980
994
996
1004
1000
986
982
982
982
979
977
974
976
991
1009
1022
1024
1022
1032
1040
1031
1032
1034
1038
1035
1037
1027
1024
1032
1036
1041
1042
1048
1046
1049
1036
1059
1064
1060
1072
1072
1074
1064
1061
1061
1070
1055
1063
1065
1050
1049
1057
1056
1061
1053
1062
1057
1049
1027
1024
1028
1014
993
1011
1023
1026
1035
1040
1039
1027
1040
1048
1058
1046
1062
1070
1071
1050
28
1023
1004
1025
1032
1042
1045
1047
1050
1054
1053
1051
1060
1062
1057
1063
1066
1062
1064
1067
1055
1059
1042
1044
1055
1062
1062
1060
1058
1047
1044
1049
1044
1038
1031
1036
1039
1041
1037
1020
1027
1031
1032
1018
1029
1027
1029
1032
1035
1035
1032
1026
1032
1032
1036
1037
1027
1041
1036
1027
1024
1029
1035
1024
1028
1026
1016
1025
1017
1007
1008
1000
996
979
42
937
36
902
935
952
983
1008
1019
1029
1021
1029
1035
1038
1031
1032
1041
1046
1043
1045
1041
1038
1040
1032
1029
1027
1002
1001
997
975
976
973
990
991
1006
1010
1006
1006
1005
1010
1015
1004
1006
1017
1025
1000
1007
1017
1022
1015
1005
1003
1009
1014
1015
1012
1003
993
976
984
986
978
975
963
979
990
985
994
1005
1016
1005
1013
1018
1013
1017
1020
1004
1001
1011
1025
1019
997
1007
1004
1005
1008
1008
1012
1024
1026
1032
1034
1038
1036
1033
1030
1037
1045
1047
1052
1053
1042
1034
1040
1044
1047
1051
1048
1057
1058
1049
1052
1036
1047
1049
1051
1038
1033
1031
1030
1015
998
1001
1016
1026
1020
1027
1039
1041
1033
1041
1045
1049
1043
1057
1054
1060
1050
1044
1043
1047
1046
1046
1044
1040
1027
1026
1028
1030
1029
1012
1013
1023
1032
1039
1044
1044
1030
1029
1029
1006
1018
1025
1019
1027
1041
1047
1047
1040
1015
1014
1024
1022
1022
1028
1028
35
993
39
954
1008
1032
1036
1039
1041
1032
1041
1050
31
1019
1040
1050
1047
1048
1047
1047
1041
1019
1028
1032
1033
1034
1033
1036
1037
1036
1039
1036
1036
1036
1033
1016
1024
1028
1027
1028
1024
1029
1029
1029
1028
1011
1010
1014
1013
1018
1010
999
980
956
932
946
953
970
979
986
971
982
991
1001
1004
1005
1006
1008
1011
1018
1009
1014
1008
1002
1009
1004
1004
995
988
993
995
31
964
965
974
982
982
977
973
966
982
998
999
998
1005
1013
1016
1024
1022
1022
1015
1009
1005
997
1001
1013
1022
1029
1022
1029
1036
1041
1034
1043
1044
1046
1032
1034
1038
1040
1041
1044
1042
1043
1045
1047
1043
1040
1038
1042
1040
1034
1041
1045
1041
1031
1044
1043
1034
1024
1031
1031
1016
1031
1013
1023
1019
1030
1024
1021
1036
1038
1051
1044
1055
1046
1028
1042
1041
1039
1033
1030
1022
1029
1030
1028
1033
1036
1031
1035
1036
1036
1030
1020
1008
1016
1016
1023
1028
1014
1028
1029
1031
1029
1037
1041
1047
1052
1054
1059
1054
1047
1043
1039
1039
1038
1041
1040
1039
1040
1042
1050
1046
1042
1033
1035
1037
1042
1042
1035
1036
1032
1036
1041
1039
1034
1043
1044
1046
1043
1043
1045
1041
1034
1038
1041
1025
1010
1015
1015
1027
1028
1030
1028
1004
1002
1023
1030
1036
1037
1035
1043
1052
1053
1052
1050
1040
1047
1045
1043
1042
1043
1044
1041
1041
1033
1030
1025
1032
1040
1037
1025
1031
1035
1031
1039
1043
1037
1043
1042
1045
1041
1033
1033
1021
1027
1022
1035
1037
1039
1045
1053
1052
1051
1054
1045
1055
1050
1035
1027
1034
1031
1030
1028
1002
1015
1023
1029
1032
1039
1048
1053
1054
1049
1052
1044
1043
1043
1038
1037
1030
1022
1016
1026
1032
1037
1041
1044
1044
1039
1035
1037
1035
1026
1037
1041
1044
1045
1046
1045
1054
1052
1042
1048
1022
1033
1034
1037
1043
1032
1034
1029
1035
1034
1046
1048
1051
1052
1059
1054
1051
1048
1047
1046
1042
1032
1021
1013
1007
1015
1020
1036
1042
1045
1048
1049
1048
1044
1047
1049
1044
1042
1041
1039
1023
1022
1016
1016
997
998
1010
1028
1038
1042
1047
1035
1045
1050
1046
1036
1037
1042
1046
1046
1044
1023
1009
1014
1018
1030
1034
1032
1029
1034
1033
1032
1012
988
1014
1016
1014
1021
1034
1046
1051
1042
1051
1047
1034
1036
1038
1039
1037
1037
1034
1036
1039
1012
1008
1008
1014
1016
1012
1015
1006
1000
1013
1011
1023
1038
1045
1049
1045
1049
1050
1049
1049
1045
1036
1032
1024
31
994
990
997
1001
1016
1022
1014
1020
1018
1005
993
1001
1015
1027
1031
1033
1009
1011
1010
1008
1010
1008
1004
1003
1018
1022
1016
1022
1017
1024
1027
1035
1036
1039
1040
1031
1044
1045
1036
1043
1039
1046
1037
1034
1024
1028
1023
1019
1031
1041
1041
1041
1043
1041
1045
1034
1038
1036
1048
1050
1050
1051
1050
1048
1027
1032
1041
1047
1045
1046
1047
1050
1052
1057
1047
1049
1045
1034
1025
1044
1037
1039
1035
1043
1042
1025
1043
1045
1045
1041
1033
1041
1041
1040
1033
1030
1037
1025
1035
28
1007
1023
1013
1017
1026
1029
1026
1039
1046
1041
1050
1055
1053
1062
1063
1068
1068
1062
1067
1061
1061
1060
1058
1068
1068
1052
1066
1069
1069
1064
1057
1069
1071
1069
1083
1078
1057
1052
1059
1050
31
1020
1029
1034
1009
1009
1013
997
994
985
994
1004
1016
1022
1023
1026
1029
1017
996
1008
1012
1017
1018
1021
1016
1038
1042
1048
1050
1048
1031
1039
1036
1040
1045
1039
1052
1032
1035
1033
1036
1044
1043
1048
1049
1050
1049
1043
1036
1045
1056
1057
1062
1059
1044
1054
1054
1052
1051
1050
1034
1043
1039
1036
1051
1041
1037
1029
1008
1028
1018
1011
1017
1021
1024
1015
1008
1023
1036
1039
1041
1037
1025
28
997
987
1006
1018
1029
1034
1041
1050
1034
1042
1044
1038
1036
1042
1041
1043
1046
1047
1045
1047
1047
1044
1038
1036
1023
1022
1021
1026
1018
1020
1019
1005
1015
1009
1009
1003
1006
1005
1004
1007
998
1007
1014
1015
1018
1009
1000
1008
1003
1005
1020
1022
1022
1026
1011
1012
1020
1028
1040
1041
1036
1025
1002
29
974
983
1000
1023
1034
1041
1041
1038
1025
1013
37
977
83
894
898
30
868
330
539
1158
583
575
1188
649
539
50
490
809
969
995
1009
1007
1018
1027
1032
1030
1025
1009
1021
1022
1026
1026
1027
1033
1019
1023
1044
1043
1041
1051
1043
1037
1039
1040
1034
1026
1022
1027
1030
1029
1033
1039
1047
1046
1045
1047
1049
1054
1051
1044
1057
1062
1065
1066
1067
1067
1064
1042
1062
1056
1060
1055
1048
1061
1066
1056
1058
1052
1055
1050
1044
1051
1050
1048
1031
1022
1027
1019
1030
1027
1022
1007
1022
1018
1026
1037
1041
1042
1044
1040
1047
1042
1051
1050
1046
1037
1052
1050
1041
1048
1051
1047
1048
1051
1047
1043
1035
1040
1043
1047
1046
1044
1042
1037
1038
1040
1044
1046
1033
1050
1044
1049
1053
1053
1053
1061
1060
1055
1048
1035
1034
1039
1040
1038
1037
1026
1026
1023
1018
1015
1025
1027
1029
1034
1031
1035
1040
1028
33
996
1018
1014
1004
1004
1006
998
1007
1013
1021
1027
1025
1025
1025
1028
1012
1037
1039
1044
1044
1033
1032
1030
1023
1031
1027
1020
1022
1022
1018
1028
1024
1026
1030
1032
1028
1026
1043
1040
1037
1043
1044
1045
1049
1048
1041
1050
1051
1056
1058
1056
1050
1039
1016
1028
1023
1026
1014
1027
1023
1017
1030
1030
1034
1033
1035
1032
1020
1030
1026
1026
1027
1014
994
1012
1018
1007
1023
1032
1030
1041
1046
1051
1032
1034
1027
1026
1031
1035
1031
1040
1044
1046
1047
1049
1054
1056
1058
1061
1054
1053
1048
1039
1039
1039
1047
573
475
589
1025
1044
1044
1042
1046
1036
1040
1040
1041
1041
1037
1046
1037
1037
1045
1047
1042
1037
1027
1034
1041
1040
1040
1040
1039
1039
1045
1047
1041
1041
1057
1045
1052
1061
1057
1054
1062
1057
1058
1067
1063
1063
1064
1066
1058
1059
1062
1063
1069
1072
1064
1051
1061
1062
1054
1069
1064
1054
1060
1063
1041
1069
1060
1057
1060
1058
1053
1043
1052
1056
1047
1054
1049
1043
1048
1054
1055
1055
1064
1062
1057
1052
1046
1055
1052
1038
1035
1033
1022
1026
1035
1038
1034
1039
1041
1045
1050
1047
1043
1038
1050
1050
1045
1045
1044
1040
1043
1043
1050
1053
1055
1059
1056
1062
1055
1060
1055
1060
1059
1063
1059
1068
1061
1036
1031
1048
1034
1044
1047
29
1019
1042
1042
1041
1043
1041
1041
1040
1047
1051
29
1023
1042
1046
1039
1028
1045
1037
1034
1028
1027
1016
1024
1024
1000
1016
1022
1025
1019
1031
1029
1028
1036
1034
1037
1031
1027
1015
989
981
990
996
1005
1000
1019
1023
1029
1024
1024
1035
1036
1041
1051
1056
1053
1057
1049
1059
1058
1059
1043
1041
1048
1044
1041
1028
1039
1041
1042
1038
1048
1046
1048
1041
1043
1044
1037
1044
1041
1041
1034
1036
1033
1028
1031
1025
1005
1034
1030
1021
1030
1025
1022
1018
1033
1029
1031
1028
1016
1037
1038
1018
1037
1036
1028
1038
1037
1041
1026
1028
1023
1017
1027
1027
1011
34
977
992
992
995
1000
1007
1015
1021
1027
1029
1031
1040
1042
1047
1048
1053
1053
1051
1062
1059
1052
1055
1046
1033
1026
1024
1004
1001
1001
1001
1005
1007
1010
1000
1007
1015
1021
1032
1031
1022
1030
1029
1027
1039
1043
1044
1040
1047
1049
1047
1049
1047
1038
1044
1052
1052
1049
1048
1047
1039
1040
1034
1029
1028
1034
1027
1022
1028
1032
1032
1034
1037
1032
1032
1036
1026
1025
1013
1011
1002
1005
1006
1003
1007
1007
996
1010
1014
1014
1002
1008
1010
997
979
29
951
946
940
938
938
955
954
958
952
950
952
942
920
916
927
943
952
969
29
940
951
979
977
980
987
985
981
972
966
964
978
986
992
997
976
979
1006
1026
1038
1021
1025
1028
1024
1006
1011
1022
29
994
1011
1023
1011
1015
1022
1006
1004
1009
1011
1010
538
473
566
999
1015
1023
1026
1014
1001
1017
1015
1012
1023
1031
1037
1037
1042
1044
1049
1054
1062
1067
1062
1059
1062
42
1021
1045
1057
1057
1051
1055
1046
1042
1059
1056
1039
1053
1055
1055
1057
1060
1065
1059
1060
1057
1043
1050
1029
1040
1036
1041
1047
1049
1060
1054
1046
1023
1036
1041
1033
1050
1052
1047
1058
1057
1057
1060
1043
1040
1056
1059
1061
1062
1042
1054
1062
1064
1054
1051
1056
1063
1049
1058
1057
1061
1054
1069
1063
1059
1056
1059
1054
1053
1052
1055
1062
1064
1055
1056
1071
1072
1062
1068
1064
1061
1049
34
1016
1042
1039
1025
1022
1013
1018
1017
1027
1028
1022
1016
1026
1029
1038
1032
1030
1041
1035
1028
1037
1039
1032
1022
1003
1009
1017
995
981
1028
1046
1032
1033
1040
1041
1043
1042
1045
1043
1043
1043
1041
1044
1044
1039
1049
32
1018
1027
1048
1048
1040
1043
1035
28
1007
1017
999
59
940
939
958
36
922
965
1009
1031
1048
1052
1054
1041
1041
1043
1040
1038
1038
1036
1035
1030
1033
1032
1034
1031
1015
1003
1012
1012
997
999
1005
1017
1021
1016
1014
1029
1041
1045
1047
1042
1041
1044
1049
1040
30
1010
1013
1013
1011
1015
1022
1032
1029
1033
1027
1009
1020
1023
1028
1037
1041
1042
1049
1054
1055
1050
1037
1037
1052
1054
1061
1062
1065
1059
1054
1045
1049
1044
1039
1034
1025
1016
1022
1022
1020
1009
1010
1014
34
981
992
998
1012
1019
1031
1029
30
999
1001
1008
1026
1032
1023
1007
32
976
965
35
931
37
895
873
887
939
960
982
1045
1047
1049
36
1014
1037
1046
1055
1038
1032
1026
1028
1019
1031
1046
1057
1048
1047
1055
1057
1072
1070
1064
1059
1054
1059
1060
1058
1039
1039
1052
1047
1039
1043
1041
1038
1049
1044
1039
1041
1052
1053
1058
1054
1061
1070
1070
1062
1071
1062
1052
68
985
984
988
993
1005
1008
1014
1016
1032
37
995
1002
1007
1005
1003
1000
984
67
918
895
895
35
861
331
530
1200
679
522
1265
358
908
29
879
870
886
921
937
981
998
1028
1026
1024
1021
1024
1022
1021
1016
1016
1074
55
1019
33
986
993
995
996
999
1003
1008
1000
995
995
1002
1001
996
1000
995
980
990
999
999
1001
1009
1010
1016
1024
1020
1018
1022
1029
1025
1041
1046
1038
1035
1031
1028
1029
1013
1009
997
1002
1012
1028
1033
1026
1041
1042
1041
1041
1027
1008
1021
1024
1012
1017
1020
1013
1011
1013
1030
1035
1039
1038
1044
1037
1027
1033
1044
1047
1053
1064
1067
1073
1083
1083
1081
1087
1083
1082
1084
1084
1080
1080
1072
1065
1055
1030
1015
1009
998
993
63
930
913
29
884
893
906
920
930
919
917
933
953
958
971
978
970
963
26
938
938
951
946
935
916
927
922
913
916
917
907
888
890
884
876
875
876
867
862
849
837
832
810
803
282
522
1095
579
517
1083
294
789
774
777
790
796
801
809
811
817
823
820
825
822
821
822
821
821
822
826
26
800
36
765
784
285
500
1042
300
743
741
731
715
724
725
722
709
718
708
719
722
721
715
724
727
731
736
734
742
750
757
765
766
276
490
1073
295
779
761
247
515
1048
283
766
755
213
543
1004
492
512
1032
285
747
740
744
750
763
239
524
1039
263
776
787
770
794
797
803
817
826
836
835
821
825
827
828
25
804
27
777
817
26
791
797
803
808
820
825
839
823
824
838
833
844
44
800
827
828
835
842
851
861
856
854
851
838
843
842
27
816
833
826
811
820
809
830
842
841
845
844
828
817
820
808
796
292
504
1141
638
504
1117
613
504
1079
572
507
1092
290
803
820
817
819
832
837
848
847
833
840
861
854
863
849
849
855
856
875
886
902
914
922
946
961
959
938
914
918
928
930
935
931
926
926
939
954
978
991
987
1001
988
965
961
954
40
914
936
987
1005
1004
36
968
51
918
914
921
930
944
952
937
26
912
925
939
952
962
976
980
987
1000
1006
1000
975
975
985
992
1000
996
973
37
937
39
898
888
896
903
933
955
982
1001
994
981
965
984
35
949
958
969
1006
1037
1047
1044
530
515
523
981
1000
42
958
46
913
25
888
880
869
866
875
897
883
911
930
951
959
970
994
1000
1009
1011
1017
1016
1011
1014
1003
1012
1002
992
969
28
942
943
968
972
993
1005
1000
988
999
1011
995
989
994
989
998
1003
995
981
974
988
1007
1026
1027
509
518
38
481
1021
27
995
980
53
928
25
903
921
954
956
989
991
1002
987
37
950
960
960
966
980
1011
1031
1031
524
507
526
901
382
519
27
493
869
970
984
981
1000
1002
1003
1003
1005
1012
1006
1017
1031
1026
1019
1017
499
518
525
933
407
527
27
500
885
329
557
67
490
833
960
960
974
962
954
958
961
961
970
988
1016
1028
518
511
540
1008
1029
1012
994
975
958
949
931
914
919
937
944
953
953
956
936
37
900
917
931
946
28
918
26
893
904
926
927
926
930
922
948
957
967
977
958
955
32
923
955
931
931
975
96
880
922
38
885
874
866
844
823
24
799
34
766
785
267
518
1048
541
507
1046
541
506
1041
531
510
1018
505
513
1016
503
514
1017
269
749
735
726
742
741
755
762
788
807
290
517
1114
299
815
819
814
829
828
821
834
847
860
866
860
851
843
834
814
805
789
784
786
780
274
507
1047
542
506
1049
542
508
1029
522
507
1021
511
510
1000
490
511
980
466
514
970
455
515
966
452
515
972
235
737
740
207
534
981
467
514
1006
257
750
751
233
519
980
466
515
978
464
515
969
453
516
964
448
517
952
435
517
945
414
531
911
194
717
724
728
726
724
728
739
246
494
1009
250
759
770
776
269
507
1049
541
509
1032
519
514
1020
511
510
1007
492
515
1000
488
513
1005
494
512
990
476
514
979
464
516
967
451
517
952
429
523
920
377
544
880
341
540
899
355
544
907
366
541
892
189
704
697
693
699
712
719
743
256
487
1055
534
522
1078
578
500
1098
601
498
1085
586
500
1062
562
500
1038
537
501
1026
524
503
1003
501
503
981
473
508
970
457
513
978
468
511
1009
505
505
1020
515
505
1021
516
506
1021
517
504
1026
522
504
1031
528
504
1049
277
773
789
798
817
844
845
862
861
869
884
883
903
894
911
902
886
895
902
911
925
922
37
886
872
884
876
903
916
921
945
944
946
927
939
949
949
63
887
55
832
907
899
937
963
968
969
972
970
969
974
981
982
992
1007
1009
1010
1011
1007
1008
1003
997
991
993
997
995
981
964
26
939
46
894
878
38
841
837
826
810
23
787
791
804
835
860
890
911
913
38
875
863
841
842
833
816
820
830
850
879
905
929
909
943
954
957
957
935
917
913
931
927
929
910
37
873
863
849
36
814
798
791
789
793
789
816
836
838
861
878
877
882
881
899
896
907
900
891
889
892
887
898
902
913
916
905
891
883
874
878
879
868
37
831
859
851
29
823
829
827
28
799
807
823
812
813
818
816
831
23
808
798
818
812
818
804
831
819
826
833
848
857
869
886
882
861
868
865
877
855
36
819
829
843
856
862
412
450
478
794
879
876
885
887
880
878
877
45
833
856
863
884
898
903
901
380
522
1058
154
905
896
51
845
852
873
881
876
872
851
855
868
885
874
42
832
839
26
814
799
835
832
847
883
43
841
892
911
34
877
889
891
888
875
861
33
829
864
884
868
27
841
851
866
894
896
882
916
917
26
892
913
900
27
873
872
26
846
864
850
27
824
871
852
874
877
874
877
877
880
876
896
896
28
868
884
867
911
924
931
950
929
922
904
893
884
913
35
878
939
966
967
980
958
958
37
922
947
29
918
929
923
55
869
935
32
903
881
903
945
988
1008
1055
1052
1041
1031
1032
1056
1050
40
1010
66
945
929
28
902
40
862
899
55
844
836
27
810
835
841
44
798
840
831
815
827
827
830
830
826
811
815
812
794
787
775
771
779
272
508
1077
570
507
1061
553
509
1064
306
758
775
791
789
790
827
859
867
873
917
947
957
958
964
944
945
930
936
916
915
47
868
869
883
887
891
36
855
834
822
803
799
804
827
843
864
843
867
875
878
880
877
864
862
877
876
26
851
869
871
882
877
887
885
885
875
886
885
881
893
874
37
837
832
821
826
847
866
865
888
906
932
933
53
881
26
856
885
911
934
948
958
44
915
45
870
905
927
39
889
933
943
959
957
974
969
32
938
944
933
950
986
1000
475
525
517
991
1022
37
985
54
932
938
943
933
932
984
999
1030
1041
1062
1071
1059
1058
551
508
570
1023
1031
510
521
544
1032
1059
554
506
573
1028
1055
551
505
570
1041
1046
541
506
41
466
1075
46
1029
1024
1017
513
504
527
941
975
970
980
41
940
945
936
34
903
882
887
869
875
77
799
856
836
834
32
803
792
787
280
507
1089
573
516
1064
543
521
1069
554
515
1066
553
513
1058
544
515
1046
534
513
1034
275
759
758
234
525
1033
518
515
1041
526
515
1030
516
515
1055
282
774
779
793
806
816
819
827
850
846
867
867
860
849
850
848
850
850
840
25
816
798
784
782
770
787
282
505
1114
611
503
1106
603
504
1095
296
799
812
825
815
836
861
868
861
866
882
872
889
869
846
837
850
848
847
835
832
871
873
867
879
907
927
916
892
915
940
959
972
968
958
971
998
988
989
55
934
25
910
908
912
45
867
907
941
973
987
988
84
904
979
1011
1027
1021
506
516
527
982
1030
1037
1034
525
509
557
1027
1062
1068
1054
1043
1031
1008
502
507
537
1001
1032
1040
1044
1050
30
1021
1029
523
506
549
1012
1046
1041
1040
32
1008
1018
998
986
975
994
996
980
52
929
944
968
979
999
1011
1020
1024
1013
1021
65
957
41
916
904
942
960
983
41
943
965
991
999
1003
996
1002
1005
1001
1017
1019
1016
1008
1012
1000
29
972
964
964
983
993
982
1005
47
959
92
868
853
912
914
929
931
31
900
896
895
923
943
978
988
989
1008
1038
1060
1064
1067
1048
503
546
593
966
1082
1082
556
526
578
1058
1042
525
518
566
1064
1103
1097
604
493
617
1067
1083
1095
602
494
615
1082
1099
1102
609
493
633
1099
1108
1105
612
494
606
1078
1096
1082
1067
1054
1053
1033
42
991
45
946
961
963
956
983
1017
1014
1029
500
529
548
1030
1053
1078
1086
1076
1062
1069
1088
1071
1080
1077
1074
1083
1078
1064
1052
41
1011
988
984
986
976
1009
1051
1064
1078
1088
1090
1081
1073
1074
1064
1037
1044
1052
1070
1047
1068
1079
1082
1090
1076
1070
1066
1042
1063
1064
1067
1062
1068
1071
1067
1066
1074
1081
1085
1071
1055
1066
1071
1085
1090
1097
592
506
608
1053
1031
1042
1041
35
1007
1026
1033
1056
1059
1063
1063
1067
1084
1083
1079
1053
1071
1077
1094
1095
1069
38
1031
1051
1053
1063
1080
42
1038
1046
1061
1067
1078
1085
1098
581
518
597
1050
1087
1099
1115
1122
1112
605
507
616
1089
1105
1125
620
505
633
1104
1121
1121
615
506
628
1121
1139
1138
647
492
625
1099
1124
1131
617
514
627
1097
1115
1114
1108
1112
1114
602
512
622
1087
1112
1086
1104
1098
1098
1093
1085
1092
30
1063
539
525
536
1027
1032
1052
1049
1040
41
999
65
934
972
977
1000
27
974
994
1017
44
973
1004
1029
1044
52
993
1013
1031
1044
1046
1050
1029
1054
1043
1036
1040
28
1012
1036
1042
1041
1028
1030
1043
1029
1032
1032
1034
1039
514
525
544
987
1011
1002
1014
1014
1009
117
893
921
26
896
884
867
40
827
850
853
856
876
874
46
828
851
854
845
844
845
847
833
817
841
828
830
827
814
807
821
813
801
276
526
1107
305
802
785
27
758
772
769
229
541
1064
539
525
1122
312
810
808
811
809
806
808
819
815
814
816
803
800
804
815
816
809
796
810
804
22
782
786
792
271
522
1102
310
793
785
784
791
789
792
787
784
265
519
1058
295
763
751
754
753
753
750
24
726
751
750
750
750
754
247
508
1019
272
747
741
738
736
739
739
228
511
983
236
747
732
747
736
727
749
747
757
751
768
277
492
1037
310
727
246
482
1029
287
742
268
475
979
480
500
958
449
509
946
228
719
711
710
718
190
529
945
417
529
946
437
509
992
456
536
981
460
522
1007
499
509
996
483
513
960
441
520
968
451
518
943
3999
3999
3999
3999
3999
3999
3999
3999
3999
3999
3999
3999
3999
3999
3999
3999
3999
3999
3999
3999
3999
3999
3999
3999
3999
3999
3999
3999
3999
3999
3999
3999
3999
3999
3999
3999
3999
3999
3999
3999
3999
3999
3999
3999
3999
3999
3999
3999
3999
3999
3999
3999
3999
3999
3999
3999
3999
3999
3999
3999
3999
3999
3999
3999
3999
3999
3999
3999
3999
3999
3999
3999
3999
3999
3999
3999
3999
3999
3999
3999
3999
3999
3999
3999
3999
3999
3999
3999
3999
3999
3999
3999
3999
3999
3999
3999
3999
3999
3999
3999
3999
3999
3999
3999
3999
3999
3999
3999
3999
3999
3999
3999
3999
3999
3999
3999
3999
3999
3999
3999
3999
3999
3999
3999
3999
3999
3999
3999
3999
3999
3999
3999
3999
3999
3999
3999
3999
3999
3999
3999
3999
3999
3999
3999
3999
3999
3999
3999
3999
3999
3999
3999
3999
3999
3999
3999
3999
3999
3999
2584
532
599
1103
1092
1090
1086
45
1042
1059
1056
1057
1035
1045
1047
522
526
542
1020
1049
1048
1049
1045
1048
1044
1046
37
1009
1012
1023
1037
1046
1044
1051
1089
56
1034
565
469
577
1008
486
523
533
1010
1025
1018
1010
1006
35
972
1006
1027
1001
1039
1050
1045
1032
1025
1011
1013
992
982
963
975
989
972
962
65
898
40
858
877
891
897
918
921
926
924
919
907
916
926
939
936
947
971
969
35
935
964
49
916
950
929
926
917
900
920
911
915
923
927
920
941
950
968
979
984
980
970
41
930
936
945
924
926
932
946
956
960
958
952
943
931
934
918
901
879
34
846
857
839
863
884
900
878
857
914
933
948
956
44
913
953
961
950
932
943
949
933
949
945
41
904
917
945
952
943
26
917
946
992
983
966
963
966
953
964
984
969
31
939
958
970
971
48
923
940
38
903
891
884
875
32
843
23
821
815
808
295
514
1147
343
805
821
306
516
1133
316
818
32
786
265
521
1104
321
783
766
215
551
1003
445
559
983
239
745
735
721
728
731
726
719
713
716
714
714
701
707
709
701
700
695
696
703
708
705
703
696
701
699
699
697
698
705
708
708
702
712
703
695
701
691
693
679
680
686
687
698
708
713
726
738
750
757
756
771
260
511
1049
272
778
779
274
506
1088
298
791
791
794
798
816
797
30
768
801
802
814
830
848
853
841
860
880
863
840
31
810
796
805
787
784
764
241
524
994
229
765
785
815
297
519
1145
642
504
32
473
735
877
936
952
931
64
868
895
908
895
456
439
468
843
827
272
555
1181
673
509
35
475
751
899
922
969
956
932
960
986
29
957
970
1000
1004
28
977
1061
1079
574
505
577
1026
1067
1062
1044
1053
1045
1108
57
1051
540
512
558
1029
1016
1003
994
986
983
972
30
942
37
906
893
36
858
844
845
895
913
897
940
1002
1049
1052
1056
1071
532
539
564
1108
1081
1086
1070
528
542
547
1046
1059
1074
1083
544
539
559
1065
1082
1067
1039
1059
1066
545
521
550
1069
1071
1047
1045
1054
1068
535
533
549
1041
1070
1075
1091
556
535
553
1055
1085
1086
1084
551
534
563
1043
1028
29
1000
994
1010
993
1024
1032
1031
1045
1057
1074
1110
1087
569
519
623
1096
1093
30
1064
1081
1090
1094
575
520
593
1062
1063
1103
1105
585
521
583
1086
1097
1095
1079
536
543
567
1059
1080
1079
1071
1061
1057
1070
1067
1075
1061
1081
1093
568
525
611
1063
1093
1117
1097
1075
1070
1086
1085
1068
538
530
566
1063
1085
1077
1068
1080
1072
45
1027
1024
1025
1031
1029
1029
1003
1015
1010
1028
1027
1041
1048
1050
1052
1076
553
523
571
1066
1083
1063
1073
1072
1075
1075
1075
1077
1071
41
1031
1039
1036
1040
1030
28
1002
66
937
956
40
916
38
878
858
850
885
917
950
27
924
900
930
931
934
953
26
927
911
949
979
996
1014
1000
1014
1015
1018
1051
1119
1109
1088
1078
1076
1065
1055
1045
1035
38
997
1115
1112
1102
1090
1087
574
514
592
1066
1089
1085
1068
51
1017
1020
1003
1017
1022
1032
1026
1036
1034
1075
552
523
582
1052
1089
1098
1092
1093
1072
544
528
566
1056
1081
1068
1082
1088
1116
1125
1106
1103
1102
1095
1094
554
541
567
1065
1086
1089
1095
1097
1138
1116
1132
41
1091
575
517
571
1048
1091
1086
1091
1092
1071
1066
1050
35
1016
1034
1041
1023
1007
998
992
997
1007
1013
1018
1030
1034
1043
1050
1037
1052
1047
1048
1044
1067
1063
51
1012
1145
646
500
609
1069
1101
1086
1079
1068
1060
1052
1049
1057
45
1013
1043
1030
1055
1055
1063
1057
1071
1053
1068
1057
1071
1058
1072
1060
506
555
21
535
1015
1055
1061
1072
1079
1063
1059
1051
1038
1033
1038
1044
1049
1039
30
1009
1008
1025
1034
1039
1043
1044
1050
1061
1059
1074
1131
611
521
616
1069
1100
1100
1092
1093
1094
1084
1079
1083
1084
1069
1085
1115
1111
1112
1124
1114
614
500
622
1083
1111
1105
50
1056
1077
1087
1087
1087
1079
1088
1068
1068
1056
1057
1047
1039
1024
1035
1042
1050
1054
1049
1049
1029
1023
997
31
966
969
975
982
1009
1040
1051
1058
1059
1063
34
1029
49
980
1023
1040
1057
1063
1066
1077
1075
544
531
39
493
1085
1077
1063
1051
1047
1052
1066
1056
1064
1073
1079
1077
1079
1080
1086
1085
1075
1077
48
1029
1066
1062
1068
1055
28
1027
1046
1044
1051
1055
1055
1040
1042
1041
1037
1041
1039
1046
1044
1050
1047
85
963
1117
1099
1084
52
1033
1011
1017
1015
1013
1014
1012
1009
1022
1039
1052
1049
1056
1046
1061
1061
1056
1041
1063
1059
1054
1051
1033
1024
1045
1036
1059
1053
1051
1053
1050
1047
1042
1046
1044
1044
1041
1033
1038
1041
1040
1044
1040
1034
1023
1024
1026
1004
1003
1023
1044
1039
1035
1011
1015
1012
1029
1026
1024
1016
1024
1026
1045
1047
1051
1041
1035
1015
1011
1014
1013
1013
1016
1018
1030
1036
1026
1033
1033
1019
1024
1023
1018
1013
1021
1026
1019
1012
1008
1011
1020
1018
1009
1021
1024
1026
1038
35
1003
1021
1018
1018
1027
1040
1038
1038
1053
1051
1057
1040
1039
1030
1039
1037
1037
1039
1022
1028
1013
1017
1025
1026
1035
1041
1029
1038
1035
1041
1041
1046
1034
1030
1023
1010
32
979
958
960
976
994
1000
1007
1034
1034
1040
1041
1037
1045
1039
1041
1038
1020
1025
1023
1028
52
976
32
945
958
946
958
968
1000
1022
1036
1061
1060
1047
1036
1036
1010
1023
1029
1032
1035
1035
35
1000
976
956
987
1022
1041
1044
1048
1047
1049
1037
1052
1064
1078
1080
1084
1073
1085
1077
1081
1071
531
540
551
1056
1082
1131
1147
1133
1114
1100
1091
1078
1072
35
1038
1051
1064
1062
1072
1080
1075
1086
1074
1088
1080
1078
1077
1071
1050
1054
47
1008
1128
1117
1099
1088
1083
1071
1064
1053
1039
1032
1013
1006
1013
1029
1029
1023
1007
1020
1016
1022
1024
1051
1055
1040
1045
1053
1054
1057
1056
1054
28
1027
1033
1053
1066
1123
1157
1137
42
1095
1100
1106
1104
1109
1100
1089
29
1060
1082
1091
562
530
588
1089
1148
1140
1140
1125
1117
1107
1080
1080
1080
1090
563
528
593
1054
1147
1164
1135
1117
1089
38
1052
1070
1074
1080
609
472
635
1085
1105
1102
1086
1087
1086
1101
1137
1144
30
1114
1110
1098
1095
81
1014
991
1020
1048
1055
1061
1066
1077
1062
1094
1121
1112
1103
1114
1110
1095
1083
1075
1061
30
1031
1037
1037
1051
1047
1051
28
1023
1043
1048
1055
1121
1137
1115
44
1071
1074
1083
1086
1091
1093
1086
1099
1093
1101
1093
1088
1098
1101
1099
1101
1094
1076
1081
1079
1077
1077
1072
1064
1053
28
1026
1025
1011
1014
1030
1039
1051
1059
1074
1074
1120
1141
1126
1139
1123
35
1088
1069
1071
1078
1085
1091
1086
1112
1140
1128
1136
1122
1116
1107
1088
1063
1068
1075
1089
1095
1101
1100
33
1067
1161
1143
1153
1131
1115
44
1071
1066
1069
1082
1081
1075
1079
1074
1055
1057
1067
1074
1078
1062
1067
1066
1068
1056
1066
1073
1077
1083
1084
1082
1068
1053
1059
1043
1036
1099
1096
34
1063
1070
1081
1083
1083
1091
1096
1109
1091
1083
1090
1103
1097
1105
1114
1111
1112
1110
1114
1110
1111
1108
1106
33
1074
3999
3999
3999
3999
3999
3999
3999
3999
929
1122
1110
1117
1117
1121
1112
1098
1168
35
1134
1132
1126
1119
1104
1086
1110
1109
1108
1113
1116
33
1083
1097
1092
1095
57
1039
1153
1127
1108
33
1076
1075
1077
1095
1089
1101
1103
1107
1106
1103
69
1034
1069
1121
54
1067
1062
1072
1074
1079
1083
1088
1086
1087
1099
1104
1102
1113
1092
49
1044
1066
1069
1077
1086
1085
1092
1092
1096
1096
1094
1101
1103
1098
1099
40
1059
1076
1095
1085
1085
1106
1105
1105
1102
1080
1081
1070
1052
1033
1039
1046
1042
1034
1014
1032
1041
1046
1057
1101
566
535
604
1087
1094
33
1061
1060
1063
1046
1051
1062
1082
1091
1101
1104
1106
1105
1084
1074
1072
1095
1093
1101
1105
33
1073
1137
1112
1111
1120
1119
1120
1119
1114
1112
1111
1114
1118
1117
1104
1110
570
540
583
1092
1075
46
1029
1050
1063
1065
1092
1105
568
537
566
1063
1083
1083
1083
1093
1096
1121
1102
551
551
1610
566
1045
72
974
46
928
50
879
903
910
909
920
928
929
932
943
946
950
65
885
884
24
861
36
825
842
826
294
532
1116
591
526
1118
580
538
1046
454
593
951
206
745
735
722
729
723
726
709
712
711
709
709
705
700
695
698
690
684
672
682
683
677
674
668
663
662
663
656
648
649
642
636
632
630
635
631
631
625
618
612
613
617
618
616
611
613
615
613
609
606
598
598
602
599
596
594
587
594
591
587
584
584
587
584
581
579
579
582
580
576
99
477
659
87
572
570
566
562
560
561
563
560
557
555
553
553
557
552
553
548
547
551
549
548
544
541
542
547
541
542
539
535
533
539
535
537
530
530
41
489
573
37
536
535
533
63
470
592
57
536
536
536
537
533
531
538
534
534
529
528
528
97
431
629
98
532
527
524
528
527
529
23
507
544
21
524
525
529
525
527
523
519
521
524
523
523
520
520
523
524
49
476
179
297
799
276
524
524
521
522
519
516
516
519
516
516
512
511
511
516
24
493
534
22
512
511
511
514
511
512
509
507
510
510
509
511
508
506
511
509
511
508
508
508
513
511
511
510
511
510
515
516
521
522
522
523
530
529
528
532
529
537
534
538
535
533
536
539
547
554
558
556
557
559
559
557
560
557
557
557
558
564
573
578
580
584
594
602
607
607
607
606
623
627
634
627
625
631
630
634
630
634
639
649
652
656
657
649
660
666
673
675
664
19
645
653
669
194
476
976
189
788
43
745
725
710
692
693
720
738
750
762
753
735
742
765
783
789
791
774
769
785
798
804
789
770
774
813
808
814
24
790
789
808
832
825
820
24
797
793
800
829
820
40
781
771
753
750
771
812
863
889
905
25
880
25
856
871
892
920
935
938
932
935
925
930
907
958
947
947
31
917
28
890
901
928
930
911
143
768
981
91
890
909
919
916
42
875
855
874
914
936
959
935
27
908
919
931
973
978
981
974
973
958
944
944
952
961
972
976
959
1015
1000
31
969
53
916
920
433
488
1369
443
927
441
486
1286
435
851
833
43
791
805
847
933
959
482
478
1386
466
920
431
490
1430
493
937
457
481
1345
415
931
448
484
1351
442
909
414
496
1290
345
945
459
486
1386
444
943
458
485
1447
481
966
986
61
925
940
976
483
494
1485
493
993
501
492
1417
446
972
978
485
494
1428
457
972
974
479
495
1427
459
969
966
460
506
1388
466
923
425
499
1303
388
916
940
964
1014
536
478
504
1008
39
970
459
511
1454
453
1001
994
503
491
1439
492
947
450
497
1293
394
900
942
1002
1023
549
474
586
973
1011
520
491
500
970
964
974
995
1007
1017
1020
1031
555
476
1518
537
982
486
496
1365
447
918
909
927
964
995
983
1041
1056
1041
1027
542
485
1451
514
937
932
941
956
982
485
497
1443
485
958
936
934
958
972
474
499
1521
506
1015
997
1032
1024
1026
545
482
520
934
969
969
969
459
511
19
492
875
938
959
977
983
999
994
1018
998
1024
1011
1033
1013
999
58
941
472
469
535
861
359
502
531
1044
1038
35
1003
990
482
509
504
865
963
979
993
1029
1026
1019
1053
1053
1050
1036
1027
1038
1030
1029
1027
1054
1044
1040
1041
1042
1046
1041
1034
50
984
971
985
998
1003
484
520
1467
471
997
983
984
979
999
979
1025
1011
1001
990
1020
1005
992
990
1000
991
1031
1010
1005
991
1018
995
995
977
986
28
958
1001
29
973
992
37
955
987
990
970
992
32
960
958
993
968
969
945
937
916
928
953
939
964
943
968
980
978
1004
994
991
989
1002
992
994
1024
1018
1010
1003
1034
1021
1021
1016
1026
1024
1022
1028
1018
47
971
974
988
991
986
57
929
920
930
934
928
929
936
934
934
944
950
935
917
932
917
918
916
910
901
884
887
910
916
931
919
903
916
933
945
949
939
950
934
36
899
38
861
925
931
941
965
981
958
984
984
960
971
969
978
982
995
28
967
987
984
988
989
27
962
988
1016
992
34
958
935
988
1027
1024
1027
1011
35
977
981
1007
1024
1042
1039
35
1004
994
1014
1028
1032
1032
1016
30
987
971
982
995
998
1019
1001
977

