08-09-2022 - 15:07 - Correr
Berta Torres 
Intervalos entre latido y latido
996
1037
1012
1006
1039
1027
1044
31
1014
1036
1045
1048
1025
1041
1031
1054
1046
1021
1040
47
993
1015
997
1023
1016
28
988
1027
1037
31
1006
1047
1028
1024
1041
1044
59
986
1031
1018
995
1022
1044
1062
54
1008
1036
1058
1058
1060
54
1007
1033
1061
1070
1071
33
1038
1079
1079
61
1018
1078
1105
61
1045
1079
1077
1065
44
1021
1046
1021
1041
1016
999
1010
1004
1000
1017
1029
1051
1053
1047
1040
1036
1043
1056
47
1009
1041
39
1002
1017
1011
996
973
1000
1006
1034
34
1000
1044
1062
1074
1086
75
1011
1064
1073
62
1011
1064
1064
1083
43
1041
1086
1110
41
1070
1088
1077
1073
1062
1059
1065
47
1019
1045
1056
37
1020
1041
1058
1076
1085
1083
29
1054
1058
54
1004
1041
1059
1040
1046
1070
1069
1045
1101
37
1065
53
1012
1075
1071
1067
1062
1067
1055
1062
1079
1072
1090
1088
33
1056
1083
1083
1072
1046
1077
1091
1094
1076
1105
1121
41
1080
1102
1093
1079
1068
1069
1079
39
1040
1060
1054
1069
45
1024
1062
1058
36
1022
1049
1040
1048
37
1012
1043
1044
33
1012
1041
1056
1037
1018
1046
1041
29
1012
1039
1041
1023
1030
1013
28
985
1023
1040
1030
1007
1036
30
1006
1037
1050
1057
1066
30
1036
1082
1093
58
1036
1074
1101
60
1042
1085
51
1035
1024
1025
1069
1063
28
1035
1066
1083
1072
38
1034
1067
1042
1071
1078
36
1042
1064
1090
53
1038
1079
1101
1108
39
1070
1113
1084
1109
1114
59
1055
1092
1088
1077
39
1038
1082
1054
1049
1054
1125
1137
1126
33
1094
37
1058
1096
1094
1071
1053
1076
37
1039
1063
1079
47
1032
1072
1075
36
1039
1077
1074
1075
1052
1084
40
1045
1083
1083
43
1041
1078
1056
1048
1081
1078
36
1042
1095
1083
1072
1097
1085
1070
1078
1069
1044
1066
46
1020
1053
1059
1035
1060
45
1016
1054
1086
1098
1093
47
1047
1097
1108
58
1050
1095
38
1058
1082
1086
30
1057
1069
1114
1103
43
1061
1100
1105
1110
34
1077
1105
49
1056
1108
1094
1090
46
1045
1090
39
1052
1081
1097
58
1040
1060
1081
53
1028
1049
1041
1057
1066
38
1028
1051
1036
1053
1064
1078
39
1039
1075
1090
1082
47
1036
58
978
1007
33
975
959
948
952
33
919
927
915
901
904
921
906
883
885
875
877
865
864
845
873
864
853
876
875
864
875
875
871
868
873
872
860
875
874
867
879
880
867
883
873
874
876
862
865
867
864
850
865
853
841
856
851
842
837
841
841
828
839
832
819
829
819
809
813
802
807
801
795
796
779
783
778
774
784
774
769
780
778
775
771
768
779
777
773
768
780
778
771
769
773
771
755
762
765
755
754
759
753
749
755
755
748
749
756
751
750
758
761
752
760
766
755
752
754
744
743
746
742
742
749
733
742
744
732
727
740
743
731
738
735
731
738
739
727
734
738
723
726
727
718
724
718
722
728
720
721
728
718
719
726
722
722
731
725
718
726
724
719
712
718
741
729
722
728
720
717
729
722
718
725
726
725
730
723
737
729
748
741
741
759
750
746
778
24
754
790
770
793
24
770
798
24
775
799
23
777
793
791
788
776
799
792
796
826
811
836
854
844
855
861
850
863
873
860
893
921
928
33
896
922
901
936
937
957
963
977
42
936
931
964
56
909
911
887
33
855
840
832
817
803
801
816
25
791
791
806
807
808
808
813
819
821
809
810
801
798
803
24
779
794
778
793
775
822
33
789
843
839
837
867
864
898
916
913
938
928
973
44
930
919
948
967
977
1001
1017
1019
43
977
1011
1017
1000
980
1035
1008
1032
1037
1014
1006
31
976
1003
984
1012
1008
984
1015
29
986
1006
27
979
39
941
947
30
918
902
901
905
922
31
891
894
921
930
932
932
993
1039
1046
1061
1051
33
1019
1051
1076
1060
1059
1079
1090
37
1054
1088
1088
44
1045
1094
37
1057
1085
1090
1071
1057
1081
48
1033
1056
1087
1075
1089
1118
1091
1100
1103
1122
59
1064
1083
1088
29
1060
1086
1104
1086
1125
1125
67
1059
1156
31
1125
1114
1116
1092
1087
1125
40
1085
1118
1120
43
1077
1106
1123
1105
1094
1109
42
1067
1106
30
1077
1090
33
1058
1074
1078
1075
1116
30
1086
1096
1101
1109
1125
34
1091
1079
1106
46
1060
1043
1025
1037
1078
33
1045
1062
1069
1092
71
1022
1016
1010
1032
1060
34
1026
1047
1039
1061
76
985
1046
32
1015
1061
1086
1085
33
1053
1083
1080
1070
1083
1097
34
1064
1067
1052
1060
1044
1078
34
1044
1064
1103
1080
1099
1103
1096
1078
1100
1087
1083
1113
1121
55
1066
1090
1117
34
1083
1072
71
1002
1038
29
1009
1025
45
981
1023
34
990
999
992
969
992
973
968
947
949
932
956
934
970
956
963
1019
1024
1096
1111
1108
1116
1125
1125
41
1084
1113
1094
1137
38
1100
1133
1133
40
1094
1130
30
1101
1121
30
1091
1117
1113
1112
1111
1084
1106
1102
29
1073
1108
53
1056
1097
1117
45
1072
1132
1107
1120
1132
1124
1131
43
1089
1130
1135
1135
1113
1121
1139
47
1093
1120
1110
1125
1122
1118
1096
1102
1094
1119
1109
1094
1112
1097
29
1068
1079
1058
1057
36
1021
1059
1064
1049
1075
1082
1063
1093
1085
1110
1097
1128
1107
38
1069
1081
1076
1071
1084
1063
1074
34
1041
1066
38
1028
1053
1041
1067
1069
1075
1059
1094
1104
48
1057
1039
1065
67
999
1067
1055
1082
1060
1070
1077
36
1041
1044
1032
374
658
298
360
1037
1039
1038
1033
37
996
1049
70
980
29
952
940
952
38
914
940
922
925
924
925
27
899
906
893
879
884
879
873
866
879
875
877
878
877
867
883
874
876
888
887
892
916
911
928
938
915
922
41
882
866
26
840
857
25
832
817
818
820
801
831
821
802
815
818
805
818
801
810
814
802
786
807
791
828
864
866
865
872
899
924
913
28
885
938
919
941
960
964
961
958
990
1004
1016
1047
1056
1053
1090
1075
32
1043
33
1011
1048
46
1003
1011
1012
1011
1018
1017
1042
1059
1067
1065
1085
1069
1081
1068
1074
1063
1071
38
1033
1068
77
992
995
1005
1014
1025
1016
27
989
990
364
626
1179
212
968
961
33
929
944
935
944
940
929
926
29
898
888
867
864
876
869
857
851
870
874
886
899
904
898
878
903
28
875
870
894
908
900
923
919
920
930
25
905
909
29
880
889
876
875
864
853
850
839
838
849
858
865
867
878
860
879
24
856
875
860
877
862
863
884
866
890
27
864
877
861
871
866
868
25
843
856
842
827
833
816
825
821
814
822
804
805
794
779
798
33
766
765
779
772
767
774
773
788
786
791
777
795
780
787
782
779
791
778
3999
3999
3999
3999
3999
3999
3999
3999
3999
3999
3999
3999
3999
3999
3999
3999
3999
3999
3999
3999
3999
3999
3999
3999
3999
3999
3999
3999
3999
3999
3999
3999
3999
3999
3999
3999
3999
3999
3999
3999
3999
3999
3999
3999
3999
3999
3999
3999
3999
3999
3999
3999
3999
3999
3999
3999
3999
3999
3999
3999
3999
3999
3999
3999
3999
3999
3999
3999
3999
3999
3999
3999
3999
3999
3999
3999
3999
3999
3999
3999
3999
3999
3999
3999
3999
3999
3999
1189
1009
1023
32
991
1014
1027
39
989
1015
1028
31
998
1005
1045
1058
1060
55
1006
1048
1021
1049
1037
1029
1030
1020
1038
1023
1038
1015
1031
1004
979
1010
986
1012
39
974
1023
1052
1062
1043
1059
1038
1056
1070
33
1037
1059
1082
1064
52
1013
1051
30
1022
1000
1018
1014
1034
1047
1037
1066
1084
1095
1097
38
1059
1095
45
1051
1083
49
1035
1055
1058
1040
1029
29
1000
36
964
953
934
919
902
885
877
882
37
845
860
845
855
858
853
838
836
830
848
828
817
831
837
825
830
205
625
1012
208
805
819
801
240
561
302
260
819
803
811
816
808
806
800
793
796
793
790
792
795
795
793
785
803
215
589
1014
452
562
657
280
377
830
810
824
815
819
819
819
815
801
801
798
795
777
785
22
764
781
24
757
770
22
749
761
746
750
24
727
727
719
730
719
721
712
716
702
704
693
693
696
691
688
689
680
686
682
673
680
672
677
675
682
672
680
671
683
671
683
686
676
695
691
683
695
685
689
687
688
692
688
693
682
694
680
693
683
694
684
696
685
689
673
691
686
683
691
678
685
694
679
689
695
688
688
696
704
710
728
718
740
722
724
735
716
723
727
710
705
737
21
717
729
743
725
743
728
742
750
30
720
740
21
719
723
710
717
715
707
710
723
706
715
721
715
711
719
20
700
722
711
723
722
712
117
596
833
98
735
734
737
731
737
738
737
739
739
740
745
741
750
755
752
753
762
756
768
758
764
754
756
751
744
747
735
741
741
743
742
751
760
748
746
765
756
756
766
776
774
774
759
768
751
778
787
779
783
781
785
779
807
793
804
818
815
835
842
838
894
901
936
970
35
936
944
964
35
930
940
931
960
959
27
933
963
977
966
942
941
945
963
29
935
922
939
941
32
909
943
46
898
924
31
894
918
929
916
941
26
916
937
925
945
945
955
946
935
927
926
914
915
909
916
923
901
878
865
41
824
847
833
828
844
860
838
890
888
913
926
926
976
960
1001
998
998
1025
29
996
1014
1017
1020
1035
1030
1024
1007
1003
1014
988
990
996
1000
1001
989
985
998
987
997
983
957
947
959
942
951
959
999
41
958
987
1000
997
1000
1017
1021
1012
1053
1045
28
1018
1047
1033
1028
1054
1034
1039
1064
1042
1056
1076
31
1045
1035
1066
1066
44
1023
1043
1056
1042
1031
1021
1022
1005
1016
1019
1005
32
974
26
948
934
913
909
909
901
916
41
876
923
33
891
877
899
916
898
885
874
883
876
875
878
876
875
865
862
861
865
875
870
876
875
885
876
874
891
889
887
883
882
882
879
881
886
875
881
881
871
904
32
872
859
888
27
861
860
850
850
25
825
804
819
823
822
819
820
817
823
816
820
826
823
831
830
836
835
826
832
827
827
823
833
817
866
45
822
831
830
845
840
828
838
831
848
846
854
870
856
862
872
865
875
882
901
886
923
900
928
26
902
923
25
899
916
927
911
893
893
884
873
864
844
855
854
859
862
863
860
864
871
891
876
883
907
904
940
30
911
906
948
923
939
918
963
976
972
1016
40
976
1019
41
978
989
1001
1002
981
1008
1014
999
1028
1031
44
987
1029
37
992
1017
1023
1028
1019
1046
32
1015
1053
1037
1048
1056
30
1027
1065
36
1030
1056
1036
1056
1054
1054
1043
1037
1036
1055
37
1019
1057
1044
1032
1061
29
1032
39
994
997
985
983
988
1009
989
972
998
974
964
967
952
984
34
950
940
925
930
908
893
901
893
899
889
876
902
910
946
998
975
963
988
987
969
998
44
954
937
924
905
30
875
915
891
27
865
842
867
24
843
841
838
835
828
837
831
828
844
847
848
851
859
879
872
864
876
26
851
870
895
879
878
888
870
880
860
875
876
883
882
890
910
932
955
940
949
949
928
930
909
902
897
925
903
910
894
902
889
876
874
864
858
852
854
861
877
856
849
848
833
829
822
812
813
811
805
809
817
806
805
814
812
821
826
827
829
841
836
842
840
833
831
827
815
811
807
804
797
791
792
800
792
795
795
793
793
793
800
785
814
821
25
797
828
809
826
805
803
812
794
812
821
25
796
793
833
847
852
904
898
931
946
953
945
945
950
936
961
30
932
959
961
959
1005
992
989
1004
979
1010
36
975
1007
1004
980
1014
988
977
33
944
953
931
912
913
913
908
901
906
914
923
913
917
923
940
954
945
972
28
945
960
33
928
962
33
929
943
924
911
931
932
929
927
908
912
901
938
922
948
949
964
983
980
1003
39
965
959
938
943
35
909
920
922
924
942
933
914
943
27
916
950
931
958
955
990
975
1017
1000
1031
1011
1011
1004
1011
1019
1034
43
991
1047
58
990
1040
1046
1028
1003
1010
1014
995
40
955
953
959
27
933
939
34
905
915
908
35
873
903
908
919
932
916
902
940
27
914
900
897
919
919
909
905
917
912
911
943
947
961
1003
978
999
1010
1041
1055
1047
1038
1027
1023
1059
74
986
1023
40
984
1028
1057
1055
1033
34
999
1036
1050
1039
64
975
1029
1005
1037
1036
1015
34
981
993
977
992
998
1006
997
1031
1032
31
1001
1005
993
972
965
963
1005
1026
1034
1039
1059
1070
1048
1083
1075
1076
1048
1065
1069
1046
1073
1055
1053
1044
1070
1052
1066
1071
40
1031
1052
34
1019
1032
1031
29
1002
1010
1003
1009
1016
355
662
1210
151
1060
48
1012
1041
1068
50
1018
1051
1052
1033
1041
1048
1043
1035
1067
1072
1046
1062
1066
31
1035
1058
59
1000
1033
1020
1039
1029
31
998
985
1006
1002
997
1029
1045
37
1009
1041
1052
1057
1063
34
1030
1062
1081
37
1044
1073
1074
1064
1060
1075
1074
1069
1072
1065
1070
1077
1079
36
1043
1078
1075
1074
47
1028
1034
1008
1026
1037
1049
33
1017
1025
1043
1028
1010
1025
1013
1012
1036
40
996
1017
1006
1013
1027
33
995
1013
1037
28
1009
1024
1027
1011
1034
1023
1029
1005
1001
1031
44
988
991
980
998
1052
40
1012
1042
1066
1054
1049
53
997
1056
1048
1049
1046
1056
1049
1027
1024
1044
52
993
976
1026
1025
1034
1076
1079
1055
1059
1055
1058
1033
1037
1083
1074
1079
1071
1087
33
1055
1080
1074
1079
1088
30
1058
1084
1064
1089
1100
37
1064
1072
1071
1073
1061
1087
1085
1065
1087
1089
1094
1073
1096
1094
31
1064
40
1025
1041
1049
1066
1073
1082
1072
1086
1074
1055
1052
1071
1073
1050
1081
1097
36
1061
1085
1066
1072
1058
1086
1080
1085
46
1040
1058
1064
1078
1062
1058
1077
1049
30
1020
1047
1041
1030
1066
31
1035
1056
31
1026
1040
1037
1050
1031
1039
35
1004
1026
1015
1000
1032
1019
1046
1050
1039
1038
1030
1065
1051
1031
1032
1042
39
1004
1041
1026
32
994
988
1010
994
1020
1020
1038
1043
40
1004
1061
38
1024
1057
1074
33
1041
1066
1042
1082
1083
1076
1083
32
1051
1055
1071
1084
1090
1091
56
1036
1092
1090
1084
59
1026
1059
1070
1095
1085
1079
1086
1072
1111
64
1047
1061
1039
1070
1072
1073
40
1034
1058
1064
1069
1071
42
1029
1054
1062
1103
1109
1123
65
1058
1113
1110
52
1058
1057
1073
1083
1098
1079
1056
1068
1081
44
1037
1048
1087
1109
59
1050
1101
44
1058
1098
1092
1091
47
1045
1081
1079
40
1039
1058
1075
1051
1045
1083
1090
46
1045
1052
1045
1065
1054
1061
1079
1091
55
1037
1036
1056
1069
1080
1093
30
1064
1089
1091
1092
35
1058
1044
1056
1030
1031
34
998
28
970
954
934
958
946
938
979
976
1005
992
1047
1060
58
1002
1057
29
1029
1045
1051
1046
1073
1091
43
1049
1071
30
1041
1057
1071
53
1019
1015
1024
1028
1017
1055
1039
1044
1035
1054
1055
1057
58
1000
1036
1013
1026
1026
38
988
1019
1036
46
990
33
958
969
951
947
945
939
930
931
970
969
968
956
978
975
1004
1027
31
996
1038
1044
1026
1043
1064
50
1014
999
1045
1036
1048
1054
1034
1061
1053
38
1016
1032
1041
1041
1044
1027
1050
1049
1032
1007
993
990
986
42
944
924
932
912
888
24
865
870
851
878
884
901
928
987
988
1000
999
986
1016
1003
983
966
958
937
918
33
886
902
911
926
977
1012
1019
1019
1046
1047
44
1004
1056
1067
1080
36
1044
1048
1060
1060
1052
1081
1085
1098
1094
1078
1087
1073
1056
1067
1055
1047
1044
1062
1088
1095
53
1042
1062
1036
31
1005
988
1015
1024
1003
1041
1041
1027
1028
1023
1028
1039
1051
1032
1063
1072
1057
1075
1085
48
1038
1053
1069
55
1014
1036
1056
1049
33
1016
1004
1025
1035
35
1000
1011
1007
1005
994
1007
994
1009
1025
1037
1017
1046
1069
1078
1055
1043
1053
1032
1006
1019
1012
38
975
984
29
956
986
1014
1005
982
1010
1016
1056
44
1013
1042
1083
41
1042
1066
1065
1073
1053
1037
1048
1036
1065
1078
1081
55
1026
1078
1063
1066
1042
1049
1041
1028
1048
1036
1041
1019
1041
1054
41
1014
1051
1050
1052
1070
33
1037
28
1009
1000
997
983
1019
1000
1030
1036
1027
1011
992
985
983
965
982
969
979
985
1006
1034
1030
1051
1028
1065
45
1021
1031
1004
1050
1072
49
1023
1043
1057
1049
1044
1057
1047
30
1018
1023
29
995
999
995
1005
997
990
1006
1030
1021
1047
1033
1026
1057
35
1023
1043
1039
1046
1027
1040
1055
1032
1006
1052
1047
39
1009
1018
1046
1044
129
916
1146
145
1001
1005
988
1005
1002
30
973
958
958
947
27
920
929
942
924
907
928
953
953
981
991
1020
1034
1034
1025
1024
1036
1053
28
1026
1035
1019
996
1025
1016
997
986
992
980
988
975
994
990
978
987
977
1018
997
1025
1004
1030
1033
1016
1031
1020
1034
1026
28
998
974
963
994
41
953
994
998
994
1007
1005
1005
1006
981
1001
999
28
971
977
1000
997
27
970
976
973
965
984
989
967
979
979
979
994
998
49
949
928
931
939
927
915
919
897
906
30
877
865
886
31
856
869
869
862
868
877
880
876
866
877
880
872
882
877
861
844
839
823
822
821
809
830
826
825
831
826
812
814
817
821
822
810
828
829
824
827
819
825
819
823
814
808
802
812
812
806
811
807
806
803
816
824
815
828
826
821
821
807
811
819
807
827
806
799
819
799
835
835
823
815
823
804
826
842
848
871
905
896
931
921
953
954
39
915
953
974
44
930
937
955
948
952
961
38
924
936
929
916
898
921
928
909
941
976
953
979
40
940
969
38
932
974
975
1003
1009
30
979
981
998
973
984
1017
45
973
989
998
40
958
1004
1013
49
965
1001
1034
51
983
1017
34
983
999
992
991
980
992
971
990
1007
41
967
989
995
44
951
981
957
940
919
956
945
977
1016
1034
59
975
1026
999
1019
1042
1037
1016
1035
1062
66
996
1013
1066
63
1003
1026
1042
43
1000
1065
64
1001
1028
1008
1034
1009
1026
1028
1030
1007
1020
33
987
1008
994
1028
1009
1029
1057
1037
1041
1014
1021
1023
1017
1028
1024
1002
983
989
34
955
987
991
975
1004
991
999
992
1017
1005
1023
1031
36
995
1038
1067
54
1013
1060
1065
44
1021
1053
1062
38
1025
1053
1070
1064
1078
39
1039
1057
41
1016
1075
1100
1103
1095
32
1064
1100
1087
1076
1085
1088
45
1044
1063
1074
1065
1071
31
1040
1047
1047
1037
1022
1045
1030
1055
1061
1066
28
1038
1043
1056
35
1022
1059
1077
56
1021
1066
32
1034
1050
1072
1079
47
1032
1060
31
1029
1041
1045
1057
1056
40
1017
1051
1048
1032
1051
1057
1051
39
1013
1027
1035
1042
1042
1051
49
1003
1033
33
1000
1039
1045
34
1012
1034
1035
34
1001
1031
1047
1041
1045
1026
1019
1020
1039
39
1000
1033
28
1005
1024
1030
1027
1033
33
1000
1024
1032
1047
32
1016
34
983
1013
1017
1031
1007
984
1022
1000
1028
1009
1036
1039
1031
1040
39
1001
1039
29
1010
1039
1045
35
1011
1042
45
997
1020
1032
1044
1052
1046
1055
1051
1050
1058
1061
36
1025
1044
1058
1057
1035
1022
1007
40
968
953
997
38
959
967
971
996
1003
985
1018
997
1034
1033
1040
1060
29
1031
1051
1026
1056
1077
1076
1050
1072
1070
1082
1065
1046
1040
1031
1043
1080
1088
31
1058
1079
1101
1105
1096
1100
63
1038
1072
1090
59
1032
1071
68
1003
1058
1053
41
1012
1044
44
1001
1024
1036
35
1002
1036
1027
1037
1046
40
1007
27
981
1007
996
1012
996
990
998
1025
1041
33
1008
1050
1043
34
1010
1017
1050
1035
1066
1084
29
1056
1079
50
1030
1048
1026
1070
1065
39
1027
1060
31
1030
1064
68
996
1043
1051
1044
1027
1046
43
1004
983
1014
1036
1018
1052
1035
1025
28
997
1034
1042
1024
1012
1009
1033
1034
1021
1054
50
1005
1045
1040
1017
1033
1059
41
1019
1034
1014
1048
49
1000
1042
44
999
1028
51
977
972
989
966
31
936
936
965
952
947
939
927
957
955
947
975
968
950
974
997
41
956
984
982
985
993
997
34
963
30
934
973
986
1017
1023
1009
988
984
1017
1025
1035
1049
1069
1044
1057
1051
1051
1028
1060
1063
1054
1056
40
1017
1048
1075
1104
1084
1103
1081
1109
1088
41
1048
1114
56
1058
1086
1104
43
1062
1102
36
1067
1085
32
1054
1079
49
1030
1075
37
1039
1048
45
1003
1005
1040
1040
1029
1010
1036
34
1003
1035
34
1002
1018
1032
1028
1053
42
1011
1059
1067
41
1026
1040
1083
36
1047
214
834
1287
256
1031
1075
1076
1074
1063
1066
48
1018
1057
1061
1045
1034
1072
69
1003
1044
1022
1044
1039
1033
1055
56
999
1031
49
982
989
964
1016
1011
985
1025
1001
1033
1064
37
1028
1025
1041
1030
1045
1066
36
1030
1069
1084
1086
1074
1070
1079
69
1010
1037
1067
1051
1032
1017
1013
1050
1035
1046
1036
1062
55
1008
1048
1047
1056
42
1015
1031
1076
1080
74
1006
1009
1012
1031
1038
38
1000
1053
1056
28
1028
1041
1037
1069
37
1032
1014
1016
994
28
967
32
935
978
993
1020
998
1028
1043
1045
44
1002
1040
1065
58
1008
1034
1015
1033
49
985
1025
1023
1038
1022
1049
33
1017
1036
1065
1056
29
1028
1020
1037
1059
1051
1059
1070
1080
1084
37
1048
1051
1098
1103
67
1037
1013
1044
1052
1034
1043
1032
1071
1047
56
992
1014
45
970
995
1007
1030
1040
1027
1045
1041
1036
38
998
1009
52
958
968
988
974
985
1023
1002
1027
1033
39
995
1028
1022
1029
1048
1052
1045
1030
1014
1028
42
986
982
1016
40
977
1021
1018
1028
44
985
1005
992
1011
1023
27
996
1010
1044
1068
1075
1056
1077
1098
1093
1099
1095
1094
1082
1065
33
1032
1039
39
1000
1014
1019
1019
1020
1007
990
976
955
934
959
939
977
980
993
989
1000
979
981
969
990
995
1008
1014
1018
1009
1018
1027
49
978
1012
1026
1020
34
987
1000
997
993
1010
987
1020
1023
1035
1044
29
1016
1010
984
991
1004
982
975
965
943
931
967
41
927
959
974
971
1014
1047
1066
1071
1089
1085
1084
1105
1092
1083
30
1054
1056
44
1013
1049
1059
40
1019
1065
1064
53
1011
1048
1029
1002
1024
35
990
1016
1029
39
990
1025
1041
1016
1035
1053
1032
1056
1044
1058
33
1025
1036
1017
1033
30
1004
1006
982
970
975
39
937
937
947
942
957
974
959
998
989
996
994
1013
1031
1034
41
993
969
968
33
936
928
998
999
1000
1021
1061
1067
1047
1068
33
1035
1061
1061
1070
1090
1073
1091
1088
1083
1106
1099
1083
1094
1098
36
1063
1047
1025
1068
1088
1089
1109
30
1079
1107
36
1072
1085
1083
1080
1097
1079
1098
1089
1071
1064
1090
1064
1045
36
1010
1024
1023
1017
1045
1031
1051
1065
1066
1055
1040
29
1011
1041
1037
1065
1043
1040
32
1008
1002
39
964
979
989
37
952
989
1013
1016
1011
1019
28
991
977
983
29
954
39
916
964
991
990
1007
1001
1003
995
38
958
1001
995
30
965
994
992
1010
1001
988
1000
980
967
988
985
994
1028
37
991
1004
1014
28
987
1001
35
967
980
997
977
1000
1023
38
985
1018
1041
35
1006
1022
1003
35
969
1000
1001
1016
1004
1014
1001
1015
1003
33
971
993
988
30
958
1000
988
998
1026
32
995
1026
35
991
1029
1029
1019
1029
1033
1009
1002
1002
31
972
979
43
937
955
964
952
985
985
970
997
1005
999
1010
1002
1023
1014
993
1017
1027
1014
1026
1039
31
1008
1032
1048
1042
1022
1036
1042
1032
1014
1035
33
1002
1025
34
991
1000
1029
1038
1026
1021
1038
1038
1041
1017
1020
1037
1037
1049
1027
1028
1058
58
1000
1046
44
1003
1031
1027
28
1000
1010
1036
1011
1023
1034
51
983
1015
1029
33
996
1022
28
995
1022
1020
1013
1033
28
1005
1034
1025
1040
1051
1041
1059
1052
1025
1059
1047
43
1005
1067
1044
1030
1042
29
1014
1031
1041
30
1012
1035
1018
1048
35
1014
1039
1050
1060
44
1017
1045
1048
1064
34
1030
1060
1064
1060
1052
1051
1065
1041
1033
1020
1022
1008
998
1014
993
1022
33
989
990
1024
37
987
1016
31
985
991
1027
1022
1031
1040
35
1005
1037
1052
36
1017
1057
1045
1061
1085
50
1036
1063
1069
1047
1082
1061
1060
1042
1059
1078
55
1023
1061
1058
1071
1081
1062
1075
1074
56
1018
1039
1041
1032
1041
1027
1007
1004
39
965
986
49
938
966
949
40
909
898
917
908
905
892
911
26
885
920
34
886
920
909
958
991
1002
1041
1043
38
1006
27
980
1025
1033
1053
1055
1032
1009
1003
1038
1041
29
1013
1018
1013
1025
1021
163
858
62
797
273
525
1207
92
1115
1106
33
1074
1083
1083
1056
1093
1078
1078
1086
1072
1090
1077
1086
29
1058
1076
43
1033
1047
1098
1083
1090
1104
32
1072
1090
65
1025
1051
1060
1061
1065
1045
39
1007
1052
1077
1068
1084
1080
1098
1098
40
1058
1072
1061
1087
1083
29
1055
1082
40
1042
1059
1081
38
1043
1060
1036
1075
1059
1076
31
1045
1073
1066
1051
1063
38
1025
1024
1044
1041
1049
1054
1058
1038
1048
67
982
1000
56
944
965
944
35
909
993
986
983
986
1002
1020
1021
36
985
1017
1036
33
1003
1042
1033
1036
1047
1043
1058
42
1017
1030
1047
1053
34
1019
1007
1006
1034
1043
1051
1048
1064
1075
1048
33
1016
1046
1054
1030
1059
34
1026
1044
1045
1046
1040
1014
1033
1021
1023
38
986
1022
1022
1026
1030
1034
1029
38
991
986
990
986
977
997
992
982
980
1038
1030
1031
1055
33
1023
1048
31
1018
1005
1041
1045
1055
32
1023
1041
1038
39
999
1012
1036
1037
1050
1038
1016
996
993
985
1013
1016
1046
47
1000
987
27
960
944
45
899
914
45
869
865
867
870
867
893
897
888
912
943
966
964
995
1011
1013
28
986
1060
1047
45
1003
1058
1063
1042
1016
1062
47
1016
1043
1041
1035
1048
62
986
1037
1017
34
983
1003
997
985
990
1021
36
986
1008
30
979
28
952
1008
35
973
964
46
919
927
28
900
898
940
33
908
917
907
890
28
863
889
39
851
860
858
848
833
879
32
848
835
23
813
814
804
803
794
800
801
788
790
788
788
780
793
798
804
821
814
835
846
851
853
838
828
815
822
33
789
805
789
804
795
790
794
786
800
784
803
794
786
788
767
769
776
770
775
774
774
774
781
772
758
797
782
773
768
791
779
795
798
823
836
851
874
880
909
912
896
912
898
902
902
918
918
933
935
928
917
907
917
29
889
881
917
904
906
921
916
919
899
927
929
945
953
947
957
29
928
949
39
910
954
41
913
901
887
26
862
907
907
924
909
924
914
973
978
1014
1002
1042
1051
1036
1048
1051
1043
1043
35
1009
985
967
30
937
959
975
964
988
1016
999
1020
1005
1032
1053
50
1004
1026
1032
1012
32
981
996
995
980
969
1002
1016
1000
981
995
986
30
956
1051
1051
47
1005
1031
1024
1044
48
997
1033
1063
1051
1068
1095
42
1054
1073
1074
49
1026
1019
1001
1011
42
969
998
995
31
964
999
1009
1018
37
981
963
984
978
32
947
974
980
27
954
998
992
992
29
963
975
983
962
963
955
971
987
978
991
988
1000
1006
1011
1032
1028
1001
980
992
989
28
961
982
981
963
979
961
938
986
987
32
955
992
1021
1030
1032
1006
1030
1034
1045
1035
1045
1043
38
1006
1023
27
996
1048
1050
47
1004
1038
1024
1027
1045
1047
53
995
1032
1043
34
1010
1036
1042
34
1009
1061
1075
1080
1091
1097
1110
42
1069
1083
1120
37
1083
1070
1091
1094
1069
1049
1044
46
999
1032
1035
42
993
1019
1039
1018
1032
1050
1040
1024
1056
1077
1066
1059
34
1026
1048
1050
35
1016
1042
1054
1053
39
1015
1054
1063
1059
28
1031
1066
1068
38
1030
1053
1038
1055
1054
1031
1063
1076
1063
1069
1066
1065
1081
1082
37
1045
1070
1070
42
1028
1049
1063
1042
29
1014
1037
1050
1028
1042
31
1012
1044
1041
1017
1043
44
1000
29
971
1015
1029
1049
1061
33
1028
1006
1016
31
986
992
1008
1021
31
991
1041
1060
1057
29
1028
1052
1069
64
1006
1052
1053
1037
1058
1069
1076
48
1028
1061
1074
1086
67
1020
1075
1057
29
1028
1045
1058
1049
1041
1054
1070
31
1039
1058
33
1026
1064
1065
37
1028
1041
1083
1078
30
1048
1093
1098
1076
1079
1085
33
1053
508
546
1172
113
1060
1077
1083
39
1044
1069
1077
1059
1042
1048
1054
45
1009
1045
1075
1066
1081
1068
1086
1069
1095
1087
47
1041
1080
1053
51
1003
1064
1051
61
991
976
972
951
939
26
914
891
897
897
891
875
898
907
902
879
906
895
906
31
875
907
905
919
26
894
904
891
924
921
930
921
940
933
920
927
921
910
892
908
910
894
883
902
896
882
876
886
885
867
875
862
855
864
863
851
862
854
860
839
848
849
845
828
831
826
823
811
803
811
813
792
806
798
792
798
798
782
781
791
786
772
785
771
769
779
779
765
770
768
765
761
772
769
761
768
765
751
763
765
747
758
760
21
740
748
743
743
750
736
730
739
739
726
744
743
727
727
745
743
729
736
743
732
742
750
743
750
755
746
755
749
753
758
749
751
757
750
743
758
760
750
751
760
752
745
758
760
744
737
745
730
736
733
725
740
731
715
720
723
708
711
728
26
702
708
721
712
716
726
716
737
721
747
21
726
743
756
765
749
762
25
738
736
751
24
728
768
750
773
767
782
808
788
830
23
807
834
26
809
836
842
25
818
806
823
31
792
807
810
796
814
831
827
864
847
875
856
896
34
862
886
33
853
877
29
849
859
853
862
905
890
900
927
912
935
35
900
900
887
878
25
854
846
874
882
876
895
926
30
897
928
966
1005
44
962
993
36
957
973
986
39
948
974
989
52
937
969
980
34
947
971
26
945
983
984
983
1002
1012
38
975
1005
36
970
984
40
944
963
954
983
1002
980
1012
50
963
1003
1012
999
1022
1008
42
967
983
966
986
37
949
1014
1039
44
995
1049
1050
33
1018
1038
29
1009
1032
1031
1014
1033
1034
28
1007
1042
1024
1046
1051
1055
42
1014
1037
1049
47
1003
1015
1000
1024
30
995
1031
1039
1013
1044
32
1013
1042
1043
1042
1046
1046
1042
1057
1054
1081
1079
1069
1084
1057
1058
1048
87
962
1009
38
972
27
946
948
930
954
942
977
1010
32
979
1039
1019
1005
38
968
1004
40
964
1005
1007
1012
1037
1052
1050
1033
1052
1035
1046
36
1011
1018
1007
1007
1011
67
945
1070
1062
55
1007
1064
1060
29
1032
1058
1068
1050
1041
1069
1084
1086
1078
1065
1079
1073
1062
1036
1066
1046
1056
1046
1060
1058
1070
1057
1057
1054
1055
1081
1068
32
1037
1059
1075
1070
1051
1041
1028
44
984
1015
999
1041
1015
1042
1052
35
1017
1029
1017
1039
1028
1006
1041
1055
1043
1054
1038
1071
1046
1057
1075
47
1028
1048
1064
37
1027
1065
1061
1051
1027
1047
1053
42
1012
1033
1030
1039
51
988
1004
1011
996
1007
1015
1024
1018
1016
1011
1012
1008
1025
1038
48
990
1027
1030
1040
1021
1025
1032
53
979
1000
1026
1023
1001
28
974
984
988
996
1015
1013
1042
1041
34
1007
1026
1005
1023
1019
29
991
1024
1041
37
1005
1021
1044
32
1013
1040
1029
1045
32
1014
1037
1047
29
1019
1037
1035
1037
1022
1042
66
977
1001
978
1004
1004
36
969
993
1024
1030
33
997
1020
1033
1021
999
996
1000
990
32
958
934
967
970
967
983
994
29
965
999
1009
990
1015
56
959
964
985
30
955
988
1006
1015
35
980
1011
1021
1010
1009
1009
1030
1017
1025
1007
1029
29
1001
1001
1027
1014
1036
1051
35
1016
1040
1035
1043
1061
1067
39
1028
1052
1039
1028
1053
1055
1063
1046
1070
1072
1077
59
1018
1056
45
1012
1045
1032
45
987
964
1018
27
992
1019
1037
32
1005
1039
1040
1073
46
1028
1058
1087
52
1035
1078
37
1041
1049
1025
41
984
1012
36
977
1004
35
969
985
1001
987
28
960
26
935
961
26
936
31
906
906
934
36
899
936
959
994
976
1000
1025
29
997
994
1003
1028
1021
1030
38
992
1028
1047
1026
1030
1017
1036
1027
1043
1046
1054
1065
38
1027
1046
1055
73
983
1006
1049
1066
1076
1052
1079
1083
39
1045
1065
1074
60
1014
1043
1043
1034
1009
1041
52
989
1045
1061
1073
1073
1071
1083
45
1039
1049
1053
1050
1057
58
1000
1041
1042
29
1014
1030
1030
1041
1015
1039
1040
1048
1041
1026
1040
1062
1070
1064
1049
1045
1029
1024
1037
1012
1011
31
981
1016
1040
1039
1040
1050
1057
1055
1045
42
1004
1043
1043
1062
32
1030
1078
1074
1069
1080
42
1039
1045
29
1016
1044
1049
1028
1025
1049
1057
1033
1057
48
1010
1021
40
982
1031
1043
33
1011
1039
1031
30
1002
979
1021
1016
1013
1025
1036
56
980
999
1025
1016
45
972
1010
998
977
1004
1011
1000
32
968
989
1004
985
1001
1017
38
979
1010
1024
1025
1002
1017
1023
1023
1036
1025
1034
1023
1030
1018
1017
1019
1008
1012
69
944
972
967
945
922
26
897
896
875
854
866
856
872
868
901
909
899
917
894
912
916
905
930
945
944
36
909
958
936
945
923
908
906
900
25
875
907
885
901
905
910
908
905
940
926
958
971
1000
27
973
1028
1055
1053
1058
1041
1040
1047
1049
51
999
1021
1038
1032
75
957
1006
45
962
939
39
900
943
44
900
883
879
34
846
884
861
843
833
839
25
815
809
819
823
813
815
815
810
807
825
822
826
832
842
840
849
862
850
850
890
34
856
853
862
26
837
853
839
830
844
831
827
838
833
842
826
837
850
850
851
861
861
849
863
866
859
866
864
25
839
860
845
26
820
831
828
813
817
809
813
807
800
807
789
800
782
794
790
789
791
801
793
790
781
791
778
789
780
778
791
792
816
835
89
747
283
464
213
251
270
18
253
1562
1970
3999
3999
3999

