26-08-2022 - 9:48 - Correr
Oscar Perez
Intervalos entre latido y latido
771
791
798
796
793
799
810
809
808
807
802
798
793
785
791
791
803
792
790
796
793
777
771
819
28
791
781
763
754
750
738
744
749
752
756
755
753
759
763
761
764
760
754
750
763
767
771
768
791
778
782
780
774
756
750
752
753
749
748
755
763
782
788
791
791
791
791
793
801
812
811
815
23
793
790
794
797
800
798
781
778
784
784
787
782
776
770
763
755
750
746
743
738
733
748
741
734
737
740
749
752
761
763
759
759
767
762
759
762
766
764
762
769
774
779
783
782
766
762
751
750
751
749
750
755
756
757
755
752
755
749
745
737
736
736
733
726
738
730
726
730
736
729
730
741
748
751
759
758
771
782
785
790
799
791
789
791
789
793
793
795
797
797
788
786
781
778
775
761
759
766
775
789
783
785
795
802
804
812
810
801
792
798
801
805
810
814
812
811
806
791
787
794
797
798
785
778
787
785
772
768
765
773
758
754
747
739
739
742
752
756
765
776
780
789
790
791
784
783
791
785
773
774
787
793
801
795
808
815
828
820
814
810
802
797
788
38
750
806
36
771
768
757
761
768
771
775
774
779
780
788
799
794
847
31
817
815
808
799
783
766
758
750
748
750
747
750
750
742
730
730
743
747
750
750
754
759
756
754
753
754
750
745
743
741
729
743
728
722
719
718
722
732
742
752
749
756
764
764
770
777
771
765
765
763
773
773
771
782
790
794
797
794
792
798
806
807
807
806
795
797
800
800
801
792
790
791
799
803
805
799
792
785
784
779
770
762
767
765
756
748
741
744
742
741
750
762
771
779
763
752
744
745
737
730
724
721
723
737
754
753
755
768
773
776
781
781
780
780
781
768
766
763
767
770
772
773
767
767
765
764
763
757
752
747
746
744
754
759
762
764
764
756
750
756
756
760
761
768
763
760
759
756
743
745
743
740
735
728
733
742
748
761
768
775
776
783
789
795
795
792
791
778
774
776
782
786
791
790
785
779
783
781
781
777
767
764
769
774
774
765
762
771
770
772
768
767
770
777
779
773
766
772
775
760
753
765
764
768
774
766
761
805
794
797
789
789
792
795
791
791
789
789
790
784
790
789
787
783
792
779
262
517
878
139
740
22
718
709
718
717
711
715
725
727
715
719
720
717
710
709
696
697
692
692
693
684
682
670
673
679
684
677
683
695
698
698
709
714
718
722
708
707
708
722
723
722
720
718
717
730
728
719
718
717
718
720
712
708
720
712
716
715
716
717
719
718
718
717
709
713
711
710
708
719
713
709
715
719
718
707
703
701
698
707
707
703
698
699
696
693
687
694
685
680
680
688
684
683
679
687
691
684
684
690
686
680
684
679
689
680
680
681
693
695
694
695
680
677
671
681
690
687
689
686
692
690
690
691
698
715
730
731
730
726
725
741
740
739
732
723
709
693
688
685
692
691
687
687
704
1407
717
690
697
693
680
673
678
666
673
676
670
666
660
667
666
664
662
668
664
662
676
668
677
667
669
678
676
683
684
672
682
673
668
682
679
668
676
681
680
671
679
686
684
683
675
689
679
671
672
670
667
662
665
672
675
671
676
687
681
680
684
686
677
680
685
677
675
672
675
673
670
683
684
675
675
682
682
684
694
699
701
697
709
713
713
717
726
725
717
722
725
740
726
732
739
737
725
721
729
734
731
730
754
754
744
745
749
744
740
740
752
742
743
766
777
781
772
778
766
765
762
759
752
760
759
767
754
759
762
754
751
765
765
777
758
768
779
780
772
770
797
820
802
795
792
28
765
770
768
770
763
756
766
771
783
786
774
777
778
780
787
784
780
773
769
778
781
789
793
787
794
790
783
789
796
798
789
798
804
788
790
805
805
792
794
801
794
788
791
801
789
789
791
791
791
803
795
791
801
799
782
781
786
781
778
783
788
789
778
772
773
779
772
771
780
786
773
775
784
793
789
787
798
800
793
786
786
788
776
773
788
789
777
781
791
793
793
807
804
796
784
789
808
820
809
822
828
814
809
814
811
790
790
792
779
778
788
791
782
782
801
801
798
785
792
784
772
765
772
775
766
777
780
781
772
775
780
778
781
765
771
778
780
770
772
777
777
770
763
773
776
769
759
759
764
761
766
761
751
756
750
737
735
744
752
765
764
763
776
791
798
803
810
811
819
812
816
804
796
788
788
787
773
769
780
785
30
755
754
758
752
744
754
757
761
767
781
789
794
791
805
809
794
795
807
819
821
802
807
810
798
790
790
798
795
788
794
799
798
787
788
795
792
791
784
781
791
802
804
810
816
800
806
808
810
796
800
802
805
812
810
798
791
794
804
804
805
794
797
799
801
802
790
789
794
799
800
789
791
797
796
791
780
788
790
796
796
789
781
780
787
804
810
823
827
819
805
811
801
805
802
795
789
780
787
787
794
794
793
792
780
777
781
787
797
802
801
787
786
787
790
790
783
779
787
789
791
783
772
770
773
778
787
792
796
790
790
789
776
775
778
785
789
787
780
764
762
770
805
836
832
838
840
833
827
815
804
796
778
762
755
757
760
763
775
780
790
788
793
784
779
783
781
776
768
762
767
764
760
757
752
742
742
737
730
731
737
741
737
740
741
748
757
764
766
765
759
764
770
774
775
771
777
780
778
781
781
783
773
780
777
777
767
761
766
764
767
754
753
755
752
749
737
736
743
746
752
749
758
767
768
760
760
761
763
766
762
765
764
762
757
755
761
765
765
761
756
754
758
756
745
745
747
747
737
738
731
728
725
721
727
727
730
748
746
745
740
740
743
745
738
751
750
758
760
761
761
758
759
756
761
762
762
759
749
746
744
730
725
722
722
724
719
715
711
714
726
738
743
750
750
759
774
769
776
785
774
779
785
783
775
779
784
785
785
782
775
778
781
783
777
775
769
773
764
751
754
755
759
758
763
770
768
769
771
764
767
775
785
793
797
796
796
790
788
791
799
792
794
787
781
767
766
768
763
770
769
773
770
768
771
775
774
775
775
774
771
766
762
766
768
765
761
772
770
769
760
762
761
757
761
766
761
760
751
749
752
759
751
746
751
757
756
752
755
755
750
755
756
751
752
759
758
755
762
765
760
751
748
754
754
750
755
761
771
771
779
784
782
781
790
789
779
776
778
785
780
771
776
778
770
764
770
771
770
767
767
770
761
760
767
754
735
734
737
726
750
761
768
780
779
786
788
777
782
763
767
748
750
735
727
722
707
699
701
693
701
708
713
726
726
718
718
714
708
702
705
702
710
720
734
741
741
750
734
742
742
725
725
716
708
706
713
717
725
717
729
734
742
742
732
734
745
754
754
755
22
734
720
20
701
692
694
691
681
687
683
682
675
680
684
676
679
696
695
687
700
708
715
703
696
694
699
709
720
723
707
702
705
705
709
699
701
694
691
679
677
681
685
673
676
669
669
661
657
678
686
681
683
676
677
681
678
677
670
677
681
676
671
671
669
664
672
673
675
669
671
689
689
694
690
694
702
700
695
700
702
697
694
696
689
685
675
691
679
678
677
700
707
706
710
737
743
738
752
765
770
754
769
786
793
797
786
795
795
779
769
773
785
783
782
797
811
812
805
810
818
817
806
802
27
776
773
767
760
761
772
783
780
781
791
804
799
795
806
812
814
808
813
817
820
804
801
850
875
856
855
843
36
807
791
772
28
744
757
756
769
772
775
769
765
752
755
764
758
758
775
792
785
778
783
785
766
760
763
768
759
756
769
785
794
803
799
793
789
788
784
766
772
772
773
765
759
758
758
752
739
742
748
753
751
744
743
744
744
740
730
726
731
737
734
735
727
729
734
730
717
710
707
702
706
708
708
700
699
708
691
680
689
695
688
703
708
708
707
720
716
713
719
720
710
701
690
704
707
709
711
703
706
714
705
713
707
708
712
703
709
708
709
700
693
705
697
689
710
709
708
710
708
700
701
690
694
689
687
687
689
698
702
696
703
700
706
700
708
701
707
696
700
702
699
690
692
682
680
680
670
676
681
681
677
688
694
686
695
699
707
697
694
698
711
701
691
1416
713
703
706
720
732
740
736
747
789
27
762
749
735
727
717
707
705
703
699
695
683
691
703
693
703
720
748
770
759
762
756
24
732
733
742
738
721
724
739
748
738
738
750
764
752
750
763
768
771
759
764
776
778
767
773
784
793
782
785
787
810
811
807
27
781
774
768
766
756
770
780
781
782
770
770
776
784
781
770
770
809
861
858
845
830
823
809
794
791
785
783
780
777
780
770
772
783
792
798
792
780
777
786
793
794
791
785
773
771
774
784
779
779
769
759
749
753
751
750
747
733
725
713
704
188
516
898
191
707
705
705
699
693
698
697
705
724
737
742
750
736
745
752
756
764
751
740
743
767
776
787
793
794
778
787
792
786
779
784
789
785
785
792
791
797
793
797
779
778
784
788
790
789
781
778
786
787
779
770
776
794
804
804
793
804
800
780
789
787
787
775
782
772
768
22
747
734
733
735
736
745
751
745
748
753
750
762
766
777
778
780
800
806
811
800
798
811
812
807
809
791
242
549
1048
258
791
792
788
791
799
809
810
814
822
804
812
810
801
786
796
804
822
830
809
800
786
32
754
765
764
754
768
773
780
768
772
772
759
743
738
740
743
741
740
753
760
758
753
759
760
757
755
762
763
762
754
751
752
744
739
755
760
756
755
769
775
769
760
755
764
758
753
745
748
744
730
727
731
728
720
713
717
718
707
713
715
709
720
723
726
716
723
727
723
718
728
719
715
733
744
745
743
754
764
762
758
776
787
773
771
781
789
779
777
788
786
776
787
794
788
779
792
788
785
774
790
790
786
778
790
799
786
796
804
796
790
798
805
791
791
798
802
791
784
796
801
788
783
789
791
779
775
791
787
22
765
768
778
783
774
770
779
781
771
771
779
784
772
773
785
784
781
789
792
781
771
791
791
799
804
799
788
775
775
782
786
782
782
791
793
791
795
779
780
782
789
785
786
782
782
767
763
776
783
791
795
791
801
801
808
806
802
782
783
794
802
807
800
788
790
792
795
795
794
780
772
784
786
786
789
795
795
783
781
774
788
26
762
761
768
763
746
752
767
773
22
752
755
748
743
735
740
735
744
752
748
748
759
761
770
759
773
766
772
774
765
769
755
763
747
750
733
724
716
709
701
697
709
707
698
695
702
708
708
707
701
708
713
720
719
748
747
741
744
755
747
739
721
717
716
717
708
710
719
725
728
730
736
741
746
747
772
772
782
780
792
780
784
768
773
757
763
746
751
30
722
722
724
31
694
700
704
687
699
709
715
705
724
739
743
749
744
743
750
754
740
743
724
726
738
742
740
745
766
778
770
768
772
771
753
765
771
777
777
774
780
783
778
763
778
774
759
756
794
803
811
814
805
811
814
817
803
815
812
793
799
791
775
773
806
808
820
828
317
511
1124
318
806
791
24
767
776
776
777
797
806
818
824
812
802
805
804
799
806
811
804
805
807
801
792
801
807
808
794
801
804
793
788
792
811
815
821
809
821
821
810
806
816
810
811
793
806
791
776
776
786
787
778
791
799
807
807
791
821
813
818
803
787
782
789
794
797
788
795
776
764
774
780
790
785
792
803
806
791
802
802
799
789
790
793
785
774
784
786
778
773
793
803
800
789
802
806
804
791
802
801
789
782
788
783
787
774
772
782
791
792
795
781
791
792
792
781
793
803
805
802
784
789
789
787
769
764
777
795
796
806
813
811
792
800
802
798
799
798
797
794
788
793
798
800
790
792
794
800
803
791
794
802
802
799
791
794
797
798
781
783
785
786
784
778
779
785
789
773
767
762
753
749
756
763
776
774
777
785
786
783
778
781
775
770
776
773
771
759
767
768
761
752
753
757
761
764
769
776
781
771
776
774
772
764
771
768
764
758
763
767
766
755
755
768
775
770
776
780
783
776
776
776
774
767
769
772
769
764
760
766
772
777
780
769
775
778
783
783
774
780
788
791
782
783
784
780
780
768
774
767
757
765
771
778
786
778
784
786
789
779
784
783
780
774
781
786
791
791
782
767
771
766
770
773
775
782
767
773
767
766
760
753
764
763
769
759
758
765
781
786
780
783
787
788
774
773
775
774
772
756
763
759
746
755
772
779
781
784
776
773
774
770
759
770
774
774
770
775
779
787
782
793
790
23
768
764
770
773
778
774
790
798
806
798
807
810
810
796
790
792
791
797
783
785
780
789
782
774
776
781
792
798
806
793
799
799
792
800
809
799
795
802
813
817
806
808
1635
840
796
793
800
803
797
808
812
804
803
789
791
802
801
804
810
803
23
781
782
794
828
830
840
833
833
818
808
807
795
794
779
783
793
799
801
786
797
795
791
779
775
787
784
783
795
800
803
805
792
784
787
792
784
786
772
777
774
773
777
773
769
766
769
772
767
767
750
745
750
753
740
742
747
742
744
740
736
743
740
728
730
731
726
732
743
754
762
771
775
780
786
772
776
780
787
781
776
789
795
797
789
775
777
771
763
759
767
766
759
767
770
770
762
771
776
774
770
783
791
783
795
791
784
789
788
786
771
782
789
785
773
775
778
767
759
768
767
756
756
755
746
748
754
761
747
751
750
749
749
739
746
749
755
748
755
760
767
760
767
775
779
782
772
765
767
760
751
758
767
762
755
763
769
768
759
765
776
767
757
765
774
773
765
771
775
778
767
764
760
763
762
757
751
750
757
747
746
756
760
761
750
759
760
760
750
747
750
751
737
735
741
749
738
730
741
750
752
748
759
759
768
758
759
762
751
743
750
754
745
743
740
735
732
737
736
735
730
724
731
730
727
724
728
737
731
731
733
735
729
731
738
741
734
734
739
744
741
734
738
738
738
733
725
725
723
717
713
724
748
742
750
753
755
747
745
742
737
729
733
728
727
729
739
740
744
739
737
741
741
745
732
732
733
737
736
736
733
725
722
726
724
712
715
717
721
717
716
720
726
730
725
730
735
739
734
733
736
738
738
734
735
737
731
722
722
716
710
704
702
690
691
693
698
688
691
698
699
688
684
695
692
701
694
695
701
705
707
698
709
712
710
707
706
714
709
701
711
712
721
725
719
724
739
747
728
735
740
734
744
745
740
723
709
720
727
730
729
742
750
754
746
745
741
733
734
733
734
727
730
732
727
737
741
732
739
738
734
735
734
735
726
736
749
748
742
744
741
731
739
737
737
735
731
747
755
760
751
750
747
748
745
744
750
742
745
750
750
741
749
747
736
742
734
723
726
733
741
748
728
734
739
737
724
729
732
733
737
743
754
757
768
759
745
741
746
754
761
763
758
760
759
758
746
752
754
752
748
743
749
750
747
747
749
747
734
736
731
732
725
720
719
718
743
732
734
748
745
747
739
752
745
729
727
736
734
736
732
742
742
743
728
733
739
729
731
728
731
725
730
744
743
744
743
750
758
751
750
755
763
755
749
756
749
736
732
734
742
743
744
750
751
748
761
762
755
745
748
750
743
734
739
740
741
736
733
750
757
761
755
763
762
762
743
738
733
723
717
722
726
728
737
744
736
740
756
760
770
769
771
768
771
758
752
764
775
770
765
770
769
766
756
759
759
749
750
757
755
751
759
760
757
754
763
763
754
755
752
747
740
743
748
735
739
749
746
739
749
755
756
747
752
751
748
749
750
744
743
757
761
758
756
771
769
762
760
759
755
757
755
755
745
750
756
757
746
760
767
763
757
762
755
750
757
743
730
738
734
734
726
720
732
733
734
723
724
718
710
720
726
729
729
727
723
717
723
722
725
731
733
730
730
721
730
750
737
742
747
741
741
750
746
750
750
739
742
748
745
747
744
744
729
730
731
721
725
739
745
749
750
750
754
758
760
762
766
764
769
763
763
768
760
757
753
743
742
741
732
727
739
754
752
747
756
759
767
768
763
768
767
763
767
779
776
779
786
776
759
765
770
766
760
750
758
759
759
761
752
756
762
761
769
754
755
752
750
744
748
753
760
767
765
761
749
752
746
739
735
744
750
760
761
768
768
776
786
788
776
774
783
780
769
752
755
764
748
744
750
749
736
730
730
735
728
722
731
735
736
730
726
728
729
712
700
706
702
698
698
732
729
724
726
718
718
722
719
716
720
721
717
727
721
722
719
722
729
741
760
763
771
28
744
744
752
752
754
756
754
741
743
748
23
725
741
737
734
722
706
705
716
728
758
766
760
776
798
807
809
814
826
820
931
46
886
878
38
841
37
805
786
771
767
770
773
757
751
760
761
770
774
766
773
780
797
800
790
789
809
818
805
792
793
783
784
785
792
791
794
788
23
765
747
746
739
742
747
750
752
754
748
749
750
769
772
833
833
830
828
821
23
798
795
793
790
787
766
763
767
765
768
761
758
767
765
761
763
773
778
765
767
778
782
766
773
769
763
762
757
746
742
743
750
742
746
755
751
750
750
764
775
789
780
779
787
787
776
766
762
773
775
783
780
768
762
777
787
795
796
801
785
784
791
788
794
788
773
774
791
790
796
802
803
801
796
798
805
796
795
810
815
815
802
808
814
813
809
805
805
803
794
785
772
764
775
775
779
783
784
1302
512
791
788
792
791
796
800
798
790
769
765
751
747
741
754
754
757
761
752
751
753
768
770
780
791
785
771
776
813
812
813
808
800
796
788
784
782
767
753
759
756
764
769
772
772
779
772
763
760
762
756
750
739
745
750
747
763
778
778
783
782
779
771
764
749
747
741
743
736
728
747
751
753
761
765
772
780
786
787
784
790
781
778
778
781
782
778
768
769
770
780
781
782
1313
517
796
786
779
770
779
791
791
797
800
790
781
785
786
780
773
776
775
774
766
762
767
768
770
772
770
767
770
775
776
781
786
787
786
787
779
776
775
773
767
773
775
775
770
779
780
782
772
772
771
760
747
755
752
756
749
752
761
759
764
757
764
765
758
747
747
748
750
752
751
763
766
772
774
779
767
776
775
765
766
769
771
775
763
767
759
757
758
760
756
746
745
25
720
710
703
28
675
678
687
695
691
692
707
708
707
714
717
711
722
723
720
705
705
709
706
696
704
709
703
700
718
721
717
730
743
744
730
733
734
726
722
726
735
728
732
742
730
730
745
749
741
741
761
778
783
773
765
768
762
747
742
750
744
740
733
720
722
726
721
737
734
729
732
720
481
714
710
706
698
698
702
697
723
721
724
721
722
733
733
731
730
729
740
728
736
741
730
728
725
728
734
722
724
722
718
708
709
712
716
714
730
722
732
721
727
730
722
720
703
690
700
699
692
696
718
725
733
742
754
738
726
708
699
707
712
699
703
723
738
741
755
752
763
776
772
768
786
794
781
803
793
776
792
794
791
778
792
793
785
792
797
806
792
805
810
814
800
810
808
795
795
793
780
781
787
780
761
772
775
768
758
767
771
761
759
763
771
759
749
761
828
833
33
800
785
771
773
775
765
765
766
767
750
755
762
762
762
754
760
791
804
819
830
816
808
790
775
765
23
742
750
753
771
769
766
772
771
772
763
3999
3999
3999
3999
3999
3999
3999
1648
823
826
833
827
813
806
800
810
808
814
810
812
818
827
821
826
830
832
816
815
823
834
818
799
800
798
791
791
793
801
792
786
800
806
819
817
3932
806
815
817
821
831
830
836
828
826
824
826
826
830
829
830
835
838
836
828
819
823
824
23
802
798
799
802
793
792
797
802
784
779
782
787
778
778
786
786
791
780
788
800
797
805
814
816
820
815
805
810
811
818
815
822
827
835
841
841
833
849
849
843
837
844
847
838
837
840
835
823
821
830
832
819
827
828
828
828
827
833
829
827
824
832
829
821
817
832
841
839
828
852
32
821
806
806
798
796
801
797
795
790
786
799
806
824
837
841
838
836
833
30
804
805
813
816
829
829
26
803
797
805
808
800
806
802
802
795
794
791
783
782
782
773
765
772
767
777
782
788
785
791
807
820
818
824
834
841
823
820
821
830
819
815
815
812
803
820
807
790
792
799
804
796
800
810
815
809
815
824
833
824
849
859
862
851
861
855
850
831
821
811
808
809
805
805
810
808
816
861
34
828
832
829
35
794
788
791
791
789
783
802
809
824
816
838
884
39
846
831
814
803
797
788
778
793
793
793
793
790
779
761
22
740
743
755
777
791
820
829
838
830
842
847
825
830
830
837
841
848
836
846
841
847
846
825
834
834
831
831
24
807
798
795
800
800
803
803
803
805
786
794
785
781
791
795
786
791
795
799
799
802
814
810
802
815
823
831
828
839
826
28
798
805
807
821
852
877
894
902
897
878
878
879
871
24
847
842
845
847
828
830
858
860
850
838
827
861
859
36
823
810
798
796
795
805
796
808
808
811
822
824
830
829
830
835
841
854
859
866
868
869
867
862
840
843
838
832
825
805
793
801
799
797
797
804
796
785
779
774
768
765
771
771
766
764
765
767
767
766
761
763
764
765
759
758
757
753
755
756
757
762
770
762
760
763
769
766
761
755
745
743
752
762
771
787
800
812
814
824
829
834
835
831
832
824
827
816
809
804
807
823
824
826
815
810
811
810
808
793
790
801
801
804
802
784
775
776
771
769
772
776
789
788
791
798
800
796
800
807
807
812
814
803
801
796
793
798
797
793
793
789
795
805
802
804
797
792
795
792
786
774
771
775
775
771
768
766
768
764
760
764
771
771
779
778
781
795
809
814
812
808
806
806
805
804
819
27
792
796
787
787
782
790
800
805
812
816
812
818
820
810
819
809
823
833
833
824
832
840
842
851
845
836
849
853
855
852
850
836
846
849
854
839
835
836
828
826
813
811
810
815
105
710
908
89
819
812
812
792
788
789
781
782
23
759
761
762
763
760
760
756
767
771
774
782
787
793
783
792
797
809
811
800
816
820
817
823
826
811
799
790
797
795
807
811
815
816
810
798
788
784
786
791
789
785
790
794
785
786
776
781
780
788
775
789
782
786
784
781
772
773
777
775
783
783
790
790
787
790
793
798
811
812
809
808
812
811
811
23
788
789
788
786
789
786
781
776
771
758
757
772
774
773
774
777
769
755
755
761
765
760
765
780
783
769
774
783
774
758
756
748
744
749
741
747
758
769
780
788
792
789
792
805
823
813
814
812
804
792
787
794
799
798
791
791
797
792
803
813
821
832
835
830
824
813
812
801
791
797
791
782
771
757
764
760
767
772
759
776
771
785
797
800
803
799
794
798
793
800
798
792
788
22
766
772
775
781
778
778
794
804
795
808
821
831
827
811
818
826
830
824
825
837
840
847
849
836
833
833
822
809
808
805
823
851
846
25
821
818
797
792
790
801
802
811
814
808
803
789
791
798
805
815
826
827
823
837
843
846
849
843
855
853
832
834
824
803
794
27
768
750
743
745
749
735
743
750
745
736
735
729
735
736
731
734
743
745
745
3999
3999
3999
3999
3999
3999
3999
3999
3999
3999
3999
3999
3999
3999
3999
3999
3999
3999
3999
3999
3999
3999
3999
3999
3999
3999
3999
3999
3999
3999
3999
3999
3999
3999
3999
3999
3999
3999
3999
3999
3999
3999
3999
3999
3999
3999
3999
3999
476
828
820
832
841
844
842
843
840
824
804
804
809
817
821
822
821
819
812
819
822
820
831
831
840
852
857
862
869
865
877
873
878
864
850
851
848
841
835
825
841
842
844
849
841
853
856
845
852
864
861
853
857
843
841
838
827
833
840
841
847
833
827
824
807
806
825
833
833
828
812
811
815
814
814
806
813
823
829
839
842
853
870
872
871
853
858
848
847
840
831
844
847
845
834
816
817
801
799
797
798
799
793
800
784
795
799
801
808
792
803
807
822
812
807
808
802
795
790
771
776
23
754
760
767
754
750
751
740
735
740
739
737
732
727
733
740
731
729
740
737
725
735
738
721
733
742
729
732
746
736
742
765
764
761
779
782
782
785
805
795
800
22
779
796
795
781
786
789
797
791
791
817
830
839
835
826
807
811
806
795
803
805
790
31
759
764
759
766
757
769
769
770
750
746
752
754
756
755
752
766
767
761
758
828
852
23
829
810
803
791
777
770
766
754
746
734
739
743
748
759
762
766
761
759
755
740
25
715
706
714
715
700
706
722
728
722
714
734
750
756
757
750
769
773
778
762
767
783
782
24
758
782
788
773
769
789
779
772
794
782
777
802
796
784
799
796
783
782
789
778
776
788
787
770
774
784
772
783
774
774
779
773
778
760
764
768
769
758
767
774
769
772
780
786
795
804
813
805
794
795
794
25
770
771
775
771
771
783
790
786
799
799
792
799
798
796
786
791
795
794
784
789
792
784
783
786
793
776
775
792
795
810
808
809
812
816
822
815
813
823
831
845
852
870
866
862
871
872
872
866
856
850
856
852
842
846
854
844
838
840
834
828
833
830
827
843
850
850
845
837
838
833
821
826
824
831
826
838
845
854
849
852
854
849
833
842
838
836
829
830
834
829
834
831
833
833
834
832
821
822
824
811
808
808
815
817
812
814
818
813
813
821
821
818
803
813
799
799
786
781
787
788
784
775
776
784
783
791
801
807
803
812
815
818
816
823
816
816
823
831
834
23
812
820
824
814
820
823
812
807
811
818
823
826
825
833
837
833
844
850
837
828
838
839
843
842
823
826
825
826
814
793
794
802
804
795
799
795
804
797
793
807
818
821
822
813
819
824
827
828
821
822
827
821
816
810
839
843
853
848
846
834
830
830
820
820
819
819
822
826
829
836
826
820
833
841
845
844
848
832
829
833
831
834
834
823
822
837
836
841
846
846
842
832
823
833
824
824
825
820
819
820
820
806
802
803
806
815
822
821
804
809
805
804
811
802
793
803
808
803
806
807
801
807
810
805
806
815
813
799
798
795
804
805
803
797
805
806
811
821
824
821
820
818
822
814
824
819
803
807
806
810
798
795
798
799
791
794
800
805
792
794
798
800
795
805
802
796
806
809
814
815
814
805
810
808
795
803
809
817
822
816
826
833
832
829
833
836
837
827
829
832
835
824
833
833
830
832
823
812
821
814
813
804
813
814
807
808
811
791
796
800
804
804
799
803
806
805
803
813
815
803
800
814
815
821
820
818
822
808
793
795
799
805
810
799
804
801
802
799
810
807
812
806
813
811
796
808
799
798
799
800
795
800
791
783
788
791
796
797
790
791
791
795
800
807
813
825
824
812
806
809
803
803
790
772
779
772
782
779
774
782
798
799
803
804
789
787
787
797
806
813
833
843
849
858
858
842
855
847
826
839
850
851
848
853
851
850
830
825
833
822
809
829
839
843
853
850
869
871
860
847
859
863
862
859
841
843
851
844
849
853
847
841
827
837
838
832
828
824
817
817
808
809
812
825
820
812
814
833
833
836
833
820
811
853
844
848
855
865
862
852
850
830
823
819
811
811
813
821
819
813
814
805
793
790
791
794
800
799
800
798
792
779
780
781
782
780
783
791
799
797
795
791
797
795
797
804
793
789
792
794
802
803
808
23
785
786
791
794
803
803
804
816
819
821
811
819
822
826
814
816
821
820
799
796
791
780
772
780
786
782
804
810
825
825
842
844
844
836
840
833
830
822
825
829
833
820
824
828
836
825
831
835
837
826
828
829
811
799
807
816
825
825
836
823
813
821
815
811
816
815
810
811
807
798
793
804
812
804
808
814
813
798
806
807
791
791
796
795
794
797
804
807
808
815
818
830
810
797
820
820
824
831
814
806
799
783
790
791
802
812
803
811
830
825
834
825
828
830
837
840
835
843
832
813
810
810
818
821
823
829
837
834
821
832
829
818
810
818
825
819
813
818
825
817
804
814
819
818
807
814
822
828
817
811
812
813
812
806
794
812
819
812
820
817
815
811
809
810
806
798
800
809
819
820
804
803
813
814
811
808
824
830
831
839
844
841
819
822
832
833
820
805
814
828
821
823
822
818
814
813
814
813
816
805
803
818
814
809
797
796
791
787
783
788
804
817
808
814
825
823
812
819
819
811
814
817
811
808
808
805
793
783
793
805
818
808
817
826
824
827
824
812
816
814
804
818
820
813
807
817
819
814
811
820
820
813
809
808
808
811
818
817
818
812
799
802
820
833
833
818
830
837
840
846
833
834
870
36
835
826
808
789
792
787
774
774
789
793
789
776
789
791
786
776
786
792
804
791
800
817
823
815
818
812
798
801
808
815
806
815
816
804
802
807
801
782
782
792
799
791
792
803
803
792
791
788
787
779
784
789
796
793
806
812
808
813
818
819
806
799
814
811
806
798
799
818
826
822
805
811
810
799
796
803
817
803
808
814
809
813
798
799
786
786
779
789
786
809
817
825
821
831
833
833
825
825
823
820
815
796
781
789
825
822
819
821
809
814
816
831
832
828
824
824
839
840
841
839
839
831
824
827
826
818
814
820
806
810
830
835
837
835
839
841
834
836
829
839
25
814
799
807
817
812
815
831
830
827
821
836
841
841
837
845
844
845
831
835
832
833
833
828
830
839
844
825
829
837
833
833
835
835
833
822
823
817
810
792
792
804
818
823
819
833
814
821
812
822
833
838
839
835
830
824
816
811
807
799
806
805
806
809
805
804
808
801
814
809
813
825
834
829
822
827
827
24
803
801
804
802
800
812
817
819
815
818
823
826
814
825
829
837
831
830
832
838
827
812
815
798
793
808
811
814
817
833
841
843
836
843
847
851
847
848
829
819
813
796
819
830
840
833
849
855
861
857
860
868
868
855
855
857
849
854
853
849
837
839
837
832
816
827
828
815
800
818
831
831
826
836
840
837
851
845
835
840
836
822
817
807
798
816
824
827
831
830
830
833
847
851
848
852
845
825
835
836
851
846
848
841
844
851
848
845
835
845
845
824
821
838
846
852
24
828
828
833
833
823
829
834
831
822
829
834
833
823
811
803
792
778
784
808
830
844
862
874
862
869
879
874
862
847
845
848
854
25
829
836
839
833
826
830
832
24
808
804
814
821
830
838
850
858
861
855
868
870
872
867
852
864
871
875
866
859
870
867
852
851
860
862
856
847
861
872
865
867
867
849
24
826
830
833
842
836
848
867
862
862
24
838
841
849
850
844
849
852
858
846
858
852
848
836
823
824
858
852
853
858
867
860
852
854
850
844
838
833
824
819
798
794
794
801
816
828
836
861
856
872
881
879
875
874
875
870
858
860
858
851
846
844
845
828
825
831
827
816
820
823
826
832
835
823
821
819
823
813
819
824
827
819
827
830
842
842
844
842
860
861
856
865
864
849
851
852
847
840
820
817
820
813
812
812
811
811
813
818
817
818
820
814
818
812
811
803
785
804
803
812
807
811
808
814
813
819
819
826
300
526
969
136
833
836
843
842
839
826
825
819
822
824
807
809
817
822
823
838
218
621
1020
160
860
872
880
883
876
886
892
888
887
25
863
879
877
860
868
875
861
871
868
858
861
857
860
28
833
840
842
847
847
839
845
855
868
872
863
880
868
866
869
869
877
878
859
858
856
851
834
824
831
830
837
828
840
840
849
833
833
898
915
906
886
870
854
850
840
843
835
835
838
832
829
839
833
848
838
850
854
864
875
874
878
869
870
863
25
838
846
851
848
831
842
840
844
843
850
851
851
850
851
857
839
839
842
848
858
863
854
842
863
860
858
852
841
851
844
834
27
808
817
813
799
790
805
816
831
835
841
843
827
831
841
844
851
850
850
850
845
836
842
844
846
848
832
848
839
840
23
818
819
805
791
789
779
802
808
808
800
824
828
826
814
822
829
830
824
826
821
26
795
806
798
802
815
831
827
835
844
827
31
796
801
791
786
807
814
817
808
837
850
845
852
869
874
860
857
889
904
898
896
895
877
882
877
868
868
848
856
875
875
884
879
880
872
31
841
851
856
845
832
841
845
845
837
846
842
832
813
832
838
844
845
832
840
857
865
875
875
33
843
875
867
874
890
884
878
873
864
30
834
821
810
815
829
819
820
833
834
838
818
805
820
820
828
817
830
842
852
855
852
839
834
826
834
837
841
833
848
846
852
864
856
846
856
864
863
880
881
875
875
878
868
847
852
850
842
844
849
864
874
857
855
858
847
833
835
836
832
827
827
828
835
839
842
850
858
860
869
872
864
871
858
859
864
25
839
832
846
854
836
841
847
859
844
851
858
860
860
849
851
850
845
858
876
896
903
909
904
911
888
873
872
869
851
848
851
846
846
861
866
875
872
885
878
871
882
877
862
871
882
889
878
890
895
890
875
877
881
873
874
875
874
863
873
874
26
848
850
851
855
843
861
854
878
885
875
857
864
867
867
857
856
852
904
887
896
899
899
896
893
886
885
881
875
875
883
875
854
851
857
857
835
842
858
865
868
856
858
862
870
868
868
858
843
830
814
811
818
824
818
826
838
842
843
851
856
837
837
834
826
811
827
838
842
851
837
836
835
835
833
835
831
822
817
830
837
852
854
843
833
829
836
839
846
832
844
843
845
841
849
838
827
844
855
860
853
851
849
840
843
835
818
830
838
847
855
848
865
871
879
882
25
858
867
873
892
889
884
890
889
891
881
877
873
860
855
843
843
855
866
853
843
864
873
872
877
875
863
866
864
860
858
848
841
829
810
808
808
813
811
801
810
813
806
813
845
860
873
878
864
879
882
893
880
878
877
892
30
863
876
877
885
866
867
869
871
860
866
883
25
858
864
875
875
872
872
862
851
862
874
856
851
856
854
868
885
894
900
902
894
887
901
895
882
869
880
881
888
27
862
862
870
863
854
865
858
29
829
831
831
827
828
826
840
854
872
875
880
883
879
872
860
875
883
892
901
909
909
888
884
880
876
24
853
859
857
853
843
856
854
852
862
866
874
872
880
882
869
865
873
876
873
31
842
845
843
853
842
856
873
24
849
852
842
824
813
815
819
809
827
829
836
825
841
841
838
835
851
843
843
868
875
26
849
860
874
882
869
861
855
853
865
866
867
860
864
876
869
873
863
854
840
1342
513
830
809
1327
535
792
797
781
1373
871
502
236
267
779
816
805
28
778
790
774
762
773
767
768
793
839
825
832
826
806
800
788
782
786
777
770
762
757
764
765
758
781
780
779
779
787
791
787
781
785
784
796
806
839
856
863
873
868
875
881
865
870
878
885
874
865
869
867
850
841
831
829
845
850
852
843
858
862
852
855
867
864
842
841
840
844
839
847
857
858
855
868
872
870
854
863
861
839
820
837
845
832
820
803
804
825
842
851
860
865
875
879
877
866
868
874
873
872
869
871
870
874
872
865
29
836
848
848
830
842
862
869
861
847
857
867
866
864
854
864
863
856
855
839
829
811
843
844
859
886
900
892
900
888
895
878
889
893
895
891
882
875
875
865
866
864
852
855
851
842
855
866
848
843
863
868
870
863
849
829
831
840
846
836
856
868
874
874
890
884
873
873
864
866
864
853
859
872
885
873
891
892
875
878
880
887
874
28
846
867
876
875
881
897
897
899
891
892
880
892
905
907
912
890
887
891
880
881
897
892
895
893
899
893
25
869
866
880
872
867
856
875
875
871
864
864
870
871
860
856
861
855
862
875
890
906
915
916
912
895
915
920
928
920
36
885
890
889
878
860
874
879
875
869
881
889
872
885
863
868
850
844
855
847
863
870
869
878
865
869
877
877
894
904
896
896
898
34
865
860
860
868
855
860
854
840
847
844
827
832
838
831
837
857
875
879
875
875
878
874
866
845
853
858
865
855
840
860
842
844
30
815
832
836
858
869
878
868
884
879
878
881
882
868
882
888
882
868
886
885
871
871
898
884
875
888
877
865
848
859
876
865
865
862
851
843
848
854
854
843
864
875
869
893
920
44
876
877
880
875
882
869
879
890
900
900
897
902
910
903
32
872
872
869
880
880
897
883
871
871
857
860
841
843
858
862
873
876
880
871
886
889
866
879
886
879
873
868
859
859
852
863
851
860
862
852
873
881
866
859
891
892
887
865
854
849
851
836
848
871
876
874
865
853
860
875
882
889
880
898
916
917
922
907
897
874
879
955
941
920
903
890
867
860
857
858
25
834
837
836
846
849
868
875
876
890
883
870
856
875
880
879
887
877
866
881
880
883
869
891
884
33
852
858
861
858
848
832
831
857
857
28
829
827
829
846
836
865
879
900
914
902
918
915
904
907
906
902
887
880
875
865
865
858
858
854
854
859
843
837
857
846
851
855
868
850
844
854
878
891
904
907
900
892
883
883
878
871
889
889
907
906
894
897
923
915
899
879
868
875
875
873
867
866
853
860
872
890
897
877
887
886
879
876
883
885
868
885
892
903
888
889
887
879
874
894
902
904
899
880
891
898
883
891
884
871
876
879
869
853
862
854
839
842
851
865
863
871
874
26
848
854
853
841
851
853
856
854
868
872
861
853
864
853
840
856
853
856
833
837
839
818
830
836
819
833
842
846
837
828
831
830
828
822
815
808
24
785
799
807
806
815
823
807
822
833
837
838
822
816
830
829
838
819
806
799
38
762
781
783
788
787
767
776
24
752
767
773
772
777
777
786
774
760
772
766
757
776
785
780
777
802
805
796
811
814
802
828
830
828
841
844
838
856
848
849
855
25
830
839
837
842
823
832
833
817
825
831
810
809
813
815
795
796
778
774
787
782
22
761
777
779
773
766
774
765
785
804
804
804
841
858
28
830
836
871
858
841
837
856
868
861
875
901
916
25
891
915
163
752
1041
170
872
884
894
887
880
903
897
885
912
925
936
943
933
930
29
902
34
868
861
846
828
841
851
852
856
834
31
804
812
845
871
874
868
888
893
893
876
888
884
864
869
880
877
864
885
883
870
862
871
871
851
868
879
868
869
893
895
876
875
896
900
27
874
879
902
26
876
900
885
875
890
906
915
893
899
916
25
891
900
914
34
880
903
893
24
870
884
899
914
896
900
907
929
932
932
35
898
909
35
874
871
875
895
894
24
871
877
896
901
897
30
867
864
875
895
916
908
897
911
923
30
894
885
899
916
908
890
886
899
912
909
889
896
904
909
907
908
886
875
881
881
869
855
857
859
868
868
848
858
859
875
877
870
872
878
884
869
864
884
888
872
873
878
922
918
896
879
869
880
882
30
853
864
866
880
875
884
868
868
873
868
855
864
887
904
900
906
894
892
897
892
877
883
889
890
875
884
893
881
879
886
894
874
872
880
890
875
875
879
866
851
859
871
878
863
869
875
875
865
873
877
875
868
876
885
870
872
877
878
862
872
873
861
864
869
868
857
854
869
861
855
866
862
856
352
504
1000
130
870
851
846
854
848
841
846
854
839
832
859
866
875
865
880
868
867
31
836
833
844
840
841
858
871
884
879
886
873
879
881
882
880
884
897
26
871
879
890
894
882
872
872
886
917
914
907
25
882
879
868
859
851
866
883
882
889
889
891
891
894
889
889
876
875
894
910
909
918
918
907
883
878
891
884
887
891
900
885
890
906
903
892
890
887
891
882
877
877
884
882
882
865
862
854
866
860
843
840
855
846
844
848
855
846
842
856
859
848
846
850
854
844
853
877
871
864
874
872
863
857
862
860
851
849
860
850
845
852
865
843
845
854
851
835
842
850
838
840
850
855
848
844
848
856
846
850
857
856
845
851
857
868
847
860
865
865
858
860
867
864
855
869
875
853
850
857
867
849
876
871
851
854
862
872
857
860
880
874
857
870
880
882
872
875
878
868
864
881
892
871
867
879
891
906
892
891
910
906
899
900
919
32
888
877
890
897
878
870
879
881
25
857
849
870
894
894
894
896
893
876
887
881
889
899
893
895
899
897
897
899
886
889
907
925
922
904
887
878
898
900
900
895
31
865
869
866
863
861
843
846
852
848
852
850
852
847
835
872
40
832
832
813
796
795
802
812
813
825
835
833
835
835
855
866
873
867
863
847
846
853
857
840
836
848
845
834
841
861
875
875
865
868
871
865
843
851
860
859
848
849
855
869
847
847
868
856
26
830
837
843
846
831
833
852
863
844
848
857
840
26
815
799
791
781
776
773
762
766
767
771
764
750
755
757
763
770
758
754
767
763
21
743
749
730
728
734
733
723
730
733
733
733
743
733
730
741
752
743
734
743
739
734
731
742
740
732
745
749
743
735
750
771
775
773
767
750
753
745
729
730
727
732
740
732
730
735
739
723
724
729
733
731
723
727
726
730
722
723
724
721
712
712
723
732
730
719
735
730
733
715
708
702
693
690
695
701
705
699
698
708
713
707
706
714
710
712
724
753
24
730
725
750
776
773
774
776
773
810
801
33
768
22
747
29
718
703
707
697
690
677
679
688
683
676
674
678
682
666
659
672
670
664
666
679
671
668
663
670
674
174
501
860
205
656
667
662
663
671
660
666
669
674
671
670
671
672
661
663
666
656
655
659
663
651
658
663
669
667
659
669
668
670
667
674
673
1213
518
696
697
31
667
667
658
661
648
664
655
656
656
670
669
670
677
678
670
669
685
675
676
673
684
672
690
674
694
679
690
700
22
679
689
694
704
706
702
712
705
717
714
709
720
724
712
702
709
720
702
695
713
26
688
696
22
674
704
25
679
684
704
710
709
726
22
705
712
719
716
713
721
705
727
720
715
715
720
711
699
713
696
700
714
732
729
766
757
759
779
31
748
759
743
280
463
1030
214
816
28
789
781
772
761
761
760
770
767
766
771
778
798
812
808
794
829
811
791
773
788
785
776
800
817
796
777
781
32
749
745
747
750
734
748
741
767
761
752
753
766
783
792
783
796
792
24
769
774
776
769
770
784
791
777
771
787
795
806
799
797
789
775
788
802
793
789
799
810
806
791
794
806
797
804
822
825
812
794
781
780
795
815
835
827
841
868
875
862
875
887
870
851
861
876
862
857
860
838
840
858
856
836
850
863
850
855
883
877
861
876
882
867
862
883
879
867
880
891
871
866
872
857
846
860
875
862
855
871
879
879
25
855
850
873
881
868
874
890
890
873
882
891
871
863
871
881
867
865
880
889
882
869
866
878
863
865
878
873
870
875
886
25
862
860
877
860
848
849
841
826
23
803
797
784
777
785
810
835
858
852
856
867
863
859
870
876
869
867
870
888
24
865
867
887
888
875
880
894
37
857
860
890
891
25
866
872
867
854
841
847
847
835
820
806
797
803
818
827
822
835
852
844
840
859
864
845
847
860
876
867
862
864
875
867
856
861
874
868
846
849
860
845
851
864
865
856
868
869
852
852
864
869
847
843
850
850
835
836
844
847
838
847
859
847
844
853
867
864
849
849
845
901
920
900
31
869
859
848
27
822
822
831
833
823
827
824
812
799
796
803
802
802
792
797
805
799
800
799
846
837
845
842
832
826
830
833
826
823
30
793
791
802
789
788
806
800
787
784
793
804
812
802
808
822
809
791
799
815
826
825
813
803
801
800
803
816
839
858
37
822
903
52
851
860
870
853
850
853
867
856
842
847
832
822
828
833
813
825
834
832
837
853
872
26
846
841
842
830
824
839
858
867
861
872
880
884
866
869
868
852
847
857
851
833
838
844
841
828
840
850
842
850
862
867
855
863
867
854
846
840
843
837
829
817
809
820
818
833
857
866
863
894
902
889
896
915
914
896
906
912
896
897
912
907
897
923
920
903
896
879
875
883
862
861
864
848
837
842
840
847
841
836
820
43
777
791
792
772
782
784
783
773
753
748
753
751
750
756
764
759
761
781
363
419
798
535
263
272
357
743
229
514
2617
2990
1788
1202
659
543
2779
3999
3999
3999

