17-11-2022 - 11:52 - Correr
CECILIA VALLE
Intervalos entre latido y latido
933
951
932
936
942
57
886
869
913
908
40
868
898
933
39
895
27
869
941
66
875
1022
195
828
828
806
801
831
897
54
844
838
1041
1067
68
1000
1028
1028
44
984
993
994
982
990
989
983
975
991
980
987
984
967
957
980
968
967
954
975
967
26
941
954
970
972
959
984
994
990
992
1020
1013
1000
1007
1016
1014
44
970
1024
42
983
979
1013
994
998
991
966
970
994
979
976
990
990
999
976
978
998
999
991
1003
999
991
986
1005
993
988
1005
1000
1000
999
983
966
1005
997
40
957
956
1037
228
809
1006
177
829
827
877
50
828
954
975
1048
39
1010
1000
987
965
950
960
957
953
979
969
996
989
990
29
961
981
989
969
964
993
982
962
984
997
993
980
1002
996
27
969
999
982
975
996
993
975
999
1002
1003
995
1011
1010
998
1011
1012
999
1008
1020
1004
1008
1023
1016
1003
1013
1016
997
1004
1012
1000
1005
1017
1007
997
1016
1003
987
1008
1009
993
1001
1013
1002
999
1015
1011
994
1001
1012
1004
996
1014
1005
988
1001
1008
992
1000
1006
997
38
959
986
974
955
962
971
964
965
27
939
948
983
964
945
970
967
943
976
974
963
992
998
989
995
1012
1006
32
975
1009
1017
1008
1004
1001
1003
1026
1008
1000
990
1008
1004
986
1001
1013
991
1001
1007
1009
984
1000
1003
999
991
987
1007
994
986
994
1016
35
982
1013
1008
992
1004
987
1006
1002
988
1013
31
983
984
995
973
983
998
980
984
992
997
998
988
993
1013
1000
1000
1009
1007
1014
992
993
1000
28
973
958
989
985
995
971
988
988
968
1000
996
988
976
1001
1007
34
974
982
1002
998
986
1012
1016
1009
1027
1030
29
1001
1028
1025
1004
1029
1015
1002
1006
985
1008
996
993
1006
987
989
1000
992
995
992
997
1013
1005
997
1018
1008
1000
1012
1015
992
1009
1018
1014
1015
1028
1013
1013
1031
1027
1011
1023
1021
1006
1019
1016
997
1004
1019
1006
1005
1017
1018
999
1015
1017
1003
1010
1019
1003
1023
1010
1020
1021
1002
1005
1013
1012
1004
990
1002
995
988
990
978
967
1000
986
979
1001
1000
999
974
999
988
981
986
999
983
984
1000
985
1000
1008
994
1003
1003
990
973
996
983
974
964
953
934
27
907
1007
1071
198
873
33
840
856
66
791
839
846
37
809
822
840
849
882
865
867
866
31
835
861
889
73
817
807
847
53
795
829
829
807
821
32
790
793
1051
1039
37
1002
105
898
30
869
876
871
986
158
828
34
794
34
761
791
952
64
888
911
979
84
895
32
864
961
98
864
848
929
172
758
930
150
781
826
77
750
952
998
123
875
85
791
969
185
784
26
759
745
778
95
683
59
624
19
605
99
507
32
476
45
431
813
914
901
1008
97
912
145
767
792
65
728
115
614
123
491
533
573
582
587
600
602
20
583
67
516
561
597
605
39
566
57
509
605
618
607
613
47
567
584
615
627
38
590
67
524
623
623
629
623
622
94
528
585
624
623
22
601
117
484
581
625
763
1022
56
967
251
717
884
110
775
773
789
868
945
165
781
881
110
772
783
55
728
947
90
857
28
829
877
151
726
47
680
60
621
27
594
113
482
27
455
523
619
625
143
483
491
524
636
704
951
1008
157
851
156
696
982
47
936
70
866
867
48
820
144
676
859
846
885
951
178
774
894
182
713
98
615
752
894
901
42
860
34
826
191
635
811
64
747
60
687
843
858
31
827
815
834
68
767
846
169
678
107
572
133
439
22
417
458
957
373
584
646
765
885
25
861
28
833
136
697
814
104
710
766
117
650
234
416
463
451
530
28
502
118
385
379
16
364
705
850
836
875
75
801
155
646
759
27
733
113
620
24
596
159
438
511
85
427
609
600
103
498
17
481
18
463
567
589
18
571
119
453
472
481
625
612
124
488
486
530
627
619
96
523
35
489
489
633
18
616
600
120
481
497
563
626
622
151
471
514
80
435
638
22
616
926
54
872
860
851
104
747
112
635
166
470
938
29
909
135
774
845
114
732
22
710
228
483
588
27
562
577
162
415
500
65
435
583
579
571
135
436
478
42
437
598
595
589
139
451
481
28
453
614
136
479
481
487
642
639
630
646
649
649
647
650
87
563
17
546
131
416
486
63
424
1025
143
882
26
857
77
780
926
171
756
895
118
778
28
750
846
24
823
817
130
687
800
115
685
26
660
116
544
553
85
469
460
87
374
383
19
365
13
352
351
354
357
1603
768
836
133
704
868
172
696
263
433
572
138
434
60
375
94
281
781
880
303
578
917
941
145
797
142
656
805
44
762
173
589
201
389
549
79
471
94
377
20
358
360
352
360
359
769
1557
704
853
63
791
795
796
779
24
755
31
725
805
786
785
825
116
709
266
444
527
69
458
482
35
448
56
392
38
354
12
343
344
1545
865
681
217
465
722
871
859
105
755
833
193
640
764
827
123
704
102
602
197
406
123
283
331
349
422
74
349
347
353
2038
1195
844
36
808
27
782
762
799
784
777
765
29
737
829
55
774
762
117
645
209
437
689
855
832
24
808
791
26
765
251
514
542
795
120
676
76
601
191
410
412
486
546
89
458
79
379
25
355
349
349
1621
816
805
39
767
840
68
773
103
670
83
588
611
73
538
79
459
539
555
152
404
404
44
360
15
346
349
657
829
43
786
816
23
793
777
159
618
798
778
781
214
567
62
505
551
168
384
385
29
356
347
353
349
350
745
816
861
40
821
33
788
232
556
800
73
728
95
633
902
92
810
795
803
79
725
743
176
567
85
483
571
569
36
534
93
441
449
462
595
584
138
447
480
49
432
605
23
583
106
477
471
36
436
593
595
38
558
96
463
486
595
626
616
121
495
570
958
93
865
219
646
828
37
791
36
755
869
857
43
814
71
744
730
728
101
627
245
383
37
347
91
256
344
422
73
350
354
356
351
358
353
2317
1446
871
71
800
787
54
733
146
588
591
617
612
238
375
30
345
340
341
343
353
355
746
761
875
852
71
781
813
23
791
777
790
783
777
770
781
80
702
800
39
761
791
820
208
613
306
307
1270
646
625
244
381
380
427
477
562
587
942
73
870
875
136
739
129
610
833
57
777
107
671
702
758
927
104
823
30
794
815
846
126
721
732
721
859
892
79
813
62
752
806
814
828
46
782
790
781
851
36
816
835
875
91
785
833
880
59
822
31
792
840
874
89
785
845
835
845
882
55
828
42
786
892
78
815
840
101
740
826
83
743
798
906
63
843
867
916
66
851
33
819
914
54
860
55
806
868
917
61
857
30
828
926
53
874
36
838
928
64
864
25
840
868
905
43
862
857
853
54
799
812
924
906
31
875
856
87
770
773
775
793
32
762
784
796
815
38
777
794
809
796
795
801
795
817
805
26
780
793
800
826
813
26
787
790
33
757
821
865
90
775
828
825
811
789
837
834
825
34
791
830
849
837
37
801
830
860
880
894
95
799
1094
52
1043
85
959
958
57
902
991
68
923
27
897
930
937
985
53
932
950
940
924
50
875
937
975
64
911
948
951
943
26
917
947
951
932
916
918
39
880
941
59
882
872
902
43
860
884
885
890
942
918
934
927
917
907
925
917
920
942
922
942
976
1028
88
940
929
1007
59
949
946
936
938
920
31
890
966
87
880
978
59
919
906
968
1000
42
959
29
931
963
60
904
1011
69
943
927
973
1012
111
902
959
951
964
954
28
926
950
56
894
997
76
921
937
938
936
948
27
922
943
28
916
907
895
901
924
926
915
916
28
889
973
984
982
963
964
982
971
973
965
956
962
954
951
953
951
944
931
934
915
911
916
25
892
893
908
913
920
941
934
58
876
1020
79
942
949
994
68
927
972
55
918
925
974
957
35
922
955
942
34
909
929
28
901
882
917
66
852
872
899
887
883
889
25
865
890
898
60
838
931
948
82
866
914
937
43
895
909
1014
1053
116
938
961
1010
129
882
980
1000
1009
87
923
942
939
915
928
932
71
862
960
115
846
935
1051
70
982
975
999
1001
52
950
36
914
983
45
939
1031
74
957
960
958
947
958
983
987
89
898
981
1081
99
982
958
1033
63
970
45
926
1009
60
950
43
907
999
59
940
35
905
998
55
943
36
908
1004
62
943
945
954
943
62
881
874
995
1013
44
970
1020
32
989
33
956
955
943
975
980
1044
114
930
985
962
71
892
954
1024
1027
38
990
1044
52
993
981
998
990
984
973
978
975
959
970
952
957
39
918
944
1007
88
920
969
1022
51
971
29
943
1032
62
970
981
975
960
960
939
948
948
934
946
949
936
954
966
957
953
964
948
952
935
934
937
946
948
942
932
26
907
895
892
900
152
749
922
120
802
791
791
793
807
815
818
825
823
807
836
848
23
826
848
831
833
840
831
833
823
835
844
843
826
839
851
24
827
817
36
782
790
83
707
67
640
27
614
73
541
555
626
613
20
594
20
574
607
617
618
18
600
616
623
632
632
622
627
632
303
330
25
305
641
637
641
638
639
639
314
325
331
41
291
30
261
266
353
1461
1830
2434

