17-11-2022 - 9:23 - Correr
PEDRO HARO
Intervalos entre latido y latido
675
683
685
672
663
669
673
679
669
665
669
672
670
666
671
674
671
674
684
685
681
681
690
685
679
685
687
682
674
668
672
680
687
678
673
679
682
676
669
673
679
673
670
668
669
667
663
663
666
667
663
666
670
675
671
670
679
680
676
674
677
679
679
409
270
405
624
349
275
460
681
674
681
683
681
677
681
419
263
418
685
681
102
580
304
276
516
690
76
614
737
67
670
410
261
293
539
288
252
673
666
671
385
287
334
731
65
667
77
591
64
527
900
233
667
667
675
672
666
665
670
672
669
671
672
673
668
661
664
677
681
692
700
705
700
689
692
691
684
686
688
685
679
686
689
686
681
675
674
672
667
670
671
674
670
675
674
675
672
672
681
678
676
680
682
684
679
684
684
682
678
682
682
678
677
682
678
675
674
675
676
672
670
673
681
683
675
678
682
684
677
678
683
686
678
680
683
684
677
679
678
676
669
673
677
675
669
670
671
674
675
680
678
673
78
596
751
78
674
90
584
737
74
664
670
671
674
214
460
205
256
632
669
678
687
684
685
684
677
680
686
681
678
682
688
693
687
688
693
698
686
686
685
693
694
688
692
694
692
682
685
687
682
681
685
686
684
684
689
690
683
693
696
695
694
698
693
695
699
689
685
689
692
688
684
692
697
693
688
690
699
693
689
687
693
694
687
690
691
694
686
689
696
698
692
694
697
694
686
689
695
696
691
678
677
683
689
684
680
681
687
685
675
676
679
685
684
678
682
684
682
675
681
680
682
674
683
691
693
695
703
699
692
682
675
672
681
687
694
705
706
698
697
693
688
691
695
697
693
691
693
689
694
692
692
692
686
688
697
691
691
697
693
687
695
697
693
688
691
689
683
684
690
697
692
686
692
697
690
687
694
697
691
692
700
704
695
702
706
701
695
688
695
692
680
685
687
676
673
677
676
672
676
678
675
682
686
695
693
697
704
706
701
701
706
707
698
694
698
698
690
695
699
703
695
703
707
699
690
697
701
705
693
694
696
696
685
690
691
691
687
690
692
697
694
688
686
689
692
697
688
692
694
695
690
693
695
698
695
696
700
700
691
694
695
694
686
688
696
698
688
694
697
688
697
705
706
698
705
708
706
700
704
708
706
700
705
708
701
700
701
706
699
704
711
706
708
711
711
705
710
720
713
712
720
724
712
720
718
705
709
718
721
710
709
714
721
708
709
717
719
708
716
714
710
708
711
712
705
698
707
714
715
708
706
710
716
713
710
720
733
732
720
722
729
733
724
723
731
731
726
731
735
739
723
730
734
729
718
720
721
711
708
716
718
723
712
709
715
714
712
714
703
710
713
705
712
711
714
706
699
701
694
680
680
679
674
677
671
676
677
682
676
681
684
685
682
682
685
691
682
680
672
683
685
688
688
685
685
689
686
680
685
689
694
693
700
702
700
697
700
697
694
692
692
696
699
697
698
700
698
702
694
685
682
679
671
673
670
666
670
669
663
664
664
658
660
661
658
659
661
660
658
661
661
658
659
658
656
658
659
656
654
655
658
654
655
656
653
655
654
655
653
656
657
655
653
653
654
648
653
653
654
651
656
654
654
659
662
658
653
657
658
657
653
652
652
649
650
647
650
645
644
647
642
641
645
646
641
640
645
643
639
640
640
636
638
638
636
637
639
635
637
634
632
634
636
633
632
633
635
631
635
637
639
638
635
637
637
634
634
639
635
634
638
640
638
641
641
641
639
652
641
642
641
644
635
636
637
639
634
637
641
640
637
638
636
635
639
637
634
637
642
645
643
637
636
638
636
631
633
632
630
633
635
629
631
633
635
632
630
632
630
629
631
634
293
342
52
291
634
635
633
635
634
631
633
638
634
638
636
637
634
639
639
632
622
635
644
646
652
649
646
649
648
642
640
639
640
638
639
636
634
637
638
631
632
634
635
630
636
636
633
630
631
29
603
630
630
635
627
629
629
629
631
631
628
630
627
625
629
629
633
633
635
635
632
635
633
627
631
631
628
629
631
631
627
630
632
632
632
633
631
634
634
634
630
627
630
632
630
632
632
631
632
633
635
633
631
631
631
629
628
628
625
627
626
623
626
625
623
626
625
622
626
626
625
627
627
628
625
631
630
625
631
631
626
626
629
625
624
625
624
624
623
625
621
623
626
625
625
627
625
622
620
625
623
618
622
624
621
621
622
622
619
625
625
625
630
630
626
638
643
644
644
649
640
636
634
639
638
635
641
641
633
637
633
630
627
625
625
625
623
621
623
624
620
622
625
620
623
620
619
620
623
622
622
625
625
622
622
624
624
623
625
629
629
631
630
629
630
628
633
627
626
628
626
625
626
630
625
625
627
624
623
629
625
622
624
625
622
623
623
625
624
627
625
620
625
625
625
625
625
627
626
627
627
627
627
627
623
627
630
629
631
626
630
630
626
630
631
629
630
634
631
629
632
633
630
633
632
632
627
631
628
626
627
628
628
619
617
630
634
638
639
636
635
634
631
632
629
628
629
634
631
633
629
631
630
627
630
630
628
629
631
627
630
630
626
627
628
626
625
629
630
628
629
629
625
627
628
629
627
629
630
626
628
630
632
632
636
640
635
636
638
634
632
632
631
629
628
627
628
633
636
631
630
626
632
628
630
634
629
629
625
625
626
625
621
622
621
624
623
621
625
624
625
624
622
621
622
626
620
621
623
621
618
620
620
615
619
619
616
613
620
616
618
618
619
619
623
624
624
625
627
625
630
629
628
628
630
633
634
634
642
644
638
642
647
645
648
645
653
655
659
651
655
657
661
656
655
659
651
653
648
643
641
647
652
646
652
659
662
659
665
670
667
670
674
671
676
674
678
688
692
697
698
694
691
700
699
688
690
691
690
685
688
683
676
678
679
673
677
678
676
674
673
682
688
680
685
696
689
682
685
684
692
685
680
673
670
665
662
656
658
657
660
666
681
678
685
695
686
691
693
689
689
689
696
686
682
665
656
654
660
662
669
668
674
678
667
666
672
673
670
674
683
686
679
684
691
692
689
679
678
679
678
673
679
690
690
694
705
700
701
706
710
711
708
697
687
689
693
695
689
696
695
694
697
692
696
696
695
693
691
690
680
680
681
688
689
690
687
680
674
677
680
678
678
685
689
690
692
680
687
684
681
680
689
690
693
695
703
691
695
699
699
699
688
691
686
685
682
677
677
672
674
675
682
683
678
670
674
675
671
678
687
693
689
680
689
695
687
685
689
693
688
691
699
695
693
700
695
691
699
696
690
683
683
696
698
700
711
722
722
728
725
714
708
708
711
708
695
701
699
696
688
692
698
700
697
695
702
704
704
705
706
708
714
723
721
721
729
731
726
723
728
730
722
719
725
722
716
724
724
717
705
708
708
711
718
723
728
720
732
741
734
724
735
742
738
738
735
730
721
717
718
728
725
726
740
747
736
738
733
727
722
725
734
731
735
738
738
728
731
729
722
723
728
736
736
734
728
724
712
717
716
714
709
717
716
707
706
723
735
740
734
731
737
745
744
736
741
736
742
740
743
747
747
747
745
747
747
746
736
740
739
730
736
740
738
727
735
736
729
729
733
736
729
742
744
744
745
756
750
749
763
770
767
764
749
754
755
749
751
745
741
732
725
723
716
718
720
720
713
720
728
732
731
728
724
730
734
725
739
741
734
734
738
742
740
737
741
751
746
746
762
766
767
760
751
749
746
746
738
740
740
733
740
742
740
733
742
737
730
741
744
743
736
724
728
731
722
721
711
714
718
726
729
727
732
735
737
730
734
737
732
736
743
743
742
738
735
744
744
739
740
742
743
740
745
745
749
747
741
741
735
738
744
746
745
730
745
747
740
732
745
747
738
749
753
744
753
750
740
744
747
735
741
746
741
742
743
749
739
746
747
741
732
746
748
739
743
739
732
742
744
742
734
735
736
731
727
723
736
743
741
738
731
727
766
780
779
772
775
768
771
770
763
754
751
749
749
744
742
749
743
738
737
740
743
741
743
749
752
748
743
751
758
747
755
767
759
749
756
757
750
748
746
747
735
723
710
710
111
600
344
257
362
781
819
112
707
715
709
460
250
458
708
707
713
711
711
432
280
818
513
306
2039
1224
815
444
372
394
839
531
309
421
107
315
315
568
701
3999
1093
2906

