22-11-2022 - 8:59 - Correr
ANA GALAZ
Intervalos entre latido y latido
903
906
894
27
867
885
890
875
852
833
824
844
877
911
939
946
925
947
949
936
942
933
918
910
920
920
929
927
935
940
918
25
894
888
903
908
892
938
957
943
950
970
33
938
975
983
28
956
973
992
983
979
1017
1025
1001
1032
1009
1029
1046
1058
1080
1079
36
1043
1079
29
1050
1088
1085
37
1049
1054
43
1011
29
983
997
1031
1041
1041
39
1003
1034
1033
37
996
1012
1017
996
1012
1007
984
1014
29
986
1019
1019
1000
1045
1045
1028
1046
1054
37
1018
1045
1038
1028
38
990
1023
1030
28
1002
1041
1027
1013
1010
1040
1040
30
1010
1034
1045
1033
1023
65
958
967
966
983
996
1008
983
63
920
927
905
895
880
911
924
947
947
986
1000
992
1008
1017
1014
29
986
1005
1007
1013
29
984
1003
35
969
1013
1029
1016
1031
1039
1025
1006
1029
1025
1034
1041
1025
1034
1052
1064
1059
1048
1071
1058
1052
1066
29
1037
1039
1043
1041
1024
1034
1020
1014
1039
1049
1059
1043
1062
1065
394
672
304
368
631
261
370
1000
974
558
416
536
797
269
529
92
437
184
254
708
906
605
301
340
36
305
541
112
429
38
392
589
983
1024
1041
1022
55
968
1144
567
577
284
293
43
251
330
484
176
309
18
291
413
1241
827
414
84
330
35
296
1018
765
254
558
219
339
477
38
440
64
376
105
272
370
25
345
61
284
353
569
106
464
99
365
447
167
280
311
523
255
268
991
676
315
710
1059
1045
444
602
274
328
76
252
583
278
305
1002
676
327
475
185
291
343
521
61
461
759
297
463
580
1034
744
291
26
266
363
93
271
563
248
315
1043
173
871
1213
168
1046
789
258
562
1208
634
575
121
454
187
267
596
197
400
760
305
456
206
250
320
1007
1036
363
673
384
290
421
696
184
512
170
343
501
214
288
358
1093
54
1040
454
586
126
461
631
224
408
62
347
20
327
346
1039
1033
1014
550
465
96
370
456
171
285
468
735
448
287
1516
1001
516
157
359
642
129
513
501
1012
393
620
368
252
363
472
180
293
452
561
1006
500
507
241
267
506
176
330
373
637
276
361
62
300
690
985
968
977
976
966
958
966
966
945
964
969
962
973
983
985
973
969
978
981
969
994
997
993
993
993
982
38
945
963
960
971
964
967
982
978
967
986
991
1009
987
1014
1003
999
28
971
984
983
966
966
979
986
980
998
1002
996
1000
983
32
952
948
32
916
925
944
945
963
985
980
974
990
986
993
994
993
29
964
971
966
968
968
963
991
1000
989
1000
999
980
26
955
970
972
964
944
966
961
949
959
949
948
930
920
905
923
923
949
956
941
977
986
994
976
995
1006
984
979
992
997
993
984
1000
1009
1008
985
974
954
932
930
42
889
927
941
950
969
37
933
960
30
931
926
936
921
920
938
948
952
945
943
966
971
959
962
959
960
952
36
916
923
920
30
890
31
860
862
852
44
808
793
790
775
26
749
765
753
761
741
755
771
760
763
776
772
28
744
778
781
791
795
783
785
803
804
785
797
793
797
797
793
791
789
770
773
777
775
787
788
789
806
806
811
817
805
803
30
774
794
808
804
806
836
850
841
842
848
41
808
806
30
777
791
787
779
786
811
833
830
863
884
875
873
870
24
846
826
833
832
811
835
845
841
851
875
880
880
867
876
882
866
882
896
891
875
897
903
901
892
899
907
25
882
30
853
873
873
877
885
885
889
899
906
27
879
886
33
854
28
826
26
801
28
773
765
27
738
735
758
746
738
775
801
793
29
765
30
736
811
835
835
833
27
806
833
833
51
782
822
821
34
787
804
797
799
783
808
805
22
784
802
796
778
799
807
792
825
824
36
788
819
800
787
793
785
25
760
787
791
787
38
749
782
776
784
782
767
791
791
22
770
794
791
780
771
787
790
22
768
757
744
750
743
728
744
750
736
742
761
750
21
730
761
783
53
730
729
749
750
23
727
752
764
750
734
764
759
750
738
759
759
754
744
764
759
742
761
762
750
750
761
760
23
737
765
765
754
737
766
756
750
747
758
739
738
736
737
718
732
736
738
720
752
758
744
759
772
770
751
763
769
769
777
775
766
753
764
763
22
742
729
758
747
25
722
742
746
747
729
754
745
764
781
766
780
774
780
32
748
775
765
747
737
750
745
730
723
378
346
395
746
733
725
46
679
814
81
733
750
754
738
737
756
750
736
758
760
24
737
763
756
751
765
24
741
765
753
24
730
752
745
738
23
715
735
22
713
730
734
21
714
724
743
750
744
748
753
33
721
738
738
730
25
705
729
736
732
718
753
751
733
732
753
749
732
738
750
745
744
766
772
757
751
770
751
21
731
749
734
725
717
738
745
739
726
749
751
732
758
758
754
739
755
750
749
27
723
742
745
726
730
747
734
750
762
762
27
735
747
737
738
25
713
740
737
31
707
731
725
707
717
724
723
706
736
740
724
749
737
754
759
761
744
756
762
28
734
739
749
745
26
719
742
741
27
714
738
743
729
717
25
693
744
727
721
714
711
702
684
702
697
701
682
706
706
701
696
722
721
710
717
734
739
731
727
750
750
24
726
751
762
746
734
753
754
21
734
749
754
745
739
765
758
747
735
757
759
33
727
728
730
715
710
702
27
675
699
704
692
708
716
712
708
722
723
707
713
732
722
24
699
719
725
710
693
721
736
736
717
748
742
723
715
732
733
725
735
752
764
25
740
757
759
24
736
735
747
733
39
695
737
736
725
733
715
737
746
734
747
756
748
737
726
740
736
719
728
738
741
724
739
750
748
732
750
753
740
741
759
762
32
731
754
752
737
728
750
756
22
735
750
756
755
24
732
753
755
749
732
744
748
742
191
552
940
183
758
35
724
750
747
732
735
759
754
744
749
766
767
755
764
759
749
758
755
743
756
754
738
751
755
26
730
756
769
755
759
767
773
23
750
764
770
42
728
736
745
745
727
742
773
772
791
788
25
763
777
771
43
729
764
206
559
899
145
755
764
233
531
1028
195
833
828
822
846
859
32
827
854
870
862
863
30
834
31
804
818
809
809
828
31
797
822
833
827
852
869
860
863
868
875
892
891
890
903
900
928
942
957
35
922
28
895
902
911
918
913
941
962
968
958
952
950
957
34
923
936
953
965
970
950
943
928
958
145
813
1140
175
966
1000
1016
1002
30
973
965
973
975
984
1032
1039
30
1009
73
936
69
868
934
929
938
966
990
1000
991
1017
32
986
27
959
40
920
905
908
916
932
959
970
984
1024
1017
1046
1059
41
1018
1034
1022
29
994
1004
987
29
958
963
981
977
968
999
997
978
987
1004
1002
75
928
930
60
871
850
859
858
909
923
962
1001
997
1016
1015
997
972
948
32
916
920
912
912
934
950
970
992
1035
29
1006
1006
1024
1013
1018
1019
48
972
977
990
994
1009
48
961
977
975
990
1006
1019
1026
1000
1013
992
966
51
916
916
914
913
895
921
925
933
26
908
901
912
916
934
926
964
971
963
946
967
978
970
973
996
1005
1007
995
1005
989
999
995
1000
27
973
976
981
972
956
968
981
984
987
36
952
970
973
35
939
952
948
44
904
921
934
939
969
978
967
958
996
994
998
28
970
28
943
952
961
962
941
967
971
975
963
990
991
990
30
960
943
938
916
939
949
958
944
964
971
975
967
953
968
959
941
31
910
929
953
971
959
977
987
987
976
986
1003
1012
1004
1000
1036
1033
1014
61
953
1000
1016
1000
30
971
994
989
981
980
1003
1032
1042
1043
1029
1034
1034
1033
1012
1010
1000
1007
1013
1001
30
972
1002
1000
999
985
1010
1028
1023
1045
1064
28
1037
1066
1076
1073
1052
1054
1064
1055
1033
1069
1079
1082
1073
1050
1062
1039
1052
1050
1053
1039
1040
1047
1021
1033
1031
1017
1025
1042
1039
1032
1048
1033
1006
1050
1028
1066
1066
1045
1021
1046
1025
1041
1046
1023
1042
1050
1043
28
1016
1038
1035
1014
1034
1033
1022
1034
1020
1048
1058
1051
1028
1046
1025
1041
1026
1038
1048
1026
1051
1049
1038
1054
1054
1029
1062
1042
1058
1062
1043
1050
1054
1043
1058
34
1025
1021
1036
1025
1024
1059
1063
1045
1044
1041
1017
1023
1004
1025
1016
1016
1023
1009
1008
1015
1005
999
1023
1028
1034
1032
1054
1036
1030
1041
1037
39
999
65
934
955
963
947
951
951
947

