06-12-2022 - 10:07 - Correr
FERNANDO BRAVO
Intervalos entre latido y latido
923
960
1920
812
1109
98
1012
329
683
1394
355
1039
1032
1054
1067
1065
1102
1104
1083
1092
1125
1119
53
1066
1061
1063
1038
1022
1009
1038
1023
999
1000
1071
55
1017
1014
1039
1054
1061
1041
1069
1087
1077
1055
1081
1094
1095
461
635
111
524
976
1116
508
609
31
578
998
1119
1124
1102
1097
1117
1118
491
627
85
543
1004
1117
494
623
65
558
983
1107
1105
1082
1097
1111
1111
506
605
49
557
1021
1138
483
655
119
537
997
1115
1110
1096
1089
1125
1122
520
602
41
562
1004
1118
491
627
61
567
1005
1082
1102
1083
1055
1042
1044
1077
1076
1063
1072
35
1037
1058
1054
1030
1033
1043
1030
1039
1038
1038
1023
1040
1024
1002
1017
1024
1018
1020
1013
988
998
993
994
30
964
948
941
1079
57
1023
1032
1017
1003
986
44
942
946
160
787
498
289
1012
1009
1000
1043
1053
1038
1037
1059
1057
1043
1029
1050
1023
1046
1044
1056
1077
1106
492
615
53
562
1018
724
294
785
171
614
44
570
1018
1097
1083
1090
1068
1095
1083
1057
1084
1098
1083
1074
1091
1070
1079
1087
1087
1077
89
988
1238
267
971
1053
1051
1070
459
611
73
539
971
1044
1045
1053
1070
1054
1034
1057
1053
1033
1060
1069
1053
407
646
125
522
973
1077
1067
1070
447
624
73
551
979
1057
1042
1021
55
966
354
613
59
554
949
1041
1025
1067
1068
1083
1056
1096
1101
1080
1093
1110
1117
1094
1124
1123
47
1076
1112
1099
1097
1073
1100
496
605
51
554
1006
1110
494
616
66
550
1001
1101
1074
1096
1096
1100
1075
1094
1084
31
1054
444
610
64
547
965
1032
1037
1026
1034
1035
1031
1016
1002
1011
1025
31
994
1006
1008
986
1087
54
1034
1049
1062
1069
1048
1068
454
614
66
549
949
1037
1042
1041
1038
1015
1026
1051
31
1021
1039
1044
1049
1043
1074
1069
1049
441
609
66
544
974
1036
1066
1065
1070
32
1038
1083
1083
1087
1067
464
604
66
538
987
1092
1095
1126
1122
1128
1116
1133
1127
505
623
58
565
1023
1099
1109
1106
38
1068
1083
1115
1093
1094
1075
1080
1082
34
1048
448
600
54
547
967
1036
1053
1060
410
651
129
522
909
1034
1031
1029
1003
1041
1036
1014
1042
1042
1031
1042
1037
1053
1064
1047
1031
1040
1062
1055
1031
1063
1067
1048
1070
1073
1058
36
1022
1011
36
975
981
968
32
937
926
914
900
1753
893
861
841
843
844
1715
816
900
26
875
880
860
852
856
841
864
853
848
1727
847
881
895
1875
960
915
910
1754
890
865
859
851
897
1822
943
879
886
864
854
837
826
817
1631
805
827
822
820
821
864
848
832
840
1643
814
830
24
806
791
804
789
793
786
796
794
800
1618
803
815
24
792
810
820
833
1689
860
830
816
830
814
808
814
803
1582
791
791
782
776
791
782
778
784
792
790
784
791
790
788
794
808
822
820
1661
852
809
824
807
805
797
802
801
795
788
801
800
793
1580
783
797
25
773
780
776
763
766
778
772
760
768
776
773
764
769
772
766
769
75
694
716
59
657
682
866
1570
897
674
756
88
668
670
853
834
822
64
758
81
678
759
101
658
685
860
62
798
827
97
730
60
671
747
75
672
847
54
793
818
811
32
779
772
782
775
769
25
744
71
673
747
1291
423
868
72
796
781
38
743
73
671
747
93
654
666
860
1611
858
753
82
672
750
95
656
671
867
54
814
29
785
49
736
71
665
741
95
647
666
855
62
794
24
771
31
740
78
662
720
72
649
1647
878
769
760
760
749
747
66
681
716
74
643
650
840
44
797
88
710
55
656
724
80
645
661
800
794
1382
671
712
67
646
834
63
772
758
753
95
659
720
78
642
645
743
97
646
657
835
38
798
64
735
83
653
717
66
652
817
56
761
762
752
741
736
745
735
740
67
673
703
1334
538
797
783
79
704
20
684
724
82
642
664
825
1506
840
667
718
78
641
841
68
774
34
740
23
718
61
657
721
1452
651
801
63
739
730
741
741
733
727
737
38
700
50
650
1321
684
637
715
88
628
809
795
39
757
71
687
55
633
708
84
625
751
786
767
93
675
46
630
712
77
636
797
55
743
769
50
720
90
631
1357
729
629
642
783
772
753
85
669
22
648
704
88
616
625
822
67
755
753
46
708
58
650
707
81
626
824
59
765
35
731
726
71
656
708
84
624
831
75
756
30
727
718
729
76
654
1319
688
631
813
46
768
84
684
47
638
706
355
352
76
276
503
213
291
739
1475
749
726
714
717
728
717
706
55
651
700
79
621
620
684
61
624
643
794
33
762
757
472
286
384
97
288
348
704
66
638
793
48
746
36
711
285
426
164
263
11
253
498
707
710
30
681
26
655
695
76
619
1428
871
558
915
246
669
660
700
87
613
623
703
52
651
207
445
107
338
761
154
607
33
575
319
256
299
361
658
711
93
619
633
832
85
747
42
705
717
21
697
31
666
709
101
609
637
769
789
510
279
429
656
703
85
618
795
60
736
29
708
706
704
717
708
708
404
304
406
1377
760
617
631
811
56
755
50
706
40
666
22
644
698
91
608
614
816
78
739
27
712
695
69
626
692
84
609
633
790
25
765
1362
700
663
713
96
618
792
59
734
28
706
702
294
408
112
297
709
706
696
193
504
872
193
679
67
612
667
852
148
704
697
1423
711
712
710
702
54
648
281
368
37
331
609
607
695
234
461
940
177
763
750
237
513
823
1152
291
861
233
629
682
58
624
247
377
426
734
740
26
715
62
653
20
634
687
1411
933
478
222
257
726
711
706
700
706
700
693
85
609
612
814
291
524
628
348
281
364
14
351
1052
803
250
416
29
387
534
772
812
117
696
244
452
201
251
636
294
343
355
69
286
325
361
858
286
572
292
281
398
407
703
65
639
700
71
629
362
268
510
91
420
129
291
744
34
710
721
718
719
720
728
721
718
736
734
724
711
696
732
98
634
621
731
94
638
657
833
53
780
761
25
737
721
750
749
730
759
754
750
745
750
756
39
718
756
764
771
766
767
22
745
781
780
771
765
747
756
774
772
769
767
778
775
782
25
757
785
778
760
766
769
776
759
787
772
774
768
762
762
778
778
775
789
789
802
802
796
1595
812
783
777
770
773
776
761
772
771
769
777
781
773
791
152
639
949
138
811
790
465
325
505
827
248
579
1080
262
818
810
795
806
813
815
224
592
1046
240
806
801
811
811
798
827
807
837
272
566
1215
346
870
866
283
583
1147
305
842
858
869
412
458
159
299
1827
978
850
841
851
838
450
388
745
153
592
849
859
890
889
319
570
1303
376
927
906
334
572
1239
343
897
377
520
160
361
575
1137
279
859
843
219
625
1094
238
857
937
357
581
580
695
919
898
318
581
1236
381
855
857
273
585
159
427
552
875
1129
399
731
1095
194
902
73
830
1789
846
943
79
864
287
577
244
333
375
434
870
561
309
601
1859
884
976
1000
708
292
668
185
484
486
659
313
346
989
964
973
976
1003
34
970
597
374
574
967
26
942
470
472
216
257
719
327
393
911
909
402
507
500
840
864
179
685
1451
1038
414
927
916
202
714
729
312
418
94
325
583
43
541
185
357
516
145
372
94
278
609
893
906
958
594
365
609
151
458
184
274
342
73
270
546
204
343
593
925
33
893
541
352
71
282
350
548
157
392
781
954
957
952
492
460
489
166
323
328
57
271
279
544
990
111
879
879
611
269
618
938
178
760
1140
154
987
977
955
645
311
322
314
333
615
267
348
388
138
250
1014
1054
75
980
971
34
938
920
921
922
1043
461
583
49
534
909
994
986
58
929
1002
992
977
982
387
595
91
505
875
983
345
638
1333
365
968
673
296
322
1315
360
955
355
600
1240
392
848
845
212
634
1064
202
863
866
905
946
958
995
971
976
1029
219
811
546
265
593
70
523
948
1047
1025
1039
1035
1030
28
1002
1009
1003
1022
1000
1011
1023
1026
1000
1029
1019
1052
52
1001
201
801
136
666
673
933
677
257
376
15
362
777
160
617
272
346
62
284
791
268
523
635
961
687
275
575
914
972
960
30
931
38
894
899
31
868
860
850
858
852
952
30
922
904
886
881
27
854
24
831
810
830
854
1833
921
913
29
884
272
613
1100
286
815
24
791
187
604
966
169
797
785
1559
783
777
762
772
808
183
625
945
163
782
772
779
760
150
611
896
149
747
740
747
736
754
739
737
737
741
731
725
734
734
735
729
728
733
735
735
730
729
728
1440
718
723
722
728
733
737
748
751
757
766
791
794
176
619
927
118
810
798
792
777
765
764
763
764
772
775
1601
790
811
801
73
729
869
76
793
24
770
764
763
763
767
773
773
803
24
780
1566
780
786
775
776
777
779
784
790
787
788
779
787
786
783

