06-12-2022 - 9:43 - Correr
MARIA NAHUELHUEN
Intervalos entre latido y latido
444
3999
2419
1580
808
772
164
608
664
751
50
702
31
671
718
718
710
773
86
688
749
31
718
54
665
703
703
710
718
710
750
88
663
725
750
734
726
69
657
835
94
742
772
76
696
758
25
733
727
734
750
733
718
734
743
726
402
325
431
726
29
697
734
773
31
742
47
696
765
37
728
60
669
735
756
78
679
727
92
635
801
31
771
271
500
231
270
651
276
375
478
655
647
764
797
156
642
677
702
736
50
687
23
664
710
76
635
833
93
741
776
46
730
43
688
758
757
743
750
771
783
106
677
415
263
643
783
52
731
759
791
1458
718
741
765
751
49
703
750
770
26
745
41
704
55
649
811
84
728
724
712
717
711
718
734
718
718
774
89
686
765
185
581
856
177
679
704
702
758
95
664
703
695
703
704
694
742
37
705
42
663
703
717
272
446
182
265
769
48
722
347
375
39
336
602
337
266
637
739
25
714
775
52
724
38
686
776
294
482
189
294
713
728
69
660
405
255
2730
2464
266
343
719
795
79
717
140
578
727
751
51
701
334
367
77
290
725
23
703
750
47
703
394
309
426
685
430
256
469
781
39
743
55
688
725
795
184
612
833
108
726
734
743
780
56
724
753
60
694
782
58
724
75
650
773
64
710
718
725
727
718
733
743
750
734
804
37
768
68
701
733
77
656
829
89
741
726
734
733
750
25
726
726
805
104
702
734
725
743
750
735
779
27
752
735
183
552
294
259
623
719
51
668
719
710
766
37
730
64
666
766
49
718
728
44
685
765
55
711
122
590
739
817
98
719
780
26
754
73
682
774
40
734
57
678
734
757
79
679
734
726
766
34
733
30
703
58
645
854
166
688
750
112
638
853
119
734
39
695
726
750
189
561
781
101
680
721
38
683
43
641
744
57
687
710
26
685
760
55
706
25
681
759
52
708
29
680
726
718
759
171
589
815
48
767
52
716
29
687
728
756
32
725
38
688
767
67
701
727
58
670
758
33
726
727
41
686
726
765
23
743
33
710
773
192
582
880
179
701
772
188
584
871
194
677
773
53
720
42
679
766
462
304
47
258
835
127
709
724
706
765
791
67
724
727
41
686
771
53
718
721
799
356
443
1524
1207
317
610
149
461
182
280
1564
878
687
812
808
60
748
44
704
160
544
295
250
293
791
1052
1516
3999
3819
181
718
801
116
686
691
857
533
324
329
750
744
769
58
712
733
750
750
750
732
823
169
654
741
774
32
743
41
702
750
742
320
422
118
305
711
396
316
359
703
23
680
72
608
727
71
656
88
568
736
88
648
632
632
632
1234
615
619
608
617
609
617
1068
292
776
160
616
609
625
1226
610
617
2445
1782
663
45
618
64
554
601
657
65
592
602
637
81
557
587
36
552
602
609
104
505
697
96
601
684
159
525
659
1170
555
616
617
662
77
585
2587
1346
1242
582
660
85
575
617
609
650
114
537
664
46
618
656
56
600
625
56
570
665
40
625
616
53
563
625
625
623
618
625
625
617
617
625
671
63
609
38
571
614
617
619
672
345
328
50
278
483
154
329
362
511
604
294
311
27
284
692
91
602
618
610
1226
609
617
618
607
618
662
663
154
510
612
115
498
612
684
46
638
1157
556
601
637
157
481
124
357
936
395
541
40
501
1339
736
604
1209
644
566
572
248
324
449
453
87
367
90
277
625
25
600
601
209
392
502
195
308
519
204
316
1008
739
270
275
601
644
103
542
16
527
223
304
458
645
190
456
124
332
70
262
590
585
118
468
167
302
456
545
29
517
760
274
487
588
225
364
85
279
581
585
1060
707
353
346
594
595
599
259
340
81
260
359
45
314
497
87
410
65
345
423
586
131
456
625
324
302
1023
528
496
639
97
542
225
318
42
277
516
642
391
251
336
27
310
49
262
574
245
330
332
54
278
297
480
18
462
130
333
345
86
260
350
73
277
288
340
64
276
295
749
205
544
1200
924
276
11
265
369
77
292
486
80
406
638
367
271
440
478
137
342
81
261
563
604
185
419
442
809
475
335
25
311
426
552
112
441
1848
1340
509
1089
501
589
1107
456
652
177
475
604
93
511
565
1152
636
517
555
1027
684
343
52
292
546
683
266
418
1086
526
561
546
1108
553
555
1655
1359
296
296
489
558
553
545
548
111
438
1771
80
1691
641
1051
507
544
258
287
17
270
1084
530
555
629
182
448
546
1631
1085
547
564
1067
392
675
240
436
489
225
265
621
739
217
522
165
358
744
283
461
148
314
309
443
618
77
541
1067
527
540
1070
1618
1079
539
585
122
464
148
317
640
352
289
436
1039
494
545
579
765
493
273
538
1171
881
291
1045
784
262
467
582
49
533
26
507
540
585
1091
1078
823
255
833
335
499
1085
1406
570
836
292
545
46
500
135
366
98
268
497
541
266
276
317
453
143
310
37
274
963
1212
710
503
545
1174
710
465
1150
808
343
42
302
586
832
451
381
99
283
338
609
625
48
577
1033
698
335
1351
301
1050
589
462
564
100
464
70
395
127
269
12
257
283
361
50
312
367
555
41
515
55
461
655
163
492
618
166
452
22
430
631
173
459
1665
446
1219
746
474
30
444
575
1014
746
268
10
259
1063
516
547
687
109
579
269
310
333
83
250
638
260
379
499
536
2701
2076
625
137
489
539
54
485
70
416
795
919
529
391
455
748
208
540
570
105
466
548
18
531
574
88
487
23
464
648
124
524
97
428
527
763
455
308
333
48
286
549
967
1083
599
484
530
598
1280
625
655
886
595
291
1525
946
580
983
1127
1112
1942
1287
656
73
583
141
442
155
287
840
381
460
206
255
375
1557
942
616
1507
358
1150
333
817
466
351
1392
934
459
516
1131
606
526
1583
1008
576
1009
482
527
569
94
475
478
633
116
518
31
487
219
269
11
258
352
365
383
486
68
418
129
290
334
551
43
509
1716
1279
438
1167
837
331
1243
737
506
169
338
786
1031
492
539
584
1010
1158
669
489
132
357
697
1022
567
455
1129
595
535
576
1014
536
478
624
143
481
135
346
66
281
438
566
80
486
491
135
357
96
261
1022
729
293
287
531
137
395
756
943
594
349
507
770
277
493
626
373
254
346
475
614
304
311
600
226
375
40
335
49
287
1195
575
620
333
287
37
250
493
1024
671
353
1303
1021
283
425
77
349
1012
556
456
646
156
491
28
463
116
348
611
718
182
537
1518
1181
337
17
321
408
792
474
319
498
648
380
269
441
135
307
327
720
194
527
259
268
305
941
607
334
81
254
457
756
412
345
77
268
327
522
224
299
424
141
284
329
73
256
1109
584
526
1066
210
856
1083
762
321
18
303
331
52
279
666
349
318
323
324
476
534
44
490
139
351
757
440
317
51
267
374
83
291
361
580
221
359
66
293
19
275
282
338
1034
696
338
354
413
495
176
319
19
301
34
267
687
333
355
72
283
315
710
226
485
590
1048
716
333
522
106
416
786
219
567
1125
273
852
535
317
1457
1098
359
86
274
1223
943
281
570
33
537
35
503
167
336
490
771
482
289
330
47
283
322
925
576
350
499
1026
692
334
430
132
299
828
500
328
50
278
459
1157
887
271
301
28
274
489
229
261
255
673
296
378
612
70
542
140
403
393
906
586
320
33
288
307
619
302
317
31
287
343
900
266
634
328
307
789
540
250
410
68
342
1096
1105
667
439
625
147
478
29
450
37
413
1223
926
297
800
398
403
391
86
306
480
497
159
338
16
323
343
537
137
400
47
354
60
294
557
994
343
651
982
670
313
765
472
294
832
298
534
46
488
530
587
1080
544
536
36
500
544
587
1052
489
564
617
65
553
36
517
569
617
54
563
34
530
579
626
106
521
577
571
568
578
579
634
105
529
585
586
641
1115
531
584
635
98
538
593
1292
706
587
613
30
583
682
100
583
640
656
718
165
553
640
641
666
100
567
625
625
666
93
574
625
632
675
109
566
631
641
625
632
649
699
40
659
119
540
617
625
609
617
674
163
512
636
103
534
641
714
697
102
595
687
707
101
606
655
664
648
656
657
655
648
640
648
648
23
625
686
69
618
723
70
653
695
679
104
576
664
655
680
25
656
697
75
622
18
604
755
40
716
105
612
679
671
24
647
706
179
527
737
23
715
127
588
657
647
683
86
598
701
71
630
34
597
648
686
101
586
640
697
63
635
671
42
630
615
664
700
104
597
655
664
648
722
148
575
707
67
640
28
613
73
540
830
1918
1189
730
34
696
85
612
687
679
679
679
710
735
119
617
672
717
42
676
87
589
664
707
68
639
42
598
704
66
638
676
103
574
639
641
681
692
678
724
127
598
747
105
642
686
785
163
622
687
741
731
65
666
689
700
64
636
749
64
686
687
681
41
640
680
734
59
676
43
634
680
724
708
120
589
710
56
655
38
618
679
725
61
664
62
602
671
722
117
605
661
50
611
641
662
44
618
680
729
72
657
710
68
643
673
698
109
589
689
734
23
712
107
606
694
740
33
708
86
622
758
46
712
100
613
687
750
44
706
52
654
670
682
54
629
751
41
711
695
73
622
751
32
720
26
695
27
668
719
51
669
712
696
75
621
759
56
704
686
680
710
694
32
662
720
97
624
753
45
709
694
70
624
743
63
680
43
638
742
80
662
713
25
689
676
689
83
607
686
744
72
672
725
54
671
682
716
101
615
697
687
687
743
59
684
711
65
647
700
695
688
73
615
687
686
695
758
31
727
88
640
783
117
666
658
704
703
748
738
116
623
711
779
154
625
696
743
71
672
672
687
42
645
710
719
759
74
685
21
665
774
64
710
80
631
772
62
711
694
68
626
733
33
700
692
77
616
739
32
707
28
679
71
609
725
60
666
35
631
687
687
758
81
678
69
609
695
729
43
686
80
607
687
688
758
73
686
70
617
696
766
112
655
657
687
687
766
159
608
696
696
686
775
153
623
695
695
695
704
703
703
742
729
107
623
695
725
78
648
710
696
767
67
701
77
624
695
762
79
684
70
615
687
723
30
694
685
695
72
623
695
760
65
695
702
79
623
768
75
693
704
75
629
782
118
664
735
104
631
703
769
142
628
709
711
784
83
701
710
65
646
752
59
693
751
123
629
711
743
89
654
695
679
672
655
657
736
47
690
94
596
735
57
678
722
117
606
687
678
769
156
614
696
687
769
66
703
82
621
748
99
650
710
704
694
687
703
718
704
703
703
718
711
717
744
75
670
718
710
750
87
664
710
703
695
718
777
102
676
807
91
717
726
72
654
709
792
148
645
726
711
726
732
743
742
808
84
725
63
662
743
733
800
107
694
685
716
785
67
718
66
653
718
784
146
638
716
704
776
138
638
701
778
166
613
685
772
87
686
73
613
778
91
687
701
79
623
702
787
94
693
73
620
788
178
610
771
78
693
80
614
702
770
76
695
703
705
687
694
694
705
686
695
709
711
85
627
778
60
718
719
709
709
734
737
727
717
732
719
719
709
710
695

