13-12-2022 - 9:23 - Correr
ELIECER MIRANDA
Intervalos entre latido y latido
772
771
776
797
796
810
813
828
834
834
841
852
859
858
861
870
867
875
869
879
867
870
883
885
877
881
899
905
887
897
905
901
892
911
918
901
896
903
899
892
903
897
892
909
918
904
910
914
903
891
890
25
866
848
827
833
853
864
866
866
878
866
878
884
882
874
872
886
888
876
882
887
884
871
875
879
867
868
880
894
881
890
903
897
886
881
883
876
874
898
888
887
898
888
34
854
836
827
829
834
835
132
704
1021
153
868
878
880
898
894
884
897
904
899
887
889
893
890
872
874
872
856
854
865
862
853
858
862
849
857
867
859
868
879
875
876
885
874
881
887
899
879
882
895
886
885
886
881
869
867
873
861
874
895
887
885
893
903
898
890
896
902
883
882
899
887
881
887
886
884
898
906
894
882
892
894
878
868
881
879
862
872
879
875
864
875
881
868
882
885
884
892
905
904
893
904
896
889
887
886
879
885
886
878
886
880
873
879
878
873
881
875
869
875
879
866
869
870
863
867
873
871
868
883
869
866
881
875
870
880
868
864
874
875
873
880
891
891
892
911
887
884
885
865
843
830
836
863
856
876
890
881
899
908
891
885
887
874
875
877
870
885
889
877
891
894
886
895
889
874
877
893
880
889
894
890
894
888
882
894
891
898
899
892
902
902
888
901
910
907
919
914
914
918
916
911
916
916
898
907
911
889
890
904
881
871
875
880
876
882
893
892
889
896
894
875
883
883
876
884
895
885
901
919
908
904
909
913
908
918
924
908
920
920
913
900
911
896
880
886
893
882
876
877
861
849
862
865
869
882
893
882
897
907
901
888
892
881
875
889
911
902
906
920
922
914
927
936
926
934
952
955
942
946
958
936
936
944
948
942
953
958
947
938
921
906
905
911
903
900
891
897
898
894
882
883
865
865
872
877
883
875
877
882
877
877
873
872
871
861
851
856
856
860
854
847
830
833
858
863
874
40
834
844
843
837
827
825
819
809
798
799
789
788
785
793
794
791
796
796
794
790
788
785
781
776
771
764
760
750
737
719
709
708
702
689
688
680
685
668
664
656
660
663
654
652
644
25
619
671
24
648
641
635
644
643
34
609
658
123
535
702
68
634
623
617
615
615
613
606
612
610
603
601
1209
599
611
606
602
604
602
604
601
603
600
602
599
596
597
592
590
591
590
586
583
589
584
580
579
576
573
579
572
567
570
569
565
568
565
561
564
562
558
564
559
556
559
554
551
558
549
549
550
549
547
544
545
541
539
539
540
541
538
536
538
540
539
538
536
536
538
534
532
535
534
521
537
531
531
528
65
463
583
48
535
524
522
530
519
515
520
522
526
524
520
516
519
524
519
516
517
517
518
519
513
510
514
512
512
507
512
509
509
507
507
508
507
501
503
506
507
500
501
504
499
500
502
498
500
498
502
494
498
499
493
495
494
494
494
493
490
495
490
487
489
489
488
489
489
489
485
488
487
487
488
483
484
488
491
488
493
489
484
487
488
486
486
490
491
488
487
486
486
485
482
483
489
484
484
486
481
482
480
481
482
481
481
479
958
471
488
485
484
480
484
484
486
488
487
485
487
487
487
485
484
487
487
484
483
487
484
488
488
485
486
486
486
482
482
484
484
484
478
483
484
485
481
479
479
481
482
481
478
479
478
477
477
482
478
477
476
476
474
477
470
474
473
473
469
474
474
474
470
468
468
469
472
472
473
471
472
470
470
473
470
474
473
472
471
469
470
471
468
469
469
473
927
452
476
471
473
471
471
477
472
941
464
477
471
471
469
474
469
474
475
471
471
472
472
476
473
474
471
471
470
469
470
473
468
469
469
470
464
469
469
467
468
467
469
470
468
466
467
468
466
466
468
469
465
469
469
473
472
470
472
476
474
469
473
470
472
469
471
472
473
469
469
471
473
468
470
471
471
466
472
470
475
474
472
471
49
423
521
43
478
469
468
472
466
471
469
466
465
466
465
464
466
464
465
467
463
467
465
469
465
467
466
466
465
463
464
464
464
463
465
463
464
464
463
464
465
464
461
464
464
464
461
463
464
462
465
463
466
467
463
463
461
464
458
462
460
463
459
461
458
463
459
458
459
461
460
458
460
462
460
456
460
464
462
466
465
462
466
465
464
462
464
462
463
463
463
464
464
461
463
464
462
463
461
461
460
465
458
462
458
462
462
459
460
460
462
458
459
462
462
460
462
461
466
462
463
458
153
305
625
143
482
469
466
466
462
464
464
463
461
462
464
463
460
464
461
465
463
467
470
474
476
475
110
365
588
260
329
655
159
497
500
123
378
613
103
510
503
505
506
505
506
514
518
513
518
512
517
523
516
514
515
506
500
496
495
489
482
483
481
472
475
476
474
473
471
470
470
466
465
103
363
561
92
469
463
462
462
459
458
459
459
456
459
455
458
458
453
456
457
452
456
456
456
454
454
456
453
452
454
456
454
451
456
453
456
453
458
454
458
455
456
456
454
456
454
454
452
454
452
453
453
452
453
453
452
454
452
453
453
453
452
453
452
456
450
452
452
452
456
456
457
454
455
453
457
454
454
454
457
452
451
457
456
452
457
454
457
455
454
458
451
455
453
453
451
455
452
455
454
449
451
455
451
451
449
457
453
449
452
451
451
84
368
524
64
460
449
96
353
541
82
459
451
97
354
536
76
460
448
95
353
536
213
323
583
224
359
536
210
326
580
216
364
533
144
389
512
54
458
449
99
351
538
80
458
447
88
359
529
71
458
448
92
356
530
73
457
451
84
367
520
65
456
448
81
367
518
62
457
447
83
364
520
62
458
445
69
376
507
51
457
446
71
375
506
53
454
443
90
354
528
75
454
444
446
446
448
448
447
446
452
451
450
452
453
458
82
376
530
64
467
458
40
419
503
35
469
465
461
475
468
471
468
470
473
475
479
477
477
482
481
490
485
488
487
72
415
569
67
502
498
498
499
505
505
504
504
506
516
513
511
514
513
520
520
518
517
521
532
523
525
525
536
533
532
532
538
538
533
537
533
543
540
541
541
541
543
549
546
545
544
553
546
545
545
544
555
546
550
549
554
553
552
555
562
551
554
555
560
554
559
558
558
561
558
554
569
18
551
565
562
566
559
564
576
563
569
575
568
568
566
574
579
574
576
578
580
594
579
586
587
588
586
582
584
592
590
585
167
419
584
743
142
601
597
587
583
579
583
598
603
597
591
65
527
670
59
612
597
587
607
617
618
611
619
616
607
604
618
614
608
609
616
607
606
618
621
610
608
626
627
628
620
618
630
633
635
626
625
634
638
630
634
648
650
645
647
654
660
648
641
655
658
651
636
642
656
656
649
646
656
662
659
653
652
666
667
654
651
666
668
657
645
655
660
656
643
652
660
661
648
644
657
659
666
666
30
636
644
634
648
661
657
647
640
654
653
639
636
645
657
654
642
648
659
667
658
654
662
673
669
656
663
674
672
657
657
672
672
660
655
666
671
662
649
649
650
665
666
662
656
661
657
646
646
663
658
656
642
660
662
665
664
22
642
641
651
660
679
682
668
670
675
692
688
672
675
685
698
690
680
686
702
699
693
694
680
665
671
679
689
695
690
685
675
686
686
23
664
698
692
680
679
689
686
679
675
668
681
680
676
662
691
689
687
690
685
673
674
686
689
679
678
690
689
682
679
685
687
680
680
687
689
680
677
687
693
689
680
685
693
693
684
682
690
689
679
680
687
686
677
683
691
692
682
688
696
46
650
693
687
678
673
676
688
686
683
690
688
675
669
677
684
675
675
695
703
691
692
703
707
699
697
702
697
683
690
676
690
689
677
685
688
678
692
697
689
689
698
697
686
698
699
690
686
698
698
692
692
701
699
691
700
704
699
692
698
702
697
693
703
705
697
698
709
708
700
707
713
704
701
714
716
705
708
713
710
694
696
703
699
699
698
686
675
674
685
687
688
704
698
679
675
679
681
696
688
688
692
695
710
697
691
695
703
710
708
694
700
710
711
698
21
677
685
688
704
707
703
684
677
685
700
706
692
700
712
713
700
705
712
721
705
706
708
718
710
702
706
721
714
704
708
721
716
701
706
721
722
712
701
706
705
692
678
675
684
700
699
689
691
703
701
690
694
708
706
690
696
708
708
692
698
709
716
712
694
690
711
711
700
697
698
718
720
713
716
725
720
722
728
739
746
740
739
736
735
733
727
710
703
706
709
701
698
700
702
709
710
720
718
700
705
708
722

