19-10-2022 - 14:41 - Correr
Sebastian Mancilla
Intervalos entre latido y latido
665
676
666
667
665
672
669
662
660
655
648
636
663
665
649
648
654
659
666
666
666
663
664
666
658
660
657
657
663
664
662
666
672
683
686
682
687
677
678
671
668
664
668
669
663
660
657
663
655
656
655
648
656
656
658
654
665
666
666
662
662
664
670
662
661
652
648
643
651
656
651
652
652
663
660
666
661
664
662
667
665
663
659
666
661
664
657
656
664
659
662
665
673
668
666
665
670
669
664
665
675
666
667
665
659
664
664
658
657
662
662
655
659
659
661
661
663
667
664
665
660
662
666
661
658
662
659
656
656
657
658
655
659
665
665
663
660
668
659
657
657
655
654
653
662
661
659
662
660
662
660
662
664
663
662
663
660
664
659
657
656
661
657
659
653
658
655
655
648
655
646
657
656
654
656
658
664
663
661
665
667
665
665
671
668
667
668
666
670
664
664
663
664
660
655
651
651
654
650
652
656
666
663
660
663
666
666
667
665
668
667
666
665
666
666
667
662
657
652
648
646
653
652
652
651
665
659
662
664
665
661
660
664
662
661
662
661
659
659
654
656
655
658
653
654
652
654
650
655
655
654
652
652
652
648
652
653
659
652
653
651
650
648
651
647
647
645
648
644
646
643
644
641
637
634
636
634
634
634
646
643
647
650
651
652
649
655
660
653
655
652
659
654
651
650
651
653
653
651
660
659
660
664
662
663
661
663
662
662
656
660
656
659
656
653
658
651
648
652
644
648
648
646
653
647
646
650
648
647
650
654
650
647
645
642
640
638
637
633
637
632
636
636
633
638
636
641
640
645
641
659
650
655
658
669
668
665
666
664
659
661
658
657
655
650
647
650
647
644
642
647
647
650
649
657
655
656
655
663
660
660
666
669
662
662
660
660
664
658
663
660
658
657
660
660
662
664
665
664
665
659
663
666
667
664
663
667
666
659
662
663
662
666
662
666
658
660
661
664
658
654
661
658
660
659
670
661
662
663
668
663
659
664
662
663
656
654
641
661
684
674
676
691
688
689
686
695
688
686
684
679
673
673
669
666
663
665
662
665
670
674
669
665
671
671
678
681
689
684
679
680
680
684
681
679
673
678
687
696
689
694
687
690
683
683
682
688
680
686
677
685
674
678
673
674
677
679
676
680
680
686
685
682
681
678
678
675
671
663
659
652
646
688
677
673
677
676
676
666
666
669
668
671
670
674
671
670
675
671
676
673
685
678
682
680
681
686
697
710
708
717
711
704
709
701
686
680
670
668
655
651
653
647
645
635
638
637
633
632
632
630
629
631
625
625
625
625
619
620
620
616
615
622
623
625
626
623
630
644
639
637
644
639
640
650
655
655
651
654
651
649
643
639
638
634
627
634
635
635
630
631
630
625
628
622
615
621
618
618
627
623
623
630
625
625
626
623
620
618
617
614
613
610
607
607
605
601
602
602
600
597
597
595
594
596
595
596
593
594
598
595
597
595
595
598
595
594
592
601
598
597
600
596
598
598
596
595
593
593
593
590
588
590
586
584
583
583
580
581
579
579
577
579
579
577
576
576
577
576
573
578
576
574
573
573
575
572
571
573
572
569
568
570
568
566
564
565
564
562
560
562
561
559
559
559
556
558
554
556
556
554
552
554
552
550
550
551
551
548
547
548
550
546
547
547
546
543
545
549
544
547
545
544
545
545
543
541
541
541
540
535
538
536
533
533
535
532
531
531
532
531
528
532
531
529
533
533
532
534
532
529
532
531
530
528
528
529
527
525
524
529
525
525
523
526
523
521
522
523
521
519
520
521
517
518
520
518
515
517
517
515
513
516
516
515
514
515
514
513
511
514
512
511
510
512
511
512
508
513
509
509
507
510
506
506
505
508
503
502
509
528
525
522
518
521
519
519
522
520
519
521
521
521
520
521
520
49
472
568
43
526
523
523
524
524
526
525
525
529
533
529
531
531
536
537
539
537
541
540
541
541
541
542
544
544
546
551
551
551
555
555
551
565
577
562
566
561
564
573
564
560
565
569
566
594
585
18
568
572
565
567
562
560
558
561
558
558
556
560
556
554
552
564
582
566
571
568
563
558
558
560
558
562
556
559
562
563
562
561
561
564
564
562
562
566
565
569
564
567
569
566
568
565
571
568
568
566
570
569
568
569
567
572
573
570
571
580
583
584
583
580
585
588
583
589
585
592
587
588
589
594
590
585
590
588
586
583
583
582
581
577
581
576
580
575
575
580
583
583
583
596
595
597
599
597
599
595
597
594
592
588
591
589
588
584
584
591
597
598
599
610
602
606
610
609
606
611
621
620
612
608
610
606
602
601
602
602
598
599
599
598
597
600
598
595
594
602
601
605
610
622
625
622
621
625
620
619
615
617
615
611
605
607
607
607
604
603
606
602
597
598
603
603
598
602
603
601
600
612
600
606
598
597
596
590
591
593
595
591
591
593
595
592
589
590
591
590
590
589
591
592
593
591
588
593
590
588
594
601
599
594
601
604
601
600
604
601
599
594
595
591
591
587
589
589
586
587
591
590
588
588
595
597
593
600
606
605
604
601
604
605
604
600
601
599
597
594
597
598
596
598
603
601
599
600
600
599
596
596
596
595
592
598
602
609
607
604
610
613
612
609
608
609
610
607
602
601
602
603
598
604
601
602
598
599
601
601
591
611
654
637
646
641
644
633
632
628
624
618
619
615
613
611
611
612
610
611
609
607
613
610
607
606
607
610
614
613
617
626
623
625
625
636
628
628
622
626
624
621
617
617
615
613
612
610
610
610
608
606
618
619
618
616
618
617
616
611
611
616
616
612
616
618
615
616
614
617
616
615
614
617
615
617
613
615
617
615
616
614
617
615
619
614
618
619
619
616
619
619
615
614
616
613
619
617
617
617
619
615
617
616
617
616
617
622
623
621
618
624
620
617
618
619
620
617
615
612
615
612
616
616
616
611
615
617
616
616
614
620
621
618
617
620
619
621
617
621
633
625
625
627
625
623
621
619
625
620
622
623
623
624
623
620
624
622
620
619
620
618
617
613
620
624
626
622
624
632
630
626
637
628
631
627
628
625
626
625
623
620
623
622
622
620
619
620
621
617
617
618
623
618
617
622
625
625
622
623
628
626
625
624
625
624
625
623
624
625
625
623
621
625
624
620
623
623
621
621
619
623
625
620
620
620
622
619
617
621
620
620
622
619
625
630
629
626
628
632
631
627
629
630
632
629
627
633
628
632
628
628
631
635
630
630
636
637
632
630
626
625
625
625
624
620
626
625
625
625
629
633
630
628
629
633
630
629
626
628
627
626
624
625
625
624
620
628
627
629
627
629
633
627
626
627
628
628
625
625
633
632
628
629
638
638
637
639
633
634
635
632
625
627
623
623
615
618
619
619
618
621
618
617
611
615
614
615
612
614
619
621
618
617
619
615
613
614
611
610
608
610
609
606
605
628
625
625
632
641
639
646
635
637
633
628
626
623
621
623
620
621
628
627
625
625
626
624
621
621
617
617
611
611
613
618
613
614
614
619
630
634
633
635
631
631
626
629
625
622
620
619
619
614
614
608
605
605
610
606
609
609
608
610
610
608
607
604
606
612
609
613
617
618
626
622
622
621
618
619
611
607
608
608
607
606
604
609
611
616
617
616
621
622
620
620
620
617
617
621
620
619
622
633
633
630
627
628
627
632
625
625
620
621
619
617
619
615
615
618
625
622
621
622
622
627
623
622
624
626
625
627
624
631
637
633
632
633
628
625
622
619
617
612
611
609
607
603
607
606
605
610
624
632
639
640
639
647
644
647
641
641
637
633
631
630
629
624
625
624
625
621
619
625
623
621
622
621
619
614
614
613
619
628
625
625
625
627
630
627
626
623
625
623
623
621
621
621
622
618
619
624
627
626
627
631
638
639
636
638
634
632
631
624
621
620
631
625
623
621
619
614
611
609
608
608
609
607
615
619
621
625
624
624
623
620
617
616
617
617
618
615
620
623
622
622
625
638
636
633
632
631
625
622
624
618
617
613
613
612
617
616
616
615
618
617
617
617
623
627
629
624
625
625
624
616
611
610
605
606
606
600
606
609
611
614
623
626
629
627
628
628
634
660
30
630
626
626
625
622
616
615
614
615
611
610
614
618
619
625
632
642
634
634
632
632
627
624
623
614
616
621
628
630
630
630
628
629
630
631
628
628
629
628
625
624
625
622
624
622
619
614
612
611
612
618
621
628
628
630
629
637
632
629
631
628
625
625
627
624
625
624
629
632
637
633
631
629
54
576
673
52
622
618
611
608
607
607
602
602
604
606
612
610
610
610
611
613
606
606
610
612
618
612
615
615
611
609
607
604
601
606
606
608
610
621
628
646
638
638
642
651
650
651
644
641
633
630
628
624
618
614
611
612
612
613
621
628
627
632
634
634
646
642
637
636
636
636
635
630
629
626
624
618
616
616
616
617
623
620
620
632
632
632
629
627
630
633
629
625
627
630
625
625
623
620
626
622
625
630
641
640
641
644
646
644
641
643
645
642
638
632
630
633
631
631
630
627
629
631
629
627
624
625
625
625
629
633
630
628
626
626
631
637
630
631
630
626
623
625
622
623
620
616
651
656
661
675
666
675
668
666
655
659
654
643
644
642
644
639
638
637
636
632
631
626
628
629
641
635
637
631
634
629
630
636
638
635
638
633
633
625
625
628
626
625
624
621
622
623
622
624
622
623
625
625
628
625
628
624
625
624
622
621
621
623
625
622
624
624
623
625
627
631
629
633
631
631
630
635
642
640
641
641
637
634
633
630
626
622
616
616
617
611
612
609
607
609
603
601
600
603
604
611
611
616
612
616
612
621
625
625
631
628
627
624
622
622
618
617
608
606
604
604
601
602
607
616
616
614
623
625
632
627
632
633
631
631
631
635
630
627
625
620
616
613
609
607
605
601
601
602
603
601
603
607
612
611
613
619
616
616
622
621
622
623
623
621
619
620
619
616
614
619
618
618
618
614
614
613
610
611
610
614
609
615
618
618
619
619
619
617
616
612
612
614
611
609
611
612
611
612
614
613
614
614
622
619
620
617
613
612
606
604
603
604
602
603
607
607
607
608
614
614
618
618
617
616
616
614
615
623
623
618
618
619
622
618
619
624
622
624
622
625
625
622
624
625
621
619
617
618
618
614
617
616
618
620
621
625
625
628
633
636
632
634
631
632
633
636
631
632
628
625
626
625
622
623
622
621
617
623
630
633
633
630
629
628
628
630
626
625
625
629
625
623
625
625
615
618
617
621
618
616
618
618
619
617
616
617
617
619
618
619
626
625
625
624
625
624
621
619
621
619
621
621
619
620
616
622
632
629
631
628
625
627
624
620
618
617
621
618
614
618
617
617
616
618
624
622
618
619
618
619
615
615
619
619
618
618
626
625
624
622
624
622
620
617
617
614
613
610
611
612
609
613
616
614
614
617
623
626
627
622
625
623
618
615
612
610
607
606
603
602
599
600
594
595
594
587
587
593
602
600
602
599
604
609
612
611
612
613
606
606
600
601
605
608
608
605
610
614
613
613
613
609
609
615
615
618
615
615
617
614
615
612
611
611
606
607
600
598
601
598
600
604
597
606
612
624
617
619
618
616
614
612
608
607
600
600
596
591
587
628
657
653
679
683
695
694
686
683
671
672
662
659
654
651
645
638
637
633
629
626
622
621
619
621
612
614
614
619
618
616
621
619
619
622
620
630
631
633
631
631
628
628
628
625
627
626
623
622
621
624
620
618
616
618
619
616
618
622
619
621
624
627
625
629
634
636
634
632
627
628
625
625
622
624
624
623
623
623
620
618
613
616
617
618
618
621
619
619
624
622
620
619
620
619
618
620
616
614
612
612
615
616
618
624
641
631
635
633
632
630
629
627
626
623
625
620
622
617
617
620
625
623
623
621
625
623
620
616
615
616
619
621
636
639
634
644
643
638
635
632
632
626
625
622
619
616
612
611
611
608
607
606
608
607
620
623
616
616
620
620
620
621
620
621
620
623
623
625
625
625
624
625
625
624
625
625
625
625
622
618
618
618
623
622
621
634
636
630
630
635
641
641
641
639
634
635
632
628
624
622
619
616
615
619
618
623
621
622
621
622
620
622
621
626
625
626
632
629
629
630
628
627
626
620
624
625
625
624
623
625
623
626
624
619
623
619
616
611
607
602
608
610
614
618
619
617
613
622
621
623
625
626
635
632
628
629
625
629
623
621
621
621
617
617
618
610
613
607
606
600
602
601
599
597
598
598
596
594
592
594
591
591
589
590
590
589
588
589
590
597
594
602
602
600
602
614
607
609
614
607
604
606
598
595
593
589
586
586
583
585
586
590
596
596
596
597
597
604
599
600
597
598
594
596
598
593
593
588
585
586
581
578
574
572
570
565
565
563
563
565
563
564
563
563
564
563
563
563
566
563
563
562
564
563
561
556
561
571
566
566
568
568
568
574
569
569
566
567
566
564
563
565
562
559
563
558
554
551
551
551
549
551
553
556
553
553
553
556
555
554
554
556
557
551
551
552
549
546
546
547
543
545
549
551
547
549
553
552
563
579
576
575
574
586
586
587
596
601
593
594
593
595
593
598
597
601
604
604
604
608
610
609
616
620
617
627
636
630
635
649
631
626
619
611
615
607
603
601
609
601
615
612
607
611
617
620
622
624
626
627
634
635
641
642
638
634
639
630
625
617
614
608
611
612
608
609
607
609
608
613
606
607
607
606
603
603
602
599
597
599
598
596
598
595
591
592
588
588
600
595
598
603
609
607
607
613
610
609
607
602
604
601
602
600
600
602
602
600
609
613
611
610
612
615
615
616
618
620
620
616
618
617
616
615
613
611
615
607
616
618
625
623
625
623
623
623
617
616
612
610
608
607
605
602
604
603
607
605
608
615
623
619
622
622
625
624
626
626
625
628
627
633
637
632
629
627
628
628
621
620
623
622
620
621
627
630
627
630
630
635
628
630
629
628
629
628
626
622
618
616
615
617
610
607
609
614
617
624
626
636
633
632
632
628
625
623
621
618
612
618
620
615
614
614
618
616
616
621
625
625
626
629
633
631
631
636
630
629
623
627
625
620
617
616
617
615
612
616
616
618
624
624
624
625
628
628
626
625
625
625
625
621
623
624
622
618
617
622
617
615
619
618
618
617
617
619
618
624
625
633
630
630
628
629
625
623
625
624
621
625
624
625
625
623
622
622
619
616
616
617
619
619
616
613
615
616
614
618
626
623
625
627
628
631
628
628
627
624
624
622
621
617
616
617
614
615
611
621
622
618
620
618
624
618
618
619
620
617
617
617
617
617
613
615
618
618
617
615
617
616
614
613
615
613
615
617
617
620
621
619
616
618
617
616
615
615
616
615
617
623
618
618
624
625
621
625
623
621
617
611
610
602
599
606
629
621
629
638
639
642
638
641
636
636
630
626
624
620
617
616
614
613
611
611
610
611
614
614
617
615
616
615
614
612
611
615
617
615
617
622
625
624
624
624
625
623
620
620
620
617
613
612
613
611
609
612
612
612
609
612
612
610
610
613
613
609
613
613
616
613
616
618
616
620
624
623
622
622
625
625
624
625
623
621
621
619
611
615
604
604
603
606
605
605
605
607
610
612
617
624
630
626
630
633
629
625
624
622
617
615
616
618
615
620
624
623
627
625
624
625
622
626
632
637
636
638
641
645
640
641
636
632
629
626
625
620
621
622
621
624
621
623
624
620
617
617
622
620
625
630
639
639
648
650
654
650
649
649
645
639
638
635
631
628
628
625
624
627
626
626
626
630
629
630
634
639
638
635
635
641
640
635
637
638
636
635
646
648
652
650
644
644
641
635
632
627
626
625
623
622
621
625
620
621
622
625
628
635
635
635
634
642
644
645
648
653
649
645
643
641
638
632
630
627
627
625
625
620
621
618
617
614
610
610
631
636
649
643
646
649
664
656
657
650
661
658
657
651
650
645
642
640
635
633
631
631
627
625
626
627
625
624
634
641
640
639
642
648
650
647
647
641
642
639
636
632
633
629
626
628
629
631
627
633
638
634
635
636
634
634
631
632
629
627
631
628
625
626
625
628
625
629
630
631
629
634
644
638
636
633
632
630
627
625
625
627
622
625
627
623
625
628
632
625
630
630
628
628
631
629
635
635
632
630
631
631
629
626
624
624
620
619
617
617
615
613
613
611
609
611
615
612
613
615
617
626
624
623
623
625
628
627
625
623
620
614
617
621
628
627
626
632
634
638
639
634
633
637
627
626
623
619
623
623
622
624
624
620
619
621
625
642
661
666
666
666
648
650
642
635
630
627
622
618
615
611
608
603
600
595
597
588
600
615
626
639
637
646
648
674
675
675
669
664
652
645
644
639
631
631
629
625
623
624
622
619
625
661
19
642
640
649
646
638
636
634
630
631
630
633
631
631
628
629
627
632
632
632
633
638
645
648
648
647
644
644
641
637
637
635
633
627
628
624
624
623
629
633
637
636
651
639
642
638
642
642
638
634
630
633
632
631
629
629
629
628
625
623
623
624
625
624
625
628
638
640
641
639
640
639
634
632
628
630
620
626
622
614
613
606
611
613
617
616
616
616
619
621
622
625
628
630
629
631
627
625
625
623
616
618
614
611
612
615
615
614
621
619
618
617
616
616
621
615
616
616
616
617
617
612
611
609
608
613
615
617
616
623
617
618
615
615
611
610
611
610
614
610
610
612
609
609
604
606
598
599
605
608
609
614
615
614
621
626
636
635
634
636
635
634
631
627
622
623
615
615
607
606
605
609
614
611
616
613
617
618
614
616
611
612
610
611
608
607
605
605
611
610
611
610
615
613
611
604
602
602
601
598
599
602
601
602
605
602
607
608
615
635
636
644
645
662
662
661
658
654
646
643
639
632
630
627
625
625
628
624
632
633
635
642
644
646
644
644
644
645
644
639
642
640
635
639
634
634
629
627
626
620
619
621
620
624
622
622
624
623
618
617
615
611
609
609
607
604
602
607
618
646
639
642
657
649
642
642
643
643
641
637
632
628
625
621
618
617
616
609
608
606
605
607
605
605
610
617
617
625
626
636
630
631
625
633
628
635
635
631
634
627
627
625
624
620
621
621
622
621
622
622
628
630
632
630
635
632
632
636
634
634
634
628
630
626
632
645
653
652
657
652
654
649
659
655
658
650
646
646
641
642
644
644
637
640
637
635
637
634
631
632
633
632
635
629
635
646
648
645
644
644
639
636
637
631
635
630
632
627
627
627
627
625
630
629
628
627
630
633
649
653
639
641
640
634
633
630
624
620
618
618
618
617
622
630
630
631
630
628
630
629
625
624
617
620
610
612
611
613
626
628
648
650
660
671
669
683
683
675
671
667
668
660
657
652
646
642
637
631
628
625
622
617
613
609
607
600
602
595
602
615
629
628
640
637
633
636
635
647
655
660
653
659
660
651
652
647
643
640
637
633
630
628
628
627
627
625
625
621
625
624
627
623
636
636
638
638
633
632
631
627
625
623
623
614
614
610
607
619
634
634
631
650
650
649
644
643
641
634
631
631
625
625
619
620
616
623
613
613
613
613
613
613
613
613
612
609
611
608
605
607
607
601
602
599
597
598
596
598
597
593
593
600
600
601
601
609
602
602
602
600
602
600
599
597
595
595
592
589
590
593
604
611
611
619
637
648
654
655
653
648
640
634
629
623
619
615
611
607
606
601
597
595
591
589
583
583
585
582
582
600
632
650
666
681
684
697
707
703
695
680
666
653
647
635
628
625
625
616
615
614
620
620
625
624
625
625
631
627
637
631
631
630
628
625
615
622
608
614
609
606
603
607
604
603
603
603
602
607
601
600
599
599
597
598
593
592
592
585
589
587
586
588
585
585
586
584
586
584
589
589
589
594
597
595
605
597
603
600
598
595
595
606
614
626
618
619
617
614
612
610
607
603
601
598
595
592
592
588
585
585
584
585
590
591
593
589
594
600
604
602
603
598
599
597
593
591
590
588
585
584
582
582
580
578
579
576
572
568
571
570
567
564
564
564
562
563
562
564
566
564
565
561
559
560
556
556
552
553
552
550
556
557
555
561
560
562
561
559
565
558
562
568
565
566
569
570
568
570
568
570
570
568
564
566
564
561
562
561
558
558
558
560
560
557
558
558
561
558
558
558
560
557
555
558
556
558
553
555
555
552
558
556
557
554
554
555
559
570
595
618
656
666
670
668
662
659
654
638
625
625
618
617
612
608
607
602
599
599
591
589
587
580
583
578
575
578
576
573
574
570
571
569
569
564
568
568
574
572
581
576
590
597
591
599
601
601
597
599
602
602
601
602
598
598
596
594
594
589
586
586
585
585
582
587
593
589
590
589
594
593
592
590
590
588
587
585
583
583
582
578
572
574
571
570
574
574
571
572
576
576
575
573
576
577
576
574
576
576
572
570
572
574
577
572
576
576
578
578
581
579
578
580
579
580
579
576
574
573
572
572
570
624
20
604
596
596
602
595
593
635
20
616
608
612
604
602
601
593
590
589
586
590
588
588
584
583
586
583
583
576
575
573
568
570
569
566
566
564
565
569
576
572
572
576
573
580
577
576
570
574
573
572
566
574
572
566
567
569
566
560
560
553
566
563
565
565
567
571
567
568
568
567
571
568
574
571
567
572
571
570
571
564
562
567
563
563
560
562
561
563
556
554
553
561
557
563
566
565
560
562
559
566
565
562
561
567
567
567
566
567
583
599
595
588
588
587
581
580
573
574
571
566
563
563
562
558
560
555
556
558
556
557
557
559
562
560
561
560
559
564
559
563
562
565
568
563
567
562
566
567
568
571
575
570
581
582
573
577
575
578
568
565
561
564
562
563
559
562
555
551
560
554
554
558
560
565
569
567
567
568
571
571
573
572
571
571
569
571
568
566
563
561
565
568
577
572
583
588
596
595
593
600
606
599
603
603
604
602
599
595
594
594
587
583
582
580
579
580
579
579
575
577
582
584
587
591
591
593
597
599
600
595
593
599
597
595
596
600
598
602
598
595
592
590
587
591
587
585
583
586
597
604
605
610
615
623
634
632
632
627
626
620
617
617
605
601
599
597
596
592
592
589
588
588
584
583
581
580
579
575
580
586
594
591
596
593
594
594
595
593
593
593
587
584
582
583
583
583
582
581
583
583
578
576
575
574
577
582
583
595
602
603
609
606
604
604
601
596
598
597
593
592
591
593
588
587
586
584
583
583
584
580
579
579
582
584
584
583
588
588
587
587
586
583
583
581
580
574
572
571
577
590
590
593
597
595
593
596
597
596
595
589
586
589
590
591
588
597
599
598
600
600
599
600
601
594
592
587
585
587
586
584
582
581
579
577
575
576
576
575
569
569
570
575
591
612
624
618
630
644
657
656
643
635
627
624
619
613
607
609
603
598
595
590
591
587
584
592
587
583
583
596
602
601
612
606
615
621
625
625
622
616
613
607
602
597
593
593
587
585
580
577
586
585
586
584
587
582
584
584
585
577
579
578
578
581
580
583
585
590
608
601
602
604
609
609
602
601
598
596
593
589
582
578
577
581
583
584
583
599
599
607
602
598
599
596
598
596
588
585
586
588
586
589
586
587
586
589
580
580
591
586
590
596
595
594
592
600
605
603
605
598
600
601
596
596
598
594
591
587
584
581
581
580
571
570
575
580
577
581
598
598
599
601
602
597
597
599
594
600
600
604
602
603
604
601
597
596
593
592
592
595
588
586
584
586
583
581
583
583
578
578
582
581
582
583
582
583
583
580
580
581
583
586
585
585
601
594
602
595
600
610
604
613
611
620
611
612
612
603
600
596
594
596
587
586
583
581
581
580
583
579
580
580
583
581
595
590
608
595
600
599
599
601
641
659
666
656
658
654
643
638
631
625
618
612
610
608
604
600
599
598
596
595
585
592
610
622
623
624
616
612
609
607
604
598
593
595
595
594
593
594
590
589
589
587
581
577
576
573
569
568
572
580
580
599
630
639
645
665
665
666
23
643
638
632
625
621
618
610
604
606
605
604
597
600
600
601
597
597
595
593
595
592
591
585
584
590
597
597
599
606
604
600
605
611
604
615
609
609
609
612
605
609
600
597
595
594
589
590
587
582
581
580
579
578
598
597
608
601
608
609
610
623
633
626
628
619
616
612
613
601
597
593
590
589
586
585
589
580
577
574
574
573
571
570
574
570
568
572
574
569
576
578
594
590
597
608
603
600
601
599
598
597
594
592
588
589
588
583
580
578
577
579
578
577
579
585
592
594
599
597
596
594
599
597
597
602
597
600
598
596
596
600
598
596
607
609
607
610
616
615
610
615
613
625
614
613
608
605
605
602
600
601
597
595
597
592
595
601
610
617
616
618
609
608
611
605
598
596
593
592
587
587
582
577
575
577
576
568
567
571
572
584
602
627
639
642
643
668
668
668
655
648
649
638
627
619
611
606
601
599
590
588
589
587
586
583
582
578
578
576
575
574
569
567
578
586
603
608
618
628
624
615
612
610
604
597
596
593
590
591
594
599
601
593
594
592
593
592
585
583
583
583
584
582
584
583
583
583
593
608
605
605
601
600
600
599
593
592
594
596
595
594
596
594
589
586
583
585
582
581
580
579
577
578
579
583
574
578
581
592
586
588
591
586
591
589
593
592
595
594
597
593
593
594
588
591
586
584
581
582
581
581
577
580
577
576
572
575
580
581
580
576
578
578
572
576
578
571
577
576
574
577
580
574
580
577
576
577
580
575
572
573
573
567
563
562
560
561
563
559
563
566
561
559
562
564
558
563
576
571
577
572
577
582
577
584
584
579
579
577
580
579
575
570
571
572
573
573
579
591
588
609
616
612
612
611
610
604
602
595
590
588
584
581
577
574
578
578
575
573
584
580
577
580
577
580
577
582
581
583
584
585
581
584
583
580
573
573
569
572
565
564
561
558
559
560
562
555
571
577
594
589
591
606
610
616
606
606
606
597
596
595
595
593
591
591
589
583
580
576
573
574
572
573
569
569
574
584
579
582
582
592
587
581
581
583
583
576
579
582
583
579
587
591
597
588
591
596
591
585
586
582
582
583
583
28
555
584
586
583
580
579
577
578
580
573
572
577
584
587
593
592
590
600
618
628
627
626
617
613
613
607
601
597
593
591
585
583
585
588
588
587
589
588
586
588
598
608
603
599
596
600
597
588
586
587
583
583
583
581
582
583
577
576
577
581
578
580
578
591
597
593
608
610
622
614
617
614
614
609
603
602
599
591
589
586
585
585
577
573
574
573
567
566
568
568
583
595
600
611
620
619
617
620
624
617
618
608
605
601
597
596
590
591
592
593
596
597
596
594
593
589
588
590
587
588
587
583
585
595
588
587
588
587
588
586
584
584
586
589
585
591
587
585
583
585
583
579
576
573
571
570
570
576
573
574
572
580
584
583
581
590
587
585
589
586
587
587
588
583
587
587
586
590
585
587
587
587
593
599
599
599
599
609
600
601
602
601
598
594
591
589
584
581
578
580
578
578
575
584
587
600
625
635
628
646
646
650
633
626
631
618
615
609
604
604
595
595
591
588
587
589
593
589
587
586
585
584
584
586
588
585
590
594
613
614
617
608
611
607
602
603
595
595
592
585
587
588
595
597
593
593
598
607
606
609
614
621
614
612
608
604
604
607
597
594
590
587
585
582
581
578
576
575
573
569
567
570
564
575
581
583
589
596
591
590
602
599
593
588
590
585
585
587
585
585
583
583
581
586
592
589
590
591
590
587
587
584
584
582
583
589
591
588
590
589
588
589
587
588
586
585
586
586
586
584
583
584
595
596
593
595
593
592
594
592
589
586
585
591
590
594
594
594
593
591
601
598
593
597
601
595
603
598
596
595
591
592
590
586
584
583
581
580
584
578
579
579
572
572
573
576
572
575
579
577
581
582
579
580
582
579
583
582
578
577
573
573
573
571
569
566
578
584
584
588
586
593
602
600
595
595
592
592
594
592
592
590
591
588
584
586
583
585
584
584
584
585
585
586
601
596
591
595
596
598
600
599
597
598
590
588
592
590
589
594
594
593
592
591
589
589
587
586
577
573
573
574
576
571
574
572
582
595
604
609
602
602
597
590
593
592
592
588
590
589
587
588
589
583
583
581
581
581
578
576
575
575
571
569
572
574
572
575
586
581
582
585
584
589
589
588
590
589
586
584
584
580
577
575
573
576
573
570
561
562
556
571
591
622
646
671
673
673
665
659
658
653
640
634
630
627
629
637
634
633
636
631
626
624
620
616
608
609
602
606
606
617
610
612
612
612
613
609
607
605
606
607
610
607
608
611
616
616
619
620
619
617
618
615
613
612
611
609
609
612
609
608
605
601
602
600
605
620
632
643
642
641
655
638
640
633
633
629
626
620
618
614
608
603
600
601
601
604
605
606
606
605
603
609
612
610
609
614
614
615
613
611
609
609
610
608
610
624
619
620
625
632
629
635
628
625
625
625
622
614
618
613
611
615
615
615
615
621
616
616
611
609
608
604
597
599
602
611
610
606
604
612
607
605
599
601
601
600
596
596
594
593
591
590
591
586
587
587
584
584
593
602
602
599
609
619
625
619
623
621
622
621
616
615
613
611
603
604
594
591
589
587
586
585
583
583
580
579
590
586
589
587
591
593
592
586
592
587
589
585
589
585
584
585
585
585
583
588
584
583
583
585
583
581
579
583
580
581
581
581
590
596
602
611
610
610
611
610
607
609
605
601
598
599
595
596
593
590
592
587
585
584
583
583
583
579
578
585
586
586
591
594
602
602
603
603
602
598
598
595
591
594
591
587
583
581
581
581
578
578
578
580
578
589
589
600
603
614
617
618
617
617
618
618
616
613
606
608
608
601
601
616
607
613
609
611
612
610
610
609
608
602
606
598
596
602
606
602
605
606
605
604
608
602
606
597
602
602
607
607
603
603
615
607
602
602
600
601
596
599
595
594
595
595
594
597
597
601
601
607
612
606
618
628
621
616
618
615
614
613
618
614
617
617
623
626
632
638
631
630
625
622
625
623
617
612
612
608
608
605
603
598
595
598
592
596
603
599
607
609
603
612
606
605
609
605
612
610
611
614
616
611
617
615
612
615
611
615
616
613
615
623
618
617
616
619
617
625
619
616
617
617
613
613
612
615
617
613
613
609
608
605
608
610
609
609
604
608
602
602
600
596
596
595
594
594
596
593
599
597
598
598
601
601
600
607
602
601
605
603
602
600
602
598
597
597
598
597
596
595
597
596
591
593
591
586
587
585
586
584
598
611
607
611
620
619
615
618
615
617
614
618
616
610
609
614
609
607
606
607
607
606
599
603
599
598
596
594
597
595
597
595
599
594
596
605
602
605
604
609
600
626
28
599
599
596
598
593
602
601
600
616
619
627
633
640
640
639
625
619
609
607
599
594
594
596
594
593
591
594
586
583
586
590
586
589
588
590
589
587
588
588
583
583
582
581
578
577
589
613
618
633
662
667
675
682
20
662
19
643
639
628
620
612
609
610
604
601
601
600
595
592
592
590
591
589
584
590
597
599
592
597
599
608
600
597
599
597
595
597
589
593
592
593
588
592
594
595
598
609
608
609
607
611
602
602
602
600
599
604
598
598
608
604
605
607
605
605
602
601
595
592
594
593
597
589
588
595
591
589
591
588
587
586
588
583
586
585
591
591
592
592
590
592
590
588
589
584
583
583
582
583
585
583
589
592
591
593
593
591
590
592
586
584
585
583
581
579
577
575
577
572
572
572
572
571
577
590
600
607
610
608
604
609
610
611
606
604
601
601
598
594
592
588
585
583
579
579
577
572
571
571
568
567
572
567
565
572
591
594
589
602
609
607
609
608
609
609
606
611
604
603
601
599
598
598
595
592
593
596
589
594
600
602
602
604
601
602
598
601
593
592
598
596
594
596
595
597
592
597
598
607
602
607
609
609
609
604
604
604
596
593
592
591
587
587
584
583
581
579
578
573
575
590
590
601
600
600
606
613
625
615
611
609
610
605
604
601
594
591
591
590
588
585
585
587
589
587
587
590
592
588
591
588
590
584
582
581
579
579
578
578
578
578
577
575
575
572
574
571
568
566
573
580
578
580
575
576
593
608
609
629
630
632
625
625
618
612
606
601
598
593
593
593
587
584
583
586
587
585
586
587
587
587
583
586
580
584
595
594
602
603
600
606
610
604
601
602
601
599
598
604
592
591
590
588
585
583
574
587
574
571
568
563
560
563
559
556
555
557
561
562
563
561
577
577
606
607
617
610
604
610
607
604
600
599
600
598
595
592
589
588
587
590
583
583
585
586
583
582
584
585
583
584
583
587
582
582
584
584
586
579
583
584
581
587
586
584
587
585
583
587
586
591
587
589
596
593
592
590
587
585
584
583
583
581
578
576
573
578
580
575
576
576
574
574
573
571
571
574
569
568
569
574
573
569
573
577
578
578
578
576
576
575
573
577
577
576
579
577
580
582
581
581
583
585
587
594
602
600
611
603
601
600
598
591
591
583
584
591
588
593
591
590
592
592
591
586
585
593
595
601
604
605
611
617
611
609
615
615
616
611
609
603
601
596
593
593
592
587
587
584
588
581
583
589
594
600
611
618
622
616
610
608
602
600
601
599
604
595
595
592
589
587
589
587
580
582
582
581
584
583
588
583
583
580
581
587
594
594
597
588
592
594
598
593
592
591
590
585
581
581
579
579
581
576
577
580
583
591
594
603
603
605
605
616
619
617
614
613
610
607
603
598
593
589
586
585
582
583
590
594
601
600
601
597
605
604
606
604
603
597
594
598
592
588
590
592
588
587
234
354
856
232
625
625
627
632
630
639
631
628
630
625
618
614
608
609
598
595
591
590
592
587
588
583
583
580
579
578
575
575
575
581
577
592
599
613
609
611
607
606
603
598
593
592
589
586
584
583
581
579
579
572
570
575
583
588
587
583
592
619
616
614
604
622
619
621
621
611
609
605
601
597
594
590
586
584
584
575
574
574
576
580
583
581
587
586
586
583
583
580
579
577
580
573
574
576
575
578
575
581
578
580
580
583
578
578
577
576
581
573
571
575
570
569
570
572
570
570
566
565
570
577
575
578
581
579
583
580
580
581
581
581
583
580
579
578
576
574
574
572
571
572
564
561
566
573
567
572
582
586
600
604
600
597
602
598
597
595
598
590
586
584
583
583
576
575
572
575
571
570
570
567
569
565
561
560
562
564
568
565
567
571
571
566
567
566
569
584
583
591
592
594
593
595
590
592
592
589
583
580
578
579
575
574
577
569
572
571
574
573
576
589
606
618
613
606
606
613
611
605
607
602
599
591
589
586
583
579
583
579
572
572
570
574
576
570
570
579
578
579
581
580
581
588
591
591
591
601
593
593
592
590
587
587
586
585
586
581
578
577
576
573
575
572
582
589
595
602
598
599
646
664
665
665
661
664
21
643
637
625
623
623
621
612
610
616
607
608
606
605
603
603
603
600
598
597
596
594
597
593
592
594
591
590
586
582
580
587
577
582
581
581
592
600
598
595
607
616
615
619
619
625
619
620
620
620
617
616
614
611
614
614
621
616
619
618
620
617
613
618
612
609
612
613
610
611
617
617
615
611
613
608
603
604
605
603
601
597
597
594
592
589
586
588
587
583
584
588
588
591
600
601
600
602
610
607
609
617
617
611
607
603
609
607
602
599
603
609
609
606
612
613
611
609
608
608
604
606
599
597
599
599
594
594
598
605
613
613
618
632
631
641
642
646
642
639
638
637
633
631
625
628
624
624
630
626
621
621
618
619
618
614
610
618
639
18
622
625
627
625
625
625
631
626
627
625
625
626
623
622
625
623
621
617
614
613
616
612
615
611
612
614
609
607
603
600
599
605
603
605
608
606
602
603
605
601
604
604
606
605
605
608
604
603
604
604
607
605
605
602
603
608
601
600
599
602
600
601
601
605
610
607
610
611
611
611
615
616
621
621
621
619
620
619
616
611
608
607
608
609
620
617
620
618
616
615
616
612
612
613
611
610
611
610
610
612
609
611
611
611
609
608
609
607
606
607
605
604
603
601
600
597
598
595
594
594
592
593
593
595
597
602
605
606
607
605
607
601
601
599
596
593
593
590
588
589
596
602
603
603
607
610
611
617
615
613
616
614
616
621
619
618
617
619
615
616
610
609
607
606
615
616
616
615
613
615
621
623
620
617
615
613
619
622
615
614
613
620
619
617
614
616
616
614
613
611
611
612
610
611
620
613
615
617
625
621
616
616
619
614
612
606
608
614
613
613
612
615
614
612
610
609
611
608
606
606
609
611
607
606
610
610
609
608
608
609
610
608
608
609
606
606
608
612
610
612
615
621
619
618
620
619
617
616
614
616
617
617
615
615
615
613
612
607
609
611
607
610
616
616
612
616
621
621
617
615
614
613
608
609
609
608
603
606
603
602
601
601
602
600
600
602
608
605
607
610
613
610
610
608
613
609
609
606
613
610
609
610
611
613
609
612
616
615
610
611
615
611
613
609
609
609
604
606
610
611
610
605
601
601
597
594
593
615
618
616
618
616
616
622
621
624
624
621
621
620
619
618
614
615
611
612
610
609
608
612
612
618
615
619
623
631
630
630
632
634
635
629
629
628
629
627
625
626
625
624
621
624
623
625
625
623
620
624
624
619
624
622
624
621
625
625
625
640
636
640
634
642
634
635
630
633
628
628
623
623
620
622
617
625
625
623
625
627
629
631
629
632
631
631
627
628
635
629
628
627
628
628
623
624
624
623
619
619
618
618
615
616
615
615
616
623
618
621
619
622
623
620
619
618
620
624
617
611
609
604
600
599
597
593
592
589
591
585
590
588
588
593
590
586
586
587
586
582
579
578
569
569
566
566
560
559
563
563
560
562
563
567
563
571
575
572
575
578
576
578
578
581
577
575
573
572
572
570
573
568
567
563
562
563
560
560
553
552
551
546
551
550
550
546
548
550
546
547
545
547
545
543
545
546
542
542
541
542
541
539
540
538
540
537
535
537
534
531
533
533
531
529
526
530
528
526
525
529
529
526
526
525
526
527
524
527
527
527
523
525
526
522
523
526
522
521
522
522
521
517
518
520
518
515
514
518
515
511
514
516
514
511
513
514
513
509
513
512
508
510
512
507
505
508
508
506
504
506
507
502
505
506
502
502
504
504
502
500
502
500
500
501
502
500
500
502
497
500
500
499
497
500
500
497
496
500
497
496
497
496
498
494
496
498
497
492
499
495
495
493
495
494
492
493
495
493
489
492
493
489
489
492
492
489
488
491
491
486
488
490
488
486
487
490
487
485
487
488
485
483
486
488
485
483
486
485
483
482
486
484
482
481
487
490
487
487
487
488
490
485
485
488
485
484
485
486
484
483
485
485
482
484
488
485
483
487
488
489
486
490
491
490
492
496
494
497
495
500
500
500
500
503
503
502
502
506
504
500
506
510
509
511
508
513
513
511
508
510
511
507
507
510
510
507
510
514
509
512
514
516
511
516
523
520
521
521
521
521
522
516
522
521
519
519
525
523
528
528
528
535
543
536
540
537
542
541
543
546
541
543
541
543
541
539
535
532
531
531
526
527
527
531
531
537
533
541
542
545
545
551
547
550
541
538
531
533
532
533
529
531
530
535
536
536
534
534
538
541
541
540
538
537
541
541
540
538
539
541
542
541
541
541
546
550
544
546
547
546
547
545
545
552
554
556
552
554
552
559
555
553
551
554
560
555
555
553
557
562
561
556
559
562
566
559
558
560
562
561
558
558
561
567
567
563
562
562
570
576
574
578
569
567
569
565
565
561
559
562
564
563
562
561
563
563
565
562
561
561
566
563
562
562
564
567
563
564
561
569
565
562
561
559
564
560
562
559
565
564
561
557
559
557
556
555
554
559
559
557
553
558
560
557
557
557
565
567
561
561
558
577
590
17
574
573
573
566
566
564
568
565
568
565
569
572
570
570
571
570
570
574
572
566
567
567
568
566
572
574
572
573
573
574
570
571
573
568
569
573
574
573
571
572
570
572
569
570
569
569
568
566
566
567
565
568
568
567
571
569
571
574
573
572
573
579
575
575
579
580
579
576
577
575
579
576
572
578
573
573
574
574
571
572
569
568
571
571
572
571
572
576
573
571
572
575
574
574
573
577
578
573
572
574
575
571
569
571
571
569
568
571
579
577
573
575
578
575
574
573
575
572
570
570
570
568
565
565
567
567
567
567
572
575
573
572
574
576
575
574
574
574
573
571
571
571
574
570
569
571
570
568
566
568
569
570
568
567
570
574
574
572
570
571
574
572
570
570
570
573
570
568
570
573
572
570
567
572
572
571
569
570
571
572
573
570
571
572
572
571
570
571
573
571
570
573
574
573
572
570
573
572
570
567
566
568
566
564
564
572
575
576
579
583
588
588
586
585
586
590
592
589
587
586
585
585
583
582
582
582
583
583
583
584
587
588
588
588
591
595
594
591
591
592
596
597
591
594
595
595
592
591
592
594
591
590
594
592
591
588
589
587
586
583
580
580
581
580
577
576
582
583
581
579
583
584
584
583
584
584
583
581
579
579
579
577
575
574
577
576
574
575
578
580
577
577
578
583
587
582
583
585
585
584
584
582
581
584
580
578
577
583
581
580
579
580
582
579
579
580
579
581
576
577
578
579
577
576
577
580
579
577
577
580
580
577
577
578
580
579
577
578
580
581
578
580
584
585
584
582
587
589
588
586
587
592
591
587
581
599
604
597
594
593
592
589
589
586
585
585
585
584
585
583
584
583
583
581
579
580
579
576
579
581
582
583
585
589
593
592
593
593
593
591
592
592
591
588
586
586
584
581
583
581
583
581
589
585
588
588
589
590
590
587
589
591
588
586
589
591
588
586
587
588
586
585
590
590
588
590
597
598
599
597
600
602
600
598
599
597
593
592
592
592
591
591
590
592
590
591
590
592
588
585
586
581
582
583
583
583
583
587
583
585
588
587
584
585
586
585
586
590
587
586
584
584
585
587
586
585
586
590
579
581
583
583
583
583
583
581
578
578
575
573
573
572
569
571
570
580
590
605
141
465
690
98
593
584
582
584
581
588
586
584
583
583
582
580
578
576
575
572
563
563
562
557
552
551
547
547
547
544
545
542
546
544
542
553
547
547
550
553
553
559
559
559
560
561
565
562
564
562
267
295
428
132
297
632
297
335
73
263
1028
759
269
1082
2975
1512
1463
3999
3999
3999

