06-12-2022 - 10:49 - Correr
LUDOMILA VASQUEZ
Intervalos entre latido y latido
710
174
537
89
448
534
661
207
455
473
569
737
72
665
782
299
483
725
194
531
178
353
580
136
444
765
761
271
491
21
470
777
278
499
685
703
761
316
445
462
709
796
217
580
582
129
453
647
186
461
470
37
434
708
244
465
703
51
652
115
537
779
26
753
848
345
503
791
26
765
166
600
83
518
554
696
740
59
681
817
162
655
187
469
593
778
138
640
643
181
463
672
135
538
780
314
467
468
832
217
615
747
785
234
551
75
476
611
143
468
627
160
468
717
725
68
657
825
136
690
207
483
734
24
711
736
280
456
608
132
476
666
159
508
569
641
86
556
759
120
640
845
57
788
148
641
892
317
576
576
103
473
743
48
695
209
486
735
290
445
688
709
213
497
778
824
172
652
679
99
580
59
521
46
476
605
162
444
458
521
40
482
579
99
480
565
738
89
649
160
490
795
807
308
500
898
262
636
624
866
249
617
153
464
931
410
522
128
394
501
44
458
659
41
618
133
485
709
220
490
717
951
182
769
281
489
634
186
449
637
680
758
186
572
961
290
672
700
226
475
755
131
625
695
221
474
836
105
732
799
811
242
570
635
174
462
457
710
775
777
55
722
40
683
752
149
604
862
157
705
154
551
750
281
469
783
128
655
62
593
727
751
106
645
199
447
446
489
667
772
82
690
718
288
430
478
614
770
756
132
625
149
476
733
789
299
490
750
115
636
139
498
734
255
480
611
758
764
298
467
716
259
457
757
750
66
685
777
62
715
708
188
520
655
670
76
595
600
118
483
497
730
717
1295
440
855
391
465
667
774
154
620
33
587
714
188
527
734
815
54
761
270
492
633
758
255
504
75
430
546
613
128
485
689
205
484
612
31
581
737
159
578
63
515
641
142
500
687
696
767
222
546
599
104
495
698
719
278
441
462
689
30
659
156
503
690
210
481
493
741
29
713
160
553
618
708
227
482
473
645
98
548
88
461
829
340
489
476
696
706
234
472
587
769
284
486
686
836
68
769
753
745
33
712
73
640
93
548
727
269
458
728
67
662
181
481
652
648
135
513
730
218
512
19
494
734
722
32
691
213
478
587
79
509
34
476
729
280
450
468
722
806
348
459
730
64
666
758
267
492
710
217
494
26
468
586
152
435
473
17
456
670
742
273
469
29
441
489
695
56
639
90
550
619
679
674
175
500
676
664
204
460
766
780
278
503
556
626
46
581
764
832
343
489
480
720
776
312
465
698
869
881
331
551
720
856
357
500
702
723
249
474
469
679
238
441
475
760
296
465
826
115
711
79
633
97
537
44
493
727
216
512
802
311
492
776
79
698
179
519
746
269
478
672
106
567
78
489
750
47
703
245
458
485
684
191
494
633
120
514
122
392
664
807
134
673
725
713
261
453
736
28
708
249
459
705
737
719
770
768
749
124
625
666
797
98
700
82
618
114
505
593
147
447
734
779
60
719
69
651
734
246
489
26
463
647
663
164
499
672
215
458
763
206
558
108
450
647
1003
336
668
47
622
26
596
719
99
620
802
265
537
720
239
482
644
229
416
472
561
33
528
516
954
239
715
59
657
124
533
45
488
1066
574
492
677
731
271
461
519
589
725
115
610
104
507
977
499
478
758
27
731
29
703
264
439
968
318
651
638
642
201
442
670
209
462
839
75
765
264
501
625
946
488
459
811
350
461
523
661
208
453
811
353
458
500
623
146
477
726
180
546
28
519
778
158
620
839
88
752
118
635
793
310
484
787
315
472
464
719
154
565
71
495
712
21
692
191
501
686
243
444
435
510
737
886
943
328
616
698
798
883
219
665
678
106
573
722
114
608
619
762
29
734
230
504
914
45
869
391
478
630
648
152
496
517
621
757
783
50
733
772
309
464
850
232
619
1026
424
603
830
368
462
587
115
473
632
133
499
555
716
193
524
737
56
682
176
506
748
797
305
493
686
62
625
118
508
672
680
734
235
499
606
118
489
721
173
549
732
237
496
709
105
605
96
509
505
689
216
473
699
707
198
509
502
83
420
476
681
897
961
499
463
751
38
714
213
502
562
720
238
482
769
55
714
213
502
25
478
469
708
724
778
296
482
764
123
641
35
607
34
573
801
236
565
559
580
33
547
702
882
188
695
734
202
532
89
443
461
449
445
437
14
423
708
777
313
465
734
274
461
456
23
433
460
472
492
691
204
488
787
286
501
514
668
126
542
572
664
720
250
470
74
397
508
46
462
461
518
704
230
474
603
696
703
715
259
457
692
157
536
96
440
430
449
476
708
223
485
734
210
524
563
104
459
454
47
407
455
470
649
143
507
46
462
598
156
443
433
590
134
457
726
226
500
53
447
41
407
474
547
90
457
749
301
448
458
793
334
460
845
285
560
708
908
506
402
668
203
466
33
434
793
330
464
834
305
529
88
442
662
774
23
752
295
458
797
351
446
475
32
443
512
708
202
507
70
438
18
421
688
251
437
451
626
783
29
754
310
445
553
607
682
183
500
54
447
630
26
605
167
438
524
765
315
451
450
741
280
461
469
23
447
752
248
505
626
216
411
448
14
434
633
646
198
448
678
194
484
711
213
499
785
352
433
800
362
439
14
426
430
466
652
210
442
451
637
651
211
441
457
449
666
218
448
16
433
652
86
567
628
129
500
54
447
447
599
155
445
20
425
733
287
446
584
654
222
432
457
444
699
39
660
144
516
874
208
666
82
584
21
564
116
448
718
138
580
18
563
105
458
713
827
842
385
458
22
437
437
728
22
706
215
491
47
445
37
408
709
281
429
499
637
639
190
450
457
637
156
482
15
467
602
162
441
633
676
261
416
450
68
382
562
690
755
204
551
550
808
74
735
103
632
175
458
594
660
697
156
541
103
438
14
424
724
55
670
778
331
447
505
668
191
478
30
449
23
426
431
444
663
723
274
449
437
427
35
393
424
434
433
559
733
254
479
688
230
458
592
123
470
468
684
770
170
601
39
562
96
467
24
443
1087
244
844
372
472
692
745
232
513
779
291
488
692
716
253
464
699
251
448
712
234
479
477
767
36
732
265
467
49
419
800
66
735
118
617
176
441
450
15
435
665
145
520
557
758
74
685
214
472
696
231
466
466
586
100
487
61
427
433
25
409
441
692
242
451
662
250
412
492
715
21
695
173
523
843
191
653
784
1063
409
655
138
517
18
500
857
207
650
670
941
356
586
642
127
515
678
206
473
698
231
467
666
136
531
75
456
568
75
494
581
603
103
501
702
766
272
494
687
205
483
649
165
485
50
435
426
630
749
731
116
616
663
749
261
488
722
134
589
622
96
526
42
484
637
159
478
477
467
26
442
733
76
658
766
24
743
272
471
699
217
482
717
105
613
145
468
39
430
710
125
586
124
463
731
50
682
204
478
721
180
542
649
109
540
662
736
280
456
776
67
709
776
81
695
93
603
678
139
540
66
474
594
153
442
604
98
506
518
642
689
227
462
500
619
625
683
160
524
718
247
472
601
133
468
700
245
455
449
495
1010
285
726
247
479
744
55
689
227
462
672
747
279
468
579
667
221
447
695
244
451
469
677
220
458
465
762
137
626
149
477
578
98
480
19
462
813
33
780
326
454
446
829
252
577
145
432
442
634
682
129
553
583
116
467
662
188
474
32
442
19
424
413
416
678
237
441
687
253
434
448
470
705
751
182
570
124
446
27
420
443
613
46
567
90
477
704
257
447
750
305
445
458
446
435
743
312
431
664
696
194
503
621
750
306
444
654
213
441
731
734
270
465
612
685
167
518
672
234
439
431
677
30
647
156
492
69
423
436
454
28
427
807
245
563
565
738
59
679
239
441
17
424
691
236
455
707
262
445
665
134
531
80
451
588
144
445
787
324
464
675
103
573
105
468
649
134
516
728
32
697
260
437
445
446
773
253
520
654
219
435
535
551
551
641
717
712
218
495
615
114
501
495
740
304
436
775
153
622
70
552
736
719
245
475
625
758
759
314
445
585
772
334
438
751
277
474
735
288
447
627
744
288
456
455
648
210
438
466
616
164
452
698
73
625
152
474
729
267
462
473
468
853
190
663
216
447
28
419
447
541
106
435
647
731
260
471
522
656
144
513
551
635
145
491
748
281
467
735
745
279
466
1004
535
470
576
107
469
29
440
432
732
734
236
498
38
460
757
130
628
760
269
492
641
101
541
532
732
265
467
20
448
709
244
466
21
446
462
657
197
460
695
247
449
455
45
410
460
668
201
468
740
875
384
492
27
465
676
754
29
726
256
470
759
108
652
658
704
100
604
760
185
575
633
91
542
815
333
483
18
465
472
715
212
504
787
314
474
15
459
782
324
458
465
459
808
337
472
646
169
478
20
458
526
716
233
484
471
494
597
820
359
462
743
213
530
672
107
566
110
456
790
291
499
487
481
484
852
81
771
221
551
91
460
461
786
302
484
475
499
771
252
520
529
704
249
455
670
751
89
663
184
479
708
170
538
577
607
135
473
480
625
126
500
34
466
513
833
374
459
474
465
489
780
160
620
121
499
25
474
468
806
322
484
15
470
738
783
307
476
750
792
321
472
541
65
476
718
239
480
644
791
215
577
96
481
23
458
17
442
676
697
40
657
104
554
99
455
657
203
455
27
428
501
33
468
734
292
443
458
518
56
462
460
26
435
755
300
456
15
441
665
189
476
465
463
542
94
449
24
426
723
198
526
76
450
641
106
535
62
473
34
440
479
45
435
582
649
173
477
472
24
449
473
466
781
299
482
143
339
609
135
475
461
453
19
434
119
316
636
191
446
451
732
299
434
450
649
648
166
482
29
454
15
439
446
624
157
467
694
335
359
564
84
481
16
465
456
478
696
219
477
477
39
439
441
446
440
471
652
195
457
524
600
117
484
28
456
67
389
565
231
334
616
175
441
440
67
373
514
74
441
469
602
191
411
434
451
439
443
433
451
442
453
16
437
509
25
485
19
466
473
695
212
484
40
444
435
424
427
40
388
549
109
441
450
17
434
441
448
447
439
33
407
448
453
458
23
435
447
718
253
466
23
444
28
416
647
167
480
718
241
478
30
448
441
783
76
707
190
517
730
780
352
428
454
14
440
14
426
422
422
436
45
391
580
92
488
57
431
517
79
439
738
67
671
181
491
24
467
29
439
445
30
415
463
475
558
97
462
452
439
725
225
500
488
655
751
268
484
473
577
144
433
464
20
445
437
476
20
457
445
441
445
671
234
438
474
21
454
507
52
456
36
420
420
422
430
438
473
484
693
255
439
495
91
404
442
454
763
256
508
54
455
444
443
434
448
664
32
632
179
454
467
460
489
16
473
475
23
452
654
153
502
625
217
408
451
444
26
418
522
564
75
489
48
442
457
462
588
115
474
492
19
474
31
443
18
425
634
94
541
662
66
596
56
541
111
431
423
13
411
457
796
256
541
104
437
444
458
483
576
587
120
468
749
447
302
666
197
469
27
443
455
677
80
598
771
369
402
578
294
285
646
199
447
99
349
507
71
437
429
427
496
38
458
535
109
426
429
508
50
458
14
444
824
340
484
18
466
44
423
98
326
801
331
471
26
446
479
524
75
450
438
439
453
23
430
457
710
186
525
651
143
508
77
432
663
152
511
66
446
435
425
432
438
445
441
438
448
438
455
451
15
436
435
427
542
554
96
459
27
433
707
244
463
458
16
443
636
166
470
22
449
460
17
444
440
437
438
475
472
471
477
44
433
422
417
443
466
27
440
456
685
23
662
144
518
723
210
513
45
469
31
439
430
484
470
32
439
459
629
85
545
139
407
423
424
437
425
424
581
623
148
475
31
445
488
29
459
677
179
499
51
448
453
721
35
687
240
448
23
425
434
449
22
427
634
167
468
476
647
191
457
490
44
446
457
452
445
529
605
140
466
22
444
481
31
450
28
422
435
635
70
565
654
199
455
677
230
448
464
689
207
483
47
436
457
27
430
424
752
244
509
57
453
492
686
155
531
79
453
22
431
421
433
429
432
15
417
436
431
456
459
634
118
517
66
452
445
18
427
464
16
449
453
442
695
114
581
726
225
501
543
750
278
473
474
24
451
27
424
444
448
452
26
426
891
421
471
495
51
444
487
64
423
502
17
486
32
454
21
433
423
425
417
661
203
459
448
438
476
482
470
465
28
438
425
435
451
468
456
461
28
433
676
119
558
31
527
40
488
40
448
439
450
20
430
474
24
450
591
151
441
788
286
502
516
73
443
453
24
429
433
448
463
17
447
448
682
240
442
457
16
441
690
248
442
469
30
440
832
365
467
692
108
584
121
464
49
416
423
417
444
436
682
184
498
65
433
428
475
716
257
460
666
126
540
102
438
599
654
198
456
33
423
430
467
33
435
503
46
458
23
435
447
26
421
471
497
498
76
422
415
413
427
425
419
451
483
40
444
61
383
406
444
733
263
471
17
454
497
23
474
20
454
25
429
454
545
607
650
135
516
53
463

