25-08-2022 - 9:49 - Correr
Viviana Garcia
Intervalos entre latido y latido
992
992
1014
1018
1018
1025
1027
1025
1020
1025
1033
1030
1026
1043
33
1011
1024
1025
1030
1024
1001
1009
1011
1011
1007
995
994
1016
1002
987
1000
1010
1006
1010
996
1013
997
1019
1023
1035
1027
1042
1049
1035
1034
1053
1067
1068
1054
1055
1079
36
1043
1049
1064
1041
1059
37
1023
1019
1036
1041
1041
1023
1019
1028
1030
1033
1023
1019
1008
1025
1026
1014
1011
1026
1013
1023
1013
1045
1032
1032
1035
1043
1041
1031
1030
1035
1048
1053
1061
1039
1028
1025
1043
1039
1039
1044
1055
1039
1013
1017
44
974
986
1008
1000
991
989
1017
1007
1013
1019
1022
1014
1020
1035
1031
1028
1032
1045
1034
1028
1036
1034
1030
1051
29
1023
1021
1012
1022
1017
1018
1034
1022
1006
1003
1005
1009
1036
1022
1009
994
1012
994
999
27
972
977
1005
1014
1024
1000
1020
1025
1051
1052
1058
46
1012
1010
1040
1038
1030
1033
1022
1032
1027
1011
1004
1027
1026
1010
1002
1017
1004
999
1001
1008
1018
1006
1011
1021
1005
1005
1054
34
1021
1016
991
989
1003
996
1002
996
982
990
991
998
1006
996
1023
1023
1023
29
995
1012
1015
1025
1021
1004
1011
1013
40
974
976
979
981
997
983
970
986
986
995
999
995
991
1005
1017
1022
1018
1025
1022
1006
1008
1007
1023
1019
1027
1018
1010
1022
1027
1027
1017
997
998
1018
1020
1011
989
999
1009
1011
1020
1017
997
1005
1028
1009
1039
34
1005
1004
1007
1023
1030
1020
1025
1013
1020
1041
1048
1042
1041
1040
1032
1025
1020
1027
1026
1030
1025
1020
1019
1022
1011
1013
1022
1023
1033
1035
1028
1044
1019
1020
1051
1048
1047
28
1020
1017
1030
1014
44
971
960
960
1005
994
1000
1010
1024
1015
1018
1020
1003
1009
1035
1025
1027
1043
1047
1050
1046
1038
1027
1020
1008
1033
1033
1035
1024
1005
1001
1019
1006
1017
1009
992
995
1002
1010
1003
987
993
1015
1022
1003
1028
1032
1047
1023
1040
1056
1080
52
1029
1037
1064
1047
1053
1050
1028
1018
1029
1021
1023
1022
1028
1020
1004
1026
1004
1018
1027
1029
1028
1006
997
1031
1034
1036
1024
1011
1025
1042
1061
1057
31
1027
1026
1030
1036
36
1000
1004
1016
1009
1009
988
985
992
1013
1000
1007
1011
1011
992
994
995
1008
1016
999
1006
1000
1033
1027
1013
1009
1028
1032
1026
1034
34
1000
27
973
999
1026
1009
1016
1030
1035
1029
1029
1050
1035
1035
1045
1023
1030
1024
1025
1032
1041
1040
1044
1037
1028
1039
1032
35
997
992
1024
1036
1020
1015
1008
1003
1013
1022
1017
1020
1000
1009
1026
1015
1005
1003
1000
1000
1010
1013
1018
1017
998
989
995
1000
977
961
959
967
975
994
991
977
981
980
999
994
997
989
986
994
1000
998
1009
999
1015
42
974
971
976
960
965
961
944
926
943
975
984
1014
1010
1005
998
1003
1029
1014
1000
1022
1014
1005
997
997
990
1008
994
1002
987
986
992
1000
991
1004
1003
1001
1006
987
990
1017
1003
1007
1010
1024
1008
1014
991
1000
1010
1005
996
1011
1000
1006
1000
1004
1008
1025
1020
1000
991
983
1008
991
990
978
974
984
980
981
980
972
976
982
983
978
998
1007
996
997
1007
1012
1005
1017
1001
1007
987
1005
1019
1015
995
1005
1042
47
996
1024
1006
1005
1011
1000
991
977
1012
1000
1003
992
985
991
1008
1006
1005
988
1016
1014
32
983
1004
1009
1002
997
993
983
984
976
978
964
986
972
964
962
964
969
26
943
966
945
964
987
996
988
968
958
974
978
960
1001
1005
1015
1033
1034
1019
1004
1008
1026
1019
1031
1023
1020
1013
1007
1033
1022
1033
1047
1044
39
1006
1000
1029
1024
1017
1012
988
1003
990
1006
1007
1001
999
1016
30
987
990
996
1008
1017
1013
1017
1046
45
1002
1002
1023
1023
1035
1029
1005
1017
1013
30
983
1006
1001
1000
979
983
1000
999
991
997
1006
1043
52
992
989
1004
1012
1008
1016
1022
1002
1005
1022
1026
1021
1046
1021
1006
1004
989
1009
994
997
976
978
1000
1002
1019
1006
1002
987
989
1008
997
993
989
1003
1021
1016
1013
1019
1018
1035
1029
1017
1030
1031
1012
987
1000
1004
1001
1005
1001
993
1004
1012
1010
1011
1022
1020
1037
1015
1007
1025
1018
1014
32
983
972
980
1003
998
1000
997
1000
977
984
356
629
1379
374
1006
1016
32
985
997
990
1000
1010
1019
1023
1010
1013
1002
1039
1031
1045
1050
1053
1056
1041
1033
1025
1049
1029
1052
1050
1057
34
1024
1026
1045
1046
1059
36
1024
1034
1033
1036
1052
1050
1052
1035
1047
1038
1045
1047
39
1009
1029
1029
1027
1006
1023
1005
997
1044
1040
1046
1047
1030
1058
41
1017
1013
1031
1026
39
987
965
981
987
984
990
976
971
992
991
991
994
983
985
982
957
962
993
988
988
982
981
1011
1001
1001
1002
981
983
1007
996
1001
993
1007
982
977
1006
999
999
1003
1014
32
983
1014
1015
1015
1009
27
983
972
968
1001
986
1002
1006
1043
1060
1053
36
1018
1042
1034
1018
1047
1033
1023
40
984
984
1011
1020
1017
991
983
999
1008
1013
992
1007
1017
1038
1041
1033
1048
1065
59
1007
990
1004
1023
1040
1015
991
1048
1040
1030
1020
1021
1040
1041
1034
1035
1031
1006
1022
1040
1031
1025
1043
1037
1015
1014
1040
1043
1034
1037
1026
1000
1030
1025
1022
1047
46
1001
1004
1014
1016
1012
997
1023
1025
1014
994
990
993
993
991
1007
984
987
973
993
988
1033
1046
1055
28
1028
1012
1039
1019
1039
1041
1038
1023
1038
38
1000
1006
1034
1016
1021
1028
1041
1031
1014
1002
1012
1011
1012
1017
1043
33
1011
1031
1020
1029
1031
1027
1016
1031
1029
1027
1025
1038
1037
1030
1049
1032
1029
1005
1002
1031
1019
1012
1037
43
995
997
1029
1023
30
994
1024
1036
1019
1009
1017
992
1027
1018
1030
1024
1033
36
997
999
1039
1033
1044
1037
1014
1020
1069
34
1035
1027
1038
1015
1018
1044
1041
1042
1032
1049
1043
1050
35
1015
1007
1023
1049
1049
1045
1060
41
1019
1042
1058
1065
1078
1053
1043
1067
1066
1061
1043
1078
30
1048
1053
1047
1024
1010
1017
1032
30
1002
1019
1015
1029
1020
1011
995
991
991
967
972
982
999
988
996
992
989
1019
29
991
27
964
983
995
988
997
1009
988
986
988
993
974
995
996
1002
1000
1013
1019
993
989
1021
1019
1015
1030
1029
1028
1032
1058
1063
1050
1039
1044
1057
1077
1082
1072
1090
1066
1077
1065
1045
1052
1076
1048
1036
1013
1001
1041
1038
1032
1040
1015
1035
1039
1052
1040
1013
1004
1022
1041
1041
1041
1030
1023
1007
1031
1039
1026
30
997
1039
1041
1041
1061
1057
32
1026
1045
1073
1073
1071
1061
1054
1045
1041
1031
1051
1048
1042
1047
1053
1043
1048
1045
1045
1023
1015
1014
1016
1028
1036
1016
1030
1051
1048
1062
1062
1054
1036
1025
1014
1033
1038
1024
1021
1039
1037
1052
1034
1029
1010
1006
1009
1016
1021
1041
1038
1017
1000
1015
1023
1017
1026
1000
1003
1033
1057
1060
1066
1079
1085
50
1036
1051
1075
1083
1083
1073
1045
1066
1056
1044
30
1015
1052
1044
1044
41
1004
1017
1023
1027
1036
1030
1035
37
998
998
1044
1026
1024
1021
1022
1027
1024
1025
1054
1038
1057
1046
1022
1011
1018
1039
1036
32
1004
1000
1038
1032
1031
1013
1010
1039
1062
39
1023
1052
1062
1056
1083
1093
1069
1047
1041
1070
1067
1064
1053
1042
1064
1064
1046
1056
1053
1041
1026
1025
1058
39
1020
1035
1038
1041
1036
1028
1016
1012
1013
1042
1035
1045
1047
1031
38
993
1023
1020
1018
1015
998
29
969
958
990
988
1000
988
1031
1029
1015
1007
1008
1040
1058
44
1014
1041
1041
1043
38
1006
1007
994
1023
1029
1035
1034
1033
1010
1010
1049
1055
1058
49
1010
1046
1038
1052
1059
1044
1040
1045
1027
1005
1008
1033
30
1004
991
997
1018
1051
1041
35
1006
1008
1050
37
1014
1062
1067
1056
1042
58
985
1003
1016
1011
1025
1033
1033
1055
1063
1066
1052
1052
1074
1102
65
1038
1019
52
967
975
26
950
108
842
920
914
940
929
40
890
897
880
864
857
32
825
850
41
809
803
795
813
793
800
810
802
798
798
798
805
811
794
792
789
797
820
835
825
843
854
849
849
849
877
890
891
872
881
874
878
872
880
31
850
875
859
871
857
863
875
856
862
882
26
857
855
871
38
833
847
857
835
836
844
835
822
822
830
826
821
827
824
821
829
818
814
812
816
812
821
811
827
826
823
828
825
817
814
819
816
25
791
795
803
799
805
804
794
807
808
814
805
804
810
793
26
768
800
804
787
780
792
791
782
791
809
814
825
813
822
827
830
825
836
835
820
822
834
848
835
854
865
845
871
883
870
871
879
886
874
872
859
849
853
861
862
854
859
864
865
862
845
859
872
856
848
857
855
856
839
860
870
867
849
869
878
873
873
874
869
868
886
879
880
869
882
876
880
892
884
875
875
881
894
899
32
868
888
909
900
876
869
872
872
870
866
875
882
892
881
904
905
934
49
886
891
925
28
898
907
937
936
925
928
906
898
910
40
870
874
889
884
876
866
883
888
872
884
897
914
899
905
901
904
922
909
893
911
921
923
906
922
927
935
919
900
916
928
922
907
922
921
946
29
917
927
920
918
919
902
904
882
887
28
860
869
881
28
854
849
850
848
835
854
852
833
844
839
830
826
828
817
827
838
854
843
849
846
870
855
836
863
857
840
841
840
844
824
831
820
827
834
830
816
837
835
814
834
838
25
814
837
840
828
843
851
849
843
875
888
891
874
895
897
881
889
880
28
853
866
886
25
862
861
874
884
878
865
874
885
885
882
885
893
898
896
903
915
925
926
911
907
919
942
956
940
40
901
929
953
958
947
941
949
957
953
938
951
969
955
31
925
943
961
958
943
976
969
29
941
961
995
28
967
958
984
986
961
945
938
921
899
943
33
910
909
956
44
912
920
966
984
34
950
966
994
984
978
1004
1005
36
970
975
994
1002
995
983
996
1004
31
974
993
1018
1020
39
981
998
1028
1018
1000
32
969
1002
1000
1000
35
966
991
1000
1000
975
995
1008
1020
1024
43
982
1004
1038
1032
32
1000
1010
1045
48
998
1010
1027
39
988
33
955
990
987
29
958
967
981
963
970
1017
1039
35
1005
1041
1054
1049
34
1016
1037
1051
1063
1050
1024
1027
1043
1043
1018
1042
1061
1059
36
1024
1041
1072
1075
1063
1037
1055
1055
1030
1055
1065
1053
1039
1036
1060
1063
1053
1049
1029
1047
1043
1027
1029
1028
1019
1021
1006
1021
1043
1045
1038
1035
33
1002
1038
1037
1034
1049
1031
28
1003
1029
1036
1049
1043
28
1016
1007
1020
1015
1008
1026
1031
1035
1013
1019
1039
1046
1039
1015
1030
1043
1046
1019
1019
1027
1035
1034
29
1005
991
1017
1019
1025
1012
1018
1023
1050
1044
1040
1015
1029
1058
1067
1043
1057
46
1012
1012
1007
1003
992
985
996
1005
1002
1009
37
973
1008
1009
1006
1000
1023
1038
1028
34
995
1004
1000
998
980
985
981
989
980
960
966
972
982
967
27
940
965
945
944
949
965
972
29
944
959
985
972
968
37
932
958
970
970
959
35
925
946
958
958
968
963
36
928
953
965
946
957
938
943
933
919
923
54
870
875
868
922
911
918
903
913
907
900
882
904
899
878
886
899
878
884
904
889
894
899
894
878
885
896
877
864
884
875
864
869
878
893
885
875
895
1013
993
979
49
930
995
974
981
973
982
973
979
965
951
939
940
940
30
911
923
928
916
918
914
903
908
924
915
927
928
26
903
899
36
864
900
908
893
900
905
893
26
867
876
865
883
893
872
874
897
875
881
890
895
881
886
902
915
26
889
897
918
910
904
931
932
939
923
931
958
951
954
951
967
957
953
967
964
942
955
958
958
954
947
958
967
965
946
950
967
954
958
950
964
976
984
959
970
994
974
977
984
990
992
967
986
992
995
1004
1012
1016
994
1023
1026
1038
1038
1043
1043
1039
1033
1019
1032
1032
1028
1016
1020
1029
1015
1000
1006
1015
1010
1005
1025
1022
1013
1002
1001
1007
1012
991
1003
1021
1012
1010
1011
1009
1020
1020
1011
1046
1042
1034
1015
1039
1051
1038
1026
1044
1051
28
1024
1055
1048
37
1012
1012
1041
1026
1024
998
1000
1018
1019
1002
1014
1022
1025
1064
51
1014
1009
1036
1040
1030
1021
1055
1056
1054
1034
1047
1045
1041
1058
1035
1039
1050
1042
1020
1047
1031
1023
1041
1039
1039
1050
32
1019
1029
1046
1035
1056
1050
1032
1043
1055
1056
1078
44
1035
1032
1061
1047
1055
1054
28
1027
1047
1035
1038
1024
1024
1028
1039
1021
1019
1023
1011
1005
1003
1011
1006
1012
1005
1027
1026
1022
1020
1016
1031
1036
1035
1049
1049
1036
1043
1073
32
1041
1043
1031
1031
1029
1033
1053
35
1019
1024
1030
1031
1039
1039
1044
1042
1064
1041
1032
1054
1052
1057
1035
1018
1058
1037
1023
1023
1036
1046
1034
1024
1040
1043
1017
1044
1045
1053
1047
1052
1054
1032
1024
1059
1039
1034
1042
1052
1061
1065
1049
1045
1056
1047
1048
1043
1067
1055
1052
1034
1045
1061
1042
1046
1036
1034
1074
35
1039
1026
1030
1049
1052
1033
1037
1021
1021
1041
1047
40
1007
1002
1021
1054
1031
1043
1045
1044
1059
1042
1053
36
1018
1015
1026
1024
1023
1030
1021
1019
1050
1031
1024
1026
1020
1059
1057
1048
1035
1034
1066
1072
38
1035
1058
1063
1052
1059
1038
1035
1061
1060
1051
1032
1039
1056
1043
1042
1042
1026
1038
1046
1058
1038
30
1008
1006
1002
1010
1017
1027
1024
1013
1019
1047
1046
1048
1033
1058
1056
1042
1044
1027
1016
1053
1038
1040
1039
1036
1043
1037
1029
1050
1027
1050
1045
1040
1038
1041
1031
1038
1044
1041
1039
1054
1044
1040
1037
1043
1052
1045
1034
1030
1043
1026
1041
1016
1033
1027
1034
1031
1018
1014
1020
1026
1021
27
995
1007
1016
1021
1031
1024
1030
1007
1034
1038
1033
1047
1049
1082
41
1041
1054
1057
1071
1069
1054
1053
1042
1050
1057
1042
1060
38
1023
1017
51
967
1005
1015
998
1070
1060
39
1022
998
990
992
993
989
968
963
998
43
955
935
946
961
966
965
966
966
952
950
944
926
984
995
988
1046
1058
1063
43
1020
995
1037
1036
1042
1017
998
1020
1020
1020
1026
1008
1009
1043
1031
1041
1048
1047
1057
1078
1073
38
1035
1037
1071
39
1033
1017
1020
1022
1013
1033
1026
1030
1017
995
1013
1004
1007
1013
1000
1001
1012
1011
1028
1017
1022
1017
1045
1043
1041
1029
1034
1057
1056
1050
1057
1058
1042
1055
1056
29
1028
1056
1044
1044
1031
1076
1066
1053
1039
1065
1055
1046
1034
1021
998
1011
1004
1034
36
999
1002
1031
1018
1015
1032
1033
30
1003
1047
1040
30
1010
1029
1031
1059
1048
1042
28
1015
1005
995
32
963
950
965
34
932
930
943
934
923
951
968
1043
1018
1016
993
1024
1038
1065
1058
1060
1074
29
1045
29
1017
1045
1044
1046
1040
1037
1027
50
977
984
1014
1003
1004
1001
1010
1017
999
989
1015
1009
987
987
1013
1016
29
988
1003
1019
1023
1008
1002
1006
1018
1013
1023
33
990
980
1005
991
971
996
1002
1021
34
988
986
996
991
1020
1006
1002
996
1023
1019
998
1000
1021
1028
1031
1039
44
995
1029
1028
1033
1015
998
1007
1034
1020
32
988
1023
1022
34
989
996
1019
1024
1015
1021
28
993
989
1009
1021
1030
1013
1000
1025
1028
1027
1007
1051
1033
1039
1024
1028
1033
1043
1018
1024
1037
1041
41
1000
1028
1043
42
1002
1036
1056
1057
1051
1034
29
1005
1019
1031
1040
28
1012
1010
1041
1040
1040
1021
1009
1039
1034
1046
29
1018
1054
1060
1064
1056
1029
1023
1029
1046
1056
1063
1050
1024
1002
1023
1026
1019
994
1020
1018
1023
1012
1017
1032
1029
1028
1007
1048
1034
1033
1044
1041
1068
1060
1053
1056
1040
1055
1056
57
999
995
1007
1002
1024
1023
1006
998
1018
1035
1017
1000
1014
1032
1009
1011
1030
1035
1038
1042
1049
1039
1035
1043
1047
1063
1057
1068
1061
1046
1040
1048
1060
1058
1064
1050
1036
1038
1041
1050
1038
28
1010
1017
1060
1046
29
1018
1027
1054
1048
1054
1046
1032
1030
1044
1061
1040
1063
1037
1015
1026
1047
1058
1032
1045
1072
1076
45
1031
1053
1064
32
1033
1020
1004
1019
1026
1002
1012
1054
1055
1041
1067
1076
1070
1059
1098
1097
1088
1084
1105
1127
1118
1123
61
1062
1079
1069
1050
1055
35
1021
30
991
66
925
942
995
986
978
996
29
967
952
956
961
946
929
925
925
921
917
916
914
907
916
918
916
913
913
917
921
931
945
947
939
936
944
920
937
925
908
922
922
906
897
911
919
914
894
898
902
878
872
873
870
856
864
856
859
864
846
856
859
867
868
852
867
864
871
887
897
879
898
26
872
890
24
867
874
862
860
870
856
853
844
869
861
868
898
893
872
892
880
890
877
891
880
873
857
851
870
858
852
859
842
843
862
846
844
849
25
825
848
836
23
814
849
29
821
812
830
813
825
812
828
837
843
837
30
808
832
842
28
815
832
838
27
812
822
825
820
25
796
813
812
831
24
807
806
808
798
802
789
791
785
789
799
786
810
807
797
788
839
819
27
792
828
819
834
875
868
881
895
881
880
877
873
889
32
858
862
880
881
875
858
868
885
879
882
929
923
929
973
66
908
929
980
27
953
935
922
958
969
969
945
1000
35
966
966
36
931
976
960
30
931
978
972
33
940
971
983
36
947
947
996
990
48
942
973
1011
1003
31
973
1011
1032
60
973
985
1025
1036
46
990
1000
1054
1052
53
1000
998
1042
1049
1040
1029
47
982
1019
1051
52
1000
1020
1053
36
1018
1033
1075
1065
53
1012
1031
1046
1063
41
1022
1079
31
1048
35
1014
1017
1000
1037
1062
1099
64
1035
1073
1057
1042
1085
1114
73
1041
1075
1055
1040
1099
53
1047
1063
1105
1081
1090
1113
1121
46
1075
1096
1126
1118
30
1088
1084
1089
1088
1099
1095
1096
45
1052
1087
1094
1090
1080
45
1035
1063
33
1030
1046
1045
1020
1056
1060
1057
1041
1030
1067
1041
1049
1057
1057
51
1007
1032
1032
1039
30
1009
1051
1037
1019
1002
1000
1016
1049
1053
1033
1077
34
1043
1045
1064
1046
1034
1048
1045
28
1017
1051
1057
1039
1038
1071
1067
1052
1064
1093
1083
1069
1095
34
1061
40
1022
1042
1095
1108
1107
1087
1110
1135
1125
1115
1105
1137
1125
1119
1105
1110
1126
1125
37
1088
1094
1097
1115
1099
1096
1081
1078
1101
1101
1084
1071
1079
1096
1096
1111
1103
1100
1109
1114
1107
1105
1108
1125
1131
53
1079
1070
1103
1094
1078
1057
1067
1090
1074
1058
1040
1059
1062
1042
1060
1078
1097
1091
1071
1083
1088
1082
1068
1100
1075
1069
1077
1084
1088
1073
1048
1055
1056
41
1016
1044
1056
50
1007
1022
1042
32
1011
1015
1051
1058
1038
1067
1055
1071
1074
1081
1070
1088
1071
1104
1112
1102
1095
1079
1084
1083
1071
1063
1058
1056
1032
1031
1046
1035
1044
1041
1036
1039
1021
1026
1041
1020
1000
1004
1026
1028
1061
1063
1083
34
1050
1055
1063
1049
1032
1041
1048
1035
1041
1047
1070
1082
46
1036
1051
1057
1052
1048
1035
1055
1062
1071
1087
1068
1056
1037
1062
1075
1056
1049
1062
1099
1078
1092
29
1063
1062
1070
1092
1081
1081
1075
32
1043
1029
1027
1023
1046
28
1019
1014
1018
1002
1027
1050
38
1013
1035
1044
1043
1035
1028
1037
29
1008
1008
1007
1010
985
1003
1002
1014
30
985
993
998
1013
1028
37
991
981
998
1013
1035
1032
40
992
1018
1039
1046
1055
43
1012
1018
1043
1040
1022
1026
1077
1056
1073
33
1041
1061
1063
1059
1054
1055
1055
1056
1053
1069
32
1038
1042
1058
1053
1055
1039
1051
1072
1070
1081
1066
1053
1049
36
1014
1014
1015
1011
30
982
982
984
998
991
982
970
992
991
1011
1013
30
983
1014
1017
1007
1017
1037
1024
1041
1066
1051
1048
1054
1048
1049
1060
1073
45
1028
1052
1032
1036
1030
1029
1041
1043
38
1006
1021
1042
1027
1028
34
995
1031
1012
1022
51
971
974
997
1000
998
981
985
992
995
994
987
1014
38
977
984
986
38
948
947
975
962
951
957
35
922
949
931
922
907
26
881
28
854
859
853
873
913
961
980
45
936
931
936
945
957
958
975
966
970
971
954
959
954
957
967
34
934
948
941
950
972
989
982
971
982
984
1012
1011
1017
36
982
964
971
981
967
982
987
965
978
972
27
946
979
998
1002
32
970
1015
1019
1004
1003
1022
1040
1021
47
974
1003
991
1006
1026
1027
1004
1005
1029
1041
1045
32
1014
1001
1030
1050
38
1013
1027
1049
1038
1021
1024
1002
998
998
30
968
985
29
956
3999
3999
3999
3999
3999
3999
3999
3999
3999
3999
3999
3999
3999
3999
3999
3999
3999
3999
3999
3999
3999
3999
3999
3999
3999
3999
3999
3999
3999
3999
3999
3999
3999
3999
3999
3999
3999
3999
3999
3999
3999
3999
3999
3999
3999
3999
3999
3999
3999
3999
3999
3999
3999
3999
3999
3999
3999
3999
3999
3999
3999
3999
3999
3999
3999
3999
3999
3999
3999
3999
3999
3999
3999
3999
3999
3999
3999
3999
3999
3999
3999
3999
3999
3999
3999
3999
3999
3999
3999
3999
3999
3999
3999
3999
3999
3999
3999
3999
3999
3999
3999
3999
3999
3999
3999
3999
3999
3999
3999
3999
3999
3999
3999
3999
3999
3999
3999
3999
3999
3999
3999
3999
3999
3999
3999
3999
1468
970
963
973
958
992
1009
1012
990
1002
29
974
975
971
36
935
957
33
924
919
919
919
920
917
901
31
871
854
869
868
858
879
885
893
905
882
894
891
891
891
883
892
892
883
888
902
922
43
880
881
889
892
884
30
855
865
869
33
836
841
858
27
832
837
850
833
837
843
829
847
852
831
839
856
855
844
853
848
848
848
868
862
844
861
865
858
864
893
874
887
874
884
900
878
885
893
898
906
918
29
890
899
922
918
930
26
904
925
30
895
894
900
907
920
909
896
931
923
32
892
892
35
857
869
851
842
843
828
831
841
27
815
833
822
817
819
816
829
829
815
829
825
815
824
824
833
835
31
804
809
825
811
821
801
806
806
818
800
805
827
817
824
822
822
832
816
826
811
826
838
23
816
819
831
824
820
820
824
835
848
841
828
809
834
898
902
46
857
854
846
863
841
835
830
820
805
806
803
793
794
786
791
800
794
783
789
806
828
808
824
853
841
836
835
817
808
847
862
846
866
901
923
900
917
948
949
931
955
950
926
952
955
44
911
927
947
927
917
949
939
916
935
958
42
917
912
915
948
26
923
963
945
30
916
941
961
960
26
935
970
982
37
946
956
1003
46
958
961
993
969
949
973
976
34
943
949
970
960
948
980
981
32
949
971
994
46
948
935
952
953
946
949
983
992
972
996
1003
983
1012
1044
49
996
1024
1049
1024
1021
1062
1069
1041
1073
1075
1061
1050
1077
1075
1054
1086
1079
29
1050
1085
1098
1077
1076
1101
1085
1079
1093
1096
38
1059
1086
1091
1098
1109
1091
1093
1088
1078
1118
1099
1094
1093
1095
1079
1063
1111
1116
34
1083
1060
1093
1102
1079
1076
1116
1118
1090
1100
1126
1132
33
1099
1124
1139
1136

