01-12-2022 - 11:06 - Correr
XIMENA DURAN
Intervalos entre latido y latido
734
745
739
722
735
744
24
720
713
713
718
726
719
714
714
721
728
735
737
721
722
727
720
715
705
703
714
727
735
732
733
741
746
745
730
730
736
751
758
26
732
731
756
749
742
25
717
714
718
723
22
701
701
717
720
719
713
718
736
726
727
728
24
704
702
697
685
692
693
689
690
687
676
680
678
679
688
680
675
678
671
666
675
681
678
686
688
691
694
709
703
706
692
703
692
684
677
673
683
671
688
703
694
699
708
708
714
720
709
695
690
689
688
683
691
689
685
695
702
696
687
696
703
708
708
698
697
705
708
697
701
711
720
707
704
709
722
723
708
705
718
730
737
727
708
708
712
734
26
709
710
706
712
722
712
729
729
725
730
735
727
144
583
266
317
495
689
686
687
683
687
700
713
710
708
712
720
718
707
701
703
704
700
699
700
705
708
710
711
705
696
692
686
687
678
679
679
681
680
671
668
666
664
666
664
649
654
647
304
344
49
296
639
633
643
643
650
289
361
45
317
396
866
566
300
330
644
628
618
622
639
646
661
665
691
711
708
709
724
731
719
712
707
707
710
703
704
695
695
692
681
670
675
675
206
470
894
212
682
691
698
684
691
696
695
430
265
430
555
820
366
454
883
217
667
383
285
395
682
683
679
675
697
140
558
849
149
701
200
501
917
514
404
89
315
503
875
411
464
189
275
699
449
250
447
702
725
713
378
336
384
93
292
420
461
546
135
412
699
421
279
328
58
270
491
658
160
498
206
292
312
392
35
358
368
515
221
294
631
167
465
111
355
473
142
332
462
182
281
547
732
95
637
834
125
710
695
708
704
693
694
682
678
683
677
680
674
675
670
218
453
881
579
303
320
331
343
374
101
273
631
200
432
841
210
631
628
638
185
454
671
275
397
55
342
44
299
16
284
358
465
679
681
697
708
704
699
707
714
717
122
596
120
476
206
271
755
494
262
360
791
84
708
716
345
372
33
339
396
83
314
420
119
302
678
682
678
366
313
366
739
395
345
83
262
671
672
208
465
125
341
557
684
682
683
138
546
281
266
524
157
368
106
262
1332
688
645
640
646
649
132
518
814
147
668
363
305
351
670
206
465
852
569
284
361
35
326
345
377
51
327
34
293
351
384
861
206
655
43
612
328
285
3234
682
2552
2022
531
810
128
683
147
536
887
141
747
749
736
367
370
105
265
259
631
239
393
30
363
753
747
729
373
356
366
684
758
135
624
798
372
427
147
281
701
687
701
368
333
369
17
352
356
101
255
437
108
329
325
47
279
12
267
296
625
721
774
72
703
260
443
518
144
375
93
282
277
428
442
145
297
389
32
358
13
345
335
720
245
475
1179
749
431
477
621
678
966
610
357
711
436
276
380
59
322
312
779
504
275
1195
912
283
395
89
307
742
25
717
431
287
866
237
629
325
305
540
275
265
328
442
448
156
292
1344
1974
1323
652
665
213
452
871
197
674
684
293
392
89
303
689
403
286
410
427
147
280
337
381
86
295
423
86
338
403
151
252
477
476
965
261
705
1377
712
666
650
639
630
629
638
30
609
288
321
381
663
400
263
407
685
693
101
592
646
115
531
224
308
592
824
135
689
693
694
330
364
33
332
21
311
376
678
378
301
37
265
341
433
120
314
308
18
291
350
820
405
416
149
267
432
180
253
659
407
252
489
698
691
60
632
302
331
417
672
681
159
523
852
160
693
697
196
502
881
182
699
712
347
365
30
336
696
701
708
334
374
47
327
700
354
346
71
276
347
450
129
321
394
534
220
314
575
708
356
353
358
585
43
543
247
297
572
190
382
128
255
825
162
663
667
682
113
569
258
312
60
252
303
13
291
11
281
423
20
404
725
150
576
182
394
95
300
1482
442
1041
714
327
334
3999
3294
705
771
142
630
737
43
695
695
701
700
704
691
697
394
303
377
689
121
569
780
122
658
321
337
11
327
376
78
299
675
261
415
155
260
502
866
598
268
434
18
417
145
273
364
36
329
71
258
355
364
91
273
336
414
151
263
472
658
1321
652
669
315
355
37
319
679
685
690
702
140
562
596
253
343
609
338
271
445
727
385
343
356
348
419
118
302
27
276
939
178
761
201
561
191
370
29
341
60
282
273
288
838
378
461
67
395
605
692
366
326
358
39
320
327
71
256
257
881
549
333
940
175
765
73
693
231
462
927
248
680
354
326
361
23
339
356
376
56
321
66
255
444
687
431
257
253
481
1079
596
483
161
323
558
262
296
390
631
337
295
384
35
349
400
679
681
223
459
918
219
700
710
714
295
420
103
318
308
473
210
263
520
658
1531
655
876
1373
1944
1685
259
1917
1154
764
26
738
775
760
750
750
735
742
729
728
714
213
502
904
209
696
694
699
696
304
393
97
296
364
41
323
352
343
693
694
676
676
672
672
670
317
354
35
319
53
266
333
725
403
323
330
351
52
300
649
178
472
29
443
180
264
280
445
36
409
729
714
107
608
611
608
602
594
601
604
599
600
601
599
606
603
603
605
282
323
48
276
595
596
595
599
592
587
593
594
594
596
590
592
201
392
108
284
513
585
583
589
586
581
579
576
575
576
575
560
568
573
572
570
570
572
576
577
119
458
148
311
380
521
630
56
575
569
567
570
574
571
562
571
570
567
571
573
574
572
572
580
573
576
569
568
573
132
441
174
267
418
562
568
565
66
499
641
80
562
47
515
600
50
551
551
548
554
556
547
544
550
543
547
538
540
541
542
536
538
539
538
541
536
210
326
750
215
536
532
532
533
532
235
297
756
236
521
236
285
774
247
527
525
526
530
529
276
254
272
529
525
533
531
528
97
432
623
92
531
533
528
541
33
508
535
534
171
363
689
159
531
533
532
531
529
531
530
522
529
526
535
530
533
158
375
684
154
531
531
522
265
258
265
527
161
367
687
377
310
731
213
518
528
528
529
68
461
582
64
518
521
526
526
520
520
514
525
525
519
519
517
525
521
518
513
521
526
532
526
523
530
145
385
683
153
530
529
533
531
527
520
521
522
527
522
525
535
525
224
302
751
231
521
520
524
525
518
506
161
346
12
334
367
520
517
514
517
522
516
189
328
700
181
519
514
62
452
570
61
510
516
512
58
455
574
57
517
518
513
515
517
520
517
514
509
512
511
508
504
506
507
507
511
508
512
515
516
510
510
512
516
519
513
511
512
509
511
502
501
503
506
508
500
501
497
502
503
501
500
502
506
508
506
501
500
500
500
502
101
402
594
99
496
493
494
495
495
495
496
497
493
493
487
493
492
488
60
428
435
601
102
500
500
501
497
493
493
495
494
485
491
491
490
487
486
491
491
485
485
488
490
494
488
493
497
496
490
490
487
490
490
487
487
486
489
486
483
480
479
481
480
474
476
473
479
478
486
483
482
483
484
485
489
485
481
481
492
486
482
484
486
485
482
482
479
485
482
482
483
485
484
483
479
482
483
486
482
480
483
484
482
478
479
480
481
482
477
477
481
484
481
478
481
482
488
479
479
483
484
485
477
479
480
482
477
481
477
485
484
477
482
483
481
482
480
481
483
484
482
479
478
484
483
478
178
300
663
323
340
14
327
27
300
472
477
477
476
484
480
76
404
546
63
484
488
488
487
493
491
490
489
483
485
474
479
471
476
477
477
472
471
474
479
475
469
476
480
477
472
473
472
475
478
475
474
473
479
481
478
478
478
481
478
479
477
477
478
478
476
476
475
476
477
479
472
473
473
476
475
472
65
408
539
62
477
478
478
476
479
481
482
477
477
482
484
485
482
482
486
487
484
482
481
484
483
483
481
476
477
479
480
479
477
478
477
476
477
477
473
477
475
479
479
479
474
474
478
481
483
474
478
478
477
481
483
479
479
478
483
485
483
484
482
486
490
486
485
480
482
481
479
478
480
472
476
474
475
481
476
476
480
485
484
481
477
480
482
482
481
478
481
483
484
481
480
479
484
483
483
479
478
212
266
338
357
477
473
478
479
482
478
480
480
488
485
482
478
38
441
512
33
480
474
475
475
479
480
478
477
475
477
478
478
473
474
471
476
476
474
472
147
326
53
273
355
481
114
367
31
336
32
305
419
476
477
475
473
471
473
474
473
471
471
476
201
276
339
332
474
471
186
285
674
196
479
484
471
630
360
271
520
127
394
83
311
592
601
783
138
645
74
572
183
389
479
119
360
111
250
344
477
476
471
470
479
225
254
337
610
35
575
568
293
275
410
139
271
477
474
956
478
478
478
677
400
278
960
486
475
481
204
277
368
414
854
562
292
356
50
307
31
276
26
251
355
421
532
36
496
110
386
777
830
377
453
530
124
406
144
262
339
1015
515
500
497
501
1007
510
498
500
500
500
500
497
494
496
495
488
489
487
487
483
486
487
490
490
491
493
490
492
497
495
497
493
493
496
494
493
494
498
502
500
504
508
506
507
509
514
510
507
512
508
507
509
517
520
526
529
528
533
541
541
542
543
538
530
526
523
533
538
545
553
551
559
563
565
578
574
561
560
559
556
559
550
551
553
557
549
558
567
582
583
580
572
576
579
593
585
579
574
568
559
550
550
557
565
568
575
577
564
568
560
557
564
570
562
564
569
573
584
579
580
583
585
577
579
573
572
565
566
570
572
561
562
569
590
24
567
564
559
561
555
570
566
571
566
573
585
589
600
614
605
605
602
591
589
593
589
588
583
585
586
583
578
593
591
606
608
608
616
628
612
615
616
609
621
606
599
589
583
581
571
566
561
556
555
558
558
557
551
548
548
546
545
535
541
544
562
592
603
621
634
643
21
623
618
606
605
594
595
594
592
588
586
583
586
595
597
599
596
594
587
582
587
595
599
598
597
598
599
598
599
600
594
598
599
607
595
601
19
583
610
624
628
19
610
599
596
593
593
594
602
601
600
595
596
593
587
584
580
582
568
572
587
583
602
631
635
649
650
666
671
31
641
637
632
627
625
621
622
617
608
607
600
595
598
602
609
613
612
614
602
610
603
598
602
610
619
633
651
33
618
630
622
643
653
675
673
671
660
656
646
631
624
632
634
652
666
678
672
668
666
656
648
640
625
630
627
642
647
653
652
638
626
626
618
634
646
655
674
685
685
677
663
674
670
668
672
677
689
690
27
664
650
656
646
649
646
660
665
669
668
655
648
632
631
630
635
647
645
657
653
654
657
657
649
640
633
623
200
423
821
199
622
622
630
624
616
615
612
624
637
642
650
659
672
686
690
686
677
665
652
651
642
637
635
634
645
649
657
665
681
691
697
686
678
680
679
683
684
683
679
685
691
698
699
689
689
687
686
672
683
685
677
676
673
657
647
646
643
655
655
665
679
709
703
717
717
700
707
714
722
729
725
719
718
723
727
734
755
756
739
738
28
710
25
686
693
685
668
651
658
649
659
666
659
642
646
666
677
666
664
680
679
686
680
679
679
680
677
678
687
685
677
681
666
676
676
671
666
656
666
660
658
655
659
661
681
708
708
699
700
703
686
685
684
685
671
668
676
684
676
679
684
678
682
677
293
384
96
289
670
674
666
665
658
643
648
662
669
678
689
694
698
709
696
690
109
582
818
129
689
694
691
698
721
100
622
815
98
718
719
144
576
282
294
650
672
714
61
654
357
297
480
698
685
681
683
686
691
691
682
674
675
682
691
700
699
689
687
688
692
699
704
706
693
692
691
691
702
703
703
685
683
683
691
690
686
686
684
678
672
678
663
27
636
639
625
624
631
627
615
625
618
616
614
615
612
612
610
615
615
619
623

