642
631
622
614
1215
588
563
563
588
637
647
652
645
650
650
643
637
625
616
603
582
577
612
642
682
666
655
661
647
630
627
611
595
597
597
587
560
566
582
595
628
636
635
646
643
640
630
632
622
611
599
572
579
614
619
666
663
653
651
650
642
634
627
612
606
578
584
625
647
670
663
657
663
651
643
643
631
615
604
571
583
619
650
650
654
658
654
649
646
645
625
607
597
576
575
597
614
667
661
653
651
648
642
635
627
612
602
574
578
602
625
656
649
659
659
656
644
645
639
628
611
581
588
608
636
654
651
659
656
646
643
642
633
620
615
611
586
584
611
636
665
653
648
656
657
655
642
639
631
617
611
604
571
586
616
628
660
659
660
652
644
640
635
634
617
604
598
566
575
604
622
666
646
651
652
647
642
631
638
625
613
597
577
572
598
644
660
667
671
660
661
657
648
630
624
617
614
587
583
618
649
684
667
669
662
650
636
636
623
612
605
572
587
614
650
660
663
665
660
652
646
649
638
626
606
577
587
616
646
670
660
668
667
657
645
642
632
618
604
575
585
608
621
653
652
654
647
639
634
639
630
618
604
600
594
575
571
595
606
652
646
655
653
646
638
641
627
614
606
598
587
562
574
611
612
674
660
654
646
646
644
637
628
618
620
602
577
576
603
643
661
664
654
659
655
642
625
616
613
600
579
581
614
628
660
649
644
651
648
646
635
638
632
624
612
597
574
583
619
632
663
659
655
649
645
645
639
626
624
617
604
577
580
623
642
646
640
646
646
645
635
640
638
629
621
622
608
586
583
622
623
652
644
641
649
646
636
634
638
629
621
615
605
588
582
592
614
653
649
650
641
637
635
628
625
626
620
614
605
586
563
575
625
620
648
642
642
642
643
640
638
634
631
624
630
623
612
600
572
583
622
644
654
647
640
646
646
639
633
625
632
622
616
608
604
576
578
615
607
628
646
643
641
640
642
640
636
628
627
618
609
601
586
570
574
615
611
637
640
640
639
636
637
639
632
627
620
619
615
605
593
568
578
609
617
649
637
645
641
640
632
634
633
626
619
610
609
603
589
564
569
601
606
634
628
629
639
633
629
620
627
626
615
606
597
588
573
566
567
585
607
646
637
635
635
637
631
622
623
613
601
594
581
563
568
593
605
643
633
638
635
631
622
628
621
612
601
603
595
586
567
567
585
597
631
623
635
633
632
626
626
625
613
602
595
591
591
577
551
564
594
595
630
624
634
632
630
626
621
626
617
606
594
586
577
559
556
590
588
625
633
629
629
625
635
627
615
604
593
588
578
554
562
595
597
626
627
638
641
640
638
632
633
621
599
577
577
594
613
657
647
642
633
629
628
625
606
611
606
591
580
568
558
551
535
519
520
544
571
634
623
634
629
630
626
620
607
589
580
572
556
546
569
592
651
631
640
634
624
612
617
613
604
585
571
552
547
529
521
513
521
548
571
607
613
608
609
605
611
601
597
592
577
565
548
535
529
517
513
507
541
556
616
608
597
604
596
589
579
582
563
544
536
524
516
507
499
494
516
467
448
443
429
410
399
413
427
438
459
682
621
604
619
605
595
578
563
551
530
527
523
523
522
491
469
449
563
505
507
498
503
542
521
519
518
521
521
474
495
494
539
515
512
512
515
513
511
510
510
512
507
509
511
520
498
512
510
516
521
521
524
531
517
521
520
516
512
517
499
485
509
507
502
481
492
484
501
515
521
523
529
530
532
531
527
525
527
525
523
521
521
519
517
513
513
512
514
507
511
512
508
509
511
489
490
483
523
507
514
503
510
508
514
512
497
508
502
506
566
547
562
433
580
570
671
611
591
584
571
571
536
571
532
525
515
505
494
488
458
449
429
510
479
470
465
468
467
478
476
471
479
530
500
502
501
502
469
518
511
506
508
500
507
502
508
504
510
510
501
505
507
501
502
505
478
484
514
564
542
549
474
510
590
668
631
605
588
583
575
558
546
521
525
515
502
474
456
557
502
510
535
516
508
512
515
514
518
520
519
520
523
524
526
521
524
521
523
516
521
520
579
554
488
526
524
512
592
483
615
693
638
605
594
585
580
566
547
543
533
523
538
495
479
467
563
518
559
529
528
530
533
535
542
535
543
540
544
540
537
545
549
547
551
556
547
552
558
551
549
554
550
534
533
542
549
542
531
537
533
530
525
525
525
522
521
524
529
550
592
603
585
586
585
584
574
554
551
602
563
546
543
546
544
540
540
543
543
563
613
546
557
542
598
706
640
615
598
594
564
552
534
513
539
601
506
497
532
519
519
514
524
520
521
521
518
516
591
510
543
593
487
607
1295
640
607
595
573
562
544
539
529
525
533
567
635
623
621
624
627
612
597
582
555
560
537
575
597
640
629
625
624
616
609
583
567
564
553
539
533
520
544
585
640
631
634
631
627
615
619
609
597
577
563
541
541
541
551
549
541
519
572
543
531
582
521
514
531
497
505
567
539
536
534
535
535
534
534
525
527
528
532
535
537
541
541
538
542
545
542
547
544
548
550
555
555
559
560
570
569
573
565
570
566
563
561
565
563
559
560
555
560
561
559
555
563
564
561
562
559
555
557
561
558
566
566
565
566
556
561
559
560
553
557
563
559
556
549
544
541
547
549
549
547
546
549
552
551
555
557
557
549
552
554
557
557
562
563
563
567
572
572
571
573
573
582
584
580
577
578
582
580
579
580
581
576
576
579
570
564
557
553
560
564
559
552
549
540
545
550
554
564
577
584
591
590
598
577
574
566
563
563
561
571
572
566
571
566
563
557
558
563
567
562
554
561
563
555
584
564
586
590
618
715
699
645
625
612
599
592
579
562
589
620
655
646
640
643
630
627
617
608
598
592
593
587
563
563
598
620
663
652
646
651
649
643
631
631
619
610
600
578
578
607
636
657
661
662
658
646
645
641
629
619
609
603
580
578
612
623
671
655
651
645
649
644
637
630
625
611
606
590
569
579
614
639
651
654
657
651
642
645
640
630
620
610
606
604
578
570
601
621
664
650
647
652
647
644
637
636
619
607
601
583
567
604
627
660
649
657
655
651
639
638
625
612
602
586
576
603
630
680
672
667
660
650
651
642
633
621
612
608
580
579
610
635
665
651
647
653
650
645
638
642
631
619
606
607
581
582
615
637
671
661
654
663
666
658
651
649
638
628
598
595
590
631
661
679
680
680
672
672
665
643
631
615
608
589
585
621
636
677
655
660
656
648
638
635
620
608
605
604
589
581
643
665
665
663
651
645
635
627