847
870
890
863
847
779
745
746
762
820
845
860
826
800
795
817
828
809
801
835
817
803
826
849
828
848
883
870
843
873
914
873
897
932
916
947
942
883
904
923
895
918
895
918
951
941
925
938
902
904
867
868
873
884
890
892
847
858
853
840
834
881
902
899
891
829
829
817
813
823
832
835
844
841
844
852
842
834
806
810
826
812
834
857
852
824
831
840
815
831
837
835
837
832
802
780
791
792
802
811
798
783
798
797
820
833
841
858
851
838
851
846
840
857
860
836
865
864
839
840
845
861
838
833
830
821
817
834
841
839
810
830
826
825
837
836
820
820
821
792
789
795
818
826
843
830
817
810
826
794
795
799
809
801
814
808
782
750
757
770
791
836
855
870
873
879
870
880
896
895
888
871
883
876
883
865
861
1632
811
792
767
750
760
780
797
793
803
822
837
817
844
854
857
865
880
870
840
847
830
821
804
815
813
810
829
827
811
828
836
822
826
802
797
787
738
768
760
746
767
779
791
787
784
799
816
785
798
804
815
828
825
822
814
806
801
785
780
791
807
822
805
819
832
837
843
854
854
871
868
864
856
819
827
828
810
815
825
834
831
824
812
771
779
778
776
781
772
770
770
771
472
1123
787
774
750
749
1512
751
754
766
776
1573
758
779
780
779
770
772
750
475
1071
765
774
776
779
1554
752
753
747
748
488
1025
723
1463
723
501
1007
744
475
1066
752
1506
740
1485
729
1481
728
1511
733
1483
732
481
1001
1230
975
712
509
945
706
697
493
925
691
712
506
701
2576
768
795
838
854
842
896
901
898
913
908
879
898
893
858
872
882
863
877
889
882
861
872
883
870
883
895
870
877
877
880
859
869
856
849
835
838
845
845
844
824
839
842
840
848
392
1031
854
834
811
837
847
836
864
881
880
888
879
475
1271
828
831
827
821
782
808
804
798
839
824
859
892
878
910
900
901
848
864
863
865
850
841
828
792
798
794
772
773
792
812
817
813
836
852
841
857
874
880
877
866
837
840
852
813
568
871
739
741
744
1538
750
2138
510
1135
1367
1384
579
553
505
650
686
392
2180
1689
523
2401
563
542
1838
319
551
6633
4701
2586
598
472
997
520
1006
532
1035
966
1017
535
1464
1625
398
1021
2402
1009
319
256
512
1131
451
824
762
1498
1477
1029
482
950
6669
1000
407
996
1033
1506
310
952
585
1528
1550
1150
1269
529
459
522
464
464
1514
2892
1547
437
2396
1473
2476
909
282
664
297
325
330
1161
1575
286
452
366
5801
366
1058
593
2905
267
489
461
1896
851
1451
1496
2298
2687
471
479
803
650
494
492
497
500
491
497
501
505
504
504
300
2248
512
515
518
523
534
535
542
549
558
569
569
571
573
569
568
567
564
571
575
578
584
589
596
595
596
602
610
612
613
609
605
604
605
615
613
609
600
600
600
600
606
613
617
609
602
596
607
625
619
621
620
640
641
639
633
621
607
599
593
585
591
593
592
589
595
594
605
607
632
654
662
663
651
647
529
776
640
624
626
535
836
701
702
473
1002
682
451
955
660
463
650
688
860
1357
646
653
467
911
683
459
981
700
715
719
446
1043
699
703
745
767
818
921
859
852
826
822
499
1121
729
711
689
450
972
436
952
449
947
444
941
1351
440
896
652
688
441
1100
719
754
795
789
874
901
846
856
861
795
797
782
752
745
737
1413
657
661
456
867
650
671
452
952
691
1410
442
935
669
685
1510
753
755
756
756
742
722
708
697
709
694
690
675
676
665
458
867
656
658
1315
649
668
453
917
671
480
924
668
453
975
686
1442
702
729
734
744
786
806
847
868
836
823
773
718
705
695
469
948
683
456
978
699
729
734
774
793
772
758
738
755
784
807
821
780
773
767
758
751
735
724
725
731
747
743
723
723
721
712
457
973
698
448
942
680
1381
681
690
452
955
690
453
1004
719
740
751
756
786
812
882
833
826
814
803
760
768
740
748
763
765
769
762
758
764
770
785
776
767
734
728
724
456
981
715
722
705
702
714
734
747
750
1454
699
702
702
711
735
750
740
742
757
753
739
762
771
787
800
787
770
760
741
725
703
699
687
677
467
901
680
707
740
753
778
806
818
838
852
850
812
833
839
820
807
813
806
806
781
774
783
785
769
780
789
777
773
780
761
749
747
753
774
776
783
780
764
768
767
778
766
770
785
790
794
780
783
785
783
771
781
798
788
788
774
777
778
775
758
753
756
760
774
768
761
771
779
788
778
769
772
770
761
763
768
751
762
771
764
773
782
776
763
774
786
778
779
796
785
771
767
763
739
726
739
746
768
772
769
758
747
737
737
760
771
782
782
771
780
779
774
780
780
794
770
778
778
793
778
780
784
767
768
764
743
758
766
774
773
781
803
813
825
817
835
845
846
815
826
832
816
825
829
813
827
836
836
808
805
810
813
817
820
807
775
768
771
771
771
771
770
769
771
758
734
740
745
746
742
760
762
771