625
631
633
631
628
626
635
636
630
633
631
632
633
635
635
636
638
638
642
643
638
642
638
639
647
642
646
643
642
647
645
644
640
636
638
648
643
654
637
635
630
632
625
619
623
627
629
628
625
628
625
628
626
623
618
620
619
621
608
633
623
606
612
612
610
614
616
614
615
619
614
613
613
617
613
622
630
624
613
622
620
631
618
614
614
612
608
607
601
599
597
598
594
594
593
595
590
577
614
594
594
594
591
594
594
592
585
589
588
587
583
592
588
588
588
596
596
598
598
600
602
602
602
603
603
604
606
604
604
603
604
603
604
603
604
601
604
607
608
608
608
605
614
608
607
608
609
608
611
608
608
609
612
609
616
618
619
621
621
624
625
627
632
628
634
627
628
627
622
625
616
624
617
619
619
617
615
617
619
615
617
614
617
615
615
617
616
619
614
614
617
623
629
629
629
626
627
626
630
628
629
629
628
627
624
627
623
621
620
626
628
624
625
621
624
631
634
637
639
634
631
633
636
634
634
632
630
632
632
638
628
634
637
635
637
629
626
626
628
633
629
635
629
631
632
639
641
646
645
643
642
643
644
638
640
638
640
638
638
633
626
632
634
634
633
632
629
631
637
638
638
633
632
628
642
646
636
634
635
628
632
634
632
636
634
632
630
627
630
634
628
632
628
641
642
646
647
644
651
649
652
649
665
656
651
655
657
654
655
652
651
648
648
642
646
642
636
631
633
640
634
633
633
630
633
634
627
632
631
629
633
637
641
645
638
643
644
646
646
644
644
646
645
647
646
646
640
642
637
647
645
647
642
639
645
646
646
646
645
646
647
646
647
647
646
641
644
646
642
646
644
642
640
641
643
638
632
641
637
637
639
642
635
639
637
639
638
639
636
637
639
637
641
635
639
636
634
637
639
631
634
629
625
632
636
633
637
638
632
634
639
641
642
641
642
642
646
646
644
644
644
640
642
646
645
646
646
646
648
648
649
649
646
647
646
646
646
646
646
638
645
639
643
645
640
635
627
636
647
644
640
643
642
641
645
643
644
639
646
643
648
643
648
644
641
644
646
647
651
649
652
649
646
652
649
653
650
651
647
653
647
646
651
646
643
641
641
633
642
641
643
643
643
644
642
635
635
642
642
638
648
644
650
645
648
643
646
646
642
641
642
644
645
641
639
636
639
633
640
640
634
636
640
639
636
631
639
644
642
644
644
643
640
640
642
644
644
641
643
642
646
646
646
648
646
643
643
646
642
643
642
638
634
636
637
633
628
627
630
635
627
634
633
632
636
630
633
632
630
631
635
640
644
643
648
642
643
645
640
618
632
617
626
622
619
624
629
626
620
625
633
629
630
621
622
625
616
613
613
614
617
616
607
616
612
612
604
603
609
604
607
603
602
606
607
606
599
596
604
603
594
595
594
604
598
602
590
594
597
602
600
590
593
597
603
598
589
586
595
597
595
592
585
588
593
591
584
585
586
592
587
586
582
586
589
595
588
586
588
597
593
593
585
592
592
592
586
580
577
585
584
578
573
572
578
578
577
569
568
573
578
574
570
564
568
569
565
562
570
574
569
571
563
571
573
572
569
567
567
573
566
566
561
571
569
571
563
555
564
570
566
567
559
558
565
568
562
555
554
565
564
561
552
556
562
565
558
553
555
565
563
565
562
559
564
573
568
569
563
563
569
570
565
562
557
567
566
568
567
564
566
572
568
566
557
561
568
574
570
564
562
562
566
568
561
558
549
562
559
559
553
549
551
558
558
561
555
554
567
568
566
563
563
575
571
562
555
559
568
573
573
568
579
585
585
586
581
582
589
596
594
590
595
593
585
570
578
583
589
592
592
586
597
602
606
598
600
608
622
627
626
629
627
617
612
613
618
623
622
624
624
616
611
610
615
621
616
621
617
612
605
604
608
613
614
623
624
612
614
609
615
616
619
619
619
614
608
607
609
616
615
622
615
615
620
611
610
613
614
614
619
619
620
616
602
593
624
633
625
620
608
608
619
627
627
626
624
614
615
623
629
630
632
631
628
623
623
626
631
635
637
632
635
633
635
633
627
630
631
634
629
634
624
628
634
630
635
630
624
620
626
629
629
627
632
624
621
625
626
637
637
635
635
630
630
635
639
638
635
637
630
632
634
639
634
635
629
628
636
638
634
637
634
637
635
635
638
641
641
642
638
639
639
643
638
639
643
646
642
645
641
640
641
645
644
644
640
637
642
642
639
638
636
637
640
638
643
639
637
640
641
641
638
638
638
642
641
645
639
640
647
646
645
645
644
639
639
646
646
642
643
644
643
641
646
646
648
646
644
647
649
648
648
646
642
646
646
648
644
642
644
646
644
646
640
646
644
643
641
638
638
638
641
633
632
633
633
635
634
633
630
630
628
634
633
634
634
637
638
643
637
640
639
640
637
635
637
632
633
633
628
628
628
630
631
627
628
629
631
637
632
632
635
636
640
635
641
636
635
632
636
623
629
627
624
626
618
614
618
627
626
629
630
632
636
639
638
641
644
645
645
645
646
644
639
636
631
629
629
621
625
619
621
616
612
612
612
360
863
609
608
609
607
607
604
603
596
600
591
594
590
591
594
591
591
591
588
597
601
601
609
600
607
608
612
611
613
615
616
616
621
622
627
622
624
625
627
627
631
630
629
631
632
633
629
633
626
629
628
623
617
618
617
619
621
623
616
618
620
622
625
623
621
624
629
627
628
625
631
632
631
631
625
622
619
621
619
622
616
617
622
622
625
628
627
627
631
628
626
625
624
623
617
619
613
615
610
612
609
607
611
605
612
612
612
613
615
614
615
620
618
618
624
627
627
629
634
628
629
624
626
619
622
622
613
611
619
619
619
617
622
619
626
620
616
622
616
614
612
613
610
610
607
603
610
604
609
604
605
603
602
607
608
613
610
613
611
611
612
612
613
615
614
615
617
613
618
616
618
620
617
619
606
621
624
629
631
635
639
634
636
634
634
630
630
626
623
620
624
620
621
624
628
626
624
626
627
621
621
626
623
623
622
615
620
616
613
612
608
608
605
602
604
604
603
602
604
602
603
606
605
611
610
616
614
616
616
614
612
613
614
610
618
620
627
629
628
625
625
622
621
619
613
614
612
613