737
742
746
746
760
743
748
755
766
758
762
759
750
767
761
762
761
763
761
764
765
760
766
767
771
770
767
776
771
767
763
763
771
765
759
762
761
759
753
754
740
741
743
742
743
740
744
753
753
751
752
759
762
764
761
757
749
753
752
749
749
748
747
752
750
749
747
750
755
755
755
748
753
761
758
759
752
755
759
755
750
755
761
760
756
757
761
759
760
757
765
766
768
763
760
767
767
766
760
762
764
765
763
758
765
771
766
767
766
767
769
769
770
764
766
769
770
764
764
769
766
765
766
762
765
763
763
765
758
754
745
739
744
744
745
746
748
748
751
755
755
756
756
760
760
759
759
761
765
767
764
759
761
765
761
762
758
756
761
762
756
756
752
756
757
756
756
757
751
758
759
758
754
754
760
762
760
758
753
759
764
762
765
759
762
769
769
766
763
770
771
769
770
766
763
768
765
767
767
762
759
765
765
762
764
761
759
764
765
764
764
758
758
762
760
758
758
765
767
769
764
769
772
771
765
767
770
769
768
765
760
765
768
768
767
760
756
762
763
762
756
759
764
762
760
755
747
743
745
743
738
741
745
749
748
749
754
760
761
763
762
757
766
764
758
765
770
766
766
767
773
772
769
768
773
776
777
777
770
768
773
771
771
771
766
768
774
771
774
771
769
772
774
771
767
767
776
775
772
766
773
774
772
771
766
768
771
771
770
770
765
773
768
763
765
772
773
769
766
775
774
774
770
771
777
772
771
766
766
772
768
763
759
757
765
769
773
770
767
776
777
769
769
772
775
774
773
764
759
750
757
758
758
758
758
768
769
772
769
768
774
773
773
772
767
768
770
769
770
767
771
776
777
771
769
780
777
774
776
774
778
780
776
771
777
780
780
779
771
782
779
777
771
773
779
776
781
775
774
781
784
776
775
782
781
780
783
787
783
778
780
783
780
780
778
774
782
782
780
776
783
782
783
780
773
777
782
776
772
779
780
782
785
785
779
785
787
790
788
782
780
784
781
781
780
775
771
773
780
776
771
773
778
778
768
772
774
762
765
754
752
747
748
740
747
743
741
741
738
741
743
744
742
741
730
737
730
733
735
729
725
723
725
721
718
714
715
702
707
705
702
697
694
696
690
694
695
693
695
684
683
688
688
693
688
693
693
688
687
686
687
681
682
679
680
683
683
687
678
680
676
677
676
676
676
671
671
670
670
675
674
674
671
667
668
667
667
668
668
665
662
677
682
679
683
679
681
675
669
661
666
660
662
665
669
664
661
659
656
654
653
656
651
650
645
646
645
646
646
644
641
635
638
635
635
640
639
633
637
631
633
629
633
629
630
628
625
630
627
626
628
627
627
627
620
629
624
625
620
620
621
622
620
622
617
623
617
620
616
619
617
617
616
616
621
615
620
617
619
620
618
615
613
613
614
611
615
616
612
612
612
613
609
612
610
613
611
614
611
610
609
609
608
607
605
604
605
608
604
606
601
601
601
598
599
599
600
601
605
604
609
617
610
605
614
608
608
607
611
609
627
620
612
619
613
609
606
611
616
621
616
616
618
626
629
625
622
625
629
634
624
631
634
642
640
639
646
643
642
628
633
636
629
644
640
646
641
637
645
650
653
653
657
660
663
659
652
648
646
646
639
634
632
629
631
623
617
619
622
626
619
617
611
616
618
618
607
611
610
613
618
619
606
607
608
618
618
614
608
614
618
621
618
609
610
614
621
619
612
611
616
618
626
613
615
612
619
622
617
610
611
614
617
615
606
606
613
617
615
604
610
617
620
615
610
613
619
623
621
614
608
618
625
624
618
615
615
623
626
620
619
613
619
626
617
617
614
620
625
628
618
616
621
625
626
620
615
619
630
637
644
636
624
635
652
651
643
633
638
657
657
652
643
639
648
659
655
651
640
639
649
650
645
640
652
661
659
648
640
649
662
658
643
640
652
659
660
646
640
645
659
658
655
646
646
667
669
658
649
666
668
657
650
654
672
673
667
658
655
682
677
678
658
657
673
678
677
672
656
659
678
675
662
654
663
673
672
664
656
663
681
676
661
653
665
684
658
658
654
688
677
684
666
660
685
668
659
659
679
673
673
655
656
670
668
670
659
656
663
672
668
656
653
665
678
669
655
650
670
679
680
676
670
660
658
675
678
670
661
665
678
683
677
669
668
674
688
684
677
662
667
673
677
674
663
658
660
674
685
670
656
657
671
680
680
671
659
669
674
673
677
659
650
658
674
671
664
652
654
663
675
661
656
654
674
678
671
665
660
663
688
685
676
668
672
678
687
683
669
667
664
685
686
688
672
670
678
694
696
700
677
672
680
688
690
681
670
666
687
688
689
679
672
677
691
692
676
673
674
696
704
691
680
680
687
696
689
674
675
690
696
686
676
676
696
693
683
675
682
703
695
683
678
682
698
680
676
685
702
704
695
686
685
693
706
693
675
675
687
706
710
688
676
678
677
688
685
696
703
684
675
685
696
699
709
692
682
678
695
693
689
687
675
678
682
688
685
671
676
682
688
686
681
681
686
684
681
669
673
681
686
684
677
678
682
691
693
684
678
683
698
695
685
676
679
689
684
677
668
674
688
687
679
673
666
663
667
681
690
673
673
675
689
695
693
689
681
683
698
699
696
683
678
678
691
703
708
701
688
689
702
716
713
701
690
697
702
713
708
706
701
702
719
710
708
701
692
706
709
711
703
695
692
712
712
715
696
701
704
724
720
498
936
697
707
704
695
678
682
690
690
700
691
681
682
688
706
697
698
686
688
700
705
698
689
683
692
701
706
686
683
689
701