923
932
935
935
940
953
956
954
948
968
963
968
956
959
959
960
944
947
953
951
941
952
957
960
951
955
965
965
957
958
965
970
962
960
972
978
968
963
974
976
978
966
970
981
980
970
968
982
979
982
972
986
986
980
974
991
994
994
982
1005
1005
1003
392
597
1000
1001
997
378
313
291
996
995
985
979
996
993
632
348
901
1059
981
977
969
979
980
980
973
987
989
988
979
995
997
1002
994
1001
1010
1010
999
1005
1009
1009
997
1002
1004
1007
992
998
1007
1009
997
1002
1014
1013
1005
1003
1017
1018
1002
1013
1023
1021
1003
1019
1023
1012
1000
1017
1014
1006
1003
1017
1016
1005
1002
1018
1014
1004
1007
1018
1018
1006
1019
1022
1024
1013
1012
1024
1022
1015
1019
1027
1033
834
1206
1025
1021
1008
1014
1019
1011
590
407
1009
1014
1009
1002
1017
1028
1031
1016
1025
1033
1032
1014
1026
1036
1024
1007
326
687
1014
1010
998
1010
1014
1009
999
617
1227
1051
1021
1020
1027
1027
1009
1023
1024
1022
1012
1018
1026
1033
1025
1032
1041
1043
1028
1036
1044
1043
1030
1029
1037
1025
1030
1029
1021
1012
1026
1025
1022
1009
1023
1023
1019
1010
1014
1025
1027
1020
1023
1033
1037
1029
1015
1032
1029
1023
1012
1024
1026
1028
1017
1030
1034
1027
1013
1026
1027
1020
1008
1022
1021
1010
1002
1018
1022
1012
1005
1021
1022
1021
2040
1034
1034
1021
267
765
1033
1030
935
1112
1029
1026
1014
1023
1024
1018
1011
1028
1026
1016
1016
2073
1029
1035
1048
1050
1035
1041
1054
826
7502
1039
1021
1028
838
1214
1030
1026
1016
1016
1024
1024
1012
1021
1021
1024
1011
1019
1024
1023
1010
1022
1031
1027
1018
1029
1028
1026
1016
1027
1032
1036
1025
1034
1039
1045
1031
1041
1046
1042
1029
1039
1045
1035
1021
1036
1039
1039
1028
1044
1045
1038
1026
1041
1042
1033
1025
1041
1045
1036
1034
1049
1051
1041
1040
1058
1050
1015
995
1013
1000
985
991
984
978
970
981
977
965
970
968
960
958
961
953
944
953
959
958
947
954
964
950
948
955
949
947
952
951
947
946
939
945
946
942
938
944
945
935
938
938
934
931
925
929
925
925
911
916
917
910
900
905
651
1079
912
904
896
891
884
888
884
889
879
887
887
888
494
387
886
884
635
1127
881
884
881
875
878
882
879
872
881
875
876
876
875
881
878
877
872
875
867
874
872
870
879
884
884
886
884
883
874
876
877
875
867
872
876
873
865
870
878
865
868
872
863
870
864
864
858
864
861
861
854
857
861
860
855
857
858
859
854
860
875
878
863
891
878
883
896
884
881
890
879
878
625
273
885
886
877
898
902
907
905
907
921
923
919
930
938
948
933
940
941
941
917
932
943
941
923
932
949
952
926
947
953
933
931
941
942
929
935
944
942
931
938
945
941
936
949
952
934
932
947
940
943
932
938
947
949
939
947
955
958
946
953
957
954
948
956
961
946
943
950
947
936
940
944
933
936
952
953
946
955
966
958
956
964
970
956
953
967
967
954
958
970
970
954
965
973
967
962
966
977
962
962
978
979
964
978
985
966
955
958
962
826
1081
956
953
947
963
481
489
961
960
974
980
967
971
981
979
968
970
981
977
968
980
986
978
979
997
999
984
987
998
997
983
981
501
495
997
985
994
1003
1000
986
979
985
863
1102
976
978
999
999
987
991
1009
1012
996
1007
1015
1005
994
1008
1006
991
988
1001
1000
986
988
998
998
986
991
999
990
982
996
1001
984
984
994
1002
989
993
992
988
990
997
995
985
996
1009
1000
994
1010
1020
1006
1006
1019
1022
1004
1011
1021
1009
999
1014
1011
588
487
299
1112
3451
973
972
968
960
974
981
978
975
992
1000
994
986
998
1004
991
990
1002
1005
986
990
1001
999
984
989
1001
997
987
997
1002
994
986
993
997
986
987
993
979
979
993
999
993
995
1011
1017
1007
1007
1023
1031
1017
1019
1035
1036
1023
1014
1028
1031
1021
1014
1027
1027
1013
1015
1022
1025
1008
1007
1010
1015
1014
998
1005
1016
1012
1003
1014
1018
1017
1011
1029
1035
1022
1020
1036
1040
1023
1026
1034
1035
1021
1027
1035
1026
1017
1016
1019
1024
1017
1009
1023
1031
1024
1021
1033
1035
1023
1017
1023
1030
1037
1019
1022
1029
1036
1022
1025
1039
1038
1026
1035
1043
1043
1028
1030
1044
1043
1035
1026
1041
1051
1050
1024
1022