809
760
760
771
816
828
777
781
801
817
826
770
776
806
834
860
815
795
833
863
905
889
823
827
872
884
882
824
803
844
830
788
799
829
872
890
837
800
805
822
804
759
760
750
741
781
787
788
779
791
728
729
708
714
725
716
748
803
840
863
829
841
832
813
810
791
808
842
843
849
819
771
763
779
817
798
807
830
836
827
787
784
794
800
807
804
771
777
811
838
825
805
795
792
811
815
788
787
779
772
753
727
729
743
751
769
745
750
771
789
791
780
800
803
811
800
781
770
791
782
771
748
733
723
748
746
732
719
732
753
739
727
725
736
743
737
725
718
724
704
705
711
700
706
717
724
743
741
747
752
772
758
745
729
734
736
736
713
724
729
737
717
717
721
729
731
722
726
729
737
739
723
724
728
720
722
726
737
743
734
733
744
775
774
762
738
736
738
740
740
733
746
775
765
747
760
775
772
754
749
754
755
750
734
732
749
751
757
738
728
728
728
707
707
703
712
720
735
747
751
763
765
765
764
768
759
767
771
804
820
828
838
813
796
793
808
813
819
833
801
803
818
827
835
818
798
807
806
791
762
781
765
786
787
799
791
786
790
816
820
811
775
759
768
780
766
758
761
773
771
770
757
779
802
813
826
797
790
784
765
730
725
703
681
689
707
715
724
734
724
732
734
744
734
741
735
743
738
730
730
724
730
729
739
749
764
767
767
780
783
765
784
798
801
817
796
786
792
820
797
782
792
776
771
777
785
787
777
784
786
780
770
763
765
783
774
761
772
801
804
787
754
744
754
755
753
744
764
780
779
765
754
774
775
763
754
743
753
751
738
742
754
751
759
749
741
752
754
766
754
745
754
755
759
755
740
755
752
741
737
731
739
741
748
746
736
746
748
739
727
723
731
732
725
722
720
725
725
723
717
719
729
727
726
719
729
737
744
738
735
741
750
738
738
736
739
738
731
722
725
724
729
725
718
720
734
743
737
726
731
750
750
740
735
747
760
755
749
738
741
752
766
775
768
757
747
759
749
742
732
739
755
754
761
757
757
760
757
737
740
749
744
749
760
744
743
748
747
768
753
748
765
784
786
797
799
774
751
696
688
685
663
656
645
647
640
632
634
624
628
628
617
612
604
589
579
586
573
570
564
559
563
558
558
552
547
548
545
546
541
540
541
534
534
531
526
523
523
521
519
527
521
513
508
511
506
508
503
498
500
497
495
497
489
487
486
483
485
479
479
480
478
475
475
475
471
467
470
469
466
465
461
459
458
466
457
455
455
453
453
452
450
447
448
446
444
445
441
439
438
441
436
439
435
435
438
435
432
432
430
428
433
430
430
427
428
427
428
428
425
422
425
425
420
425
424
421
420
419
422
419
422
418
418
424
419
419
413
415
420
416
419
415
832
413
414
417
419
415
416
416
416
413
417
414
413
414
413
410
414
414
411
411
411
411
410
414
410
412
415
411
411
412
414
411
413
414
409
411
411
409
412
410
408
410
410
405
407
405
408
404
408
403
404
407
402
402
405
402
401
404
401
401
404
399
399
400
401
398
403
399
397
401
400
397
397
399
395
398
397
396
396
396
396
395
396
393
396
393
393
391
394
393
392
395
394
391
395
392
394
390
394
391
393
393
395
392
396
393
391
391
395
391
390
394
391
387
393
392
389
392
390
390
391
389
389
389
391
391
390
391
390
389
388
388
392
390
392
389
395
385
402
392
396
396
395
394
396
399
402
397
402
403
402
403
401
408
404
404
400
406
404
407
406
403
408
405
414
412
414
409
412
417
414
415
411
408
411
412
413
411
413
412
418
419
418
420
418
427
426
422
425
429
432
430
427
428
426
428
431
430
427
433
438
436
436
434
436
432
440
440
441
446
449
456
453
450
454
462
469
464
461
470
482
487
489
479
468
468
475
479
484
471
471
479
476
476
475
468
459
466
454
467
470
480
479
480
489
533
584
630
573
528
521
543
578
628
612
554
529
526
567
990
817
689
614
567
501
515
519
521
516
526
1034
918
837
762
806
1587
653
626
632
677
797
911
839
768
822
934
908
825
771
961
927
804
923
837
849
857
817
797
830
834
849
804
810
841
845
802
775
658
541
534
552
568
571
572
635
1099
988
871
827
926
780
747
687
682
728
739
694
719
771
759
724
784
813
735
714
739
761
745
725
772
834
796
744
756
786
773
736
726
757
732
702
703
584
578
570
567
571
581
585
582
575
579
592
605
600
590
587
620
602
604
597
581
579
590
589
583
578
578
592
599
598
591
588
599
602
591
583
584
589
587
573
569
568
567
564
577
587
602
603
597
603
619
609
592
587
586
582
577
567
565
565
573
569
563
572
574
583
586
584
580
579
597
608
618
600
593
590
604
613
618
607
604
609
623
624
621
618
617
635
644
634
611
607
608
614
608
600
592
585
580
577
588
591
591
608
618
624
623
615
627
643
649
653
644
641
639
652
652
651
647
645
669
685
696
676
669
676
696
708
684
672
669
690
685
669
653
665
670
656
643
639
646
646
632
625
619
625
629
623
621
631
643
651
644
636
645
657
667
656
646
646
646
639
634
624
620
611
609
625
627
629
646
679
700
710
709
688
694
711
710
689
679
688
701
704
688
678
687
720
717
710
697
715
726
709
693
680
688
705
699
693
683
689
710
715
709
697
718
739
755
729
705
717
735
733
715
693
703
721
748
741
709
696
716
725
731
713
704
715
746
744
720
713
715
730
725
729
718
719
739
745
733
729
728
727
714
695
697
723
717
708
696
683
673
704
706
715
721
709
698
699
721
722
709
704
712
736
737
731
711
692
693
701
704
693
687
688
697
701
700
692
688
704
713
717
712
705
713
724
721
712
703
712
717
707
698
689
697
708
694
690
689
698
712
696
691
698
708
697
691
687
692
696
687
681
686
692
696
688
682
695
708
712
696
688
696
705
699
686
687
688
687
676
673
682
692
701
688
680
688
705
721
704
693
698
697
692
690