762
757
752
770
793
764
755
781
784
758
755
766
785
765
772
786
786
771
771
790
786
760
766
782
776
747
755
765
740
749
766
760
738
757
777
764
771
771
778
759
740
758
767
750
740
756
764
778
766
770
784
798
766
771
780
793
767
753
773
770
763
739
769
766
764
781
781
788
771
746
765
789
781
805
798
809
801
819
807
795
788
793
779
780
788
775
758
764
788
775
759
754
775
751
756
757
781
792
765
771
795
787
762
778
782
778
765
768
779
759
761
772
785
760
754
765
784
743
737
756
755
743
738
749
754
741
732
757
765
763
763
771
790
771
764
765
773
769
756
755
774
777
755
765
773
782
768
764
787
790
783
768
797
802
768
770
787
749
761
729
707
706
711
730
714
727
1468
706
718
717
716
702
707
719
732
733
725
732
759
762
747
750
771
769
760
747
764
775
762
754
766
782
761
748
757
772
769
759
748
778
778
756
772
773
784
765
771
789
777
759
770
765
767
748
763
737
752
751
741
723
710
720
728
727
729
752
772
778
763
790
781
783
763
763
774
759
743
739
732
756
727
723
728
729
711
707
712
722
711
725
732
745
733
725
767
758
771
790
815
799
777
774
783
776
787
786
813
813
813
786
780
788
788
792
779
786
799
798
774
762
771
782
763
748
746
776
752
759
747
758
763
749
746
766
784
759
747
764
770
748
749
757
769
751
740
747
770
750
739
759
775
751
740
764
772
764
757
755
783
760
747
766
799
758
760
772
780
800
787
773
803
810
789
787
812
800
773
779
794
800
782
779
802
792
790
771
836
833
801
785
823
820
814
802
815
827
801
780
793
805
810
789
768
808
834
809
796
796
812
807
789
794
812
821
775
778
789
804
800
780
758
766
790
797
820
820
821
814
818
811
807
812
818
843
819
837
836
836
829
807
810
849
811
805
794
822
798
785
797
784
771
796
785
772
771
784
766
765
787
791
767
763
773
783
767
747
773
764
764
745
761
764
765
738
748
766
770
750
745
759
769
758
737
774
766
784
757
756
779
782
784
764
773
789
768
755
766
750
737
734
732
739
755
740
745
735
749
738
750
736
7740
661
1334
18042
1877
5737
23790
677
2150
695
680
1356
687
707
701
703
705
1398
1372
704
697
1412
742
2948
1464
759
768
737
1444
739
723
724
739
718
699
723
695
703
720
726
727
715
787
764
756
766
753
756
763
780
784
759
763
763
765
736
712
727
746
735
737
750
719
710
732
717
731
779
782
764
745
748
768
744
739
756
782
761
749
764
784
775
761
788
811
820
786
804
813
784
773
769
785
759
770
788
809
779
787
790
777
755
779
787
805
762
778
798
779
752
780
780
780
747
779
799
775
778
804
825
789
778
802
819
772
770
783
762
761
757
762
751
739
756
785
758
756
771
777
759
731
734
781
757
774
797
813
816
794
844
850
845
847
813
810
828
847
813
793
796
820
808
782
775
792
778
787
756
778
789
795
760
779
789
785
771
776
765
768
799
762
756
748
759
736
731
740
754
752
730
747
771
768
738
770
788
766
762
766
762
734
724
732
739
733
740
757
765
747
748
765
778
755
766
788
805
803
792
811
818
794
786
813
793
763
765
788
802
772
777
773
762
746
734
736
704
693
693
718
736
725
733
746
728
727
734
727
714
722
733
719
718
706
720
751
766
779
797
829
819
854
834
842
846
860
845
836
811
822
798
795
820
821
832
808
804
797
782
780
769
760
746
756
750
757
765
769
764
775
769
791
804
814
790
789
781
779
779
798
799
799
775
771
766
757
1514
780
782
779
794
1530
766
773
761
754
757
780
791
790
775
769
789
795
786
762
766
773
761
747
748
773
771
756
765
778
787
760
764
749
749
761
748
748
753
748
740
743
736
732
741
743
769
741
755
759
769
755
774
757
761
752
767
776
763
782
767
767
767
752
738
751
751
755
769
764
758
1521
774
767
757
767
766
765
764
775
770
766
748
767
776
756
767
756
782
771
797
808
805
796
786
786
1545
763
753
756
741
746
735
724
734
744
738
758
770
765
763
798
785
787
787
807
780
764
773
768
749
756
759
765
771
749
765
758
770
752
780
766
782
786
758
744
771
772
776
791
789
790
789