1020
998
988
1032
1008
1000
1022
1005
1009
1021
1004
1017
1030
1009
1020
1040
1020
1030
1033
1018
1024
1046
1022
1025
1049
1018
1030
1038
1020
1038
1037
1031
1053
1043
1038
1040
1060
1047
1040
1065
1050
1043
1061
1042
1045
1056
1037
1033
1052
1028
1024
1043
1033
1022
1057
1024
1023
1039
1046
1044
1020
1045
1021
1015
1029
1028
1010
1025
1021
1013
1026
1023
1018
1024
1039
1036
1027
1049
1044
1048
1042
1064
1048
1043
1051
1062
1044
1035
1062
1043
1045
1052
1059
1036
1040
1053
1038
1036
1048
1031
1027
1042
1020
1016
1040
1018
1015
1028
1013
1009
1029
1004
1001
1018
1004
1001
1017
1021
1013
1013
1030
1028
1021
1050
1034
1038
1042
1037
1034
1035
1034
1017
1021
1034
1009
1009
1014
1001
1008
1014
1015
1009
1023
1027
1011
1034
1021
1045
1021
1034
1033
1035
1021
1036
1045
1022
1044
1044
1025
1056
1041
1036
1037
1059
1048
1044
1046
1051
1026
1046
1047
1020
1029
1054
1021
1039
1045
1037
1040
1049
1029
1034
1055
1052
1052
1063
1051
1054
1066
1054
1031
1046
1055
1025
1025
1045
1026
1031
1050
1025
1031
1044
1046
1028
1047
1053
1033
1038
1046
1049
1029
1041
1038
1049
1041
1023
1051
1051
1048
1039
1044
1044
1043
1035
1044
1027
1008
1007
1011
955
982
1001
1005
990
1027
1030
1003
1011
1040
1019
1011
1045
1054
1004
1053
1019
1029
1015
990
995
1006
1004
985
989
1032
1041
1029
1006
1044
1040
1017
1033
1039
1021
1024
1017
1017
1021
1021
1010
1016
998
1033
1047
1020
1026
1071
1041
1037
1031
1058
1053
1036
1031
1052
1047
1022
1034
1061
1039
1026
1028
1032
1048
1019
1033
1040
1035
1027
1047
1029
1029
1012
1011
1013
1031
1038
1013
1050
1039
1027
1029
1044
1049
1043
1031
1049
1051
1048
1036
1051
1051
1041
1042
1047
1044
1033
1046
1050
1020
1030
1029
1051
1029
1030
1042
1035
1029
1045
1041
1021
1029
1035
1037
1021
1038
1055
1021
1037
1010
990
1011
990
1006
978
1012
1015
1012
1020
1010
1010
1009
1011
974
979
975
979
943
959
948
981
951
955
953
974
993
978
980
964
979
973
965
958
979
956
953
945
945
942
908
906
883
885
865
862
855
842
842
831
826
826
815
817
814
810
816
810
807
815
807
810
817
811
814
810
812
811
804
805
807
801
808
799
801
803
803
804
801
804
799
802
800
791
797
793
791
787
788
782
777
782
778
776
773
777
776
771
771
771
770
772
771
767
760
756
763
755
744
742
749
741
746
741
736
742
734
736
736
731
735
730
731
733
732
733
734
734
732
734
741
738
740
745
742
749
742
736
746
743
741
743
743
737
738
740
734
736
738
733
740
734
732
735
729
731
727
727
730
726
729
725
727
729
727
729
732
729
735
734
729
744
734
743
739
738
740
746
735
741
738
739
745
748
747
760
761
767
768
772
762
766
760
761
768
759
773
764
771
773
769
779
774
776
794
799
804
814
813
829
822
835
843
839
829
813
826
833
825
814
828
841
842
837
856
857
850
845
847
862
885
891
897
922
902
921
911
931
899
897
893
885
888
877
894
880
872
888
886
900
883
890
877
875
887
922
908
889
927
905
900
904
920
907
945
931
982
947
946
952
913
924
916
902
908
893
939
927
942
945
938
922
942
925
928
923
920
908
904
937
901
971
934
988
958
947
974
928
939
914
923
937
918
906
965
933
923
999
945
970
954
939
965
948
945
957
943
940
918
962
952
992
977
953
988
944
973
954
944
940
931
939
946
958
929
939
931
958
952
939
931
936
955
927
933
933
951
933
946
927
925
924
931
873
891
887
890
896
895
888
898
890
884
906
891
892
894
902
890
891
880
871
887
908
878
871
898
902
902
897
894
900
892
887
885
890
881
868
886
874
867
874
857
852
845
835
826
824
817
821
813
820
814
817
823
823
826
820
813
819
809
810
819
820
822
825
838
833
833
840
857
896
845
895
910
884
883
900
921
895
893
902
889
896
911
910
908
915
909
921
935
947
956
974
949
943
938
966
945
963
947
965
992
969
967
973
950
956
952
957
933
949
936
932
930
920
918
914
919
896
888
939
1092
957
1009
1021
1019
1029
1036
1007
1048
1031
1021
1057
1025
1060
1040
1042
1027
1063
1056
1036
1044
1063
1039
1057
1059
1049
1069
1060
1044
1031
1035
1062
1056
1023
1039
1040
1035
1060
1066
1046
1036
1054
1052
1048
1039
1004
975
993
985
971
970
1002
963
974
986
957
958
999
990
986
1079
1053
1021
1067
1046
1050
1082
1081
1065
1074
1078
1066
1076
1080
1052
1030
1033